brdcst_de,chnnel_nm,progrm_begin_time,progrm_end_time,progrm_nm,progrm_dc,brdcst_tme_nm,progrm_brdcst_area_nm,brdcst_time,progrm_genre_lclas_nm,progrm_genre_mlsfc_nm,progrm_genre_sclas_nm,male_4_9yo_wtchng_rt,male_n10s_wtchng_rt,male_n20s_wtchng_rt,male_n30s_wtchng_rt,male_n40s_wtchng_rt,male_n50s_wtchng_rt,male_n60s_above_wtchng_rt,female_4_9yo_wtchng_rt,female_n10s_wtchng_rt,female_n20s_wtchng_rt,female_n30s_wtchng_rt,female_n40s_wtchng_rt,female_n50s_wtchng_rt,female_n60s_above_wtchng_rt,cst_cn
20200601,KBS1,203110,205920,기막힌유산,,31회,전국,002810,드라마&영화,드라마,일일연속극,2.05956,1.94973,2.57944,4.8696,2.00248,8.53341,24.26165,5.45729,2.33589,2.07017,6.1147,6.74687,14.55336,29.35009,"부영배역:박인환,공계옥역:강세정,부설악역:신정윤,부백두역:강신조,윤민주역:이아현,부금강역:남성진,신애리역:김가연,정미희역:박순천,김용미역:이응경,부한라역:박신우,성판금역:조양자,부가온역:김비주,부태희역:김연지,부혜교역:김효경,부지현역:강유라,공소영역:김난주,이장원역:이일준,김수민역:조서후,김종두역:이춘식,차정건역:조순창,이청아역:정서하,손보미역:박민지,김영지역:주민하,강선희역:박현정,천호식역:백신,이정태역:노상보,고향숙역:박소정"
20200601,KBS2,090512,093230,기막힌유산,,30회,전국,002718,드라마&영화,드라마,일일연속극,1.68672,1.73345,0.25718,0.75066,1.30339,2.43546,3.8759,1.19816,0.09482,0.49844,1.01721,2.92202,2.74065,3.73673,"부영배역:박인환,공계옥역:강세정,부설악역:신정윤,부백두역:강신조,윤민주역:이아현,부금강역:남성진,신애리역:김가연,정미희역:박순천,김용미역:이응경,부한라역:박신우,성판금역:조양자,부가온역:김비주,부태희역:김연지,부혜교역:김효경,부지현역:강유라,공소영역:김난주,이장원역:이일준,김수민역:조서후,김종두역:이춘식,차정건역:조순창,이청아역:정서하,손보미역:박민지,김영지역:주민하,강선희역:박현정,천호식역:백신,이정태역:노상보,고향숙역:박소정"
20200601,KBS2,110309,120123,본어게인,<21회/22회>,21회/22회,전국,005814,드라마&영화,드라마,미니시리즈,0,0.01973,0,0.11662,0.01103,0.17478,0.34257,0,0.00628,0.1225,0.11357,0.29507,0.19481,0.57915,"공지철역:장기용,천종범역:장기용,정하은역:진세연,정사빈역:진세연,차형빈역:이수혁,김수혁역:이수혁,장혜미역:김정난,천석태역:최광일,주인도역:장원영,백상아역:이서엘,서태하역:최대철,서영역:한해림,제이역:차민지,공인우역:정인겸,장혜미역:위지연,천석태역:조덕회"
20200601,KBS2,121243,131043,본어게인,<23회/24회>,23회/24회,전국,005800,드라마&영화,드라마,미니시리즈,0,0,0,0.14643,0.21168,0.21414,0.67488,0.1372,0.02756,0.24561,0.06347,0.25152,0.30527,0.98923,"공지철역:장기용,천종범역:장기용,정하은역:진세연,정사빈역:진세연,차형빈역:이수혁,김수혁역:이수혁,장혜미역:김정난,천석태역:최광일,주인도역:장원영,백상아역:이서엘,서태하역:최대철,서영역:한해림,제이역:차민지,공인우역:정인겸,장혜미역:위지연,천석태역:조덕회"
20200601,KBS2,194851,202330,위험한약속,,44회,전국,003439,드라마&영화,드라마,일일연속극,1.04453,1.74789,2.46545,4.07002,2.10468,5.9725,16.09622,1.67221,1.00896,1.54414,4.42523,5.04101,10.81621,19.59938,"차은동역:박하나,강태인역:고세원,최준혁역:강성민,오혜원역:박영린,한지훈역:이창욱,차만종역:이대연,차은찬역:유준서,공영심역:유지연,봉석구역:현우섭,강일섭역:강신일,연두심역:이칸희,한광훈역:길용우,한서주역:김혜지,최명희역:김나운,고재숙역:윤복인,최영국역:송민형,민주란역:오영실,최준경역:이효나,이창욱역:김정운"
20200601,KBS2,220050,223259,본어게인,<25회>,25회,전국,003209,드라마&영화,드라마,미니시리즈,0,1.14605,0.42759,0.69395,1.0146,0.7114,1.10514,0.61381,0.47729,0.26763,1.15805,1.73397,1.9253,1.45207,"공지철역:장기용,천종범역:장기용,정하은역:진세연,정사빈역:진세연,차형빈역:이수혁,김수혁역:이수혁,장혜미역:김정난,천석태역:최광일,주인도역:장원영,백상아역:이서엘,서태하역:최대철,서영역:한해림,제이역:차민지,공인우역:정인겸,장혜미역:위지연,천석태역:조덕회"
20200601,KBS2,223413,230616,본어게인,<26회>,26회,전국,003203,드라마&영화,드라마,미니시리즈,0,0.77355,0.2375,0.87591,0.77966,1.69934,1.19774,0.12549,0.10635,0.3541,0.83174,2.73291,2.64442,2.05642,"공지철역:장기용,천종범역:장기용,정하은역:진세연,정사빈역:진세연,차형빈역:이수혁,김수혁역:이수혁,장혜미역:김정난,천석태역:최광일,주인도역:장원영,백상아역:이서엘,서태하역:최대철,서영역:한해림,제이역:차민지,공인우역:정인겸,장혜미역:위지연,천석태역:조덕회"
20200601,MBC,020000,021855,저녁같이드실래요,<3회>,3회,전국,001855,드라마&영화,드라마,미니시리즈,0,0,0.08806,0.01308,0.1487,0.7098,0.46361,0,0,0.51828,0,1.37761,0.36652,0.39767,"김해경역:송승헌,우도희역:서지혜,정재혁역:이지훈,진노을역:손나은,남아영역:예지원,키에누역:박호산,박진규역:고규필,강건우역:이현진,이병진역:김서경,임소라역:오혜원,김정환역:안태환,이문정역:전국향,전성자역:윤복인,이영동역:김정현,이은서역:서은수,푸드트럭총각역:이시언,태진아역:태진아,환자역:박산다라"
20200601,MBC,021905,025412,저녁같이드실래요,<4회>,4회,전국,003507,드라마&영화,드라마,미니시리즈,0.04163,0.00489,0.13729,0.06747,0.24199,0.79997,0.44043,0.04008,0.06553,0.49559,0.06018,1.02075,0.4665,0.41873,"김해경역:송승헌,우도희역:서지혜,정재혁역:이지훈,진노을역:손나은,남아영역:예지원,키에누역:박호산,박진규역:고규필,강건우역:이현진,이병진역:김서경,임소라역:오혜원,김정환역:안태환,이문정역:전국향,전성자역:윤복인,이영동역:김정현,이은서역:서은수,푸드트럭총각역:이시언,태진아역:태진아,환자역:박산다라"
20200601,MBC,104548,110032,저녁같이드실래요,<3회>,3회,전국,001444,드라마&영화,드라마,미니시리즈,0,0,0,0.28681,0.39982,0.43745,0.45153,0,0,0.03732,0.34018,0.18854,1.02025,0.94904,"김해경역:송승헌,우도희역:서지혜,정재혁역:이지훈,진노을역:손나은,남아영역:예지원,키에누역:박호산,박진규역:고규필,강건우역:이현진,이병진역:김서경,임소라역:오혜원,김정환역:안태환,이문정역:전국향,전성자역:윤복인,이영동역:김정현,이은서역:서은수,푸드트럭총각역:이시언,태진아역:태진아,환자역:박산다라"
20200601,MBC,111256,113012,저녁같이드실래요,<3회>,3회,전국,001716,드라마&영화,드라마,미니시리즈,0.07546,0.01407,0,0.2088,0.36103,0.81137,0.36127,0,0.06673,0.394,0.4086,0.39314,0.77964,0.70612,"김해경역:송승헌,우도희역:서지혜,정재혁역:이지훈,진노을역:손나은,남아영역:예지원,키에누역:박호산,박진규역:고규필,강건우역:이현진,이병진역:김서경,임소라역:오혜원,김정환역:안태환,이문정역:전국향,전성자역:윤복인,이영동역:김정현,이은서역:서은수,푸드트럭총각역:이시언,태진아역:태진아,환자역:박산다라"
20200601,MBC,113022,120530,저녁같이드실래요,<4회>,4회,전국,003508,드라마&영화,드라마,미니시리즈,0.80299,0.0719,0.23786,0.21231,0.65637,0.85605,0.49321,0,0.35727,0.39314,0.78163,1.1807,1.02302,0.79343,"김해경역:송승헌,우도희역:서지혜,정재혁역:이지훈,진노을역:손나은,남아영역:예지원,키에누역:박호산,박진규역:고규필,강건우역:이현진,이병진역:김서경,임소라역:오혜원,김정환역:안태환,이문정역:전국향,전성자역:윤복인,이영동역:김정현,이은서역:서은수,푸드트럭총각역:이시언,태진아역:태진아,환자역:박산다라"
20200601,MBC,205350,212853,저녁같이드실래요,<4회>,4회,전국,003503,드라마&영화,드라마,미니시리즈,1.09239,0.45797,0.59817,1.18833,1.04852,1.15592,1.60232,0.08564,0.47484,0.31276,1.92419,1.59538,2.07056,2.13044,"김해경역:송승헌,우도희역:서지혜,정재혁역:이지훈,진노을역:손나은,남아영역:예지원,키에누역:박호산,박진규역:고규필,강건우역:이현진,이병진역:김서경,임소라역:오혜원,김정환역:안태환,이문정역:전국향,전성자역:윤복인,이영동역:김정현,이은서역:서은수,푸드트럭총각역:이시언,태진아역:태진아,환자역:박산다라"
20200601,MBC,213452,220619,저녁같이드실래요,<5회>,5회,전국,003127,드라마&영화,드라마,미니시리즈,2.71388,0.97296,1.2754,2.02169,1.10476,2.54511,2.55851,1.8442,0.82013,1.45679,3.60239,3.43923,4.48772,2.68473,"김해경역:송승헌,우도희역:서지혜,정재혁역:이지훈,진노을역:손나은,남아영역:예지원,키에누역:박호산,박진규역:고규필,강건우역:이현진,이병진역:김서경,임소라역:오혜원,김정환역:안태환,이문정역:전국향,전성자역:윤복인,이영동역:김정현,이은서역:서은수,푸드트럭총각역:이시언,태진아역:태진아,환자역:박산다라"
20200601,MBC,220718,224433,저녁같이드실래요,<6회>,6회,전국,003715,드라마&영화,드라마,미니시리즈,3.58561,1.25139,1.73614,2.56988,1.72326,3.85107,2.48675,2.47971,1.32339,1.50169,3.89686,4.61797,5.06052,2.88054,"김해경역:송승헌,우도희역:서지혜,정재혁역:이지훈,진노을역:손나은,남아영역:예지원,키에누역:박호산,박진규역:고규필,강건우역:이현진,이병진역:김서경,임소라역:오혜원,김정환역:안태환,이문정역:전국향,전성자역:윤복인,이영동역:김정현,이은서역:서은수,푸드트럭총각역:이시언,태진아역:태진아,환자역:박산다라"
20200601,SBS,083658,090718,엄마가바람났다,,21회,전국,003020,드라마&영화,드라마,아침드라마,1.08172,1.90798,1.75921,1.91023,2.23283,3.569,5.82881,1.31015,0.61882,0.61982,2.4639,2.60063,4.76814,7.35014,"오필정역:현쥬니,강석준역:이재황,이은주역:문보령,강석환역:김형범,오순정역:남이안,김복순역:박순천,박민호역:길정우,박민지역:홍제이,김해정역:양금석,강태수역:이원재,이태우역:서현석,최동석역:김동균,최은자역:이진아,최유경역:이영은,최미영역:전은채,왕기범역:차승우,하열도역:김영훈,홍수경역:노정명,박태섭역:강서준,박혜진역:박지수"
20200601,SBS,214658,221631,굿캐스팅,<1부>,11회,전국,002933,드라마&영화,드라마,미니시리즈,1.75502,1.31985,1.07836,3.13119,4.95932,4.9089,5.05756,3.68083,1.71639,1.44611,3.75162,6.61212,5.77675,5.28066,"백찬미역:최강희,윤석호역:이상엽,임예은역:유인영,황미순역:김지영,강우원역:이준영,동관수역:이종혁,서국환역:정인기,배무혁역:박경순,간태희역:황보미,명계철역:우현,탁상기역:이상훈,옥철역:김용희,변우석역:허재호,구비서역:한수진,설영훈역:조영훈,심화란역:차수연,남봉만역:이승형,남주연역:김보윤,피철웅역:배진웅,권민석역:성혁,권소희역:노하연"
20200601,SBS,221757,225155,굿캐스팅,<2부>,11회,전국,003358,드라마&영화,드라마,미니시리즈,2.1786,2.20892,1.92795,3.44171,5.36032,6.9409,5.40074,5.49065,1.99207,1.86212,3.94288,8.56722,7.90981,5.20489,"백찬미역:최강희,윤석호역:이상엽,임예은역:유인영,황미순역:김지영,강우원역:이준영,동관수역:이종혁,서국환역:정인기,배무혁역:박경순,간태희역:황보미,명계철역:우현,탁상기역:이상훈,옥철역:김용희,변우석역:허재호,구비서역:한수진,설영훈역:조영훈,심화란역:차수연,남봉만역:이승형,남주연역:김보윤,피철웅역:배진웅,권민석역:성혁,권소희역:노하연"
20200601,OBS,182125,192400,구가의서,,1회,전국,010235,드라마&영화,드라마,주간연속극,0,0,0,0,0,0.02139,0.15342,0,0,0,0,0.19915,0.08285,0.12674,"최강치역:이승기,담여울역:수지,조관웅역:이성재,담평준역:조성하,박태서역:유연석,박청조역:이유비,곤역:성준,구월령역:최진혁,윤서화역:이연희,소정법사역:김희원,천수련역:정혜영,자홍명역:윤세아,박무솔역:엄효섭,월선역:손승우,이순신역:유동근,마봉출역:조재윤,카게시마역:데이비드맥기니스,한노역:박주형,윤씨역:김희정,억만역:김기방,윤정윤역:이다윗,담이역:김보미,필목역:송영규,공달선생역:이도경"
20200601,JTBC,213712,224111,야식남녀,,3회,전국,010359,드라마&영화,드라마,미니시리즈,0.17948,0.08213,0.17135,0.11544,0.84657,0.53081,0.28157,0.01405,0.12869,0.69086,0.36086,0.69283,0.79406,0.281,"박진성역:정일우,김아진역:강지영,강태완역:이학주,이상영역:김승수,차주희역:김수진,남규장역:양대혁,유성은역:공민정,노재수역:박성준,박진우역:최재현"
20200601,TV CHOSUN,200554,205455,바람과구름과비,,4회,전국,004901,드라마&영화,드라마,미니시리즈,0.02988,0.1446,0.15578,0.11798,0.28477,1.14066,0.86112,0.29797,0.56193,0.05592,0.62529,0.49225,1.59603,0.76208,"최천중역:박시후,봉련역:고성희,흥선대원군이하응역:전광렬,채인규역:성혁,김병운역:김승수,김좌근역:차광수,나합역:윤아정,김병학역:한재영,조대비역:김보연,철종역:정욱,이하전역:이루,명성황후민자영역:박정연,고종이재황역:박상훈,용팔룡역:조복래,주모역:김주령,적도사진상역:한동규,팽구철역:노형욱,만석역:박노식,연치성역:임현수,반달역:왕빛나,임종사관역:허태희,최천중어린시절역:강태우,봉련어린시절역:홍승희,채인규어린시절역:최정우,상복역:허성태,민승호역:이해우,저자이병주,출판그림같은세상2020.08.28.,e북무료판매처 1건"
20200601,tvN,020000,024431,화양연화삶이꽃이되는순간,,12회,전국,004431,드라마&영화,드라마,미니시리즈,0,0,0,0.2702,0.32127,0.28079,0.23399,0,0,0.23492,0.41695,0.04436,0.2678,0.12399,"한재현역:유지태,윤지수역:이보영,과거재현역:진영,과거지수역:전소니,장서경역:박시연,장산역:문성근,한준서역:박민수,한인호역:남명렬,이경자역:손숙,윤형구역:장광,이영민역:고우림,정숙희역:이종남,윤지영역:채원빈,이동진역:민성욱,과거동진역:은해성,성화진역:김주령,과거화진역:한지원,강준우역:강영석,정윤기역:김호창,이세훈역:김영훈,주영우역:이태성,과거영우역:병헌,양혜정역:우정원,과거혜정역:박한솔,최선희역:김영아"
20200601,tvN,063010,074216,백일의낭군님,,1회,전국,011206,드라마&영화,드라마,미니시리즈,0,0.0904,0.11066,0.1597,0.04198,0.34624,0.23454,0.18106,0.19267,0.06434,0.13887,0.03228,0.45393,0.07626,"원득역:도경수,홍심역:남지현,김차언역:조성하,왕역:조한철,정제윤역:김선호,세자빈김소혜역:한소희,무연역:김재영,박선도영감역:안석환,연씨역:정해균,박복은아전역:이준혁,조부영현감역:조재룡,구돌역:김기두,김수지역:허정민,끝녀역:이민지,중전박씨역:오연아,애월역:한지은,양내관역:조현식,권혁역:강영석,동주역:도지한,정사엽역:최웅,서원대군역:지민혁,윤부준역:정호빈,이율어린시절역:정지훈,윤이서어린시절역:허정은"
20200601,tvN,075057,085813,백일의낭군님,,2회,전국,010716,드라마&영화,드라마,미니시리즈,0,0.53725,0.09849,0.16293,0.04412,0.58655,0.1875,0.52145,0.28563,0.18628,0.74601,0.13594,0.73569,0.09726,"원득역:도경수,홍심역:남지현,김차언역:조성하,왕역:조한철,정제윤역:김선호,세자빈김소혜역:한소희,무연역:김재영,박선도영감역:안석환,연씨역:정해균,박복은아전역:이준혁,조부영현감역:조재룡,구돌역:김기두,김수지역:허정민,끝녀역:이민지,중전박씨역:오연아,애월역:한지은,양내관역:조현식,권혁역:강영석,동주역:도지한,정사엽역:최웅,서원대군역:지민혁,윤부준역:정호빈,이율어린시절역:정지훈,윤이서어린시절역:허정은"
20200601,tvN,090731,101800,백일의낭군님,,3회,전국,011029,드라마&영화,드라마,미니시리즈,0.27914,0.07922,0.05809,0.03035,0.13931,0.85976,0.25524,0.6837,0.56445,0.15908,0.63109,0.90214,0.6737,0.33322,"원득역:도경수,홍심역:남지현,김차언역:조성하,왕역:조한철,정제윤역:김선호,세자빈김소혜역:한소희,무연역:김재영,박선도영감역:안석환,연씨역:정해균,박복은아전역:이준혁,조부영현감역:조재룡,구돌역:김기두,김수지역:허정민,끝녀역:이민지,중전박씨역:오연아,애월역:한지은,양내관역:조현식,권혁역:강영석,동주역:도지한,정사엽역:최웅,서원대군역:지민혁,윤부준역:정호빈,이율어린시절역:정지훈,윤이서어린시절역:허정은"
20200601,tvN,122239,132354,화양연화삶이꽃이되는순간,,11회,전국,010115,드라마&영화,드라마,미니시리즈,0.53694,0.34129,0.5576,0.23428,0.3492,0.33193,0.24895,0.0756,0.05015,0.03909,0.7208,0.44894,0.33808,0.52569,"한재현역:유지태,윤지수역:이보영,과거재현역:진영,과거지수역:전소니,장서경역:박시연,장산역:문성근,한준서역:박민수,한인호역:남명렬,이경자역:손숙,윤형구역:장광,이영민역:고우림,정숙희역:이종남,윤지영역:채원빈,이동진역:민성욱,과거동진역:은해성,성화진역:김주령,과거화진역:한지원,강준우역:강영석,정윤기역:김호창,이세훈역:김영훈,주영우역:이태성,과거영우역:병헌,양혜정역:우정원,과거혜정역:박한솔,최선희역:김영아"
20200601,tvN,134159,144406,화양연화삶이꽃이되는순간,,12회,전국,010207,드라마&영화,드라마,미니시리즈,0,0.11972,0.85034,0.35666,0.17421,0.31179,0.56218,0.46098,0.01091,0.02186,0.62415,0.21769,0.40436,0.57605,"한재현역:유지태,윤지수역:이보영,과거재현역:진영,과거지수역:전소니,장서경역:박시연,장산역:문성근,한준서역:박민수,한인호역:남명렬,이경자역:손숙,윤형구역:장광,이영민역:고우림,정숙희역:이종남,윤지영역:채원빈,이동진역:민성욱,과거동진역:은해성,성화진역:김주령,과거화진역:한지원,강준우역:강영석,정윤기역:김호창,이세훈역:김영훈,주영우역:이태성,과거영우역:병헌,양혜정역:우정원,과거혜정역:박한솔,최선희역:김영아"
20200601,tvN,205936,221916,아는건별로없지만가족입니다,,1회,전국,011940,드라마&영화,드라마,미니시리즈,0.52796,1.38252,1.54144,0.92751,0.58508,1.9654,1.45802,0.04371,1.74304,0.67589,1.84488,2.30323,2.78559,0.88876,"김은희역:한예리,박찬혁역:김지석,김은주역:추자현,김상식역:정진영,이진숙역:원미경,김지우역:신재하,임건주역:신동욱,윤태형역:김태훈,젊은상식역:한준우,젊은진숙역:조아영,유선일역:서상원,안효석역:이종원,서경옥역:가득희,윤서영역:혜정,전하라역:배윤경,유민우역:권율"
20200601,tvN,222609,232818,번외수사,,3회,전국,010209,드라마&영화,드라마,미니시리즈,0.54506,0.40484,1.28917,0.76233,1.24189,0.96102,0.89432,0,0.08921,0.40488,1.3964,1.90659,1.74753,0.581,"진강호역:차태현,강무영역:이선빈,이반석역:정상훈,테디정역:윤경호,탁원역:지승현,민대진역:박정우,맨손역:박태산,연장역:장진희,지수철역:이영석,노순이역:민경옥"
20200601,tvN,233630,243815,번외수사,,4회,전국,010145,드라마&영화,드라마,미니시리즈,0.79961,0.02206,1.3328,0.46574,1.4177,0.73672,0.37036,0,0.17348,0.22052,1.24121,1.66654,1.42084,0.59207,"진강호역:차태현,강무영역:이선빈,이반석역:정상훈,테디정역:윤경호,탁원역:지승현,민대진역:박정우,맨손역:박태산,연장역:장진희,지수철역:이영석,노순이역:민경옥"
20200601,국방TV,210019,213030,바람은불어도,,73회,전국,003011,드라마&영화,드라마,미니시리즈,0,0,0,0,0,0.06765,0,0,0,0,0,0,0.0737,0,"최수종,유호정,윤손하,송나영,송기윤,나문희"
20200601,국방TV,213155,215539,바람은불어도,,74회,전국,002344,드라마&영화,드라마,미니시리즈,0,0,0,0.0046,0.0238,0.08299,0,0.08723,0,0,0.00599,0,0.10229,0,"최수종,유호정,윤손하,송나영,송기윤,나문희"
20200601,국방TV,240020,243032,바람은불어도,,73회,전국,003012,드라마&영화,드라마,미니시리즈,0,0,0,0.0076,0,0.06693,0.00279,0,0,0,0.00765,0,0.07239,0,"최수종,유호정,윤손하,송나영,송기윤,나문희"
20200601,국방TV,243155,245538,바람은불어도,,74회,전국,002343,드라마&영화,드라마,미니시리즈,0,0,0,0.23562,0,0.09279,0,0,0,0,0.2373,0,0.09514,0,"최수종,유호정,윤손하,송나영,송기윤,나문희"
20200601,국방TV,250019,252828,바람은불어도,,75회,전국,002809,드라마&영화,드라마,미니시리즈,0,0,0,0,0,0.0741,0.00782,0,0,0,0,0,0.08014,0,"최수종,유호정,윤손하,송나영,송기윤,나문희"
20200601,국방TV,253037,255655,바람은불어도,,76회,전국,002618,드라마&영화,드라마,미니시리즈,0,0,0,0,0,0.06578,0,0,0,0.02204,0,0.01183,0.06559,0,"최수종,유호정,윤손하,송나영,송기윤,나문희"
20200601,OCN Movies,024225,034336,번외수사,,4회,전국,010111,드라마&영화,드라마,미니시리즈,0,0,0,0.0455,0.02497,0.17622,0.00897,0,0,0,0.05919,0.08487,0.0189,0.03548,"진강호역:차태현,강무영역:이선빈,이반석역:정상훈,테디정역:윤경호,탁원역:지승현,민대진역:박정우,맨손역:박태산,연장역:장진희,지수철역:이영석,노순이역:민경옥"
20200601,OCN Movies,130239,140414,번외수사,,3회,전국,010135,드라마&영화,드라마,미니시리즈,0,0.00653,0.3646,0.16816,0.19139,0.11833,0.12071,0,0.56907,0.30263,0.18431,0.63738,0.15563,0.17288,"진강호역:차태현,강무영역:이선빈,이반석역:정상훈,테디정역:윤경호,탁원역:지승현,민대진역:박정우,맨손역:박태산,연장역:장진희,지수철역:이영석,노순이역:민경옥"
20200601,OCN Movies,141928,152040,번외수사,,4회,전국,010112,드라마&영화,드라마,미니시리즈,0.02491,0.02768,0,0.15228,0.38996,0.64421,0.09473,0,0.62037,0.33326,0.33319,1.18615,0.63049,0.04057,"진강호역:차태현,강무영역:이선빈,이반석역:정상훈,테디정역:윤경호,탁원역:지승현,민대진역:박정우,맨손역:박태산,연장역:장진희,지수철역:이영석,노순이역:민경옥"
20200601,AXN,074743,084911,내딸서영이,,33회,전국,010128,드라마&영화,드라마,주말연속극,0.17,0,0,0,0,0.00965,0.00845,0.19791,0,0,0.07941,0.07191,0.09971,0,"이서영역:이보영,강우재역:이상윤,이삼재역:천호진,이상우역:박해진,강미경역:박정아,최호정역:최윤영,강기범역:최정우,차지선역:김혜옥,강성재역:이정신,최민석역:홍요섭,김강순역:송옥숙,최경호역:심형탁,윤소미역:조은숙,정선우역:장희진,이연희역:민영원,고승찬역:곽승남,재희역:주아성,서은수역:설현,서영모역:김민경,만세역:권율,방심덕역:이일화,아이돌배우역:양요섭,호태역:남태부,배영택역:전노민,음악학원원장역:전태관,성태역:조동혁"
20200601,AXN,090808,101113,내딸서영이,,34회,전국,010305,드라마&영화,드라마,주말연속극,0,0,0,0,0.22459,0,0.20205,0,0,0,0.01588,0.05077,0.00767,0.16904,"이서영역:이보영,강우재역:이상윤,이삼재역:천호진,이상우역:박해진,강미경역:박정아,최호정역:최윤영,강기범역:최정우,차지선역:김혜옥,강성재역:이정신,최민석역:홍요섭,김강순역:송옥숙,최경호역:심형탁,윤소미역:조은숙,정선우역:장희진,이연희역:민영원,고승찬역:곽승남,재희역:주아성,서은수역:설현,서영모역:김민경,만세역:권율,방심덕역:이일화,아이돌배우역:양요섭,호태역:남태부,배영택역:전노민,음악학원원장역:전태관,성태역:조동혁"
20200601,AXN,132912,143123,내딸서영이,,33회,전국,010211,드라마&영화,드라마,주말연속극,0,0,0.00575,0,0,0.00215,0.01031,0,0.08377,0.00301,0,0,0.06493,0.12978,"이서영역:이보영,강우재역:이상윤,이삼재역:천호진,이상우역:박해진,강미경역:박정아,최호정역:최윤영,강기범역:최정우,차지선역:김혜옥,강성재역:이정신,최민석역:홍요섭,김강순역:송옥숙,최경호역:심형탁,윤소미역:조은숙,정선우역:장희진,이연희역:민영원,고승찬역:곽승남,재희역:주아성,서은수역:설현,서영모역:김민경,만세역:권율,방심덕역:이일화,아이돌배우역:양요섭,호태역:남태부,배영택역:전노민,음악학원원장역:전태관,성태역:조동혁"
20200601,AXN,144920,155312,내딸서영이,,34회,전국,010352,드라마&영화,드라마,주말연속극,0,0,0,0,0.00453,0.01176,0.09327,0,0.00443,0,0,0.00757,0.0051,0.11519,"이서영역:이보영,강우재역:이상윤,이삼재역:천호진,이상우역:박해진,강미경역:박정아,최호정역:최윤영,강기범역:최정우,차지선역:김혜옥,강성재역:이정신,최민석역:홍요섭,김강순역:송옥숙,최경호역:심형탁,윤소미역:조은숙,정선우역:장희진,이연희역:민영원,고승찬역:곽승남,재희역:주아성,서은수역:설현,서영모역:김민경,만세역:권율,방심덕역:이일화,아이돌배우역:양요섭,호태역:남태부,배영택역:전노민,음악학원원장역:전태관,성태역:조동혁"
20200601,AXN,210406,220619,내딸서영이,,33회,전국,010213,드라마&영화,드라마,주말연속극,0,0,0.15628,0,0,0.03042,0.10457,0,0.22128,0.12163,0,0,0.10836,0.09195,"이서영역:이보영,강우재역:이상윤,이삼재역:천호진,이상우역:박해진,강미경역:박정아,최호정역:최윤영,강기범역:최정우,차지선역:김혜옥,강성재역:이정신,최민석역:홍요섭,김강순역:송옥숙,최경호역:심형탁,윤소미역:조은숙,정선우역:장희진,이연희역:민영원,고승찬역:곽승남,재희역:주아성,서은수역:설현,서영모역:김민경,만세역:권율,방심덕역:이일화,아이돌배우역:양요섭,호태역:남태부,배영택역:전노민,음악학원원장역:전태관,성태역:조동혁"
20200601,AXN,222048,232455,내딸서영이,,34회,전국,010407,드라마&영화,드라마,주말연속극,0,0,0.17052,0,0.08541,0.03112,0.11648,0,0,0.06292,0.00122,0.06245,0.06146,0.15711,"이서영역:이보영,강우재역:이상윤,이삼재역:천호진,이상우역:박해진,강미경역:박정아,최호정역:최윤영,강기범역:최정우,차지선역:김혜옥,강성재역:이정신,최민석역:홍요섭,김강순역:송옥숙,최경호역:심형탁,윤소미역:조은숙,정선우역:장희진,이연희역:민영원,고승찬역:곽승남,재희역:주아성,서은수역:설현,서영모역:김민경,만세역:권율,방심덕역:이일화,아이돌배우역:양요섭,호태역:남태부,배영택역:전노민,음악학원원장역:전태관,성태역:조동혁"
20200601,CHING,083806,094732,번외수사,,1회,전국,010926,드라마&영화,드라마,미니시리즈,0,0,0,0,0.04294,0,0.05105,0,0,0.00635,0.11545,0,0,0.01278,"진강호역:차태현,강무영역:이선빈,이반석역:정상훈,테디정역:윤경호,탁원역:지승현,민대진역:박정우,맨손역:박태산,연장역:장진희,지수철역:이영석,노순이역:민경옥"
20200601,CHING,100154,110207,번외수사,,2회,전국,010013,드라마&영화,드라마,미니시리즈,0,0,0,0,0,0.03567,0.00153,0,0,0,0,0.00706,0.04175,0.00553,"진강호역:차태현,강무영역:이선빈,이반석역:정상훈,테디정역:윤경호,탁원역:지승현,민대진역:박정우,맨손역:박태산,연장역:장진희,지수철역:이영석,노순이역:민경옥"
20200601,CHING,144105,151219,인어아가씨,,41회,전국,003114,드라마&영화,드라마,주간연속극,0,0,0,0.14038,0,0.00639,0.05903,0,0,0,0.06606,0.00805,0,0.05611,"은아리영역:장서희,한경혜역:정영숙,은진섭역:박근형,심수정역:한혜숙,은예영역:우희진,이주왕역:김성민,이성수역:김병기,금옥선역:사미자,금실라역:김용림,조수아역:고두심,마마준역:정보석,마마린역:이재은"
20200601,CHING,151330,154638,인어아가씨,,42회,전국,003308,드라마&영화,드라마,주간연속극,0,0,0,0.1714,0,0.17948,0.01886,0,0,0,0.04964,0,0,0.03519,"은아리영역:장서희,한경혜역:정영숙,은진섭역:박근형,심수정역:한혜숙,은예영역:우희진,이주왕역:김성민,이성수역:김병기,금옥선역:사미자,금실라역:김용림,조수아역:고두심,마마준역:정보석,마마린역:이재은"
20200601,CHING,155849,163107,인어아가씨,,43회,전국,003218,드라마&영화,드라마,주간연속극,0,0,0,0.22904,0,0,0.02828,0,0,0,0,0,0.08033,0.04178,"은아리영역:장서희,한경혜역:정영숙,은진섭역:박근형,심수정역:한혜숙,은예영역:우희진,이주왕역:김성민,이성수역:김병기,금옥선역:사미자,금실라역:김용림,조수아역:고두심,마마준역:정보석,마마린역:이재은"
20200601,CHING,163218,170424,인어아가씨,,44회,전국,003206,드라마&영화,드라마,주간연속극,0,0,0,0.05056,0,0,0.01337,0,0,0,0,0,0.14175,0.01742,"은아리영역:장서희,한경혜역:정영숙,은진섭역:박근형,심수정역:한혜숙,은예영역:우희진,이주왕역:김성민,이성수역:김병기,금옥선역:사미자,금실라역:김용림,조수아역:고두심,마마준역:정보석,마마린역:이재은"
20200601,CHING,171807,182733,번외수사,,1회,전국,010926,드라마&영화,드라마,미니시리즈,0,0,0,0.13664,0,0.00668,0.02111,0,0,0,0.10688,0.04318,0,0.02241,"진강호역:차태현,강무영역:이선빈,이반석역:정상훈,테디정역:윤경호,탁원역:지승현,민대진역:박정우,맨손역:박태산,연장역:장진희,지수철역:이영석,노순이역:민경옥"
20200601,CHING,183852,193905,번외수사,,2회,전국,010013,드라마&영화,드라마,미니시리즈,0,0,0.0057,0.10416,0,0,0.14987,0,0,0,0.07929,0,0,0.17429,"진강호역:차태현,강무영역:이선빈,이반석역:정상훈,테디정역:윤경호,탁원역:지승현,민대진역:박정우,맨손역:박태산,연장역:장진희,지수철역:이영석,노순이역:민경옥"
20200601,CHING,230925,234040,인어아가씨,,41회,전국,003115,드라마&영화,드라마,주간연속극,0,0.05944,0,0.00941,0,0.04332,0.00158,0,0,0,0,0,0.18373,0.00364,"은아리영역:장서희,한경혜역:정영숙,은진섭역:박근형,심수정역:한혜숙,은예영역:우희진,이주왕역:김성민,이성수역:김병기,금옥선역:사미자,금실라역:김용림,조수아역:고두심,마마준역:정보석,마마린역:이재은"
20200601,CHING,234151,241458,인어아가씨,,42회,전국,003307,드라마&영화,드라마,주간연속극,0,0,0,0,0,0,0,0,0,0,0,0,0,0,"은아리영역:장서희,한경혜역:정영숙,은진섭역:박근형,심수정역:한혜숙,은예영역:우희진,이주왕역:김성민,이성수역:김병기,금옥선역:사미자,금실라역:김용림,조수아역:고두심,마마준역:정보석,마마린역:이재은"
20200601,CHING,242425,245643,인어아가씨,,43회,전국,003218,드라마&영화,드라마,주간연속극,0,0,0,0,0,0.00685,0.0103,0,0,0.02388,0,0,0,0,"은아리영역:장서희,한경혜역:정영숙,은진섭역:박근형,심수정역:한혜숙,은예영역:우희진,이주왕역:김성민,이성수역:김병기,금옥선역:사미자,금실라역:김용림,조수아역:고두심,마마준역:정보석,마마린역:이재은"
20200601,CHING,245754,253000,인어아가씨,,44회,전국,003206,드라마&영화,드라마,주간연속극,0,0,0,0,0,0,0.01752,0,0,0,0,0,0.02171,0,"은아리영역:장서희,한경혜역:정영숙,은진섭역:박근형,심수정역:한혜숙,은예영역:우희진,이주왕역:김성민,이성수역:김병기,금옥선역:사미자,금실라역:김용림,조수아역:고두심,마마준역:정보석,마마린역:이재은"
20200601,CHING,253920,255959,번외수사,,1회,전국,002039,드라마&영화,드라마,미니시리즈,0,0,0,0,0,0,0,0,0.12268,0,0,0.05961,0,0,"진강호역:차태현,강무영역:이선빈,이반석역:정상훈,테디정역:윤경호,탁원역:지승현,민대진역:박정우,맨손역:박태산,연장역:장진희,지수철역:이영석,노순이역:민경옥"
20200601,CNTV,020549,025735,광개토태왕,,70회,전국,005146,드라마&영화,드라마,주말연속극,0,0,0,0,0,0,0.18364,0,0,0,0,0,0,0.06273,"담덕역:이태곤,고운역:김승수,모용보역:임호,도영역:오지은,연살타역:홍경인,약연역:이인혜,고무역:김진태,고창역:남성진,모두영역:이원발,모두루역:임대호,모용수역:김동현,풍발역:정호근,개연수역:최동준,가라지역:오욱철,연도부역:반석진,계필역:선동혁,이영역:최상훈,담망역:정태우,이련역:송용태,고야역:이보희,담주역:조안,설도안역:김규철,설지역:김정화,마수역:고인범,여소이역:임병기,돌비수역:김정현,갈사무역:강신조,도광역:박승호,소모역:강지후,여문역:나주석,모용희역:조인표,거보역:김덕현,무갑역:유종근,여석개역:방형주,황회역:김명수,원봉역:박유승,하무지역:윤승원,사갈현역:김철기,아신역:박정철"
20200601,CNTV,060618,065644,용의눈물,,55회,전국,005026,드라마&영화,드라마,주간연속극,0,0,0,0,0.03536,0.16893,0.09499,0,0,0,0,0.1351,0,0.11164,"유동근,최명길,이민우,안재모,김무생,김혜리"
20200601,CNTV,070718,080250,용의눈물,,56회,전국,005532,드라마&영화,드라마,주간연속극,0,0,0,0.03209,0.00183,0.21754,0.14508,0,0,0.00268,0.0468,0.00492,0.18889,0.24431,"유동근,최명길,이민우,안재모,김무생,김혜리"
20200601,CNTV,092408,103402,바람과구름과비,,2회,전국,010954,드라마&영화,드라마,미니시리즈,0,0.01238,0,0.03068,0.05517,0.01238,0.12963,0,0,0,0.00473,0.08247,0.03659,0.20762,"최천중역:박시후,봉련역:고성희,흥선대원군이하응역:전광렬,채인규역:성혁,김병운역:김승수,김좌근역:차광수,나합역:윤아정,김병학역:한재영,조대비역:김보연,철종역:정욱,이하전역:이루,명성황후민자영역:박정연,고종이재황역:박상훈,용팔룡역:조복래,주모역:김주령,적도사진상역:한동규,팽구철역:노형욱,만석역:박노식,연치성역:임현수,반달역:왕빛나,임종사관역:허태희,최천중어린시절역:강태우,봉련어린시절역:홍승희,채인규어린시절역:최정우,상복역:허성태,민승호역:이해우,저자이병주,출판그림같은세상2020.08.28.,e북무료판매처 1건"
20200601,CNTV,105026,115038,야인시대,,38회,전국,010012,드라마&영화,드라마,주간연속극,0.02577,0,0.0097,0,0.28623,0.13973,0.26518,0,0,0,0,0.06009,0.06117,0.13758,"청년김두한역:안재모,소년김두한역:곽정욱,장년김두한역:김영철,장년정진영역:차광수,구마적역:이원종,쌍칼역:박준규,김무옥역:이혁재,문영철역:장세진,장년개코역:성동일,신마적역:최철호,하야시역:이창훈,가미소리역:이상인,시바루역:이세창,나미꼬역:이세은,시라소니역:조상구,최동열역:정동환,미와역:이재용,마루오까역:최재성,설향역:허영란,애란역:조여정,정운경역:심형탁,김좌진역:최동준,오숙근역:이덕희,박계숙역:전미선,원노인역:이순재,유진산역:이효정,이정재역:김영호,조병옥역:김학철,이화룡역:안승훈,청년개코역:이동훈,신영균역:윤용현,청년정진영역:김정민,김영태역:박영록,박인애역:정소영,이영숙역:이일화,김두한어린시절역:곽정욱"
20200601,CNTV,120847,125853,광개토태왕,,71회,전국,005006,드라마&영화,드라마,주말연속극,0,0,0,0.02067,0.17472,0.49896,0.25944,0,0,0.01576,0.00547,0.0049,0.54224,0.17044,"담덕역:이태곤,고운역:김승수,모용보역:임호,도영역:오지은,연살타역:홍경인,약연역:이인혜,고무역:김진태,고창역:남성진,모두영역:이원발,모두루역:임대호,모용수역:김동현,풍발역:정호근,개연수역:최동준,가라지역:오욱철,연도부역:반석진,계필역:선동혁,이영역:최상훈,담망역:정태우,이련역:송용태,고야역:이보희,담주역:조안,설도안역:김규철,설지역:김정화,마수역:고인범,여소이역:임병기,돌비수역:김정현,갈사무역:강신조,도광역:박승호,소모역:강지후,여문역:나주석,모용희역:조인표,거보역:김덕현,무갑역:유종근,여석개역:방형주,황회역:김명수,원봉역:박유승,하무지역:윤승원,사갈현역:김철기,아신역:박정철"
20200601,CNTV,131752,140842,용의눈물,,55회,전국,005050,드라마&영화,드라마,주간연속극,0,0,0,0,0,0.21538,0.34295,0,0,0,0,0,0.2058,0.20721,"유동근,최명길,이민우,안재모,김무생,김혜리"
20200601,CNTV,142920,152530,용의눈물,,56회,전국,005610,드라마&영화,드라마,주간연속극,0.00545,0,0.00249,0.02638,0.00179,0.19153,0.35169,0.00332,0,0.00169,0.0023,0.00656,0.14286,0.31514,"유동근,최명길,이민우,안재모,김무생,김혜리"
20200601,CNTV,154708,165802,바람과구름과비,,2회,전국,011054,드라마&영화,드라마,미니시리즈,0.01724,0.03247,0.002,0.00666,0.01415,0.02288,0.03918,0.00844,0.07315,0.01557,0.00289,0.03194,0.10498,0.13514,"최천중역:박시후,봉련역:고성희,흥선대원군이하응역:전광렬,채인규역:성혁,김병운역:김승수,김좌근역:차광수,나합역:윤아정,김병학역:한재영,조대비역:김보연,철종역:정욱,이하전역:이루,명성황후민자영역:박정연,고종이재황역:박상훈,용팔룡역:조복래,주모역:김주령,적도사진상역:한동규,팽구철역:노형욱,만석역:박노식,연치성역:임현수,반달역:왕빛나,임종사관역:허태희,최천중어린시절역:강태우,봉련어린시절역:홍승희,채인규어린시절역:최정우,상복역:허성태,민승호역:이해우,저자이병주,출판그림같은세상2020.08.28.,e북무료판매처 1건"
20200601,CNTV,171711,181737,야인시대,,38회,전국,010026,드라마&영화,드라마,주간연속극,0,0,0,0,0.04931,0.16016,0.17609,0,0,0,0,0.15222,0.13803,0.07867,"청년김두한역:안재모,소년김두한역:곽정욱,장년김두한역:김영철,장년정진영역:차광수,구마적역:이원종,쌍칼역:박준규,김무옥역:이혁재,문영철역:장세진,장년개코역:성동일,신마적역:최철호,하야시역:이창훈,가미소리역:이상인,시바루역:이세창,나미꼬역:이세은,시라소니역:조상구,최동열역:정동환,미와역:이재용,마루오까역:최재성,설향역:허영란,애란역:조여정,정운경역:심형탁,김좌진역:최동준,오숙근역:이덕희,박계숙역:전미선,원노인역:이순재,유진산역:이효정,이정재역:김영호,조병옥역:김학철,이화룡역:안승훈,청년개코역:이동훈,신영균역:윤용현,청년정진영역:김정민,김영태역:박영록,박인애역:정소영,이영숙역:이일화,김두한어린시절역:곽정욱"
20200601,CNTV,183452,192444,광개토태왕,,71회,전국,004952,드라마&영화,드라마,주말연속극,0.54037,0.21042,0.01476,0.04263,0.29987,0.40193,0.4615,0,0.02824,0.1511,0.12781,0.49173,0.20196,0.20304,"담덕역:이태곤,고운역:김승수,모용보역:임호,도영역:오지은,연살타역:홍경인,약연역:이인혜,고무역:김진태,고창역:남성진,모두영역:이원발,모두루역:임대호,모용수역:김동현,풍발역:정호근,개연수역:최동준,가라지역:오욱철,연도부역:반석진,계필역:선동혁,이영역:최상훈,담망역:정태우,이련역:송용태,고야역:이보희,담주역:조안,설도안역:김규철,설지역:김정화,마수역:고인범,여소이역:임병기,돌비수역:김정현,갈사무역:강신조,도광역:박승호,소모역:강지후,여문역:나주석,모용희역:조인표,거보역:김덕현,무갑역:유종근,여석개역:방형주,황회역:김명수,원봉역:박유승,하무지역:윤승원,사갈현역:김철기,아신역:박정철"
20200601,CNTV,194308,203358,용의눈물,,55회,전국,005050,드라마&영화,드라마,주간연속극,0.10297,0,0.01241,0.15246,0.05963,0.037,0.19985,0,0.10691,0,0.07903,0.04899,0.02763,0.08222,"유동근,최명길,이민우,안재모,김무생,김혜리"
20200601,CNTV,205152,214802,용의눈물,,56회,전국,005610,드라마&영화,드라마,주간연속극,0.06265,0.09394,0.02817,0.05617,0.08221,0.13545,0.40383,0,0.00403,0.08371,0.00812,0.12162,0.30198,0.14524,"유동근,최명길,이민우,안재모,김무생,김혜리"
20200601,CNTV,220430,231438,바람과구름과비,,2회,전국,011008,드라마&영화,드라마,미니시리즈,0,0,0.00423,0.02237,0.0035,0.21349,0.14546,0,0.21332,0.00882,0.01491,0.04981,0.29096,0.17349,"최천중역:박시후,봉련역:고성희,흥선대원군이하응역:전광렬,채인규역:성혁,김병운역:김승수,김좌근역:차광수,나합역:윤아정,김병학역:한재영,조대비역:김보연,철종역:정욱,이하전역:이루,명성황후민자영역:박정연,고종이재황역:박상훈,용팔룡역:조복래,주모역:김주령,적도사진상역:한동규,팽구철역:노형욱,만석역:박노식,연치성역:임현수,반달역:왕빛나,임종사관역:허태희,최천중어린시절역:강태우,봉련어린시절역:홍승희,채인규어린시절역:최정우,상복역:허성태,민승호역:이해우,저자이병주,출판그림같은세상2020.08.28.,e북무료판매처 1건"
20200601,CNTV,232808,242820,야인시대,,38회,전국,010012,드라마&영화,드라마,주간연속극,0,0,0,0,0.02526,0.37658,0.06384,0,0.15315,0,0,0.0438,0.18087,0.01051,"청년김두한역:안재모,소년김두한역:곽정욱,장년김두한역:김영철,장년정진영역:차광수,구마적역:이원종,쌍칼역:박준규,김무옥역:이혁재,문영철역:장세진,장년개코역:성동일,신마적역:최철호,하야시역:이창훈,가미소리역:이상인,시바루역:이세창,나미꼬역:이세은,시라소니역:조상구,최동열역:정동환,미와역:이재용,마루오까역:최재성,설향역:허영란,애란역:조여정,정운경역:심형탁,김좌진역:최동준,오숙근역:이덕희,박계숙역:전미선,원노인역:이순재,유진산역:이효정,이정재역:김영호,조병옥역:김학철,이화룡역:안승훈,청년개코역:이동훈,신영균역:윤용현,청년정진영역:김정민,김영태역:박영록,박인애역:정소영,이영숙역:이일화,김두한어린시절역:곽정욱"
20200601,CNTV,244150,253142,광개토태왕,,71회,전국,004952,드라마&영화,드라마,주말연속극,0,0,0.11638,0.0238,0.10283,0.74049,0.40224,0,0.28716,0.10397,0.02359,0,0.4663,0.21229,"담덕역:이태곤,고운역:김승수,모용보역:임호,도영역:오지은,연살타역:홍경인,약연역:이인혜,고무역:김진태,고창역:남성진,모두영역:이원발,모두루역:임대호,모용수역:김동현,풍발역:정호근,개연수역:최동준,가라지역:오욱철,연도부역:반석진,계필역:선동혁,이영역:최상훈,담망역:정태우,이련역:송용태,고야역:이보희,담주역:조안,설도안역:김규철,설지역:김정화,마수역:고인범,여소이역:임병기,돌비수역:김정현,갈사무역:강신조,도광역:박승호,소모역:강지후,여문역:나주석,모용희역:조인표,거보역:김덕현,무갑역:유종근,여석개역:방형주,황회역:김명수,원봉역:박유승,하무지역:윤승원,사갈현역:김철기,아신역:박정철"
20200601,DRAMAcube,020000,025639,낭만닥터김사부2,,2회,전국,005639,드라마&영화,드라마,미니시리즈,0,0,0,0.08085,0.00268,0.01265,0.028,0,0,0,0,0.7737,0.00965,0.00205,"김사부역:한석규,서우진역:안효섭,차은재역:이성경,박민국역:김주헌,배문정역:신동욱,윤아름역:소주연,정인수역:윤나무,여운영역:김홍파,오명심역:진경,장기태역:임원희,남도일역:변우민,박은탁역:김민재,양호준역:고상호,심혜진역:박효주,허영규역:배명진,도윤완역:최진호,엄현정역:정지안,주영미역:윤보라,주지배인역:서영"
20200601,DRAMAcube,053851,063854,시크릿부티크,,3회,전국,010003,드라마&영화,드라마,미니시리즈,0,0,0,0,0,0,0.00687,0,0,0,0,0.05734,0.00647,0.04194,"제니장역:김선아,김여옥역:장미희,위예남역:박희본,이현지역:고민시,윤선우역:김재영,위정혁역:김태훈,위예은역:류원,차승재역:류승수,황집사역:한정수,미세스왕역:김영아,위동섭역:여무영,운산스님역:박병호,도준섭역:김법래,오태석역:주석태,이주호역:장률,박주현역:장영남,김미진역:윤지인,예준역:최동화,조양오역:임철형,이상훈역:정욱진,윤혜라역:송지우,장도윤역:박재준,우선정역:박성연,어린도영역:박서경,18세도영역:정다은,18세예남역:조민아,20세정혁역:김성현,어린선우역:이시우"
20200601,DRAMAcube,064430,071352,내뒤에테리우스,,23회,전국,002922,드라마&영화,드라마,미니시리즈,0.18651,0,0,0.01374,0.06572,0.00405,0.03835,0,0,0.04645,0.0098,0.04902,0,0.00506,"김본역:소지섭,고애린역:정인선,진용태역:손호준,유지연역:임세미,심은하역:김여진,봉선미역:정시아,김상렬역:강기영,권영실역:서이숙,심우철역:엄효섭,라도우역:성주,차준수역:김건우,차준희역:옥예린,차정일역:양동근,조서현역:황지아,한유라역:김단우,케이역:조태관,박수일역:이현걸,윤춘상역:김병옥,최연경역:남규리,이지숙역:박순천"
20200601,DRAMAcube,071403,074636,내뒤에테리우스,,24회,전국,003233,드라마&영화,드라마,미니시리즈,0.08825,0,0,0,0.02243,0,0.11023,0,0,0.01663,0.01183,0.02503,0,0.01781,"김본역:소지섭,고애린역:정인선,진용태역:손호준,유지연역:임세미,심은하역:김여진,봉선미역:정시아,김상렬역:강기영,권영실역:서이숙,심우철역:엄효섭,라도우역:성주,차준수역:김건우,차준희역:옥예린,차정일역:양동근,조서현역:황지아,한유라역:김단우,케이역:조태관,박수일역:이현걸,윤춘상역:김병옥,최연경역:남규리,이지숙역:박순천"
20200601,DRAMAcube,103119,113751,굿캐스팅,,9회,전국,010632,드라마&영화,드라마,미니시리즈,0,0,0,0,0.08497,0.01396,0.02354,0,0,0.04951,0,0.10784,0.02101,0.00425,"백찬미역:최강희,윤석호역:이상엽,임예은역:유인영,황미순역:김지영,강우원역:이준영,동관수역:이종혁,서국환역:정인기,배무혁역:박경순,간태희역:황보미,명계철역:우현,탁상기역:이상훈,옥철역:김용희,변우석역:허재호,구비서역:한수진,설영훈역:조영훈,심화란역:차수연,남봉만역:이승형,남주연역:김보윤,피철웅역:배진웅,권민석역:성혁,권소희역:노하연"
20200601,DRAMAcube,115230,125659,굿캐스팅,,10회,전국,010429,드라마&영화,드라마,미니시리즈,0,0.1715,0,0.00784,0.14553,0.12061,0.08756,0,0,0.08034,0,0.39446,0,0.03166,"백찬미역:최강희,윤석호역:이상엽,임예은역:유인영,황미순역:김지영,강우원역:이준영,동관수역:이종혁,서국환역:정인기,배무혁역:박경순,간태희역:황보미,명계철역:우현,탁상기역:이상훈,옥철역:김용희,변우석역:허재호,구비서역:한수진,설영훈역:조영훈,심화란역:차수연,남봉만역:이승형,남주연역:김보윤,피철웅역:배진웅,권민석역:성혁,권소희역:노하연"
20200601,DRAMAcube,191940,202410,굿캐스팅,,10회,전국,010430,드라마&영화,드라마,미니시리즈,0,0,0.11155,0,0.05573,0.06673,0.08615,0,0.00777,0.129,0,0.19777,0.29126,0,"백찬미역:최강희,윤석호역:이상엽,임예은역:유인영,황미순역:김지영,강우원역:이준영,동관수역:이종혁,서국환역:정인기,배무혁역:박경순,간태희역:황보미,명계철역:우현,탁상기역:이상훈,옥철역:김용희,변우석역:허재호,구비서역:한수진,설영훈역:조영훈,심화란역:차수연,남봉만역:이승형,남주연역:김보윤,피철웅역:배진웅,권민석역:성혁,권소희역:노하연"
20200601,DramaH,020000,023528,번외수사,,2회,전국,003528,드라마&영화,드라마,미니시리즈,0,0,0.01442,0.00675,0.22463,0.03862,0.05258,0,0,0.03804,0,0.00861,0.03289,0.05878,"진강호역:차태현,강무영역:이선빈,이반석역:정상훈,테디정역:윤경호,탁원역:지승현,민대진역:박정우,맨손역:박태산,연장역:장진희,지수철역:이영석,노순이역:민경옥"
20200601,DramaH,024133,034451,영혼수선공,,8회,전국,010318,드라마&영화,드라마,미니시리즈,0,0,0,0.00482,0,0,0.01157,0,0,0.01067,0.01142,0,0.00525,0.01424,"이시준역:신하균,한우주역:정소민,인동혁역:태인호,지영원역:박예진,공지선역:주민경,조인혜역:조경숙,오기태역:박수영,박대하역:정해균,이택경역:최정우,노우정역:안동구,강누리역:하영,임세찬역:장유상,공지희역:박한솔,장유미역:김가란,김영석역:김강민,송민수역:류시원"
20200601,DramaH,094849,105815,번외수사,,1회,전국,010926,드라마&영화,드라마,미니시리즈,0,0,0,0,0.07037,0.07068,0.00122,0,0,0,0,0.00671,0.08779,0.01899,"진강호역:차태현,강무영역:이선빈,이반석역:정상훈,테디정역:윤경호,탁원역:지승현,민대진역:박정우,맨손역:박태산,연장역:장진희,지수철역:이영석,노순이역:민경옥"
20200601,DramaH,111742,121756,번외수사,,2회,전국,010014,드라마&영화,드라마,미니시리즈,0,0,0,0,0.00369,0.36791,0,0,0,0,0.00391,0.00596,0.21719,0.01534,"진강호역:차태현,강무영역:이선빈,이반석역:정상훈,테디정역:윤경호,탁원역:지승현,민대진역:박정우,맨손역:박태산,연장역:장진희,지수철역:이영석,노순이역:민경옥"
20200601,DramaH,153253,164218,번외수사,,1회,전국,010925,드라마&영화,드라마,미니시리즈,0,0,0,0,0.00153,0,0.21432,0,0,0,0.00206,0.00429,0.03287,0.1627,"진강호역:차태현,강무영역:이선빈,이반석역:정상훈,테디정역:윤경호,탁원역:지승현,민대진역:박정우,맨손역:박태산,연장역:장진희,지수철역:이영석,노순이역:민경옥"
20200601,DramaH,170211,180223,번외수사,,2회,전국,010012,드라마&영화,드라마,미니시리즈,0,0,0,0,0.10929,0.10365,0.089,0,0,0,0.00319,0.1001,0.1677,0.09055,"진강호역:차태현,강무영역:이선빈,이반석역:정상훈,테디정역:윤경호,탁원역:지승현,민대진역:박정우,맨손역:박태산,연장역:장진희,지수철역:이영석,노순이역:민경옥"
20200601,DramaH,224615,234701,바람과구름과비,,3회,전국,010046,드라마&영화,드라마,미니시리즈,0,0.00684,0,0.00322,0.11723,0.09893,0.07442,0,0.12436,0.15171,0,0.3265,0.10141,0.0441,"최천중역:박시후,봉련역:고성희,흥선대원군이하응역:전광렬,채인규역:성혁,김병운역:김승수,김좌근역:차광수,나합역:윤아정,김병학역:한재영,조대비역:김보연,철종역:정욱,이하전역:이루,명성황후민자영역:박정연,고종이재황역:박상훈,용팔룡역:조복래,주모역:김주령,적도사진상역:한동규,팽구철역:노형욱,만석역:박노식,연치성역:임현수,반달역:왕빛나,임종사관역:허태희,최천중어린시절역:강태우,봉련어린시절역:홍승희,채인규어린시절역:최정우,상복역:허성태,민승호역:이해우,저자이병주,출판그림같은세상2020.08.28.,e북무료판매처 1건"
20200601,DramaH,240820,250847,바람과구름과비,,4회,전국,010027,드라마&영화,드라마,미니시리즈,0.00652,0,0.01806,0.00582,0.01578,0.08303,0.07656,0,0.36803,0.10184,0.01493,0.27939,0.1423,0.07321,"최천중역:박시후,봉련역:고성희,흥선대원군이하응역:전광렬,채인규역:성혁,김병운역:김승수,김좌근역:차광수,나합역:윤아정,김병학역:한재영,조대비역:김보연,철종역:정욱,이하전역:이루,명성황후민자영역:박정연,고종이재황역:박상훈,용팔룡역:조복래,주모역:김주령,적도사진상역:한동규,팽구철역:노형욱,만석역:박노식,연치성역:임현수,반달역:왕빛나,임종사관역:허태희,최천중어린시절역:강태우,봉련어린시절역:홍승희,채인규어린시절역:최정우,상복역:허성태,민승호역:이해우,저자이병주,출판그림같은세상2020.08.28.,e북무료판매처 1건"
20200601,DramaH,252343,255959,굿캐스팅,,9회,전국,003616,드라마&영화,드라마,미니시리즈,0,0,0,0,0,0,0,0,0.01397,0,0,0,0.01972,0,"백찬미역:최강희,윤석호역:이상엽,임예은역:유인영,황미순역:김지영,강우원역:이준영,동관수역:이종혁,서국환역:정인기,배무혁역:박경순,간태희역:황보미,명계철역:우현,탁상기역:이상훈,옥철역:김용희,변우석역:허재호,구비서역:한수진,설영훈역:조영훈,심화란역:차수연,남봉만역:이승형,남주연역:김보윤,피철웅역:배진웅,권민석역:성혁,권소희역:노하연"
20200601,Dramax,030529,041120,너의목소리가들려,,7회,전국,010551,드라마&영화,드라마,미니시리즈,0,0,0,0.23826,0.01114,0,0.00221,0,0.01673,0.00757,0,0.01407,0.12798,0.0023,"장혜성역:이보영,박수하역:이종석,차관우역:윤상현,서도연역:이다희,어춘심역:김해숙,민준국역:정웅인,신상덕역:윤주상,서대석역:정동환,김공숙역:김광규,황달중역:김병옥,고성빈역:김가은,최유창역:최성준,김충기역:박두식,박주혁역:조덕현,도연엄마역:장희수,어린장혜성역:김소현,어린박수하역:구승현,어린서도연역:정민아,정필재역:한기원,정필승역:한기웅,변호사역:소이현,형사역:김성균,문동희역:김수연,최윤역:김민종,고아원입양담당자역:안문숙,엄기준역:엄기준,백화점손님역:안영미,경찰역:정만식,소매치기역:강남"
20200601,Dramax,041645,052244,너의목소리가들려,,8회,전국,010559,드라마&영화,드라마,미니시리즈,0.03709,0.06422,0.02445,0.16281,0.02677,0.01891,0.07108,0.01816,0.01379,0,0.01754,0.13056,0.09291,0.0343,"장혜성역:이보영,박수하역:이종석,차관우역:윤상현,서도연역:이다희,어춘심역:김해숙,민준국역:정웅인,신상덕역:윤주상,서대석역:정동환,김공숙역:김광규,황달중역:김병옥,고성빈역:김가은,최유창역:최성준,김충기역:박두식,박주혁역:조덕현,도연엄마역:장희수,어린장혜성역:김소현,어린박수하역:구승현,어린서도연역:정민아,정필재역:한기원,정필승역:한기웅,변호사역:소이현,형사역:김성균,문동희역:김수연,최윤역:김민종,고아원입양담당자역:안문숙,엄기준역:엄기준,백화점손님역:안영미,경찰역:정만식,소매치기역:강남"
20200601,E채널,191833,194936,닥터프리즈너,,1회,전국,003103,드라마&영화,드라마,미니시리즈,0,0.01863,0.03878,0.02747,0.38222,0.1222,0.00392,0.34808,0.20182,0.09138,0.03342,0.6411,0.09702,0.03771,"나이제역:남궁민,한소금역:권나라,선민식역:김병철,이재준역:최원영,이재인역:이다인,이재환역:박은석,복혜수역:이민영,오정희역:김정난,정의식역:장현성,모이라역:진희경,김상춘역:강신일,고영철역:이준혁,오철민역:박수영,김만철역:박성근,태춘호역:장준녕,신현상역:강홍석,현재민역:이용준,함길선역:이현균,나이현역:하영,한빛역:려운,최정우역:김대령,선민중역:정인겸,최동훈역:채동현,정민제역:남경읍,정세진역:배윤경,김영선역:우미화,장민석역:최덕문,김석우역:이주승,오민정역:김지은"
20200601,E채널,195048,201850,닥터프리즈너,,2회,전국,002802,드라마&영화,드라마,미니시리즈,0,0.1341,0,0.03042,0.31653,0.01738,0.10948,0.44961,0.01729,0,0.02512,0.59818,0.05592,0.03215,"나이제역:남궁민,한소금역:권나라,선민식역:김병철,이재준역:최원영,이재인역:이다인,이재환역:박은석,복혜수역:이민영,오정희역:김정난,정의식역:장현성,모이라역:진희경,김상춘역:강신일,고영철역:이준혁,오철민역:박수영,김만철역:박성근,태춘호역:장준녕,신현상역:강홍석,현재민역:이용준,함길선역:이현균,나이현역:하영,한빛역:려운,최정우역:김대령,선민중역:정인겸,최동훈역:채동현,정민제역:남경읍,정세진역:배윤경,김영선역:우미화,장민석역:최덕문,김석우역:이주승,오민정역:김지은"
20200601,E채널,203436,210234,닥터프리즈너,,3회,전국,002758,드라마&영화,드라마,미니시리즈,0,0,0.14797,0.02093,0.01098,0.13591,0.19108,0,0.12277,0.02309,0,0.21765,0.28515,0.05186,"나이제역:남궁민,한소금역:권나라,선민식역:김병철,이재준역:최원영,이재인역:이다인,이재환역:박은석,복혜수역:이민영,오정희역:김정난,정의식역:장현성,모이라역:진희경,김상춘역:강신일,고영철역:이준혁,오철민역:박수영,김만철역:박성근,태춘호역:장준녕,신현상역:강홍석,현재민역:이용준,함길선역:이현균,나이현역:하영,한빛역:려운,최정우역:김대령,선민중역:정인겸,최동훈역:채동현,정민제역:남경읍,정세진역:배윤경,김영선역:우미화,장민석역:최덕문,김석우역:이주승,오민정역:김지은"
20200601,E채널,210345,213507,닥터프리즈너,,4회,전국,003122,드라마&영화,드라마,미니시리즈,0,0,0.46509,0,0.04629,0.01571,0.12794,0,0.29239,0,0,0.18336,0.14798,0.09059,"나이제역:남궁민,한소금역:권나라,선민식역:김병철,이재준역:최원영,이재인역:이다인,이재환역:박은석,복혜수역:이민영,오정희역:김정난,정의식역:장현성,모이라역:진희경,김상춘역:강신일,고영철역:이준혁,오철민역:박수영,김만철역:박성근,태춘호역:장준녕,신현상역:강홍석,현재민역:이용준,함길선역:이현균,나이현역:하영,한빛역:려운,최정우역:김대령,선민중역:정인겸,최동훈역:채동현,정민제역:남경읍,정세진역:배윤경,김영선역:우미화,장민석역:최덕문,김석우역:이주승,오민정역:김지은"
20200601,FX,040541,050524,야인시대,,93회,전국,005943,드라마&영화,드라마,주간연속극,0,0,0,0,0,0,0,0,0,0,0,0,0,0,"청년김두한역:안재모,소년김두한역:곽정욱,장년김두한역:김영철,장년정진영역:차광수,구마적역:이원종,쌍칼역:박준규,김무옥역:이혁재,문영철역:장세진,장년개코역:성동일,신마적역:최철호,하야시역:이창훈,가미소리역:이상인,시바루역:이세창,나미꼬역:이세은,시라소니역:조상구,최동열역:정동환,미와역:이재용,마루오까역:최재성,설향역:허영란,애란역:조여정,정운경역:심형탁,김좌진역:최동준,오숙근역:이덕희,박계숙역:전미선,원노인역:이순재,유진산역:이효정,이정재역:김영호,조병옥역:김학철,이화룡역:안승훈,청년개코역:이동훈,신영균역:윤용현,청년정진영역:김정민,김영태역:박영록,박인애역:정소영,이영숙역:이일화,김두한어린시절역:곽정욱"
20200601,FX,084721,093631,허준,,25회,전국,004910,드라마&영화,드라마,주간연속극,0,0.09471,0,0,0,0.00623,0.05083,0,0.00736,0,0,0.11818,0.00421,0.06041,"허준역:전광렬,유의태역:이순재,유도지역:김병세,예진역:황수정,임오근역:임현식,구일서역:이희도"
20200601,FX,095442,104727,허준,,26회,전국,005245,드라마&영화,드라마,주간연속극,0,0.00478,0.10026,0.16565,0.00788,0.08718,0.06227,0,0.00905,0,0.0085,0.01053,0.07875,0.05803,"허준역:전광렬,유의태역:이순재,유도지역:김병세,예진역:황수정,임오근역:임현식,구일서역:이희도"
20200601,FX,163917,174743,간택여인들의전쟁,,1회,전국,010826,드라마&영화,드라마,미니시리즈,0,0.03952,0.00488,0.0016,0.01066,0.01447,0.02233,0.01016,0,0.01009,0,0.0473,0.00929,0.06167,"강은보역:진세연,이경역:김민규,이재화역:도상우,조영지역:이열음,왈역:이시언,김송이역:이화겸,대왕대비역:정애리,대비역:조은숙,조흥견역:이재용,김만찬역:손병호,용호역:이주진"
20200601,FX,180449,190629,야인시대,,93회,전국,010140,드라마&영화,드라마,주간연속극,0,0,0.0265,0.01246,0,0.0181,0.0475,0,0,0.00181,0.01795,0.00586,0.13385,0.03159,"청년김두한역:안재모,소년김두한역:곽정욱,장년김두한역:김영철,장년정진영역:차광수,구마적역:이원종,쌍칼역:박준규,김무옥역:이혁재,문영철역:장세진,장년개코역:성동일,신마적역:최철호,하야시역:이창훈,가미소리역:이상인,시바루역:이세창,나미꼬역:이세은,시라소니역:조상구,최동열역:정동환,미와역:이재용,마루오까역:최재성,설향역:허영란,애란역:조여정,정운경역:심형탁,김좌진역:최동준,오숙근역:이덕희,박계숙역:전미선,원노인역:이순재,유진산역:이효정,이정재역:김영호,조병옥역:김학철,이화룡역:안승훈,청년개코역:이동훈,신영균역:윤용현,청년정진영역:김정민,김영태역:박영록,박인애역:정소영,이영숙역:이일화,김두한어린시절역:곽정욱"
20200601,FX,201506,212332,간택여인들의전쟁,,1회,전국,010826,드라마&영화,드라마,미니시리즈,0,0,0,0,0,0,0.00153,0,0,0,0,0,0.01125,0.00718,"강은보역:진세연,이경역:김민규,이재화역:도상우,조영지역:이열음,왈역:이시언,김송이역:이화겸,대왕대비역:정애리,대비역:조은숙,조흥견역:이재용,김만찬역:손병호,용호역:이주진"
20200601,FX,214008,225116,간택여인들의전쟁,,2회,전국,011108,드라마&영화,드라마,미니시리즈,0,0,0,0,0,0,0.00049,0,0,0,0.00325,0,0.00071,0.00057,"강은보역:진세연,이경역:김민규,이재화역:도상우,조영지역:이열음,왈역:이시언,김송이역:이화겸,대왕대비역:정애리,대비역:조은숙,조흥견역:이재용,김만찬역:손병호,용호역:이주진"
20200601,FX,242643,252822,야인시대,,93회,전국,010139,드라마&영화,드라마,주간연속극,0,0,0,0,0.00202,0,0.06443,0,0,0,0,0.00254,0.04905,0.03883,"청년김두한역:안재모,소년김두한역:곽정욱,장년김두한역:김영철,장년정진영역:차광수,구마적역:이원종,쌍칼역:박준규,김무옥역:이혁재,문영철역:장세진,장년개코역:성동일,신마적역:최철호,하야시역:이창훈,가미소리역:이상인,시바루역:이세창,나미꼬역:이세은,시라소니역:조상구,최동열역:정동환,미와역:이재용,마루오까역:최재성,설향역:허영란,애란역:조여정,정운경역:심형탁,김좌진역:최동준,오숙근역:이덕희,박계숙역:전미선,원노인역:이순재,유진산역:이효정,이정재역:김영호,조병옥역:김학철,이화룡역:안승훈,청년개코역:이동훈,신영균역:윤용현,청년정진영역:김정민,김영태역:박영록,박인애역:정소영,이영숙역:이일화,김두한어린시절역:곽정욱"
20200601,JTBC2,032858,043306,쌍갑포차,,3회,전국,010408,드라마&영화,드라마,미니시리즈,0,0,0,0.02059,0.13718,0.00191,0.11327,0,0,0,0,0.03074,0.03844,0.13151,"월주역:황정음,한강배역:육성재,귀반장역:최원영,염부장역:이준혁,강여린역:정다은,최진동역:안태환,송미란역:박하나,박대리역:박주형,김원형역:나인우"
20200601,JTBC2,044628,055033,쌍갑포차,,4회,전국,010405,드라마&영화,드라마,미니시리즈,0,0,0,0,0.01895,0,0.09453,0,0,0.00887,0,0.16969,0.00199,0.13845,"월주역:황정음,한강배역:육성재,귀반장역:최원영,염부장역:이준혁,강여린역:정다은,최진동역:안태환,송미란역:박하나,박대리역:박주형,김원형역:나인우"
20200601,JTBC2,060256,072827,부부의세계,,1회,전국,012531,드라마&영화,드라마,미니시리즈,0.08612,0,0.00465,0.00556,0.01887,0,0.04358,0,0,0,0,0,0.04003,0.22866,"지선우역:김희애,이태오역:박해준,여다경역:한소희,고예림역:박선영,손제혁역:김영민,설명숙역:채국희,여병규역:이경영,엄효정역:김선경,이준영역:전진서,민현서역:심은우,박인규역:이학주,마강석역:박충선,공지철역:정재성,김윤기역:이무생,하동식역:김종태,윤노을역:신수연,차해강역:정준원,최회장아내역:서이숙,공지철아내역:박미현,차도철아내역:윤인조"
20200601,JTBC2,074130,090547,부부의세계,,2회,전국,012417,드라마&영화,드라마,미니시리즈,0,0.13972,0,0.01086,0.06419,0.04332,0.02058,0,0.04118,0,0.0187,0.15088,0.10644,0.20175,"지선우역:김희애,이태오역:박해준,여다경역:한소희,고예림역:박선영,손제혁역:김영민,설명숙역:채국희,여병규역:이경영,엄효정역:김선경,이준영역:전진서,민현서역:심은우,박인규역:이학주,마강석역:박충선,공지철역:정재성,김윤기역:이무생,하동식역:김종태,윤노을역:신수연,차해강역:정준원,최회장아내역:서이숙,공지철아내역:박미현,차도철아내역:윤인조"
20200601,JTBC2,092159,102607,쌍갑포차,,3회,전국,010408,드라마&영화,드라마,미니시리즈,0.01228,0,0,0.00623,0.04679,0,0.04028,0,0,0.00836,0,0.2344,0.05827,0.02642,"월주역:황정음,한강배역:육성재,귀반장역:최원영,염부장역:이준혁,강여린역:정다은,최진동역:안태환,송미란역:박하나,박대리역:박주형,김원형역:나인우"
20200601,JTBC2,103644,114239,쌍갑포차,,4회,전국,010555,드라마&영화,드라마,미니시리즈,0,0.23738,0.15394,0.0642,0.14803,0.03115,0.14735,0,0.03502,0.00877,0.11516,0.19125,0.14313,0.2773,"월주역:황정음,한강배역:육성재,귀반장역:최원영,염부장역:이준혁,강여린역:정다은,최진동역:안태환,송미란역:박하나,박대리역:박주형,김원형역:나인우"
20200601,JTBC2,160534,170943,쌍갑포차,,3회,전국,010409,드라마&영화,드라마,미니시리즈,0,0.01354,0.10425,0.05915,0.03125,0.18611,0.02248,0,0.03475,0.00087,0.21551,0.28075,0.09195,0.13069,"월주역:황정음,한강배역:육성재,귀반장역:최원영,염부장역:이준혁,강여린역:정다은,최진동역:안태환,송미란역:박하나,박대리역:박주형,김원형역:나인우"
20200601,JTBC2,172309,182903,쌍갑포차,,4회,전국,010554,드라마&영화,드라마,미니시리즈,0.14137,0.00875,0.20174,0.02697,0.17968,0.35235,0.30802,0.02412,0.04899,0.32648,0.03003,0.52002,0.40565,0.09759,"월주역:황정음,한강배역:육성재,귀반장역:최원영,염부장역:이준혁,강여린역:정다은,최진동역:안태환,송미란역:박하나,박대리역:박주형,김원형역:나인우"
20200601,JTBC2,221351,231855,쌍갑포차,,3회,전국,010504,드라마&영화,드라마,미니시리즈,0,0.27571,0,0.10534,0.00377,0.22628,0.18109,0,0,0.01107,0.10335,0.02067,0.46238,0.17517,"월주역:황정음,한강배역:육성재,귀반장역:최원영,염부장역:이준혁,강여린역:정다은,최진동역:안태환,송미란역:박하나,박대리역:박주형,김원형역:나인우"
20200601,JTBC2,233121,244130,쌍갑포차,,4회,전국,011009,드라마&영화,드라마,미니시리즈,0,0.14095,0.03566,0.00554,0.02569,0.08201,0.01604,0,0.00663,0.18483,0.01632,0.25805,0.31847,0.00799,"월주역:황정음,한강배역:육성재,귀반장역:최원영,염부장역:이준혁,강여린역:정다은,최진동역:안태환,송미란역:박하나,박대리역:박주형,김원형역:나인우"
20200601,JTBC2,245525,255959,야식남녀,,3회,전국,010434,드라마&영화,드라마,미니시리즈,0,0,0,0.00727,0.00737,0,0.0182,0,0.02667,0,0.14433,0.06125,0.15422,0.01985,"박진성역:정일우,김아진역:강지영,강태완역:이학주,이상영역:김승수,차주희역:김수진,남규장역:양대혁,유성은역:공민정,노재수역:박성준,박진우역:최재현"
20200601,KBS DRAMA,044844,051642,기막힌유산,,29회,전국,002758,드라마&영화,드라마,일일연속극,0,0,0,0,0,0.00977,0,0,0,0,0.18403,0,0.08536,0.10698,"부영배역:박인환,공계옥역:강세정,부설악역:신정윤,부백두역:강신조,윤민주역:이아현,부금강역:남성진,신애리역:김가연,정미희역:박순천,김용미역:이응경,부한라역:박신우,성판금역:조양자,부가온역:김비주,부태희역:김연지,부혜교역:김효경,부지현역:강유라,공소영역:김난주,이장원역:이일준,김수민역:조서후,김종두역:이춘식,차정건역:조순창,이청아역:정서하,손보미역:박민지,김영지역:주민하,강선희역:박현정,천호식역:백신,이정태역:노상보,고향숙역:박소정"
20200601,KBS DRAMA,051649,054339,기막힌유산,,30회,전국,002650,드라마&영화,드라마,일일연속극,0,0,0.00548,0.12218,0.03277,0.05941,0.13692,0,0,0,0.38352,0.04699,0.22611,0.33519,"부영배역:박인환,공계옥역:강세정,부설악역:신정윤,부백두역:강신조,윤민주역:이아현,부금강역:남성진,신애리역:김가연,정미희역:박순천,김용미역:이응경,부한라역:박신우,성판금역:조양자,부가온역:김비주,부태희역:김연지,부혜교역:김효경,부지현역:강유라,공소영역:김난주,이장원역:이일준,김수민역:조서후,김종두역:이춘식,차정건역:조순창,이청아역:정서하,손보미역:박민지,김영지역:주민하,강선희역:박현정,천호식역:백신,이정태역:노상보,고향숙역:박소정"
20200601,KBS DRAMA,054739,062143,위험한약속,,39회,전국,003404,드라마&영화,드라마,일일연속극,0,0.15291,0,0.16751,0,0.18543,0.27876,0,0,0,0.26645,0.2408,0.10694,0.4546,"차은동역:박하나,강태인역:고세원,최준혁역:강성민,오혜원역:박영린,한지훈역:이창욱,차만종역:이대연,차은찬역:유준서,공영심역:유지연,봉석구역:현우섭,강일섭역:강신일,연두심역:이칸희,한광훈역:길용우,한서주역:김혜지,최명희역:김나운,고재숙역:윤복인,최영국역:송민형,민주란역:오영실,최준경역:이효나,이창욱역:김정운"
20200601,KBS DRAMA,062150,065536,위험한약속,,40회,전국,003346,드라마&영화,드라마,일일연속극,0,0.10117,0,0.38587,0,0.51529,0.7606,0,0.0291,0.00519,0.29901,0.51391,0.2721,0.90975,"차은동역:박하나,강태인역:고세원,최준혁역:강성민,오혜원역:박영린,한지훈역:이창욱,차만종역:이대연,차은찬역:유준서,공영심역:유지연,봉석구역:현우섭,강일섭역:강신일,연두심역:이칸희,한광훈역:길용우,한서주역:김혜지,최명희역:김나운,고재숙역:윤복인,최영국역:송민형,민주란역:오영실,최준경역:이효나,이창욱역:김정운"
20200601,KBS DRAMA,070638,074042,위험한약속,,41회,전국,003404,드라마&영화,드라마,일일연속극,0.02339,0,0.03584,0.13176,0,0.26178,0.74394,0,0,0.17659,0.36791,0.60474,0.30059,0.95567,"차은동역:박하나,강태인역:고세원,최준혁역:강성민,오혜원역:박영린,한지훈역:이창욱,차만종역:이대연,차은찬역:유준서,공영심역:유지연,봉석구역:현우섭,강일섭역:강신일,연두심역:이칸희,한광훈역:길용우,한서주역:김혜지,최명희역:김나운,고재숙역:윤복인,최영국역:송민형,민주란역:오영실,최준경역:이효나,이창욱역:김정운"
20200601,KBS DRAMA,074049,081448,위험한약속,,42회,전국,003359,드라마&영화,드라마,일일연속극,0.02447,0,0.10914,0.24163,0,0.53047,0.96715,0,0,0.26363,0.38958,0.50564,0.59979,1.13312,"차은동역:박하나,강태인역:고세원,최준혁역:강성민,오혜원역:박영린,한지훈역:이창욱,차만종역:이대연,차은찬역:유준서,공영심역:유지연,봉석구역:현우섭,강일섭역:강신일,연두심역:이칸희,한광훈역:길용우,한서주역:김혜지,최명희역:김나운,고재숙역:윤복인,최영국역:송민형,민주란역:오영실,최준경역:이효나,이창욱역:김정운"
20200601,KBS DRAMA,081455,084850,위험한약속,,43회,전국,003355,드라마&영화,드라마,일일연속극,0,0.21898,0.02519,0.2438,0,0.21908,1.324,0.07606,0,0.21444,0.55952,0.27682,0.88035,0.87341,"차은동역:박하나,강태인역:고세원,최준혁역:강성민,오혜원역:박영린,한지훈역:이창욱,차만종역:이대연,차은찬역:유준서,공영심역:유지연,봉석구역:현우섭,강일섭역:강신일,연두심역:이칸희,한광훈역:길용우,한서주역:김혜지,최명희역:김나운,고재숙역:윤복인,최영국역:송민형,민주란역:오영실,최준경역:이효나,이창욱역:김정운"
20200601,KBS DRAMA,090245,093856,한번다녀왔습니다,,37회,전국,003611,드라마&영화,드라마,주말연속극,0,0,0.09833,0.00657,0.1186,0.35175,0.22059,0.11755,0,0.10792,0.11238,0.22271,0.33193,0.33386,"송영달역:천호진,장옥분역:차화연,최윤정역:김보연,강초연역:이정은,송나희역:이민정,윤규진역:이상엽,송준선역:오대환,송가희역:오윤아,송다희역:이초희,양치수역:안길강,장옥자역:백지원,성현경역:임정은,윤재석역:이상이,박효신역:기도훈,김지훈역:문우진,이주리역:김소라,김가연역:송다은,건어물역:신미영,꽈배기역:김가영,송서영역:이가연,송서진역:안서연,이정록역:알렉스,유보영역:손성윤,유시후역:송민재,박지연역:신수정,한기영역:강유석,홍성우역:김현목,신혜정역:김미은,심정희역:이상경,오연지역:한봄,오정봉역:오의식,이종수역:장원혁,김승현역:배호근,송이역:김주영,지원역:찬희,이현역:이필모"
20200601,KBS DRAMA,094007,101303,한번다녀왔습니다,,38회,전국,003256,드라마&영화,드라마,주말연속극,0,0.20131,0,0.23636,0.27885,0.9008,0.2999,0.11755,0.14125,0,0.46826,1.02047,0.42116,0.52373,"송영달역:천호진,장옥분역:차화연,최윤정역:김보연,강초연역:이정은,송나희역:이민정,윤규진역:이상엽,송준선역:오대환,송가희역:오윤아,송다희역:이초희,양치수역:안길강,장옥자역:백지원,성현경역:임정은,윤재석역:이상이,박효신역:기도훈,김지훈역:문우진,이주리역:김소라,김가연역:송다은,건어물역:신미영,꽈배기역:김가영,송서영역:이가연,송서진역:안서연,이정록역:알렉스,유보영역:손성윤,유시후역:송민재,박지연역:신수정,한기영역:강유석,홍성우역:김현목,신혜정역:김미은,심정희역:이상경,오연지역:한봄,오정봉역:오의식,이종수역:장원혁,김승현역:배호근,송이역:김주영,지원역:찬희,이현역:이필모"
20200601,KBS DRAMA,102708,110259,한번다녀왔습니다,,39회,전국,003551,드라마&영화,드라마,주말연속극,0.04366,0.27279,0.27951,0.25545,0.29264,0.76873,0.33275,0.11755,0.18208,0,0.56846,0.871,0.6508,0.34959,"송영달역:천호진,장옥분역:차화연,최윤정역:김보연,강초연역:이정은,송나희역:이민정,윤규진역:이상엽,송준선역:오대환,송가희역:오윤아,송다희역:이초희,양치수역:안길강,장옥자역:백지원,성현경역:임정은,윤재석역:이상이,박효신역:기도훈,김지훈역:문우진,이주리역:김소라,김가연역:송다은,건어물역:신미영,꽈배기역:김가영,송서영역:이가연,송서진역:안서연,이정록역:알렉스,유보영역:손성윤,유시후역:송민재,박지연역:신수정,한기영역:강유석,홍성우역:김현목,신혜정역:김미은,심정희역:이상경,오연지역:한봄,오정봉역:오의식,이종수역:장원혁,김승현역:배호근,송이역:김주영,지원역:찬희,이현역:이필모"
20200601,KBS DRAMA,110410,113734,한번다녀왔습니다,,40회,전국,003324,드라마&영화,드라마,주말연속극,0,0.6535,0.29982,0.31736,0.27275,1.01976,0.57144,0.11755,0.20742,0.00529,0.6317,1.19628,0.60955,0.49511,"송영달역:천호진,장옥분역:차화연,최윤정역:김보연,강초연역:이정은,송나희역:이민정,윤규진역:이상엽,송준선역:오대환,송가희역:오윤아,송다희역:이초희,양치수역:안길강,장옥자역:백지원,성현경역:임정은,윤재석역:이상이,박효신역:기도훈,김지훈역:문우진,이주리역:김소라,김가연역:송다은,건어물역:신미영,꽈배기역:김가영,송서영역:이가연,송서진역:안서연,이정록역:알렉스,유보영역:손성윤,유시후역:송민재,박지연역:신수정,한기영역:강유석,홍성우역:김현목,신혜정역:김미은,심정희역:이상경,오연지역:한봄,오정봉역:오의식,이종수역:장원혁,김승현역:배호근,송이역:김주영,지원역:찬희,이현역:이필모"
20200601,KBS DRAMA,163055,170709,한번다녀왔습니다,,37회,전국,003614,드라마&영화,드라마,주말연속극,0,0.51508,0.18604,0.18458,0.15449,0.4924,0.51953,0,0.28233,0.12207,0.45224,0.44508,0.96385,0.66527,"송영달역:천호진,장옥분역:차화연,최윤정역:김보연,강초연역:이정은,송나희역:이민정,윤규진역:이상엽,송준선역:오대환,송가희역:오윤아,송다희역:이초희,양치수역:안길강,장옥자역:백지원,성현경역:임정은,윤재석역:이상이,박효신역:기도훈,김지훈역:문우진,이주리역:김소라,김가연역:송다은,건어물역:신미영,꽈배기역:김가영,송서영역:이가연,송서진역:안서연,이정록역:알렉스,유보영역:손성윤,유시후역:송민재,박지연역:신수정,한기영역:강유석,홍성우역:김현목,신혜정역:김미은,심정희역:이상경,오연지역:한봄,오정봉역:오의식,이종수역:장원혁,김승현역:배호근,송이역:김주영,지원역:찬희,이현역:이필모"
20200601,KBS DRAMA,170818,174115,한번다녀왔습니다,,38회,전국,003257,드라마&영화,드라마,주말연속극,0,0.5298,0.334,0.13458,0.14934,0.5076,0.63492,0,0.18208,0.13297,0.00273,0.58679,0.88077,0.83761,"송영달역:천호진,장옥분역:차화연,최윤정역:김보연,강초연역:이정은,송나희역:이민정,윤규진역:이상엽,송준선역:오대환,송가희역:오윤아,송다희역:이초희,양치수역:안길강,장옥자역:백지원,성현경역:임정은,윤재석역:이상이,박효신역:기도훈,김지훈역:문우진,이주리역:김소라,김가연역:송다은,건어물역:신미영,꽈배기역:김가영,송서영역:이가연,송서진역:안서연,이정록역:알렉스,유보영역:손성윤,유시후역:송민재,박지연역:신수정,한기영역:강유석,홍성우역:김현목,신혜정역:김미은,심정희역:이상경,오연지역:한봄,오정봉역:오의식,이종수역:장원혁,김승현역:배호근,송이역:김주영,지원역:찬희,이현역:이필모"
20200601,KBS DRAMA,175528,183122,한번다녀왔습니다,,39회,전국,003554,드라마&영화,드라마,주말연속극,0.78593,0.65276,0.45138,0.14771,0.11615,0.51308,0.82102,0,0.18208,0.13297,0.33692,0.54886,0.94949,0.68747,"송영달역:천호진,장옥분역:차화연,최윤정역:김보연,강초연역:이정은,송나희역:이민정,윤규진역:이상엽,송준선역:오대환,송가희역:오윤아,송다희역:이초희,양치수역:안길강,장옥자역:백지원,성현경역:임정은,윤재석역:이상이,박효신역:기도훈,김지훈역:문우진,이주리역:김소라,김가연역:송다은,건어물역:신미영,꽈배기역:김가영,송서영역:이가연,송서진역:안서연,이정록역:알렉스,유보영역:손성윤,유시후역:송민재,박지연역:신수정,한기영역:강유석,홍성우역:김현목,신혜정역:김미은,심정희역:이상경,오연지역:한봄,오정봉역:오의식,이종수역:장원혁,김승현역:배호근,송이역:김주영,지원역:찬희,이현역:이필모"
20200601,KBS DRAMA,183231,190556,한번다녀왔습니다,,40회,전국,003325,드라마&영화,드라마,주말연속극,0.47632,0.81864,0.32921,0.18214,0.15296,0.54935,0.89077,0,0.11905,0.39347,0.69778,0.73729,1.36334,0.83336,"송영달역:천호진,장옥분역:차화연,최윤정역:김보연,강초연역:이정은,송나희역:이민정,윤규진역:이상엽,송준선역:오대환,송가희역:오윤아,송다희역:이초희,양치수역:안길강,장옥자역:백지원,성현경역:임정은,윤재석역:이상이,박효신역:기도훈,김지훈역:문우진,이주리역:김소라,김가연역:송다은,건어물역:신미영,꽈배기역:김가영,송서영역:이가연,송서진역:안서연,이정록역:알렉스,유보영역:손성윤,유시후역:송민재,박지연역:신수정,한기영역:강유석,홍성우역:김현목,신혜정역:김미은,심정희역:이상경,오연지역:한봄,오정봉역:오의식,이종수역:장원혁,김승현역:배호근,송이역:김주영,지원역:찬희,이현역:이필모"
20200601,KBS DRAMA,244358,251703,본어게인,,25회,전국,003305,드라마&영화,드라마,미니시리즈,0.01277,0,0,0.01208,0.11425,0.16726,0.17826,0.00777,0,0.0061,0.23697,0.09043,0.09867,0.23872,"공지철역:장기용,천종범역:장기용,정하은역:진세연,정사빈역:진세연,차형빈역:이수혁,김수혁역:이수혁,장혜미역:김정난,천석태역:최광일,주인도역:장원영,백상아역:이서엘,서태하역:최대철,서영역:한해림,제이역:차민지,공인우역:정인겸,장혜미역:위지연,천석태역:조덕회"
20200601,KBS DRAMA,251812,254941,본어게인,,26회,전국,003129,드라마&영화,드라마,미니시리즈,0,0.01805,0,0.00739,0.22197,0.21328,0.09986,0,0.01805,0,0.37675,0.18764,0.06503,0.23223,"공지철역:장기용,천종범역:장기용,정하은역:진세연,정사빈역:진세연,차형빈역:이수혁,김수혁역:이수혁,장혜미역:김정난,천석태역:최광일,주인도역:장원영,백상아역:이서엘,서태하역:최대철,서영역:한해림,제이역:차민지,공인우역:정인겸,장혜미역:위지연,천석태역:조덕회"
20200601,KBS W,020009,025014,젊은이의양지,,31회,전국,005005,드라마&영화,드라마,주말연속극,0,0,0,0.00622,0.05813,0,0.00237,0,0.00451,0.00553,0.0081,0.01735,0,0.00332,"저자서,출판하북스2020.11.04.,e북900원판매처 4건,저자시어도어드라이저,출판일신서적출판사1995.06.01.,도서10,800원판매처 5건,저자시어도어드라이저,출판일신서적출판사1995.06.01.,리뷰1건,도서10,800원판매처 2건,저자시어도어드라이저,출판범우사1989.02.01.,저자시어도어드라이저,출판범우사1989.02.01.,저자시어도어드라이저,출판숨은책1995.10.01.,리뷰1건"
20200601,KBS W,030304,035416,젊은이의양지,,32회,전국,005112,드라마&영화,드라마,주말연속극,0,0.10358,0.04836,0.00927,0.00586,0.03597,0,0,0.15687,0,0,0.00511,0.0132,0.01983,"저자서,출판하북스2020.11.04.,e북900원판매처 4건,저자시어도어드라이저,출판일신서적출판사1995.06.01.,도서10,800원판매처 5건,저자시어도어드라이저,출판일신서적출판사1995.06.01.,리뷰1건,도서10,800원판매처 2건,저자시어도어드라이저,출판범우사1989.02.01.,저자시어도어드라이저,출판범우사1989.02.01.,저자시어도어드라이저,출판숨은책1995.10.01.,리뷰1건"
20200601,KBS W,060038,063311,뻐꾸기둥지,,57회,전국,003233,드라마&영화,드라마,일일연속극,0.03133,0,0.00403,0,0.00751,0.01559,0,0,0,0,0,0.00766,0.00627,0,"백연희역:장서희,정병국역:황동주,이화영역:이채영,유성빈역:김경남,백철역:임채무,홍금옥역:엄유신,백준희역:손승우,정진우역:정지훈,이명운역:현우성,곽희자역:서권순,정진숙역:지수원,정유미역:김민좌,오기섭역:이정훈,배추자역:박준금,배찬식역:전노민,이공희역:한경선,이소라역:전민서,최상두역:이창욱,직원역:이하나,이동현역:정민진,소진역:김리원,순남역:허인영,이상순역:이숙,사기꾼역:지상렬,이소라어린시절역:박지소"
20200601,KBS W,063320,070751,뻐꾸기둥지,,58회,전국,003431,드라마&영화,드라마,일일연속극,0,0,0.00369,0,0.02388,0.01425,0,0,0,0,0,0.03577,0.00574,0.0033,"백연희역:장서희,정병국역:황동주,이화영역:이채영,유성빈역:김경남,백철역:임채무,홍금옥역:엄유신,백준희역:손승우,정진우역:정지훈,이명운역:현우성,곽희자역:서권순,정진숙역:지수원,정유미역:김민좌,오기섭역:이정훈,배추자역:박준금,배찬식역:전노민,이공희역:한경선,이소라역:전민서,최상두역:이창욱,직원역:이하나,이동현역:정민진,소진역:김리원,순남역:허인영,이상순역:이숙,사기꾼역:지상렬,이소라어린시절역:박지소"
20200601,KBS W,071851,075253,뻐꾸기둥지,,59회,전국,003402,드라마&영화,드라마,일일연속극,0.01224,0,0,0,0.00268,0.00732,0,0,0.01767,0.00231,0,0.0084,0.0082,0,"백연희역:장서희,정병국역:황동주,이화영역:이채영,유성빈역:김경남,백철역:임채무,홍금옥역:엄유신,백준희역:손승우,정진우역:정지훈,이명운역:현우성,곽희자역:서권순,정진숙역:지수원,정유미역:김민좌,오기섭역:이정훈,배추자역:박준금,배찬식역:전노민,이공희역:한경선,이소라역:전민서,최상두역:이창욱,직원역:이하나,이동현역:정민진,소진역:김리원,순남역:허인영,이상순역:이숙,사기꾼역:지상렬,이소라어린시절역:박지소"
20200601,KBS W,075302,082707,뻐꾸기둥지,,60회,전국,003405,드라마&영화,드라마,일일연속극,0,0,0,0.02194,0,0,0,0,0,0,0,0.02497,0,0,"백연희역:장서희,정병국역:황동주,이화영역:이채영,유성빈역:김경남,백철역:임채무,홍금옥역:엄유신,백준희역:손승우,정진우역:정지훈,이명운역:현우성,곽희자역:서권순,정진숙역:지수원,정유미역:김민좌,오기섭역:이정훈,배추자역:박준금,배찬식역:전노민,이공희역:한경선,이소라역:전민서,최상두역:이창욱,직원역:이하나,이동현역:정민진,소진역:김리원,순남역:허인영,이상순역:이숙,사기꾼역:지상렬,이소라어린시절역:박지소"
20200601,KBS W,095505,105318,부부클리닉사랑과전쟁,,384회,전국,005813,드라마&영화,드라마,단막극,0,0,0,0,0.19457,0.17139,0.01522,0,0,0.00775,0,0,0.00223,0.07466,"이재만,민지영,최영완,이정수,장가현,손유경,이준우"
20200601,KBS W,110414,120259,부부클리닉사랑과전쟁,,385회,전국,005845,드라마&영화,드라마,단막극,0,0,0.17357,0,0.00708,0.07033,0.0347,0,0,0,0.0707,0.01275,0.04865,0.12464,"이재만,민지영,최영완,이정수,장가현,손유경,이준우"
20200601,KBS W,121556,132401,월계수양복점신사들,,47회,전국,010805,드라마&영화,드라마,주말연속극,0,0,0,0,0,0.00894,0.02798,0,0,0,0.00953,0.03642,0,0.08372,"이동진역:이동건,나연실역:조윤희,배삼도역:차인표,이동숙역:오현경,복선녀역:라미란,성태평역:최원영,이만술역:신구,최곡지역:김영애,강태양역:현우,홍기표역:지승현,기표모역:정경순,금촌댁역:이정은,김다정역:표예진,고은숙역:박준금,민효주역:구재이,민효원역:이세영,민효상역:박은석,최지연역:차주영,오영은역:최지나,배삼도어린시절역:차연우,유명모델역:레이양,타로점술사역:최현우,이연희역:최송현"
20200601,KBS W,133456,144052,월계수양복점신사들,,48회,전국,010556,드라마&영화,드라마,주말연속극,0,0,0.03615,0,0,0.01782,0,0,0,0,0,0.07679,0.11305,0.15394,"이동진역:이동건,나연실역:조윤희,배삼도역:차인표,이동숙역:오현경,복선녀역:라미란,성태평역:최원영,이만술역:신구,최곡지역:김영애,강태양역:현우,홍기표역:지승현,기표모역:정경순,금촌댁역:이정은,김다정역:표예진,고은숙역:박준금,민효주역:구재이,민효원역:이세영,민효상역:박은석,최지연역:차주영,오영은역:최지나,배삼도어린시절역:차연우,유명모델역:레이양,타로점술사역:최현우,이연희역:최송현"
20200601,KBS W,145348,152112,기막힌유산,,27회,전국,002724,드라마&영화,드라마,일일연속극,0.07731,0,0,0,0,0,0.00957,0,0,0,0,0,0,0.02711,"부영배역:박인환,공계옥역:강세정,부설악역:신정윤,부백두역:강신조,윤민주역:이아현,부금강역:남성진,신애리역:김가연,정미희역:박순천,김용미역:이응경,부한라역:박신우,성판금역:조양자,부가온역:김비주,부태희역:김연지,부혜교역:김효경,부지현역:강유라,공소영역:김난주,이장원역:이일준,김수민역:조서후,김종두역:이춘식,차정건역:조순창,이청아역:정서하,손보미역:박민지,김영지역:주민하,강선희역:박현정,천호식역:백신,이정태역:노상보,고향숙역:박소정"
20200601,KBS W,152121,154912,기막힌유산,,28회,전국,002751,드라마&영화,드라마,일일연속극,0,0,0,0,0,0,0,0,0,0,0,0,0,0.07517,"부영배역:박인환,공계옥역:강세정,부설악역:신정윤,부백두역:강신조,윤민주역:이아현,부금강역:남성진,신애리역:김가연,정미희역:박순천,김용미역:이응경,부한라역:박신우,성판금역:조양자,부가온역:김비주,부태희역:김연지,부혜교역:김효경,부지현역:강유라,공소영역:김난주,이장원역:이일준,김수민역:조서후,김종두역:이춘식,차정건역:조순창,이청아역:정서하,손보미역:박민지,김영지역:주민하,강선희역:박현정,천호식역:백신,이정태역:노상보,고향숙역:박소정"
20200601,KBS W,160010,162807,기막힌유산,,29회,전국,002757,드라마&영화,드라마,일일연속극,0,0,0,0,0,0,0.02625,0,0,0,0,0,0,0.17084,"부영배역:박인환,공계옥역:강세정,부설악역:신정윤,부백두역:강신조,윤민주역:이아현,부금강역:남성진,신애리역:김가연,정미희역:박순천,김용미역:이응경,부한라역:박신우,성판금역:조양자,부가온역:김비주,부태희역:김연지,부혜교역:김효경,부지현역:강유라,공소영역:김난주,이장원역:이일준,김수민역:조서후,김종두역:이춘식,차정건역:조순창,이청아역:정서하,손보미역:박민지,김영지역:주민하,강선희역:박현정,천호식역:백신,이정태역:노상보,고향숙역:박소정"
20200601,KBS W,162816,165503,기막힌유산,,30회,전국,002647,드라마&영화,드라마,일일연속극,0,0,0.01563,0.00502,0,0.06011,0.04843,0,0,0,0,0.06071,0.07365,0.39837,"부영배역:박인환,공계옥역:강세정,부설악역:신정윤,부백두역:강신조,윤민주역:이아현,부금강역:남성진,신애리역:김가연,정미희역:박순천,김용미역:이응경,부한라역:박신우,성판금역:조양자,부가온역:김비주,부태희역:김연지,부혜교역:김효경,부지현역:강유라,공소영역:김난주,이장원역:이일준,김수민역:조서후,김종두역:이춘식,차정건역:조순창,이청아역:정서하,손보미역:박민지,김영지역:주민하,강선희역:박현정,천호식역:백신,이정태역:노상보,고향숙역:박소정"
20200601,KBS W,170625,174021,위험한약속,,40회,전국,003356,드라마&영화,드라마,일일연속극,0.04423,0.03178,0,0.01728,0.01156,0.00921,0.03594,0.04601,0,0,0.0178,0.0075,0.01571,0.05643,"차은동역:박하나,강태인역:고세원,최준혁역:강성민,오혜원역:박영린,한지훈역:이창욱,차만종역:이대연,차은찬역:유준서,공영심역:유지연,봉석구역:현우섭,강일섭역:강신일,연두심역:이칸희,한광훈역:길용우,한서주역:김혜지,최명희역:김나운,고재숙역:윤복인,최영국역:송민형,민주란역:오영실,최준경역:이효나,이창욱역:김정운"
20200601,KBS W,174030,181425,위험한약속,,41회,전국,003355,드라마&영화,드라마,일일연속극,0,0,0,0.00787,0.01986,0.0059,0.03864,0.07901,0,0.0061,0.02073,0.00342,0.00523,0.13746,"차은동역:박하나,강태인역:고세원,최준혁역:강성민,오혜원역:박영린,한지훈역:이창욱,차만종역:이대연,차은찬역:유준서,공영심역:유지연,봉석구역:현우섭,강일섭역:강신일,연두심역:이칸희,한광훈역:길용우,한서주역:김혜지,최명희역:김나운,고재숙역:윤복인,최영국역:송민형,민주란역:오영실,최준경역:이효나,이창욱역:김정운"
20200601,KBS W,182521,185929,위험한약속,,42회,전국,003408,드라마&영화,드라마,일일연속극,0,0.10869,0,0,0.01751,0,0.00517,0,0.0247,0,0,0.02231,0.00346,0.17822,"차은동역:박하나,강태인역:고세원,최준혁역:강성민,오혜원역:박영린,한지훈역:이창욱,차만종역:이대연,차은찬역:유준서,공영심역:유지연,봉석구역:현우섭,강일섭역:강신일,연두심역:이칸희,한광훈역:길용우,한서주역:김혜지,최명희역:김나운,고재숙역:윤복인,최영국역:송민형,민주란역:오영실,최준경역:이효나,이창욱역:김정운"
20200601,KBS W,185938,193332,위험한약속,,43회,전국,003354,드라마&영화,드라마,일일연속극,0,0.01479,0.1178,0.12642,0.01388,0.18641,0.04604,0,0.01448,0.07633,0.01216,0.01122,0.15184,0.17311,"차은동역:박하나,강태인역:고세원,최준혁역:강성민,오혜원역:박영린,한지훈역:이창욱,차만종역:이대연,차은찬역:유준서,공영심역:유지연,봉석구역:현우섭,강일섭역:강신일,연두심역:이칸희,한광훈역:길용우,한서주역:김혜지,최명희역:김나운,고재숙역:윤복인,최영국역:송민형,민주란역:오영실,최준경역:이효나,이창욱역:김정운"
20200601,KBS W,222221,232128,부부클리닉사랑과전쟁2,,111회,전국,005907,드라마&영화,드라마,단막극,0.48112,0.32895,0,0.07991,0.03213,0.0393,0.07966,0,0,0.07002,0.23468,0,0.03894,0.06806,"이재만,민지영,최영완,이정수,장가현,손유경,이준우"
20200601,KBS W,233218,243443,부부클리닉사랑과전쟁2,,112회,전국,010225,드라마&영화,드라마,단막극,0.18504,0,0,0.00494,0.02284,0.01198,0.00134,0.17812,0,0.26835,0.00643,0.25074,0.00329,0.03301,"이재만,민지영,최영완,이정수,장가현,손유경,이준우"
20200601,KBS W,244738,251434,기막힌유산,,30회,전국,002656,드라마&영화,드라마,일일연속극,0,0,0,0,0,0.0115,0.00164,0,0,0.02123,0.01013,0.02004,0.00092,0.04575,"부영배역:박인환,공계옥역:강세정,부설악역:신정윤,부백두역:강신조,윤민주역:이아현,부금강역:남성진,신애리역:김가연,정미희역:박순천,김용미역:이응경,부한라역:박신우,성판금역:조양자,부가온역:김비주,부태희역:김연지,부혜교역:김효경,부지현역:강유라,공소영역:김난주,이장원역:이일준,김수민역:조서후,김종두역:이춘식,차정건역:조순창,이청아역:정서하,손보미역:박민지,김영지역:주민하,강선희역:박현정,천호식역:백신,이정태역:노상보,고향숙역:박소정"
20200601,KBS W,251443,254222,기막힌유산,,31회,전국,002739,드라마&영화,드라마,일일연속극,0,0,0,0.00768,0,0,0.11459,0,0,0,0.01,0,0,0.12062,"부영배역:박인환,공계옥역:강세정,부설악역:신정윤,부백두역:강신조,윤민주역:이아현,부금강역:남성진,신애리역:김가연,정미희역:박순천,김용미역:이응경,부한라역:박신우,성판금역:조양자,부가온역:김비주,부태희역:김연지,부혜교역:김효경,부지현역:강유라,공소영역:김난주,이장원역:이일준,김수민역:조서후,김종두역:이춘식,차정건역:조순창,이청아역:정서하,손보미역:박민지,김영지역:주민하,강선희역:박현정,천호식역:백신,이정태역:노상보,고향숙역:박소정"
20200601,KBS W,255342,255959,위험한약속,,42회,전국,000617,드라마&영화,드라마,일일연속극,0,0,0.13184,0,0,0,0.11831,0,0,0,0,0,0.04404,0.121,"차은동역:박하나,강태인역:고세원,최준혁역:강성민,오혜원역:박영린,한지훈역:이창욱,차만종역:이대연,차은찬역:유준서,공영심역:유지연,봉석구역:현우섭,강일섭역:강신일,연두심역:이칸희,한광훈역:길용우,한서주역:김혜지,최명희역:김나운,고재숙역:윤복인,최영국역:송민형,민주란역:오영실,최준경역:이효나,이창욱역:김정운"
20200601,K-STAR,121655,132535,부부클리닉사랑과전쟁,,458회,전국,010840,드라마&영화,드라마,주간연속극,0,0,0,0.02422,0.00305,0.0052,0.05926,0,0,0,0.04152,0.01555,0.10272,0.17977,"이재만,민지영,최영완,이정수,장가현,손유경,이준우"
20200601,K-STAR,154409,171153,부부의세계,,1회,전국,012744,드라마&영화,드라마,미니시리즈,0,0,0.01592,0.04312,0.09046,0.0117,0.25875,0,0.04778,0,0.03838,0.00362,0.2512,0.2819,"지선우역:김희애,이태오역:박해준,여다경역:한소희,고예림역:박선영,손제혁역:김영민,설명숙역:채국희,여병규역:이경영,엄효정역:김선경,이준영역:전진서,민현서역:심은우,박인규역:이학주,마강석역:박충선,공지철역:정재성,김윤기역:이무생,하동식역:김종태,윤노을역:신수연,차해강역:정준원,최회장아내역:서이숙,공지철아내역:박미현,차도철아내역:윤인조"
20200601,K-STAR,193202,204042,부부클리닉사랑과전쟁,,458회,전국,010840,드라마&영화,드라마,주간연속극,0,0,0.20216,0,0,0.03812,0.03361,0,0,0.17246,0.0024,0.01607,0.18441,0.01205,"이재만,민지영,최영완,이정수,장가현,손유경,이준우"
20200601,K-STAR,205555,222339,부부의세계,,1회,전국,012744,드라마&영화,드라마,미니시리즈,0,0.00627,0.00622,0,0,0.03569,0.25179,0,0.01978,0.00151,0,0.08784,0.07456,0.12896,"지선우역:김희애,이태오역:박해준,여다경역:한소희,고예림역:박선영,손제혁역:김영민,설명숙역:채국희,여병규역:이경영,엄효정역:김선경,이준영역:전진서,민현서역:심은우,박인규역:이학주,마강석역:박충선,공지철역:정재성,김윤기역:이무생,하동식역:김종태,윤노을역:신수연,차해강역:정준원,최회장아내역:서이숙,공지철아내역:박미현,차도철아내역:윤인조"
20200601,KTV,061114,065958,전원일기,,764회,전국,004844,드라마&영화,드라마,주말연속극,0,0,0,0,0,0,0.0653,0,0,0.00832,0.01103,0,0,0.06649,"최불암,김혜자,김용건,김수미,고두심,유인촌,정대홍"
20200601,KTV,210433,213144,파랑새는있다,<1부>,14회,전국,002711,드라마&영화,드라마,주간연속극,0,0,0.02344,0.01751,0,0.05595,0.10256,0,0,0.03019,0.02906,0,0.00277,0.11015,"이상인,정선경,백윤식,송경철,박남현,한진희,동방우,양금석"
20200601,KTV,213238,215500,파랑새는있다,<2부>,14회,전국,002222,드라마&영화,드라마,주간연속극,0,0,0,0,0,0.02402,0.27081,0,0,0.20376,0,0,0.03688,0.37942,"이상인,정선경,백윤식,송경철,박남현,한진희,동방우,양금석"
20200601,KTV,215645,221608,전원일기,<1부>,388회,전국,001923,드라마&영화,드라마,주말연속극,0,0,0.50872,0,0,0.25145,0.13911,0,0.0575,0.20376,0,0.06806,0.37509,0.35128,"최불암,김혜자,김용건,김수미,고두심,유인촌,정대홍"
20200601,KTV,221706,224026,전원일기,<2부>,388회,전국,002320,드라마&영화,드라마,주말연속극,0,0,0.64119,0,0,0.30933,0.1459,0,0.10291,0.12403,0,0.12182,0.32659,0.33251,"최불암,김혜자,김용건,김수미,고두심,유인촌,정대홍"
20200601,KTV,224232,231026,바람은불어도,,109회,전국,002754,드라마&영화,드라마,주간연속극,0,0,0.19534,0,0.00437,0.07023,0.04505,0,0,0.19622,0,0.00552,0.03623,0.23013,"최수종,유호정,윤손하,송나영,송기윤,나문희"
20200601,KTV,231106,233947,바람은불어도,,110회,전국,002841,드라마&영화,드라마,주간연속극,0,0,0.13822,0,0,0.0497,0.15696,0,0,0.06324,0,0,0.01633,0.38915,"최수종,유호정,윤손하,송나영,송기윤,나문희"
20200601,KTV,242846,251812,파랑새는있다,,14회,전국,004926,드라마&영화,드라마,주간연속극,0,0,0,0,0,0,0.01139,0,0,0.12475,0,0,0,0.16476,"이상인,정선경,백윤식,송경철,박남현,한진희,동방우,양금석"
20200601,KTV,255029,255959,전원일기,,388회,전국,000930,드라마&영화,드라마,주말연속극,0,0,0,0,0,0,0,0,0,0.20376,0,0,0,0.07429,"최불암,김혜자,김용건,김수미,고두심,유인촌,정대홍"
20200601,MBC M,100041,110416,그녀는예뻤다,,1회,전국,010335,드라마&영화,드라마,미니시리즈,0,0,0,0,0,0,0,0,0,0,0,0,0,0,"김혜진역:황정음,지성준역:박서준,민하리역:고준희,김신혁역:시원,차혜정역:윤유선,나지선역:서정연,민용길역:이병준,김혜린역:정다빈,김중섭역:박충선,한정혜역:이일화,김라라역:황석정,김풍호역:안세하,차주영역:신동미,김준우역:박유환,주아름역:신주연,한설역:신혜선,선민역:차정원,이경역:배민정,은영역:임세주,부중만역:김하균,이슬비역:진혜원,광희역:조창근,발등남역:임강성,마트직원역:안상태,김혜진어린시절역:정다빈,지성준어린시절역:양한열"
20200601,MBC M,111052,121552,그녀는예뻤다,,2회,전국,010500,드라마&영화,드라마,미니시리즈,0,0,0,0,0.00315,0,0,0,0,0.00684,0,0.00423,0,0,"김혜진역:황정음,지성준역:박서준,민하리역:고준희,김신혁역:시원,차혜정역:윤유선,나지선역:서정연,민용길역:이병준,김혜린역:정다빈,김중섭역:박충선,한정혜역:이일화,김라라역:황석정,김풍호역:안세하,차주영역:신동미,김준우역:박유환,주아름역:신주연,한설역:신혜선,선민역:차정원,이경역:배민정,은영역:임세주,부중만역:김하균,이슬비역:진혜원,광희역:조창근,발등남역:임강성,마트직원역:안상태,김혜진어린시절역:정다빈,지성준어린시절역:양한열"
20200601,O tvN,020000,022024,이번생은처음이라,,4회,전국,002024,드라마&영화,드라마,미니시리즈,0,0,0,0.03364,0,0.15716,0.00323,0,0,0.26033,0.04379,0,0,0.11475,"남세희역:이민기,윤지호역:정소민,우수지역:이솜,양호랑역:김가은,마상구역:박병은,심원석역:김민석,조명자역:문희경,윤종수역:김병옥,김현자역:김선영,윤지석역:노종현,이은솔역:전혜원,연복남역:김민규,윤보미역:윤보미,오스카역:윤두준,수희역:윤소희,고정민역:이청아"
20200601,O tvN,022800,033109,이번생은처음이라,,5회,전국,010309,드라마&영화,드라마,미니시리즈,0,0,0,0,0,0.00499,0,0,0,0.00826,0,0,0,0.01328,"남세희역:이민기,윤지호역:정소민,우수지역:이솜,양호랑역:김가은,마상구역:박병은,심원석역:김민석,조명자역:문희경,윤종수역:김병옥,김현자역:김선영,윤지석역:노종현,이은솔역:전혜원,연복남역:김민규,윤보미역:윤보미,오스카역:윤두준,수희역:윤소희,고정민역:이청아"
20200601,O tvN,080016,092949,슬기로운의사생활,,11회,전국,012933,드라마&영화,드라마,미니시리즈,0.29958,0.02888,0,0.06799,0.0512,0.02958,0.02745,0,0.11981,0,0.07767,0.46449,0.0134,0.02424,"이익준역:조정석,안정원역:유연석,김준완역:정경호,양석형역:김대명,채송화역:전미도,정로사역:김해숙,주종수역:김갑수,도재학역:정문성,용석민역:문태유,장겨울역:신현빈,안치홍역:김준한,봉광현역:최영준,추민하역:안은진,허선빈역:하윤경,명은원역:김혜인,장윤복역:조이현,장홍도역:배현성,송수빈역:김수진,소이현역:윤혜리,배준희역:신도현,주전역:조승연,황재신역:양조아,이우주역:김준,민기준역:서진원,종세혁역:전광진,이영하역:이노아,김재환역:이달,국해성역:이혜은,함덕주역:김비비,한현희역:이지원,한승주역:김지성,은선진역:설유진,이익순역:곽선영,조영혜역:문희경,양태양역:남명렬,김태연역:이소윤,천명태역:최영우,선우희수역:박한솔,장겨울남동생역:박정우,고아라역:고아라"
20200601,O tvN,093628,113058,슬기로운의사생활,,12회,전국,015430,드라마&영화,드라마,미니시리즈,0.26451,0.3431,0.00629,0.03468,0.26491,0.14287,0.25378,0.58418,0,0.22032,0.25213,0.74366,0.09675,0.18374,"이익준역:조정석,안정원역:유연석,김준완역:정경호,양석형역:김대명,채송화역:전미도,정로사역:김해숙,주종수역:김갑수,도재학역:정문성,용석민역:문태유,장겨울역:신현빈,안치홍역:김준한,봉광현역:최영준,추민하역:안은진,허선빈역:하윤경,명은원역:김혜인,장윤복역:조이현,장홍도역:배현성,송수빈역:김수진,소이현역:윤혜리,배준희역:신도현,주전역:조승연,황재신역:양조아,이우주역:김준,민기준역:서진원,종세혁역:전광진,이영하역:이노아,김재환역:이달,국해성역:이혜은,함덕주역:김비비,한현희역:이지원,한승주역:김지성,은선진역:설유진,이익순역:곽선영,조영혜역:문희경,양태양역:남명렬,김태연역:이소윤,천명태역:최영우,선우희수역:박한솔,장겨울남동생역:박정우,고아라역:고아라"
20200601,O tvN,123821,140212,왕이된남자,,1회,전국,012351,드라마&영화,드라마,미니시리즈,0,0.01719,0,0.01161,0.04168,0.00163,0.01912,0,0.01447,0.06225,0,0.0027,0.04773,0.01318,"하선역:여진구,이헌역:여진구,유소운역:이세영,이규역:김상경,운심역:정혜영,조내관역:장광,신치수역:권해효,대비역:장영남,주호걸역:이규한,갑수역:윤경호,진평군역:이무생,김상궁역:민지아,정생역:장성원,박상궁역:김수진,선화당역:서윤아,장무영역:윤종석,애영역:오하늬,신이겸역:최규진,계환역:시은,달래역:신수연,장상궁역:이미은,유호준역:이윤건,이한종역:최무인,서장원역:이창직,기성군역:윤박"
20200601,O tvN,141600,154300,왕이된남자,,2회,전국,012700,드라마&영화,드라마,미니시리즈,0,0.32422,0.00227,0.04705,0.10916,0.01323,0.19287,0,0.45375,0.02856,0.22397,0.16933,0.06539,0.0162,"하선역:여진구,이헌역:여진구,유소운역:이세영,이규역:김상경,운심역:정혜영,조내관역:장광,신치수역:권해효,대비역:장영남,주호걸역:이규한,갑수역:윤경호,진평군역:이무생,김상궁역:민지아,정생역:장성원,박상궁역:김수진,선화당역:서윤아,장무영역:윤종석,애영역:오하늬,신이겸역:최규진,계환역:시은,달래역:신수연,장상궁역:이미은,유호준역:이윤건,이한종역:최무인,서장원역:이창직,기성군역:윤박"
20200601,O tvN,155818,171522,왕이된남자,,3회,전국,011704,드라마&영화,드라마,미니시리즈,0,0.85477,0,0,0.28778,0.18166,0.07578,0,0.57319,0.35238,0.04722,0.35733,0.19962,0.02964,"하선역:여진구,이헌역:여진구,유소운역:이세영,이규역:김상경,운심역:정혜영,조내관역:장광,신치수역:권해효,대비역:장영남,주호걸역:이규한,갑수역:윤경호,진평군역:이무생,김상궁역:민지아,정생역:장성원,박상궁역:김수진,선화당역:서윤아,장무영역:윤종석,애영역:오하늬,신이겸역:최규진,계환역:시은,달래역:신수연,장상궁역:이미은,유호준역:이윤건,이한종역:최무인,서장원역:이창직,기성군역:윤박"
20200601,O tvN,172853,184634,왕이된남자,,4회,전국,011741,드라마&영화,드라마,미니시리즈,0,0.59177,0.08665,0,0.19923,0.28891,0.07196,0,0.32202,0.35238,0,0.23254,0.37528,0.04097,"하선역:여진구,이헌역:여진구,유소운역:이세영,이규역:김상경,운심역:정혜영,조내관역:장광,신치수역:권해효,대비역:장영남,주호걸역:이규한,갑수역:윤경호,진평군역:이무생,김상궁역:민지아,정생역:장성원,박상궁역:김수진,선화당역:서윤아,장무영역:윤종석,애영역:오하늬,신이겸역:최규진,계환역:시은,달래역:신수연,장상궁역:이미은,유호준역:이윤건,이한종역:최무인,서장원역:이창직,기성군역:윤박"
20200601,O tvN,190349,201404,오마이베이비,,5회,전국,011015,드라마&영화,드라마,미니시리즈,0,0,0.06441,0.19446,0.01332,0.03156,0.01636,0,0.10244,0.28469,0.0705,0.26404,0.3177,0.00393,"장하리역:장나라,한이상역:고준,윤재영역:박병은,최강으뜸역:정건주,이옥란역:김혜옥,남수철역:조희봉,김은영역:이미도,김철중역:유승목,주승태역:전진기,박연호역:백승희,최효주역:박수영,주선생역:문현정,심정화역:김재화,이소윤역:정라엘,이옥희역:김예령,박재한역:이한위,김상희역:손화령,순남역:이주실,조회장역:장광,조아저씨역:최홍일,강효주역:전혜빈"
20200601,O tvN,202248,213050,오마이베이비,,6회,전국,010802,드라마&영화,드라마,미니시리즈,0.17969,0.16341,0.26024,0.16402,0.07438,0.22364,0.17519,0.03728,0.3417,0.19044,0.20362,0.18428,0.45599,0.09016,"장하리역:장나라,한이상역:고준,윤재영역:박병은,최강으뜸역:정건주,이옥란역:김혜옥,남수철역:조희봉,김은영역:이미도,김철중역:유승목,주승태역:전진기,박연호역:백승희,최효주역:박수영,주선생역:문현정,심정화역:김재화,이소윤역:정라엘,이옥희역:김예령,박재한역:이한위,김상희역:손화령,순남역:이주실,조회장역:장광,조아저씨역:최홍일,강효주역:전혜빈"
20200601,O tvN,243622,254111,이번생은처음이라,,6회,전국,010449,드라마&영화,드라마,미니시리즈,0,0.00766,0.02616,0,0.00426,0.13835,0.15489,0,0.00936,0.06062,0.01217,0.02756,0.17819,0.13311,"남세희역:이민기,윤지호역:정소민,우수지역:이솜,양호랑역:김가은,마상구역:박병은,심원석역:김민석,조명자역:문희경,윤종수역:김병옥,김현자역:김선영,윤지석역:노종현,이은솔역:전혜원,연복남역:김민규,윤보미역:윤보미,오스카역:윤두준,수희역:윤소희,고정민역:이청아"
20200601,O tvN,254755,255959,이번생은처음이라,,7회,전국,001204,드라마&영화,드라마,미니시리즈,0,0,0,0,0,0.11764,0.20807,0,0,0,0,0,0.02223,0.1007,"남세희역:이민기,윤지호역:정소민,우수지역:이솜,양호랑역:김가은,마상구역:박병은,심원석역:김민석,조명자역:문희경,윤종수역:김병옥,김현자역:김선영,윤지석역:노종현,이은솔역:전혜원,연복남역:김민규,윤보미역:윤보미,오스카역:윤두준,수희역:윤소희,고정민역:이청아"
20200601,OCN,101503,111440,번외수사,,3회,전국,005937,드라마&영화,드라마,미니시리즈,0.09015,0.02086,0.11603,0.12561,0.26833,0.94224,0.06824,0,0.02425,0.11091,0.24556,0.36716,0.57584,0.23843,"진강호역:차태현,강무영역:이선빈,이반석역:정상훈,테디정역:윤경호,탁원역:지승현,민대진역:박정우,맨손역:박태산,연장역:장진희,지수철역:이영석,노순이역:민경옥"
20200601,OCN,111621,121538,번외수사,,4회,전국,005917,드라마&영화,드라마,미니시리즈,0.53231,0.25801,0,0.3632,0.20311,0.79036,0.41669,0,0.26001,0,0.40696,0.89431,0.63038,0.33811,"진강호역:차태현,강무영역:이선빈,이반석역:정상훈,테디정역:윤경호,탁원역:지승현,민대진역:박정우,맨손역:박태산,연장역:장진희,지수철역:이영석,노순이역:민경옥"
20200601,On Style,125008,140412,그녀의사생활,,1회,전국,011404,드라마&영화,드라마,미니시리즈,0,0,0.01195,0.06412,0,0.1549,0.06452,0,0,0,0.00495,0,0.01743,0.05677,"성덕미역:박민영,라이언골드역:김재욱,남은기역:안보현,이선주역:박진주,차시안역:정제원,최다인역:홍서영,신디역:김보라,고영숙역:김미경,성근호역:맹상훈,엄소혜역:김선영,유경아역:서예화,김유섭역:정원창,강승민역:임지규,주혁역:유용민,남세연역:박명신,공은영역:이일화"
20200601,On Style,140455,151907,그녀의사생활,,2회,전국,011412,드라마&영화,드라마,미니시리즈,0,0.06931,0,0.02493,0.02333,0.02904,0.01083,0,0.03771,0.05456,0.02399,0.04057,0.00537,0.04165,"성덕미역:박민영,라이언골드역:김재욱,남은기역:안보현,이선주역:박진주,차시안역:정제원,최다인역:홍서영,신디역:김보라,고영숙역:김미경,성근호역:맹상훈,엄소혜역:김선영,유경아역:서예화,김유섭역:정원창,강승민역:임지규,주혁역:유용민,남세연역:박명신,공은영역:이일화"
20200601,On Style,151951,162901,그녀의사생활,,3회,전국,010910,드라마&영화,드라마,미니시리즈,0,0,0.00183,0.01312,0,0.01646,0,0,0,0.00967,0.08748,0.04561,0.0292,0.05806,"성덕미역:박민영,라이언골드역:김재욱,남은기역:안보현,이선주역:박진주,차시안역:정제원,최다인역:홍서영,신디역:김보라,고영숙역:김미경,성근호역:맹상훈,엄소혜역:김선영,유경아역:서예화,김유섭역:정원창,강승민역:임지규,주혁역:유용민,남세연역:박명신,공은영역:이일화"
20200601,SBS플러스,063206,070129,엄마가바람났다,,19회,전국,002923,드라마&영화,드라마,아침드라마,0,0,0.11661,0,0,0.04197,0.37577,0,0,0,0,0,0.63086,0.13151,"오필정역:현쥬니,강석준역:이재황,이은주역:문보령,강석환역:김형범,오순정역:남이안,김복순역:박순천,박민호역:길정우,박민지역:홍제이,김해정역:양금석,강태수역:이원재,이태우역:서현석,최동석역:김동균,최은자역:이진아,최유경역:이영은,최미영역:전은채,왕기범역:차승우,하열도역:김영훈,홍수경역:노정명,박태섭역:강서준,박혜진역:박지수"
20200601,SBS플러스,070138,073116,엄마가바람났다,,20회,전국,002938,드라마&영화,드라마,아침드라마,0,0,0.08261,0,0.12204,0.30339,0.83665,0.1687,0,0,0.22985,0.1174,1.03968,0.52425,"오필정역:현쥬니,강석준역:이재황,이은주역:문보령,강석환역:김형범,오순정역:남이안,김복순역:박순천,박민호역:길정우,박민지역:홍제이,김해정역:양금석,강태수역:이원재,이태우역:서현석,최동석역:김동균,최은자역:이진아,최유경역:이영은,최미영역:전은채,왕기범역:차승우,하열도역:김영훈,홍수경역:노정명,박태섭역:강서준,박혜진역:박지수"
20200601,SBS플러스,074113,084422,너의목소리가들려,,14회,전국,010309,드라마&영화,드라마,미니시리즈,0,0.17422,0.05285,0.0075,0.14626,0.29305,0.27075,0,0,0,0.14936,0.11382,0.21019,0.21623,"장혜성역:이보영,박수하역:이종석,차관우역:윤상현,서도연역:이다희,어춘심역:김해숙,민준국역:정웅인,신상덕역:윤주상,서대석역:정동환,김공숙역:김광규,황달중역:김병옥,고성빈역:김가은,최유창역:최성준,김충기역:박두식,박주혁역:조덕현,도연엄마역:장희수,어린장혜성역:김소현,어린박수하역:구승현,어린서도연역:정민아,정필재역:한기원,정필승역:한기웅,변호사역:소이현,형사역:김성균,문동희역:김수연,최윤역:김민종,고아원입양담당자역:안문숙,엄기준역:엄기준,백화점손님역:안영미,경찰역:정만식,소매치기역:강남"
20200601,SBS플러스,164041,175352,더킹영원의군주,,13회,전국,011311,드라마&영화,드라마,미니시리즈,0,0.25632,0.38777,0.44099,0.16101,0.10798,0.31223,0,0.11717,0.0334,0.17819,0.60225,0.44262,0.32097,"이곤역:이민호,정태을역:김고은,조은섭역:우도환,조영역:우도환,강신재역:김경남,구서령역:정은채,이림역:이정진,루나역:김고은,노옥남역:김영옥,정도인역:전배수,송정혜역:서정연,박문식역:박원상,장미카엘역:강홍석,이종인역:전무송,명나리역:김용지,명승아역:김용지,유경무역:이해영,민화연역:황영희,박지영역:박지연,모비서역:백현주,석호필역:이홍내"
20200601,SBS플러스,244052,254552,굿캐스팅,,9회,전국,010500,드라마&영화,드라마,미니시리즈,0,0.03549,0,0,0.31695,0.13618,0.13451,0.07079,0,0.00205,0.00208,0.17255,0.03449,0.21209,"백찬미역:최강희,윤석호역:이상엽,임예은역:유인영,황미순역:김지영,강우원역:이준영,동관수역:이종혁,서국환역:정인기,배무혁역:박경순,간태희역:황보미,명계철역:우현,탁상기역:이상훈,옥철역:김용희,변우석역:허재호,구비서역:한수진,설영훈역:조영훈,심화란역:차수연,남봉만역:이승형,남주연역:김보윤,피철웅역:배진웅,권민석역:성혁,권소희역:노하연"
20200601,SBS플러스,254938,255959,굿캐스팅,,10회,전국,001021,드라마&영화,드라마,미니시리즈,0,0,0,0,0.20811,0.21438,0.13013,0,0,0,0,0.23971,0,0.13028,"백찬미역:최강희,윤석호역:이상엽,임예은역:유인영,황미순역:김지영,강우원역:이준영,동관수역:이종혁,서국환역:정인기,배무혁역:박경순,간태희역:황보미,명계철역:우현,탁상기역:이상훈,옥철역:김용희,변우석역:허재호,구비서역:한수진,설영훈역:조영훈,심화란역:차수연,남봉만역:이승형,남주연역:김보윤,피철웅역:배진웅,권민석역:성혁,권소희역:노하연"
20200601,SKY,145306,160007,굿캐스팅,,9회,전국,010701,드라마&영화,드라마,미니시리즈,0,0.09514,0.0751,0.05674,0.21382,0.03868,0.07801,0.02434,0.11621,0.0049,0.30976,0.05854,0.39853,0.09303,"백찬미역:최강희,윤석호역:이상엽,임예은역:유인영,황미순역:김지영,강우원역:이준영,동관수역:이종혁,서국환역:정인기,배무혁역:박경순,간태희역:황보미,명계철역:우현,탁상기역:이상훈,옥철역:김용희,변우석역:허재호,구비서역:한수진,설영훈역:조영훈,심화란역:차수연,남봉만역:이승형,남주연역:김보윤,피철웅역:배진웅,권민석역:성혁,권소희역:노하연"
20200601,SKY,161117,171610,굿캐스팅,,10회,전국,010453,드라마&영화,드라마,미니시리즈,0.12162,0.07355,0.12066,0.20636,0.08112,0.27493,0.11922,0,0.08984,0.25168,0.10478,0.08873,0.21734,0.09334,"백찬미역:최강희,윤석호역:이상엽,임예은역:유인영,황미순역:김지영,강우원역:이준영,동관수역:이종혁,서국환역:정인기,배무혁역:박경순,간태희역:황보미,명계철역:우현,탁상기역:이상훈,옥철역:김용희,변우석역:허재호,구비서역:한수진,설영훈역:조영훈,심화란역:차수연,남봉만역:이승형,남주연역:김보윤,피철웅역:배진웅,권민석역:성혁,권소희역:노하연"
20200601,SKY,225023,235516,굿캐스팅,,10회,전국,010453,드라마&영화,드라마,미니시리즈,0,0,0.00455,0.05221,0.17925,0.08382,0.01602,0,0.0068,0.12524,0.11358,0.09154,0.19008,0.03913,"백찬미역:최강희,윤석호역:이상엽,임예은역:유인영,황미순역:김지영,강우원역:이준영,동관수역:이종혁,서국환역:정인기,배무혁역:박경순,간태희역:황보미,명계철역:우현,탁상기역:이상훈,옥철역:김용희,변우석역:허재호,구비서역:한수진,설영훈역:조영훈,심화란역:차수연,남봉만역:이승형,남주연역:김보윤,피철웅역:배진웅,권민석역:성혁,권소희역:노하연"
20200601,ONCE,032533,035551,특별근로감독관조장풍,,27회,전국,003018,드라마&영화,드라마,미니시리즈,0,0,0.1188,0,0,0.04447,0.00504,0,0,0.0622,0,0,0.04316,0.00529,"조진갑역:김동욱,천덕구역:김경남,우도하역:류덕환,주미란역:박세영,이동영역:강서준,하지만역:이원종,황두식역:안상우,백부장역:유수빈,오대리역:김시은,고말숙역:설인아,구대길역:오대환,양태수역:이상이,최서라역:송옥숙,양인태역:전국환,조진철역:김홍파,조진아역:이나윤,김지란역:차정원,김선우역:고건한"
20200601,ONCE,035701,042516,특별근로감독관조장풍,,28회,전국,002815,드라마&영화,드라마,미니시리즈,0,0,0,0.01688,0,0,0,0,0,0,0,0,0,0,"조진갑역:김동욱,천덕구역:김경남,우도하역:류덕환,주미란역:박세영,이동영역:강서준,하지만역:이원종,황두식역:안상우,백부장역:유수빈,오대리역:김시은,고말숙역:설인아,구대길역:오대환,양태수역:이상이,최서라역:송옥숙,양인태역:전국환,조진철역:김홍파,조진아역:이나윤,김지란역:차정원,김선우역:고건한"
20200601,ONCE,043934,051120,특별근로감독관조장풍,,29회,전국,003146,드라마&영화,드라마,미니시리즈,0,0,0,0,0,0,0.0145,0,0,0,0.00252,0.00206,0,0.03771,"조진갑역:김동욱,천덕구역:김경남,우도하역:류덕환,주미란역:박세영,이동영역:강서준,하지만역:이원종,황두식역:안상우,백부장역:유수빈,오대리역:김시은,고말숙역:설인아,구대길역:오대환,양태수역:이상이,최서라역:송옥숙,양인태역:전국환,조진철역:김홍파,조진아역:이나윤,김지란역:차정원,김선우역:고건한"
20200601,ONCE,051230,053915,특별근로감독관조장풍,,30회,전국,002645,드라마&영화,드라마,미니시리즈,0,0,0,0,0,0,0.00943,0,0,0,0,0,0,0.03495,"조진갑역:김동욱,천덕구역:김경남,우도하역:류덕환,주미란역:박세영,이동영역:강서준,하지만역:이원종,황두식역:안상우,백부장역:유수빈,오대리역:김시은,고말숙역:설인아,구대길역:오대환,양태수역:이상이,최서라역:송옥숙,양인태역:전국환,조진철역:김홍파,조진아역:이나윤,김지란역:차정원,김선우역:고건한"
20200601,ONCE,055043,062219,특별근로감독관조장풍,,31회,전국,003136,드라마&영화,드라마,미니시리즈,0,0,0.00681,0,0.0144,0.05422,0.02435,0,0,0,0.04679,0.01346,0.0008,0.02458,"조진갑역:김동욱,천덕구역:김경남,우도하역:류덕환,주미란역:박세영,이동영역:강서준,하지만역:이원종,황두식역:안상우,백부장역:유수빈,오대리역:김시은,고말숙역:설인아,구대길역:오대환,양태수역:이상이,최서라역:송옥숙,양인태역:전국환,조진철역:김홍파,조진아역:이나윤,김지란역:차정원,김선우역:고건한"
20200601,ONCE,062329,065213,특별근로감독관조장풍,,32회,전국,002844,드라마&영화,드라마,미니시리즈,0,0,0,0,0,0.00628,0,0,0,0.15458,0,0,0.00632,0.05636,"조진갑역:김동욱,천덕구역:김경남,우도하역:류덕환,주미란역:박세영,이동영역:강서준,하지만역:이원종,황두식역:안상우,백부장역:유수빈,오대리역:김시은,고말숙역:설인아,구대길역:오대환,양태수역:이상이,최서라역:송옥숙,양인태역:전국환,조진철역:김홍파,조진아역:이나윤,김지란역:차정원,김선우역:고건한"
20200601,ONCE,070726,081144,동이,,41회,전국,010418,드라마&영화,드라마,주간연속극,0,0,0,0.00635,0.09821,0,0.0396,0,0,0.20376,0.00639,0,0.00225,0.07965,"동이역:한효주,숙종역:지진희,희빈장씨역:이소연,차천수역:배수빈,서용기역:정진영,인현왕후역:박하선,오태석역:정동환,이종욱역:이정훈,홍태윤역:손일권,박도식역:최재호,도승지역:신국,오호양역:여호민,황주식역:이희도,정인국역:나성균,최효원역:천호진,장익헌역:이재용,김환역:정인기,은금역:한다민,오태풍역:이계인,태풍처역:이숙,장희재역:김유석,설희역:김혜진,게둬라부역:정은표,오윤역:최철호,게둬라역:최수한,심운택역:김동윤,동이어린시절역:김유정,봉상궁역:김소이,조상궁역:안여진,유상궁역:임성민,정임역:정유미,애종역:강유미,시비역:오은호,미지역:최하나,대전내관역:정선일,명성대비역:박정수,정상궁역:김혜선,영달역:이광수,최동주역:정성운,장무열역:최종환,이금역:이형석,경종역:윤찬,김구선역:맹상훈,인원왕후역:오연서"
20200601,ONCE,082401,092721,동이,,42회,전국,010320,드라마&영화,드라마,주간연속극,0,0,0,0.02804,0.00163,0.06062,0.13527,0,0,0.20376,0.05302,0.00153,0.07368,0.29706,"동이역:한효주,숙종역:지진희,희빈장씨역:이소연,차천수역:배수빈,서용기역:정진영,인현왕후역:박하선,오태석역:정동환,이종욱역:이정훈,홍태윤역:손일권,박도식역:최재호,도승지역:신국,오호양역:여호민,황주식역:이희도,정인국역:나성균,최효원역:천호진,장익헌역:이재용,김환역:정인기,은금역:한다민,오태풍역:이계인,태풍처역:이숙,장희재역:김유석,설희역:김혜진,게둬라부역:정은표,오윤역:최철호,게둬라역:최수한,심운택역:김동윤,동이어린시절역:김유정,봉상궁역:김소이,조상궁역:안여진,유상궁역:임성민,정임역:정유미,애종역:강유미,시비역:오은호,미지역:최하나,대전내관역:정선일,명성대비역:박정수,정상궁역:김혜선,영달역:이광수,최동주역:정성운,장무열역:최종환,이금역:이형석,경종역:윤찬,김구선역:맹상훈,인원왕후역:오연서"
20200601,ONCE,094137,104545,동이,,43회,전국,010408,드라마&영화,드라마,주간연속극,0,0,0,0,0,0,0.18797,0,0,0.20376,0,0,0.02223,0.2987,"동이역:한효주,숙종역:지진희,희빈장씨역:이소연,차천수역:배수빈,서용기역:정진영,인현왕후역:박하선,오태석역:정동환,이종욱역:이정훈,홍태윤역:손일권,박도식역:최재호,도승지역:신국,오호양역:여호민,황주식역:이희도,정인국역:나성균,최효원역:천호진,장익헌역:이재용,김환역:정인기,은금역:한다민,오태풍역:이계인,태풍처역:이숙,장희재역:김유석,설희역:김혜진,게둬라부역:정은표,오윤역:최철호,게둬라역:최수한,심운택역:김동윤,동이어린시절역:김유정,봉상궁역:김소이,조상궁역:안여진,유상궁역:임성민,정임역:정유미,애종역:강유미,시비역:오은호,미지역:최하나,대전내관역:정선일,명성대비역:박정수,정상궁역:김혜선,영달역:이광수,최동주역:정성운,장무열역:최종환,이금역:이형석,경종역:윤찬,김구선역:맹상훈,인원왕후역:오연서"
20200601,ONCE,110001,120503,동이,,44회,전국,010502,드라마&영화,드라마,주간연속극,0,0,0.02872,0,0.00879,0.01121,0.18847,0,0,0.20376,0,0.01585,0.01627,0.41038,"동이역:한효주,숙종역:지진희,희빈장씨역:이소연,차천수역:배수빈,서용기역:정진영,인현왕후역:박하선,오태석역:정동환,이종욱역:이정훈,홍태윤역:손일권,박도식역:최재호,도승지역:신국,오호양역:여호민,황주식역:이희도,정인국역:나성균,최효원역:천호진,장익헌역:이재용,김환역:정인기,은금역:한다민,오태풍역:이계인,태풍처역:이숙,장희재역:김유석,설희역:김혜진,게둬라부역:정은표,오윤역:최철호,게둬라역:최수한,심운택역:김동윤,동이어린시절역:김유정,봉상궁역:김소이,조상궁역:안여진,유상궁역:임성민,정임역:정유미,애종역:강유미,시비역:오은호,미지역:최하나,대전내관역:정선일,명성대비역:박정수,정상궁역:김혜선,영달역:이광수,최동주역:정성운,장무열역:최종환,이금역:이형석,경종역:윤찬,김구선역:맹상훈,인원왕후역:오연서"
20200601,ONCE,121819,131541,대조영,,43회,전국,005722,드라마&영화,드라마,주말연속극,0,0,0.06922,0.00679,0.01209,0.03758,0.0438,0,0,0.00973,0,0.00956,0.0081,0.23819,"대조영역:최수종,이해고역:정보석,설인귀역:이덕화,초린역:박예진,검이역:정태우,숙영역:홍수현,양만춘역:임동진,흑수돌역:김학철,연남생역:임호,대중상역:임혁,걸사비우역:최철호,검모잠역:김명수,당태종역:송용태,부지광역:박지일,미모사역:김정현,금란역:심은진,부기원역:김하균,보장왕역:길용우,이진충역:김동현,손만영역:조인표,신홍역:김규철,계필사문역:윤용현,퉁소역:방형주,홍패역:유태술,이문역:남성진,팔보역:우봉식"
20200601,ONCE,160903,165037,전원일기,,417회,전국,004134,드라마&영화,드라마,주말연속극,0,0.05046,0.23659,0,0.01422,0.16385,0.21775,0,0,0,0,0.08759,0.22318,0.11009,"최불암,김혜자,김용건,김수미,고두심,유인촌,정대홍"
20200601,ONCE,165842,173854,전원일기,,418회,전국,004012,드라마&영화,드라마,주말연속극,0,0,0.21928,0,0.07544,0.14557,0.25217,0,0,0,0,0,0.18462,0.14839,"최불암,김혜자,김용건,김수미,고두심,유인촌,정대홍"
20200601,ONCE,175205,184927,대조영,,43회,전국,005722,드라마&영화,드라마,주말연속극,0,0.00929,0.05869,0,0.00262,0.0422,0.0276,0,0,0,0,0.02326,0,0.00888,"대조영역:최수종,이해고역:정보석,설인귀역:이덕화,초린역:박예진,검이역:정태우,숙영역:홍수현,양만춘역:임동진,흑수돌역:김학철,연남생역:임호,대중상역:임혁,걸사비우역:최철호,검모잠역:김명수,당태종역:송용태,부지광역:박지일,미모사역:김정현,금란역:심은진,부기원역:김하균,보장왕역:길용우,이진충역:김동현,손만영역:조인표,신홍역:김규철,계필사문역:윤용현,퉁소역:방형주,홍패역:유태술,이문역:남성진,팔보역:우봉식"
20200601,ONCE,233536,243944,동이,,43회,전국,010408,드라마&영화,드라마,주간연속극,0,0.02843,0,0,0.2671,0.48525,0.1559,0,0,0.03304,0,0.13294,0.00543,0,"동이역:한효주,숙종역:지진희,희빈장씨역:이소연,차천수역:배수빈,서용기역:정진영,인현왕후역:박하선,오태석역:정동환,이종욱역:이정훈,홍태윤역:손일권,박도식역:최재호,도승지역:신국,오호양역:여호민,황주식역:이희도,정인국역:나성균,최효원역:천호진,장익헌역:이재용,김환역:정인기,은금역:한다민,오태풍역:이계인,태풍처역:이숙,장희재역:김유석,설희역:김혜진,게둬라부역:정은표,오윤역:최철호,게둬라역:최수한,심운택역:김동윤,동이어린시절역:김유정,봉상궁역:김소이,조상궁역:안여진,유상궁역:임성민,정임역:정유미,애종역:강유미,시비역:오은호,미지역:최하나,대전내관역:정선일,명성대비역:박정수,정상궁역:김혜선,영달역:이광수,최동주역:정성운,장무열역:최종환,이금역:이형석,경종역:윤찬,김구선역:맹상훈,인원왕후역:오연서"
20200601,ONCE,245200,255702,동이,,44회,전국,010502,드라마&영화,드라마,주간연속극,0,0.25659,0,0.0079,0.30148,0.45811,0.20916,0,0,0.29817,0.01045,0.19458,0,0.01578,"동이역:한효주,숙종역:지진희,희빈장씨역:이소연,차천수역:배수빈,서용기역:정진영,인현왕후역:박하선,오태석역:정동환,이종욱역:이정훈,홍태윤역:손일권,박도식역:최재호,도승지역:신국,오호양역:여호민,황주식역:이희도,정인국역:나성균,최효원역:천호진,장익헌역:이재용,김환역:정인기,은금역:한다민,오태풍역:이계인,태풍처역:이숙,장희재역:김유석,설희역:김혜진,게둬라부역:정은표,오윤역:최철호,게둬라역:최수한,심운택역:김동윤,동이어린시절역:김유정,봉상궁역:김소이,조상궁역:안여진,유상궁역:임성민,정임역:정유미,애종역:강유미,시비역:오은호,미지역:최하나,대전내관역:정선일,명성대비역:박정수,정상궁역:김혜선,영달역:이광수,최동주역:정성운,장무열역:최종환,이금역:이형석,경종역:윤찬,김구선역:맹상훈,인원왕후역:오연서"
20200601,OCN Thrills,055236,065222,번외수사,,4회,전국,005946,드라마&영화,드라마,미니시리즈,0,0,0,0,0.02803,0,0.0032,0,0,0,0.00758,0.00526,0.00126,0.01589,"진강호역:차태현,강무영역:이선빈,이반석역:정상훈,테디정역:윤경호,탁원역:지승현,민대진역:박정우,맨손역:박태산,연장역:장진희,지수철역:이영석,노순이역:민경옥"
20200601,TRENDY,065459,080410,부부클리닉사랑과전쟁2,,9회,전국,010911,드라마&영화,드라마,단막극,0,0,0,0.18951,0.2091,0,0.04531,0,0.06609,0.00831,0,0.00205,0.05234,0.22625,"이재만,민지영,최영완,이정수,장가현,손유경,이준우"
20200601,TRENDY,081416,092514,부부클리닉사랑과전쟁2,,10회,전국,011058,드라마&영화,드라마,단막극,0,0,0,0.23273,0.00418,0.00274,0.05628,0.01137,0.03309,0,0.00456,0.00945,0.02724,0.04843,"이재만,민지영,최영완,이정수,장가현,손유경,이준우"
20200601,TRENDY,140215,151130,부부클리닉사랑과전쟁2,,9회,전국,010915,드라마&영화,드라마,단막극,0,0,0,0,0.0259,0.00323,0.21675,0,0,0,0.0631,0.02731,0.1013,0.19378,"이재만,민지영,최영완,이정수,장가현,손유경,이준우"
20200601,TRENDY,152432,163533,부부클리닉사랑과전쟁2,,10회,전국,011101,드라마&영화,드라마,단막극,0,0,0.00479,0.02611,0,0.00609,0.13848,0,0,0,0.06379,0,0.03539,0.21796,"이재만,민지영,최영완,이정수,장가현,손유경,이준우"
20200601,TRENDY,230137,241050,부부클리닉사랑과전쟁2,,9회,전국,010913,드라마&영화,드라마,단막극,0,0,0,0,0.00865,0,0.06343,0,0.33375,0,0,0.00616,0.00359,0.06462,"이재만,민지영,최영완,이정수,장가현,손유경,이준우"
20200601,TRENDY,242308,253410,부부클리닉사랑과전쟁2,,10회,전국,011102,드라마&영화,드라마,단막극,0,0,0,0.174,0.00408,0.01127,0.01341,0,0.00594,0.06196,0,0.02599,0.00124,0.3147,"이재만,민지영,최영완,이정수,장가현,손유경,이준우"
20200601,WeLike,060745,065416,징비록,,41회,전국,004631,드라마&영화,드라마,주말연속극,0,0,0,0,0,0.00983,0.14987,0,0,0,0.0017,0,0.01213,0.17912,"서애류성룡역:김상중,선조역:김태우,오음윤두수역:임동진,아계이산해역:이재용,귀인김씨역:김혜은,도요토미히데요시역:김규철,고니시유키나가역:이광기,가토기요마사역:이정용,한음이덕형역:남성진,백사이항복역:최철호,이천리역:정태우,광해군역:노영학,우계성혼역:김효원,송강정철역:선동혁,심유경역:이기열,송응창역:최일화,신립역:김형일,구봉송익필역:박지일,학봉김성일역:박철호,현소역:박유승,이여송역:정흥채,우송당황윤길역:김종수,의인왕후박씨역:황인영,소오요시토시역:조재완,신명철역:이관훈,한설희역:한지완,동동역:한가림,임해군역:윤홍빈,사신홍여순역:김민상,오리이원익역:김정학,두암김응남역:홍일권,나암정언신역:박칠용,연부정언지역:허기호,신성군,우희다수가역:김리우,전전리가역:조상구,석전삼성역:강신조,네네역:오지영,사야가역:길상,요도역:손승우,만력제역:장태성,석성역:이원발,정귀비역:서윤아,이순신역:김석훈,이일역:서현철,권율역:김영기,정운역:조순창,송희립역:전승빈,곽재우역:임혁,정탁역:이대로,조승훈역:손호균,장세작역:박선우,낙상지역:공정환,범애유조인역:고인범,순화군역:김태용,김명원역:임병기,배흥립역:나주석"
20200601,WeLike,070422,075056,징비록,,42회,전국,004634,드라마&영화,드라마,주말연속극,0,0,0,0.00577,0.00786,0.00211,0.06475,0,0,0,0,0.0099,0,0.07886,"서애류성룡역:김상중,선조역:김태우,오음윤두수역:임동진,아계이산해역:이재용,귀인김씨역:김혜은,도요토미히데요시역:김규철,고니시유키나가역:이광기,가토기요마사역:이정용,한음이덕형역:남성진,백사이항복역:최철호,이천리역:정태우,광해군역:노영학,우계성혼역:김효원,송강정철역:선동혁,심유경역:이기열,송응창역:최일화,신립역:김형일,구봉송익필역:박지일,학봉김성일역:박철호,현소역:박유승,이여송역:정흥채,우송당황윤길역:김종수,의인왕후박씨역:황인영,소오요시토시역:조재완,신명철역:이관훈,한설희역:한지완,동동역:한가림,임해군역:윤홍빈,사신홍여순역:김민상,오리이원익역:김정학,두암김응남역:홍일권,나암정언신역:박칠용,연부정언지역:허기호,신성군,우희다수가역:김리우,전전리가역:조상구,석전삼성역:강신조,네네역:오지영,사야가역:길상,요도역:손승우,만력제역:장태성,석성역:이원발,정귀비역:서윤아,이순신역:김석훈,이일역:서현철,권율역:김영기,정운역:조순창,송희립역:전승빈,곽재우역:임혁,정탁역:이대로,조승훈역:손호균,장세작역:박선우,낙상지역:공정환,범애유조인역:고인범,순화군역:김태용,김명원역:임병기,배흥립역:나주석"
20200601,WeLike,195600,205820,아이리스1,,1회,전국,010220,드라마&영화,드라마,미니시리즈,0,0,0.01268,0.00776,0,0,0,0,0,0.0097,0,0,0,0.00709,"김현준역:이병헌,최승희역:김태희,진사우역:정준호,빅역:T.O.P,김선화역:김소연,박철영역:김승우,백산역:김영철,박상현역:윤제문,오현규역:윤주상,양미정역:현쥬니,사토에리코역:유민"
20200601,WeLike,211329,221644,아이리스1,,2회,전국,010315,드라마&영화,드라마,미니시리즈,0,0.01303,0.11226,0.06872,0,0,0,0,0.01277,0.08592,0,0,0,0.06282,"김현준역:이병헌,최승희역:김태희,진사우역:정준호,빅역:T.O.P,김선화역:김소연,박철영역:김승우,백산역:김영철,박상현역:윤제문,오현규역:윤주상,양미정역:현쥬니,사토에리코역:유민"
20200602,KBS1,203106,205918,기막힌유산,,32회,전국,002812,드라마&영화,드라마,일일연속극,1.21431,2.12971,3.84797,5.41699,2.58542,8.68302,25.106,6.4126,2.25106,3.04644,5.05785,5.74809,14.95257,30.71332,"부영배역:박인환,공계옥역:강세정,부설악역:신정윤,부백두역:강신조,윤민주역:이아현,부금강역:남성진,신애리역:김가연,정미희역:박순천,김용미역:이응경,부한라역:박신우,성판금역:조양자,부가온역:김비주,부태희역:김연지,부혜교역:김효경,부지현역:강유라,공소영역:김난주,이장원역:이일준,김수민역:조서후,김종두역:이춘식,차정건역:조순창,이청아역:정서하,손보미역:박민지,김영지역:주민하,강선희역:박현정,천호식역:백신,이정태역:노상보,고향숙역:박소정"
20200602,KBS2,090507,093319,기막힌유산,,31회,전국,002812,드라마&영화,드라마,일일연속극,2.25673,1.18902,1.35137,1.56972,0.836,2.03739,2.69889,0,0.59257,0.45196,0.90586,1.81584,3.49722,3.35788,"부영배역:박인환,공계옥역:강세정,부설악역:신정윤,부백두역:강신조,윤민주역:이아현,부금강역:남성진,신애리역:김가연,정미희역:박순천,김용미역:이응경,부한라역:박신우,성판금역:조양자,부가온역:김비주,부태희역:김연지,부혜교역:김효경,부지현역:강유라,공소영역:김난주,이장원역:이일준,김수민역:조서후,김종두역:이춘식,차정건역:조순창,이청아역:정서하,손보미역:박민지,김영지역:주민하,강선희역:박현정,천호식역:백신,이정태역:노상보,고향숙역:박소정"
20200602,KBS2,195006,202438,위험한약속,,45회,전국,003432,드라마&영화,드라마,일일연속극,1.13943,2.30829,2.70723,3.92736,2.21875,5.26816,17.81363,1.96493,1.66895,1.68409,4.32303,3.91363,11.41878,22.93366,"차은동역:박하나,강태인역:고세원,최준혁역:강성민,오혜원역:박영린,한지훈역:이창욱,차만종역:이대연,차은찬역:유준서,공영심역:유지연,봉석구역:현우섭,강일섭역:강신일,연두심역:이칸희,한광훈역:길용우,한서주역:김혜지,최명희역:김나운,고재숙역:윤복인,최영국역:송민형,민주란역:오영실,최준경역:이효나,이창욱역:김정운"
20200602,KBS2,220002,223150,본어게인,<27회>,27회,전국,003148,드라마&영화,드라마,미니시리즈,0.19576,0.50299,0.19514,0.37904,0.74793,1.43216,1.02274,0.31879,0.84871,0.3118,0.58198,1.00268,1.6807,1.54915,"공지철역:장기용,천종범역:장기용,정하은역:진세연,정사빈역:진세연,차형빈역:이수혁,김수혁역:이수혁,장혜미역:김정난,천석태역:최광일,주인도역:장원영,백상아역:이서엘,서태하역:최대철,서영역:한해림,제이역:차민지,공인우역:정인겸,장혜미역:위지연,천석태역:조덕회"
20200602,KBS2,223304,230231,본어게인,<28회>,28회,전국,002927,드라마&영화,드라마,미니시리즈,0.33065,0.60904,0.42495,0.48264,1.08578,1.90853,1.04664,0.31879,0.39772,0.34666,0.66624,2.00124,2.44047,1.58065,"공지철역:장기용,천종범역:장기용,정하은역:진세연,정사빈역:진세연,차형빈역:이수혁,김수혁역:이수혁,장혜미역:김정난,천석태역:최광일,주인도역:장원영,백상아역:이서엘,서태하역:최대철,서영역:한해림,제이역:차민지,공인우역:정인겸,장혜미역:위지연,천석태역:조덕회"
20200602,MBC,104517,110027,저녁같이드실래요,<5회>,5회,전국,001510,드라마&영화,드라마,미니시리즈,0,0.02212,0.26546,0.01594,0.27798,0.59691,0.52997,0.09702,0,0.01245,0.01638,0.51839,0.51924,0.49534,"김해경역:송승헌,우도희역:서지혜,정재혁역:이지훈,진노을역:손나은,남아영역:예지원,키에누역:박호산,박진규역:고규필,강건우역:이현진,이병진역:김서경,임소라역:오혜원,김정환역:안태환,이문정역:전국향,전성자역:윤복인,이영동역:김정현,이은서역:서은수,푸드트럭총각역:이시언,태진아역:태진아,환자역:박산다라"
20200602,MBC,110942,112600,저녁같이드실래요,<5회>,5회,전국,001618,드라마&영화,드라마,미니시리즈,0,0.02032,0.29988,0.29476,0.16753,0.6658,0.96879,0,0,0.14858,0.4712,0.51822,0.96176,0.74176,"김해경역:송승헌,우도희역:서지혜,정재혁역:이지훈,진노을역:손나은,남아영역:예지원,키에누역:박호산,박진규역:고규필,강건우역:이현진,이병진역:김서경,임소라역:오혜원,김정환역:안태환,이문정역:전국향,전성자역:윤복인,이영동역:김정현,이은서역:서은수,푸드트럭총각역:이시언,태진아역:태진아,환자역:박산다라"
20200602,MBC,112610,120326,저녁같이드실래요,<6회>,6회,전국,003716,드라마&영화,드라마,미니시리즈,0,0.53048,0.23499,0.17756,0.55418,0.53143,0.58365,0,0.20799,0.12324,0.17062,1.01849,0.91852,0.87805,"김해경역:송승헌,우도희역:서지혜,정재혁역:이지훈,진노을역:손나은,남아영역:예지원,키에누역:박호산,박진규역:고규필,강건우역:이현진,이병진역:김서경,임소라역:오혜원,김정환역:안태환,이문정역:전국향,전성자역:윤복인,이영동역:김정현,이은서역:서은수,푸드트럭총각역:이시언,태진아역:태진아,환자역:박산다라"
20200602,MBC,205341,213058,저녁같이드실래요,<6회>,6회,전국,003717,드라마&영화,드라마,미니시리즈,0.72568,0.21817,0.96877,1.06447,0.64489,1.31177,1.25913,0.23857,0.2524,1.16442,2.6256,1.76616,2.24173,1.44803,"김해경역:송승헌,우도희역:서지혜,정재혁역:이지훈,진노을역:손나은,남아영역:예지원,키에누역:박호산,박진규역:고규필,강건우역:이현진,이병진역:김서경,임소라역:오혜원,김정환역:안태환,이문정역:전국향,전성자역:윤복인,이영동역:김정현,이은서역:서은수,푸드트럭총각역:이시언,태진아역:태진아,환자역:박산다라"
20200602,MBC,213653,221220,저녁같이드실래요,<7회>,7회,전국,003527,드라마&영화,드라마,미니시리즈,1.26361,1.57734,0.98206,2.03163,1.70426,2.82122,1.85196,0.42365,0.23519,1.52104,3.44887,3.4647,3.87591,2.42748,"김해경역:송승헌,우도희역:서지혜,정재혁역:이지훈,진노을역:손나은,남아영역:예지원,키에누역:박호산,박진규역:고규필,강건우역:이현진,이병진역:김서경,임소라역:오혜원,김정환역:안태환,이문정역:전국향,전성자역:윤복인,이영동역:김정현,이은서역:서은수,푸드트럭총각역:이시언,태진아역:태진아,환자역:박산다라"
20200602,MBC,221302,224634,저녁같이드실래요,<8회>,8회,전국,003332,드라마&영화,드라마,미니시리즈,0.52644,1.70369,0.95006,2.63923,2.33994,2.69136,1.53151,0.41343,0.50171,1.30713,3.68836,3.69371,4.33989,2.23664,"김해경역:송승헌,우도희역:서지혜,정재혁역:이지훈,진노을역:손나은,남아영역:예지원,키에누역:박호산,박진규역:고규필,강건우역:이현진,이병진역:김서경,임소라역:오혜원,김정환역:안태환,이문정역:전국향,전성자역:윤복인,이영동역:김정현,이은서역:서은수,푸드트럭총각역:이시언,태진아역:태진아,환자역:박산다라"
20200602,SBS,083718,090729,엄마가바람났다,,22회,전국,003011,드라마&영화,드라마,아침드라마,0.81933,2.12813,2.73221,2.04209,2.37397,3.33177,4.57038,0.98939,1.13706,0.46035,2.67736,3.2218,4.38743,5.28612,"오필정역:현쥬니,강석준역:이재황,이은주역:문보령,강석환역:김형범,오순정역:남이안,김복순역:박순천,박민호역:길정우,박민지역:홍제이,김해정역:양금석,강태수역:이원재,이태우역:서현석,최동석역:김동균,최은자역:이진아,최유경역:이영은,최미영역:전은채,왕기범역:차승우,하열도역:김영훈,홍수경역:노정명,박태섭역:강서준,박혜진역:박지수"
20200602,SBS,214553,221833,굿캐스팅,<1부>,12회,전국,003240,드라마&영화,드라마,미니시리즈,0.28469,1.11269,2.36194,2.40782,3.35808,5.56816,4.43247,0.0674,1.78568,2.38026,4.49967,5.88622,6.25576,4.26921,"백찬미역:최강희,윤석호역:이상엽,임예은역:유인영,황미순역:김지영,강우원역:이준영,동관수역:이종혁,서국환역:정인기,배무혁역:박경순,간태희역:황보미,명계철역:우현,탁상기역:이상훈,옥철역:김용희,변우석역:허재호,구비서역:한수진,설영훈역:조영훈,심화란역:차수연,남봉만역:이승형,남주연역:김보윤,피철웅역:배진웅,권민석역:성혁,권소희역:노하연"
20200602,SBS,222012,225254,굿캐스팅,<2부>,12회,전국,003242,드라마&영화,드라마,미니시리즈,0.75063,2.43169,2.93614,3.0353,4.49813,6.5699,5.29556,1.83033,1.88672,2.96393,5.46205,8.41831,7.70934,5.17786,"백찬미역:최강희,윤석호역:이상엽,임예은역:유인영,황미순역:김지영,강우원역:이준영,동관수역:이종혁,서국환역:정인기,배무혁역:박경순,간태희역:황보미,명계철역:우현,탁상기역:이상훈,옥철역:김용희,변우석역:허재호,구비서역:한수진,설영훈역:조영훈,심화란역:차수연,남봉만역:이승형,남주연역:김보윤,피철웅역:배진웅,권민석역:성혁,권소희역:노하연"
20200602,OBS,094036,104308,구가의서,,1회,전국,010232,드라마&영화,드라마,주간연속극,0,0,0,0,0.02922,0.05042,0.05615,0,0,0,0,0,0.15068,0.10704,"최강치역:이승기,담여울역:수지,조관웅역:이성재,담평준역:조성하,박태서역:유연석,박청조역:이유비,곤역:성준,구월령역:최진혁,윤서화역:이연희,소정법사역:김희원,천수련역:정혜영,자홍명역:윤세아,박무솔역:엄효섭,월선역:손승우,이순신역:유동근,마봉출역:조재윤,카게시마역:데이비드맥기니스,한노역:박주형,윤씨역:김희정,억만역:김기방,윤정윤역:이다윗,담이역:김보미,필목역:송영규,공달선생역:이도경"
20200602,OBS,182246,192520,구가의서,,2회,전국,010234,드라마&영화,드라마,주간연속극,0,0,0,0,0.08037,0.32861,0.23106,0,0,0.05029,0.00632,0.01817,0.3693,0.15738,"최강치역:이승기,담여울역:수지,조관웅역:이성재,담평준역:조성하,박태서역:유연석,박청조역:이유비,곤역:성준,구월령역:최진혁,윤서화역:이연희,소정법사역:김희원,천수련역:정혜영,자홍명역:윤세아,박무솔역:엄효섭,월선역:손승우,이순신역:유동근,마봉출역:조재윤,카게시마역:데이비드맥기니스,한노역:박주형,윤씨역:김희정,억만역:김기방,윤정윤역:이다윗,담이역:김보미,필목역:송영규,공달선생역:이도경"
20200602,JTBC,124413,134854,야식남녀,,3회,전국,010441,드라마&영화,드라마,미니시리즈,0,0.32454,0,0.076,0.72672,0.36966,0.2201,0.85536,0.20297,0.43522,0.21898,0.48524,0.78331,0.07335,"박진성역:정일우,김아진역:강지영,강태완역:이학주,이상영역:김승수,차주희역:김수진,남규장역:양대혁,유성은역:공민정,노재수역:박성준,박진우역:최재현"
20200602,JTBC,213448,223930,야식남녀,,4회,전국,010442,드라마&영화,드라마,미니시리즈,1.16082,0.12214,0.36486,0.12071,0.98125,0.72214,0.53598,0.40099,0.05266,0.99438,0.82315,0.1625,0.78443,0.52494,"박진성역:정일우,김아진역:강지영,강태완역:이학주,이상영역:김승수,차주희역:김수진,남규장역:양대혁,유성은역:공민정,노재수역:박성준,박진우역:최재현"
20200602,TV CHOSUN,200610,205454,바람과구름과비,,5회,전국,004844,드라마&영화,드라마,미니시리즈,0,0.2918,0.01783,0.20442,0.35511,0.71284,0.84663,0,0.17911,0.22855,0.45492,0.74255,1.15038,0.74067,"최천중역:박시후,봉련역:고성희,흥선대원군이하응역:전광렬,채인규역:성혁,김병운역:김승수,김좌근역:차광수,나합역:윤아정,김병학역:한재영,조대비역:김보연,철종역:정욱,이하전역:이루,명성황후민자영역:박정연,고종이재황역:박상훈,용팔룡역:조복래,주모역:김주령,적도사진상역:한동규,팽구철역:노형욱,만석역:박노식,연치성역:임현수,반달역:왕빛나,임종사관역:허태희,최천중어린시절역:강태우,봉련어린시절역:홍승희,채인규어린시절역:최정우,상복역:허성태,민승호역:이해우,저자이병주,출판그림같은세상2020.08.28.,e북무료판매처 1건"
20200602,tvN,021114,034513,슬기로운감빵생활,,1회,전국,013359,드라마&영화,드라마,미니시리즈,0,0.00897,0.45974,0.17847,0.33022,0.32279,0.18721,0.00956,0.00808,0,0.50783,0.03728,0.3165,0.20907,"제혁역:박해수,준호역:정경호,지호역:정수정,제희역:임화영,준돌역:김경남,조주임역:성동일,법자역:김성철,명교수역:정재성,건달역:이호철,똘마니역:안창환,장기수역:최무성,문래동카이스트역:박호산,장발장역:강승윤,고박사역:정민성,한양역:이규형,유대위역:정해인,팽부장역:정웅인,점박이역:최성원,교도소장역:안상우,나과장역:박형수,송담당역:강기둥,한양엄마역:염혜란,유정민역:정문성,김은수역:김지민,송지원역:김준한"
20200602,tvN,034926,051707,슬기로운감빵생활,,2회,전국,012741,드라마&영화,드라마,미니시리즈,0.06391,0.04999,0,0.1334,0.20309,0.05786,0.20221,0.03895,0.068,0.04123,0.22668,0.05687,0.31261,0.16681,"제혁역:박해수,준호역:정경호,지호역:정수정,제희역:임화영,준돌역:김경남,조주임역:성동일,법자역:김성철,명교수역:정재성,건달역:이호철,똘마니역:안창환,장기수역:최무성,문래동카이스트역:박호산,장발장역:강승윤,고박사역:정민성,한양역:이규형,유대위역:정해인,팽부장역:정웅인,점박이역:최성원,교도소장역:안상우,나과장역:박형수,송담당역:강기둥,한양엄마역:염혜란,유정민역:정문성,김은수역:김지민,송지원역:김준한"
20200602,tvN,052202,063353,백일의낭군님,,4회,전국,011151,드라마&영화,드라마,미니시리즈,0,0,0,0.01137,0.04106,0.09022,0.30122,0.25161,0,0.00303,0,0.11276,0.20587,0.34413,"원득역:도경수,홍심역:남지현,김차언역:조성하,왕역:조한철,정제윤역:김선호,세자빈김소혜역:한소희,무연역:김재영,박선도영감역:안석환,연씨역:정해균,박복은아전역:이준혁,조부영현감역:조재룡,구돌역:김기두,김수지역:허정민,끝녀역:이민지,중전박씨역:오연아,애월역:한지은,양내관역:조현식,권혁역:강영석,동주역:도지한,정사엽역:최웅,서원대군역:지민혁,윤부준역:정호빈,이율어린시절역:정지훈,윤이서어린시절역:허정은"
20200602,tvN,063945,075625,백일의낭군님,,5회,전국,011640,드라마&영화,드라마,미니시리즈,0,0.59995,0,0.05552,0.42104,0.40713,0.09691,0.82344,0.15629,0.0488,0.25988,0.43858,0.35866,0.24012,"원득역:도경수,홍심역:남지현,김차언역:조성하,왕역:조한철,정제윤역:김선호,세자빈김소혜역:한소희,무연역:김재영,박선도영감역:안석환,연씨역:정해균,박복은아전역:이준혁,조부영현감역:조재룡,구돌역:김기두,김수지역:허정민,끝녀역:이민지,중전박씨역:오연아,애월역:한지은,양내관역:조현식,권혁역:강영석,동주역:도지한,정사엽역:최웅,서원대군역:지민혁,윤부준역:정호빈,이율어린시절역:정지훈,윤이서어린시절역:허정은"
20200602,tvN,080656,092531,백일의낭군님,,6회,전국,011835,드라마&영화,드라마,미니시리즈,0,0.4734,0.04544,0.01366,0.87084,0.55262,0.20799,1.56207,0.15746,0.06278,0.61491,0.93585,0.30732,0.16571,"원득역:도경수,홍심역:남지현,김차언역:조성하,왕역:조한철,정제윤역:김선호,세자빈김소혜역:한소희,무연역:김재영,박선도영감역:안석환,연씨역:정해균,박복은아전역:이준혁,조부영현감역:조재룡,구돌역:김기두,김수지역:허정민,끝녀역:이민지,중전박씨역:오연아,애월역:한지은,양내관역:조현식,권혁역:강영석,동주역:도지한,정사엽역:최웅,서원대군역:지민혁,윤부준역:정호빈,이율어린시절역:정지훈,윤이서어린시절역:허정은"
20200602,tvN,094025,105948,아는건별로없지만가족입니다,,1회,전국,011923,드라마&영화,드라마,미니시리즈,0.60206,0.34538,0.07805,0.48362,0.45221,0.38183,0.63248,0,0.01714,0.58445,0.73232,0.90731,1.34787,0.58993,"김은희역:한예리,박찬혁역:김지석,김은주역:추자현,김상식역:정진영,이진숙역:원미경,김지우역:신재하,임건주역:신동욱,윤태형역:김태훈,젊은상식역:한준우,젊은진숙역:조아영,유선일역:서상원,안효석역:이종원,서경옥역:가득희,윤서영역:혜정,전하라역:배윤경,유민우역:권율"
20200602,tvN,170631,190306,슬기로운의사생활,,12회,전국,015635,드라마&영화,드라마,미니시리즈,1.019,1.08748,0.51456,0.69525,0.99426,0.87151,0.3501,0.44262,0.85871,0.13816,1.35824,2.47441,0.71406,0.36838,"이익준역:조정석,안정원역:유연석,김준완역:정경호,양석형역:김대명,채송화역:전미도,정로사역:김해숙,주종수역:김갑수,도재학역:정문성,용석민역:문태유,장겨울역:신현빈,안치홍역:김준한,봉광현역:최영준,추민하역:안은진,허선빈역:하윤경,명은원역:김혜인,장윤복역:조이현,장홍도역:배현성,송수빈역:김수진,소이현역:윤혜리,배준희역:신도현,주전역:조승연,황재신역:양조아,이우주역:김준,민기준역:서진원,종세혁역:전광진,이영하역:이노아,김재환역:이달,국해성역:이혜은,함덕주역:김비비,한현희역:이지원,한승주역:김지성,은선진역:설유진,이익순역:곽선영,조영혜역:문희경,양태양역:남명렬,김태연역:이소윤,천명태역:최영우,선우희수역:박한솔,장겨울남동생역:박정우,고아라역:고아라"
20200602,tvN,192815,204738,아는건별로없지만가족입니다,,1회,전국,011923,드라마&영화,드라마,미니시리즈,1.91532,0.92278,0.21874,0.55147,0.43044,1.12475,0.35457,0.52512,1.00025,0.73329,0.63815,1.70153,0.86265,0.35288,"김은희역:한예리,박찬혁역:김지석,김은주역:추자현,김상식역:정진영,이진숙역:원미경,김지우역:신재하,임건주역:신동욱,윤태형역:김태훈,젊은상식역:한준우,젊은진숙역:조아영,유선일역:서상원,안효석역:이종원,서경옥역:가득희,윤서영역:혜정,전하라역:배윤경,유민우역:권율"
20200602,tvN,210445,221844,아는건별로없지만가족입니다,,2회,전국,011359,드라마&영화,드라마,미니시리즈,1.75105,1.05941,0.67568,0.90545,1.194,2.8166,1.28059,0.18467,0.90667,0.75443,0.73112,3.94747,3.49478,1.56294,"김은희역:한예리,박찬혁역:김지석,김은주역:추자현,김상식역:정진영,이진숙역:원미경,김지우역:신재하,임건주역:신동욱,윤태형역:김태훈,젊은상식역:한준우,젊은진숙역:조아영,유선일역:서상원,안효석역:이종원,서경옥역:가득희,윤서영역:혜정,전하라역:배윤경,유민우역:권율"
20200602,tvN,252330,255959,슬기로운의사생활,,12회,전국,003629,드라마&영화,드라마,미니시리즈,0,0.21391,0.53932,0.31257,0.28656,0.48498,0.39473,0,0,0.39246,0.5644,0.13988,1.05032,0.20809,"이익준역:조정석,안정원역:유연석,김준완역:정경호,양석형역:김대명,채송화역:전미도,정로사역:김해숙,주종수역:김갑수,도재학역:정문성,용석민역:문태유,장겨울역:신현빈,안치홍역:김준한,봉광현역:최영준,추민하역:안은진,허선빈역:하윤경,명은원역:김혜인,장윤복역:조이현,장홍도역:배현성,송수빈역:김수진,소이현역:윤혜리,배준희역:신도현,주전역:조승연,황재신역:양조아,이우주역:김준,민기준역:서진원,종세혁역:전광진,이영하역:이노아,김재환역:이달,국해성역:이혜은,함덕주역:김비비,한현희역:이지원,한승주역:김지성,은선진역:설유진,이익순역:곽선영,조영혜역:문희경,양태양역:남명렬,김태연역:이소윤,천명태역:최영우,선우희수역:박한솔,장겨울남동생역:박정우,고아라역:고아라"
20200602,국방TV,210028,212827,바람은불어도,,75회,전국,002759,드라마&영화,드라마,미니시리즈,0,0,0.02649,0.00448,0,0,0.01559,0,0,0,0.00606,0,0.01156,0,"최수종,유호정,윤손하,송나영,송기윤,나문희"
20200602,국방TV,213036,215655,바람은불어도,,76회,전국,002619,드라마&영화,드라마,미니시리즈,0,0,0.04124,0,0,0,0.00767,0,0,0.02168,0,0,0.01349,0,"최수종,유호정,윤손하,송나영,송기윤,나문희"
20200602,국방TV,240019,242828,바람은불어도,,75회,전국,002809,드라마&영화,드라마,미니시리즈,0,0,0,0,0,0,0,0,0,0,0.01162,0,0,0,"최수종,유호정,윤손하,송나영,송기윤,나문희"
20200602,국방TV,243036,245654,바람은불어도,,76회,전국,002618,드라마&영화,드라마,미니시리즈,0,0,0,0,0,0,0,0,0,0,0,0,0,0,"최수종,유호정,윤손하,송나영,송기윤,나문희"
20200602,국방TV,250036,252646,바람은불어도,,77회,전국,002610,드라마&영화,드라마,미니시리즈,0,0,0,0,0,0,0.00926,0,0,0,0,0,0,0.00702,"최수종,유호정,윤손하,송나영,송기윤,나문희"
20200602,국방TV,253036,255702,바람은불어도,,78회,전국,002626,드라마&영화,드라마,미니시리즈,0,0,0,0,0,0,0,0,0,0,0,0,0,0,"최수종,유호정,윤손하,송나영,송기윤,나문희"
20200602,AXN,074834,085139,내딸서영이,,35회,전국,010305,드라마&영화,드라마,주말연속극,0.14206,0.0077,0.00605,0.11234,0.00344,0.09161,0.04308,0,0,0.01126,0.0842,0,0.05066,0.02864,"이서영역:이보영,강우재역:이상윤,이삼재역:천호진,이상우역:박해진,강미경역:박정아,최호정역:최윤영,강기범역:최정우,차지선역:김혜옥,강성재역:이정신,최민석역:홍요섭,김강순역:송옥숙,최경호역:심형탁,윤소미역:조은숙,정선우역:장희진,이연희역:민영원,고승찬역:곽승남,재희역:주아성,서은수역:설현,서영모역:김민경,만세역:권율,방심덕역:이일화,아이돌배우역:양요섭,호태역:남태부,배영택역:전노민,음악학원원장역:전태관,성태역:조동혁"
20200602,AXN,091036,101347,내딸서영이,,36회,전국,010311,드라마&영화,드라마,주말연속극,0,0,0.15791,0.0036,0,0.10339,0.1913,0,0,0.0138,0.12044,0.00304,0.00708,0.10543,"이서영역:이보영,강우재역:이상윤,이삼재역:천호진,이상우역:박해진,강미경역:박정아,최호정역:최윤영,강기범역:최정우,차지선역:김혜옥,강성재역:이정신,최민석역:홍요섭,김강순역:송옥숙,최경호역:심형탁,윤소미역:조은숙,정선우역:장희진,이연희역:민영원,고승찬역:곽승남,재희역:주아성,서은수역:설현,서영모역:김민경,만세역:권율,방심덕역:이일화,아이돌배우역:양요섭,호태역:남태부,배영택역:전노민,음악학원원장역:전태관,성태역:조동혁"
20200602,AXN,132911,143258,내딸서영이,,35회,전국,010347,드라마&영화,드라마,주말연속극,0,0.029,0.02721,0.00476,0.00795,0.01534,0.01432,0,0.00882,0.00444,0.01243,0.00837,0.01546,0.02129,"이서영역:이보영,강우재역:이상윤,이삼재역:천호진,이상우역:박해진,강미경역:박정아,최호정역:최윤영,강기범역:최정우,차지선역:김혜옥,강성재역:이정신,최민석역:홍요섭,김강순역:송옥숙,최경호역:심형탁,윤소미역:조은숙,정선우역:장희진,이연희역:민영원,고승찬역:곽승남,재희역:주아성,서은수역:설현,서영모역:김민경,만세역:권율,방심덕역:이일화,아이돌배우역:양요섭,호태역:남태부,배영택역:전노민,음악학원원장역:전태관,성태역:조동혁"
20200602,AXN,145029,155420,내딸서영이,,36회,전국,010351,드라마&영화,드라마,주말연속극,0.6292,0.07604,0,0.0446,0.11038,0.03454,0.01967,0,0.00336,0.00439,0.04389,0.25857,0.02654,0.04494,"이서영역:이보영,강우재역:이상윤,이삼재역:천호진,이상우역:박해진,강미경역:박정아,최호정역:최윤영,강기범역:최정우,차지선역:김혜옥,강성재역:이정신,최민석역:홍요섭,김강순역:송옥숙,최경호역:심형탁,윤소미역:조은숙,정선우역:장희진,이연희역:민영원,고승찬역:곽승남,재희역:주아성,서은수역:설현,서영모역:김민경,만세역:권율,방심덕역:이일화,아이돌배우역:양요섭,호태역:남태부,배영택역:전노민,음악학원원장역:전태관,성태역:조동혁"
20200602,AXN,211158,221541,내딸서영이,,35회,전국,010343,드라마&영화,드라마,주말연속극,0,0.03555,0.00276,0,0.24048,0.07384,0.18289,0,0,0.00262,0.02693,0.02356,0.30872,0.26784,"이서영역:이보영,강우재역:이상윤,이삼재역:천호진,이상우역:박해진,강미경역:박정아,최호정역:최윤영,강기범역:최정우,차지선역:김혜옥,강성재역:이정신,최민석역:홍요섭,김강순역:송옥숙,최경호역:심형탁,윤소미역:조은숙,정선우역:장희진,이연희역:민영원,고승찬역:곽승남,재희역:주아성,서은수역:설현,서영모역:김민경,만세역:권율,방심덕역:이일화,아이돌배우역:양요섭,호태역:남태부,배영택역:전노민,음악학원원장역:전태관,성태역:조동혁"
20200602,AXN,223132,233538,내딸서영이,,36회,전국,010406,드라마&영화,드라마,주말연속극,0,0,0,0,0.0263,0.19104,0.25183,0,0.25329,0.02197,0,0.18439,0.11024,0.32292,"이서영역:이보영,강우재역:이상윤,이삼재역:천호진,이상우역:박해진,강미경역:박정아,최호정역:최윤영,강기범역:최정우,차지선역:김혜옥,강성재역:이정신,최민석역:홍요섭,김강순역:송옥숙,최경호역:심형탁,윤소미역:조은숙,정선우역:장희진,이연희역:민영원,고승찬역:곽승남,재희역:주아성,서은수역:설현,서영모역:김민경,만세역:권율,방심덕역:이일화,아이돌배우역:양요섭,호태역:남태부,배영택역:전노민,음악학원원장역:전태관,성태역:조동혁"
20200602,CHING,020000,024846,번외수사,,1회,전국,004846,드라마&영화,드라마,미니시리즈,0,0,0,0,0,0,0.00471,0,0.40905,0,0,0.17862,0,0.00303,"진강호역:차태현,강무영역:이선빈,이반석역:정상훈,테디정역:윤경호,탁원역:지승현,민대진역:박정우,맨손역:박태산,연장역:장진희,지수철역:이영석,노순이역:민경옥"
20200602,CHING,025828,035841,번외수사,,2회,전국,010013,드라마&영화,드라마,미니시리즈,0,0.00533,0,0.00234,0.00189,0.01299,0,0,0.40905,0,0,0.18155,0.01012,0.00079,"진강호역:차태현,강무영역:이선빈,이반석역:정상훈,테디정역:윤경호,탁원역:지승현,민대진역:박정우,맨손역:박태산,연장역:장진희,지수철역:이영석,노순이역:민경옥"
20200602,CHING,084001,095018,이산,,1회,전국,011017,드라마&영화,드라마,주간연속극,0,0.00464,0,0,0.01653,0,0.02987,0.01176,0,0,0,0.00255,0.00113,0.06967,"정조이산역:이서진,성송연역:한지민,영조역:이순재,정순왕후역:김여진,화완옹주역:성현아,정후겸역:조연우,박대수역:이종수,효의왕후역:박은혜,혜경궁홍씨역:견미리,사도세자역:이창훈,홍국영역:한상진,최석주역:조경환,채제공역:한인수,정약용역:송창의,장태우역:이재용,민주식역:정호근,박제가역:정재곤,남사초역:맹상훈,박달호역:이희도,김정금상궁역:김소이,강미비상궁역:이숙,원빈홍씨역:지성원,화빈윤씨역:유연지,박영문역:신국,초비역:이도은,이천역:지상렬,탁지수역:유민혁,이산어린시절역:박지빈,성송연어린시절역:이한나,박대수어린시절역:권오민,정후겸어린시절역:이인성"
20200602,CHING,100358,111300,이산,,2회,전국,010902,드라마&영화,드라마,주간연속극,0,0,0,0,0,0,0.03831,0,0,0,0.06039,0,0,0.22175,"정조이산역:이서진,성송연역:한지민,영조역:이순재,정순왕후역:김여진,화완옹주역:성현아,정후겸역:조연우,박대수역:이종수,효의왕후역:박은혜,혜경궁홍씨역:견미리,사도세자역:이창훈,홍국영역:한상진,최석주역:조경환,채제공역:한인수,정약용역:송창의,장태우역:이재용,민주식역:정호근,박제가역:정재곤,남사초역:맹상훈,박달호역:이희도,김정금상궁역:김소이,강미비상궁역:이숙,원빈홍씨역:지성원,화빈윤씨역:유연지,박영문역:신국,초비역:이도은,이천역:지상렬,탁지수역:유민혁,이산어린시절역:박지빈,성송연어린시절역:이한나,박대수어린시절역:권오민,정후겸어린시절역:이인성"
20200602,CHING,144555,151759,인어아가씨,,45회,전국,003204,드라마&영화,드라마,주간연속극,0,0,0,0,0,0,0.00421,0,0,0,0,0,0,0,"은아리영역:장서희,한경혜역:정영숙,은진섭역:박근형,심수정역:한혜숙,은예영역:우희진,이주왕역:김성민,이성수역:김병기,금옥선역:사미자,금실라역:김용림,조수아역:고두심,마마준역:정보석,마마린역:이재은"
20200602,CHING,151912,155059,인어아가씨,,46회,전국,003147,드라마&영화,드라마,주간연속극,0,0,0,0,0.0047,0,0,0,0,0,0,0,0,0,"은아리영역:장서희,한경혜역:정영숙,은진섭역:박근형,심수정역:한혜숙,은예영역:우희진,이주왕역:김성민,이성수역:김병기,금옥선역:사미자,금실라역:김용림,조수아역:고두심,마마준역:정보석,마마린역:이재은"
20200602,CHING,160130,163216,인어아가씨,,47회,전국,003046,드라마&영화,드라마,주간연속극,0,0,0.00588,0,0.00764,0,0.00299,0,0,0,0,0.00835,0,0,"은아리영역:장서희,한경혜역:정영숙,은진섭역:박근형,심수정역:한혜숙,은예영역:우희진,이주왕역:김성민,이성수역:김병기,금옥선역:사미자,금실라역:김용림,조수아역:고두심,마마준역:정보석,마마린역:이재은"
20200602,CHING,163331,170341,인어아가씨,,48회,전국,003010,드라마&영화,드라마,주간연속극,0,0,0,0.00837,0,0.00618,0.03178,0,0,0,0,0,0,0.03654,"은아리영역:장서희,한경혜역:정영숙,은진섭역:박근형,심수정역:한혜숙,은예영역:우희진,이주왕역:김성민,이성수역:김병기,금옥선역:사미자,금실라역:김용림,조수아역:고두심,마마준역:정보석,마마린역:이재은"
20200602,CHING,171545,182556,이산,,1회,전국,011011,드라마&영화,드라마,주간연속극,0,0,0,0,0,0.21025,0.08389,0,0,0,0.17573,0,0.01915,0.12419,"정조이산역:이서진,성송연역:한지민,영조역:이순재,정순왕후역:김여진,화완옹주역:성현아,정후겸역:조연우,박대수역:이종수,효의왕후역:박은혜,혜경궁홍씨역:견미리,사도세자역:이창훈,홍국영역:한상진,최석주역:조경환,채제공역:한인수,정약용역:송창의,장태우역:이재용,민주식역:정호근,박제가역:정재곤,남사초역:맹상훈,박달호역:이희도,김정금상궁역:김소이,강미비상궁역:이숙,원빈홍씨역:지성원,화빈윤씨역:유연지,박영문역:신국,초비역:이도은,이천역:지상렬,탁지수역:유민혁,이산어린시절역:박지빈,성송연어린시절역:이한나,박대수어린시절역:권오민,정후겸어린시절역:이인성"
20200602,CHING,183913,194809,이산,,2회,전국,010856,드라마&영화,드라마,주간연속극,0,0,0,0.07174,0.05836,0.21967,0.18337,0,0.00695,0.00316,0,0.00945,0.00145,0.13962,"정조이산역:이서진,성송연역:한지민,영조역:이순재,정순왕후역:김여진,화완옹주역:성현아,정후겸역:조연우,박대수역:이종수,효의왕후역:박은혜,혜경궁홍씨역:견미리,사도세자역:이창훈,홍국영역:한상진,최석주역:조경환,채제공역:한인수,정약용역:송창의,장태우역:이재용,민주식역:정호근,박제가역:정재곤,남사초역:맹상훈,박달호역:이희도,김정금상궁역:김소이,강미비상궁역:이숙,원빈홍씨역:지성원,화빈윤씨역:유연지,박영문역:신국,초비역:이도은,이천역:지상렬,탁지수역:유민혁,이산어린시절역:박지빈,성송연어린시절역:이한나,박대수어린시절역:권오민,정후겸어린시절역:이인성"
20200602,CHING,231238,234443,인어아가씨,,45회,전국,003205,드라마&영화,드라마,주간연속극,0,0,0,0,0,0,0.00703,0,0.02557,0,0,0.01675,0,0,"은아리영역:장서희,한경혜역:정영숙,은진섭역:박근형,심수정역:한혜숙,은예영역:우희진,이주왕역:김성민,이성수역:김병기,금옥선역:사미자,금실라역:김용림,조수아역:고두심,마마준역:정보석,마마린역:이재은"
20200602,CHING,234556,241742,인어아가씨,,46회,전국,003146,드라마&영화,드라마,주간연속극,0,0,0,0,0,0,0,0,0,0,0,0,0,0,"은아리영역:장서희,한경혜역:정영숙,은진섭역:박근형,심수정역:한혜숙,은예영역:우희진,이주왕역:김성민,이성수역:김병기,금옥선역:사미자,금실라역:김용림,조수아역:고두심,마마준역:정보석,마마린역:이재은"
20200602,CHING,242314,245400,인어아가씨,,47회,전국,003046,드라마&영화,드라마,주간연속극,0,0,0,0.00414,0,0,0.01082,0,0,0,0,0,0,0.01246,"은아리영역:장서희,한경혜역:정영숙,은진섭역:박근형,심수정역:한혜숙,은예영역:우희진,이주왕역:김성민,이성수역:김병기,금옥선역:사미자,금실라역:김용림,조수아역:고두심,마마준역:정보석,마마린역:이재은"
20200602,CHING,245514,252525,인어아가씨,,48회,전국,003011,드라마&영화,드라마,주간연속극,0,0,0,0.11827,0,0,0.02784,0,0,0,0,0,0,0.03521,"은아리영역:장서희,한경혜역:정영숙,은진섭역:박근형,심수정역:한혜숙,은예영역:우희진,이주왕역:김성민,이성수역:김병기,금옥선역:사미자,금실라역:김용림,조수아역:고두심,마마준역:정보석,마마린역:이재은"
20200602,CHING,253123,255959,이산,,1회,전국,002836,드라마&영화,드라마,주간연속극,0,0,0,0.16499,0,0.07575,0.03666,0,0,0.09803,0,0,0.061,0.05539,"정조이산역:이서진,성송연역:한지민,영조역:이순재,정순왕후역:김여진,화완옹주역:성현아,정후겸역:조연우,박대수역:이종수,효의왕후역:박은혜,혜경궁홍씨역:견미리,사도세자역:이창훈,홍국영역:한상진,최석주역:조경환,채제공역:한인수,정약용역:송창의,장태우역:이재용,민주식역:정호근,박제가역:정재곤,남사초역:맹상훈,박달호역:이희도,김정금상궁역:김소이,강미비상궁역:이숙,원빈홍씨역:지성원,화빈윤씨역:유연지,박영문역:신국,초비역:이도은,이천역:지상렬,탁지수역:유민혁,이산어린시절역:박지빈,성송연어린시절역:이한나,박대수어린시절역:권오민,정후겸어린시절역:이인성"
20200602,CNTV,024112,031243,해치,,29회,전국,003131,드라마&영화,드라마,미니시리즈,0,0,0,0,0.02685,0.22105,0.07389,0,0,0,0,0,0.23667,0.00562,"연잉군이금역:정일우,박문수역:권율,여지역:고아라,달문역:박훈,민진헌역:이경영,밀풍군이탄역:정문성,천윤영역:배정화,위병주역:한상진,주영한역:정순원,윤혁역:최민철,장달역:전배수,아봉역:안승균,이이겸역:김종수,한정석역:이필모,경종역:한승현,인원왕후역:남기애,연령군역:노영학,세자빈역:송지인,서씨역:최수임,초홍역:박지연,자동역:하성광,개돌역:도기석,한준재역:서은율,김창중역:이원재,이광좌역:임호,도지광역:한지상,군태역:홍진기,이인좌역:고주원"
20200602,CNTV,031308,034053,해치,,30회,전국,002745,드라마&영화,드라마,미니시리즈,0,0,0,0.01239,0.12345,0,0.07154,0,0,0,0.00966,0.00676,0,0.01177,"연잉군이금역:정일우,박문수역:권율,여지역:고아라,달문역:박훈,민진헌역:이경영,밀풍군이탄역:정문성,천윤영역:배정화,위병주역:한상진,주영한역:정순원,윤혁역:최민철,장달역:전배수,아봉역:안승균,이이겸역:김종수,한정석역:이필모,경종역:한승현,인원왕후역:남기애,연령군역:노영학,세자빈역:송지인,서씨역:최수임,초홍역:박지연,자동역:하성광,개돌역:도기석,한준재역:서은율,김창중역:이원재,이광좌역:임호,도지광역:한지상,군태역:홍진기,이인좌역:고주원"
20200602,CNTV,035252,042303,해치,,31회,전국,003011,드라마&영화,드라마,미니시리즈,0,0,0,0.0196,0.09261,0.01703,0.05624,0,0.32724,0.02016,0,0.17287,0.07663,0.05101,"연잉군이금역:정일우,박문수역:권율,여지역:고아라,달문역:박훈,민진헌역:이경영,밀풍군이탄역:정문성,천윤영역:배정화,위병주역:한상진,주영한역:정순원,윤혁역:최민철,장달역:전배수,아봉역:안승균,이이겸역:김종수,한정석역:이필모,경종역:한승현,인원왕후역:남기애,연령군역:노영학,세자빈역:송지인,서씨역:최수임,초홍역:박지연,자동역:하성광,개돌역:도기석,한준재역:서은율,김창중역:이원재,이광좌역:임호,도지광역:한지상,군태역:홍진기,이인좌역:고주원"
20200602,CNTV,042328,045254,해치,,32회,전국,002926,드라마&영화,드라마,미니시리즈,0,0,0,0,0.24048,0,0.04603,0,0.40905,0,0.00973,0.17862,0,0.0462,"연잉군이금역:정일우,박문수역:권율,여지역:고아라,달문역:박훈,민진헌역:이경영,밀풍군이탄역:정문성,천윤영역:배정화,위병주역:한상진,주영한역:정순원,윤혁역:최민철,장달역:전배수,아봉역:안승균,이이겸역:김종수,한정석역:이필모,경종역:한승현,인원왕후역:남기애,연령군역:노영학,세자빈역:송지인,서씨역:최수임,초홍역:박지연,자동역:하성광,개돌역:도기석,한준재역:서은율,김창중역:이원재,이광좌역:임호,도지광역:한지상,군태역:홍진기,이인좌역:고주원"
20200602,CNTV,060618,070426,용의눈물,,57회,전국,005808,드라마&영화,드라마,주간연속극,0,0,0,0.00302,0,0.17019,0.0175,0,0,0,0,0.27345,0,0.02192,"유동근,최명길,이민우,안재모,김무생,김혜리"
20200602,CNTV,071620,080957,용의눈물,,58회,전국,005337,드라마&영화,드라마,주간연속극,0,0,0,0.00482,0,0.21459,0.06805,0,0,0,0,0.10716,0,0.0899,"유동근,최명길,이민우,안재모,김무생,김혜리"
20200602,CNTV,093124,103212,바람과구름과비,,3회,전국,010048,드라마&영화,드라마,미니시리즈,0,0,0,0.11434,0.04262,0.0636,0.14708,0,0.05395,0.00112,0.00401,0.18896,0.046,0.10799,"최천중역:박시후,봉련역:고성희,흥선대원군이하응역:전광렬,채인규역:성혁,김병운역:김승수,김좌근역:차광수,나합역:윤아정,김병학역:한재영,조대비역:김보연,철종역:정욱,이하전역:이루,명성황후민자영역:박정연,고종이재황역:박상훈,용팔룡역:조복래,주모역:김주령,적도사진상역:한동규,팽구철역:노형욱,만석역:박노식,연치성역:임현수,반달역:왕빛나,임종사관역:허태희,최천중어린시절역:강태우,봉련어린시절역:홍승희,채인규어린시절역:최정우,상복역:허성태,민승호역:이해우,저자이병주,출판그림같은세상2020.08.28.,e북무료판매처 1건"
20200602,CNTV,105013,115306,야인시대,,39회,전국,010253,드라마&영화,드라마,주간연속극,0,0,0.01144,0,0.04991,0.35634,0.33101,0,0,0,0,0,0.07887,0.15905,"청년김두한역:안재모,소년김두한역:곽정욱,장년김두한역:김영철,장년정진영역:차광수,구마적역:이원종,쌍칼역:박준규,김무옥역:이혁재,문영철역:장세진,장년개코역:성동일,신마적역:최철호,하야시역:이창훈,가미소리역:이상인,시바루역:이세창,나미꼬역:이세은,시라소니역:조상구,최동열역:정동환,미와역:이재용,마루오까역:최재성,설향역:허영란,애란역:조여정,정운경역:심형탁,김좌진역:최동준,오숙근역:이덕희,박계숙역:전미선,원노인역:이순재,유진산역:이효정,이정재역:김영호,조병옥역:김학철,이화룡역:안승훈,청년개코역:이동훈,신영균역:윤용현,청년정진영역:김정민,김영태역:박영록,박인애역:정소영,이영숙역:이일화,김두한어린시절역:곽정욱"
20200602,CNTV,120948,130244,광개토태왕,,72회,전국,005256,드라마&영화,드라마,주말연속극,0,0,0.01615,0.01012,0.28585,0.19334,0.42123,0,0,0.02324,0,0,0.44333,0.16883,"담덕역:이태곤,고운역:김승수,모용보역:임호,도영역:오지은,연살타역:홍경인,약연역:이인혜,고무역:김진태,고창역:남성진,모두영역:이원발,모두루역:임대호,모용수역:김동현,풍발역:정호근,개연수역:최동준,가라지역:오욱철,연도부역:반석진,계필역:선동혁,이영역:최상훈,담망역:정태우,이련역:송용태,고야역:이보희,담주역:조안,설도안역:김규철,설지역:김정화,마수역:고인범,여소이역:임병기,돌비수역:김정현,갈사무역:강신조,도광역:박승호,소모역:강지후,여문역:나주석,모용희역:조인표,거보역:김덕현,무갑역:유종근,여석개역:방형주,황회역:김명수,원봉역:박유승,하무지역:윤승원,사갈현역:김철기,아신역:박정철"
20200602,CNTV,132203,142036,용의눈물,,57회,전국,005833,드라마&영화,드라마,주간연속극,0,0,0.0054,0,0,0.01684,0.70811,0,0,0.01666,0.01243,0.00213,0.24378,0.40108,"유동근,최명길,이민우,안재모,김무생,김혜리"
20200602,CNTV,143727,153144,용의눈물,,58회,전국,005417,드라마&영화,드라마,주간연속극,0,0.01182,0.13596,0.00472,0.00922,0.02147,0.84862,0.02994,0,0.00456,0,0.0065,0.24987,0.692,"유동근,최명길,이민우,안재모,김무생,김혜리"
20200602,CNTV,155205,165253,바람과구름과비,,3회,전국,010048,드라마&영화,드라마,미니시리즈,0,0,0.31312,0.0928,0.00499,0.1714,0.3504,0,0.09748,0.12314,0.01423,0.09521,0.17652,0.36914,"최천중역:박시후,봉련역:고성희,흥선대원군이하응역:전광렬,채인규역:성혁,김병운역:김승수,김좌근역:차광수,나합역:윤아정,김병학역:한재영,조대비역:김보연,철종역:정욱,이하전역:이루,명성황후민자영역:박정연,고종이재황역:박상훈,용팔룡역:조복래,주모역:김주령,적도사진상역:한동규,팽구철역:노형욱,만석역:박노식,연치성역:임현수,반달역:왕빛나,임종사관역:허태희,최천중어린시절역:강태우,봉련어린시절역:홍승희,채인규어린시절역:최정우,상복역:허성태,민승호역:이해우,저자이병주,출판그림같은세상2020.08.28.,e북무료판매처 1건"
20200602,CNTV,171338,181646,야인시대,,39회,전국,010308,드라마&영화,드라마,주간연속극,0,0.31503,0.36648,0.08217,0.21341,0.37589,0.71396,0,0,0.15224,0,0.1829,0.30057,0.32724,"청년김두한역:안재모,소년김두한역:곽정욱,장년김두한역:김영철,장년정진영역:차광수,구마적역:이원종,쌍칼역:박준규,김무옥역:이혁재,문영철역:장세진,장년개코역:성동일,신마적역:최철호,하야시역:이창훈,가미소리역:이상인,시바루역:이세창,나미꼬역:이세은,시라소니역:조상구,최동열역:정동환,미와역:이재용,마루오까역:최재성,설향역:허영란,애란역:조여정,정운경역:심형탁,김좌진역:최동준,오숙근역:이덕희,박계숙역:전미선,원노인역:이순재,유진산역:이효정,이정재역:김영호,조병옥역:김학철,이화룡역:안승훈,청년개코역:이동훈,신영균역:윤용현,청년정진영역:김정민,김영태역:박영록,박인애역:정소영,이영숙역:이일화,김두한어린시절역:곽정욱"
20200602,CNTV,183315,192557,광개토태왕,,72회,전국,005242,드라마&영화,드라마,주말연속극,0,0.59427,0.21061,0.09008,0.32951,0.2811,0.4918,0.53157,0,0.34838,0.05818,0.28702,0.6861,0.29819,"담덕역:이태곤,고운역:김승수,모용보역:임호,도영역:오지은,연살타역:홍경인,약연역:이인혜,고무역:김진태,고창역:남성진,모두영역:이원발,모두루역:임대호,모용수역:김동현,풍발역:정호근,개연수역:최동준,가라지역:오욱철,연도부역:반석진,계필역:선동혁,이영역:최상훈,담망역:정태우,이련역:송용태,고야역:이보희,담주역:조안,설도안역:김규철,설지역:김정화,마수역:고인범,여소이역:임병기,돌비수역:김정현,갈사무역:강신조,도광역:박승호,소모역:강지후,여문역:나주석,모용희역:조인표,거보역:김덕현,무갑역:유종근,여석개역:방형주,황회역:김명수,원봉역:박유승,하무지역:윤승원,사갈현역:김철기,아신역:박정철"
20200602,CNTV,194354,204227,용의눈물,,57회,전국,005833,드라마&영화,드라마,주간연속극,0,0,0,0.11293,0.00829,0.00997,0.12168,0.01529,0,0,0.00653,0.00652,0.0102,0.23873,"유동근,최명길,이민우,안재모,김무생,김혜리"
20200602,CNTV,205904,215321,용의눈물,,58회,전국,005417,드라마&영화,드라마,주간연속극,0,0,0,0,0.00479,0.10443,0.1099,0,0,0.0015,0,0.05043,0.06816,0.34196,"유동근,최명길,이민우,안재모,김무생,김혜리"
20200602,CNTV,220728,230731,바람과구름과비,,3회,전국,010003,드라마&영화,드라마,미니시리즈,0.01603,0.01573,0,0.0122,0.05087,0.02959,0.17884,0,0.0045,0,0.01429,0.07389,0.03241,0.11373,"최천중역:박시후,봉련역:고성희,흥선대원군이하응역:전광렬,채인규역:성혁,김병운역:김승수,김좌근역:차광수,나합역:윤아정,김병학역:한재영,조대비역:김보연,철종역:정욱,이하전역:이루,명성황후민자영역:박정연,고종이재황역:박상훈,용팔룡역:조복래,주모역:김주령,적도사진상역:한동규,팽구철역:노형욱,만석역:박노식,연치성역:임현수,반달역:왕빛나,임종사관역:허태희,최천중어린시절역:강태우,봉련어린시절역:홍승희,채인규어린시절역:최정우,상복역:허성태,민승호역:이해우,저자이병주,출판그림같은세상2020.08.28.,e북무료판매처 1건"
20200602,CNTV,232346,242639,야인시대,,39회,전국,010253,드라마&영화,드라마,주간연속극,0.07104,0.04636,0.07654,0.06595,0.02738,0.05081,0.24222,0.06694,0,0,0.02816,0.002,0.04783,0.05173,"청년김두한역:안재모,소년김두한역:곽정욱,장년김두한역:김영철,장년정진영역:차광수,구마적역:이원종,쌍칼역:박준규,김무옥역:이혁재,문영철역:장세진,장년개코역:성동일,신마적역:최철호,하야시역:이창훈,가미소리역:이상인,시바루역:이세창,나미꼬역:이세은,시라소니역:조상구,최동열역:정동환,미와역:이재용,마루오까역:최재성,설향역:허영란,애란역:조여정,정운경역:심형탁,김좌진역:최동준,오숙근역:이덕희,박계숙역:전미선,원노인역:이순재,유진산역:이효정,이정재역:김영호,조병옥역:김학철,이화룡역:안승훈,청년개코역:이동훈,신영균역:윤용현,청년정진영역:김정민,김영태역:박영록,박인애역:정소영,이영숙역:이일화,김두한어린시절역:곽정욱"
20200602,CNTV,244045,253326,광개토태왕,,72회,전국,005241,드라마&영화,드라마,주말연속극,0,0,0,0.05256,0.01713,0.28242,0.26783,0,0,0,0,0,0.00455,0.27716,"담덕역:이태곤,고운역:김승수,모용보역:임호,도영역:오지은,연살타역:홍경인,약연역:이인혜,고무역:김진태,고창역:남성진,모두영역:이원발,모두루역:임대호,모용수역:김동현,풍발역:정호근,개연수역:최동준,가라지역:오욱철,연도부역:반석진,계필역:선동혁,이영역:최상훈,담망역:정태우,이련역:송용태,고야역:이보희,담주역:조안,설도안역:김규철,설지역:김정화,마수역:고인범,여소이역:임병기,돌비수역:김정현,갈사무역:강신조,도광역:박승호,소모역:강지후,여문역:나주석,모용희역:조인표,거보역:김덕현,무갑역:유종근,여석개역:방형주,황회역:김명수,원봉역:박유승,하무지역:윤승원,사갈현역:김철기,아신역:박정철"
20200602,DRAMAcube,053022,063210,시크릿부티크,,4회,전국,010148,드라마&영화,드라마,미니시리즈,0,0.07151,0,0,0.02653,0.01833,0.01183,0,0,0.00745,0.0396,0.03518,0.0128,0.01434,"제니장역:김선아,김여옥역:장미희,위예남역:박희본,이현지역:고민시,윤선우역:김재영,위정혁역:김태훈,위예은역:류원,차승재역:류승수,황집사역:한정수,미세스왕역:김영아,위동섭역:여무영,운산스님역:박병호,도준섭역:김법래,오태석역:주석태,이주호역:장률,박주현역:장영남,김미진역:윤지인,예준역:최동화,조양오역:임철형,이상훈역:정욱진,윤혜라역:송지우,장도윤역:박재준,우선정역:박성연,어린도영역:박서경,18세도영역:정다은,18세예남역:조민아,20세정혁역:김성현,어린선우역:이시우"
20200602,DRAMAcube,063558,070749,내뒤에테리우스,,25회,전국,003151,드라마&영화,드라마,미니시리즈,0,0,0,0.00718,0,0.02348,0.02979,0,0,0,0.01908,0.042,0.03568,0.01971,"김본역:소지섭,고애린역:정인선,진용태역:손호준,유지연역:임세미,심은하역:김여진,봉선미역:정시아,김상렬역:강기영,권영실역:서이숙,심우철역:엄효섭,라도우역:성주,차준수역:김건우,차준희역:옥예린,차정일역:양동근,조서현역:황지아,한유라역:김단우,케이역:조태관,박수일역:이현걸,윤춘상역:김병옥,최연경역:남규리,이지숙역:박순천"
20200602,DRAMAcube,070758,073603,내뒤에테리우스,,26회,전국,002805,드라마&영화,드라마,미니시리즈,0,0,0,0.0082,0,0,0.02087,0,0,0,0.0109,0.00412,0.00827,0.0616,"김본역:소지섭,고애린역:정인선,진용태역:손호준,유지연역:임세미,심은하역:김여진,봉선미역:정시아,김상렬역:강기영,권영실역:서이숙,심우철역:엄효섭,라도우역:성주,차준수역:김건우,차준희역:옥예린,차정일역:양동근,조서현역:황지아,한유라역:김단우,케이역:조태관,박수일역:이현걸,윤춘상역:김병옥,최연경역:남규리,이지숙역:박순천"
20200602,DRAMAcube,114940,125537,야식남녀,,1회,전국,010557,드라마&영화,드라마,미니시리즈,0,0.01635,0.10157,0,0.00806,0.1533,0.01683,0.07074,0,0,0,0.17373,0.03111,0.03816,"박진성역:정일우,김아진역:강지영,강태완역:이학주,이상영역:김승수,차주희역:김수진,남규장역:양대혁,유성은역:공민정,노재수역:박성준,박진우역:최재현"
20200602,DRAMAcube,241725,252156,굿캐스팅,,10회,전국,010431,드라마&영화,드라마,미니시리즈,0,0,0,0.06306,0.01,0.06715,0.07934,0,0,0.00669,0.12335,0.01999,0.00836,0.05503,"백찬미역:최강희,윤석호역:이상엽,임예은역:유인영,황미순역:김지영,강우원역:이준영,동관수역:이종혁,서국환역:정인기,배무혁역:박경순,간태희역:황보미,명계철역:우현,탁상기역:이상훈,옥철역:김용희,변우석역:허재호,구비서역:한수진,설영훈역:조영훈,심화란역:차수연,남봉만역:이승형,남주연역:김보윤,피철웅역:배진웅,권민석역:성혁,권소희역:노하연"
20200602,DRAMAcube,253522,255959,야식남녀,,1회,전국,002437,드라마&영화,드라마,미니시리즈,0,0,0,0,0,0,0,0,0,0,0,0,0.06689,0.00443,"박진성역:정일우,김아진역:강지영,강태완역:이학주,이상영역:김승수,차주희역:김수진,남규장역:양대혁,유성은역:공민정,노재수역:박성준,박진우역:최재현"
20200602,DramaH,020000,023012,굿캐스팅,,9회,전국,003012,드라마&영화,드라마,미니시리즈,0,0,0,0,0.04502,0.01017,0.01586,0,0,0,0,0.00628,0.01435,0.01699,"백찬미역:최강희,윤석호역:이상엽,임예은역:유인영,황미순역:김지영,강우원역:이준영,동관수역:이종혁,서국환역:정인기,배무혁역:박경순,간태희역:황보미,명계철역:우현,탁상기역:이상훈,옥철역:김용희,변우석역:허재호,구비서역:한수진,설영훈역:조영훈,심화란역:차수연,남봉만역:이승형,남주연역:김보윤,피철웅역:배진웅,권민석역:성혁,권소희역:노하연"
20200602,DramaH,024123,034548,굿캐스팅,,10회,전국,010425,드라마&영화,드라마,미니시리즈,0,0,0,0,0,0,0.00257,0,0,0,0,0,0.00108,0.007,"백찬미역:최강희,윤석호역:이상엽,임예은역:유인영,황미순역:김지영,강우원역:이준영,동관수역:이종혁,서국환역:정인기,배무혁역:박경순,간태희역:황보미,명계철역:우현,탁상기역:이상훈,옥철역:김용희,변우석역:허재호,구비서역:한수진,설영훈역:조영훈,심화란역:차수연,남봉만역:이승형,남주연역:김보윤,피철웅역:배진웅,권민석역:성혁,권소희역:노하연"
20200602,DramaH,095023,105109,바람과구름과비,,3회,전국,010046,드라마&영화,드라마,미니시리즈,0,0,0,0,0.04218,0.07138,0.12664,0,0,0,0,0.0899,0.09953,0.09347,"최천중역:박시후,봉련역:고성희,흥선대원군이하응역:전광렬,채인규역:성혁,김병운역:김승수,김좌근역:차광수,나합역:윤아정,김병학역:한재영,조대비역:김보연,철종역:정욱,이하전역:이루,명성황후민자영역:박정연,고종이재황역:박상훈,용팔룡역:조복래,주모역:김주령,적도사진상역:한동규,팽구철역:노형욱,만석역:박노식,연치성역:임현수,반달역:왕빛나,임종사관역:허태희,최천중어린시절역:강태우,봉련어린시절역:홍승희,채인규어린시절역:최정우,상복역:허성태,민승호역:이해우,저자이병주,출판그림같은세상2020.08.28.,e북무료판매처 1건"
20200602,DramaH,111022,121048,바람과구름과비,,4회,전국,010026,드라마&영화,드라마,미니시리즈,0,0.01202,0,0.06675,0.21513,0.11747,0.07263,0,0.00786,0.0764,0,0.01322,0.04942,0.16096,"최천중역:박시후,봉련역:고성희,흥선대원군이하응역:전광렬,채인규역:성혁,김병운역:김승수,김좌근역:차광수,나합역:윤아정,김병학역:한재영,조대비역:김보연,철종역:정욱,이하전역:이루,명성황후민자영역:박정연,고종이재황역:박상훈,용팔룡역:조복래,주모역:김주령,적도사진상역:한동규,팽구철역:노형욱,만석역:박노식,연치성역:임현수,반달역:왕빛나,임종사관역:허태희,최천중어린시절역:강태우,봉련어린시절역:홍승희,채인규어린시절역:최정우,상복역:허성태,민승호역:이해우,저자이병주,출판그림같은세상2020.08.28.,e북무료판매처 1건"
20200602,DramaH,154653,165323,굿캐스팅,,9회,전국,010630,드라마&영화,드라마,미니시리즈,0,0,0,0.08549,0.00291,0.01924,0.04486,0.01248,0,0.15262,0.08916,0.0279,0.24159,0.00386,"백찬미역:최강희,윤석호역:이상엽,임예은역:유인영,황미순역:김지영,강우원역:이준영,동관수역:이종혁,서국환역:정인기,배무혁역:박경순,간태희역:황보미,명계철역:우현,탁상기역:이상훈,옥철역:김용희,변우석역:허재호,구비서역:한수진,설영훈역:조영훈,심화란역:차수연,남봉만역:이승형,남주연역:김보윤,피철웅역:배진웅,권민석역:성혁,권소희역:노하연"
20200602,DramaH,171605,182029,굿캐스팅,,10회,전국,010424,드라마&영화,드라마,미니시리즈,0,0,0.0161,0.01886,0,0.05123,0.10816,0,0,0.13834,0.00715,0.05565,0.04695,0.01533,"백찬미역:최강희,윤석호역:이상엽,임예은역:유인영,황미순역:김지영,강우원역:이준영,동관수역:이종혁,서국환역:정인기,배무혁역:박경순,간태희역:황보미,명계철역:우현,탁상기역:이상훈,옥철역:김용희,변우석역:허재호,구비서역:한수진,설영훈역:조영훈,심화란역:차수연,남봉만역:이승형,남주연역:김보윤,피철웅역:배진웅,권민석역:성혁,권소희역:노하연"
20200602,DramaH,224829,234856,바람과구름과비,,4회,전국,010027,드라마&영화,드라마,미니시리즈,0,0,0.12284,0.13174,0.00425,0.3278,0.30159,0.02916,0.01457,0,0.28533,0.01478,0.14392,0.09968,"최천중역:박시후,봉련역:고성희,흥선대원군이하응역:전광렬,채인규역:성혁,김병운역:김승수,김좌근역:차광수,나합역:윤아정,김병학역:한재영,조대비역:김보연,철종역:정욱,이하전역:이루,명성황후민자영역:박정연,고종이재황역:박상훈,용팔룡역:조복래,주모역:김주령,적도사진상역:한동규,팽구철역:노형욱,만석역:박노식,연치성역:임현수,반달역:왕빛나,임종사관역:허태희,최천중어린시절역:강태우,봉련어린시절역:홍승희,채인규어린시절역:최정우,상복역:허성태,민승호역:이해우,저자이병주,출판그림같은세상2020.08.28.,e북무료판매처 1건"
20200602,DramaH,240952,251057,바람과구름과비,,5회,전국,010105,드라마&영화,드라마,미니시리즈,0,0,0.29094,0.01599,0.00355,0.34228,0.15755,0,0.38893,0,0.52443,0.25137,0.78826,0.30333,"최천중역:박시후,봉련역:고성희,흥선대원군이하응역:전광렬,채인규역:성혁,김병운역:김승수,김좌근역:차광수,나합역:윤아정,김병학역:한재영,조대비역:김보연,철종역:정욱,이하전역:이루,명성황후민자영역:박정연,고종이재황역:박상훈,용팔룡역:조복래,주모역:김주령,적도사진상역:한동규,팽구철역:노형욱,만석역:박노식,연치성역:임현수,반달역:왕빛나,임종사관역:허태희,최천중어린시절역:강태우,봉련어린시절역:홍승희,채인규어린시절역:최정우,상복역:허성태,민승호역:이해우,저자이병주,출판그림같은세상2020.08.28.,e북무료판매처 1건"
20200602,E채널,113017,120119,닥터프리즈너,,1회,전국,003102,드라마&영화,드라마,미니시리즈,0.10133,0,0,0.24938,0.00243,0.03732,0.05742,0.00553,0,0,0.05673,0.30253,0.01728,0.07083,"나이제역:남궁민,한소금역:권나라,선민식역:김병철,이재준역:최원영,이재인역:이다인,이재환역:박은석,복혜수역:이민영,오정희역:김정난,정의식역:장현성,모이라역:진희경,김상춘역:강신일,고영철역:이준혁,오철민역:박수영,김만철역:박성근,태춘호역:장준녕,신현상역:강홍석,현재민역:이용준,함길선역:이현균,나이현역:하영,한빛역:려운,최정우역:김대령,선민중역:정인겸,최동훈역:채동현,정민제역:남경읍,정세진역:배윤경,김영선역:우미화,장민석역:최덕문,김석우역:이주승,오민정역:김지은"
20200602,E채널,120232,123032,닥터프리즈너,,2회,전국,002800,드라마&영화,드라마,미니시리즈,0,0,0.01987,0.25933,0,0.31016,0.05772,0.05119,0,0,0.20491,0.06022,0.1283,0.034,"나이제역:남궁민,한소금역:권나라,선민식역:김병철,이재준역:최원영,이재인역:이다인,이재환역:박은석,복혜수역:이민영,오정희역:김정난,정의식역:장현성,모이라역:진희경,김상춘역:강신일,고영철역:이준혁,오철민역:박수영,김만철역:박성근,태춘호역:장준녕,신현상역:강홍석,현재민역:이용준,함길선역:이현균,나이현역:하영,한빛역:려운,최정우역:김대령,선민중역:정인겸,최동훈역:채동현,정민제역:남경읍,정세진역:배윤경,김영선역:우미화,장민석역:최덕문,김석우역:이주승,오민정역:김지은"
20200602,E채널,124515,131311,닥터프리즈너,,3회,전국,002756,드라마&영화,드라마,미니시리즈,0,0,0,0.08747,0.10754,0.16339,0.23683,0,0,0,0.15063,0.08297,0.37676,0.10089,"나이제역:남궁민,한소금역:권나라,선민식역:김병철,이재준역:최원영,이재인역:이다인,이재환역:박은석,복혜수역:이민영,오정희역:김정난,정의식역:장현성,모이라역:진희경,김상춘역:강신일,고영철역:이준혁,오철민역:박수영,김만철역:박성근,태춘호역:장준녕,신현상역:강홍석,현재민역:이용준,함길선역:이현균,나이현역:하영,한빛역:려운,최정우역:김대령,선민중역:정인겸,최동훈역:채동현,정민제역:남경읍,정세진역:배윤경,김영선역:우미화,장민석역:최덕문,김석우역:이주승,오민정역:김지은"
20200602,E채널,131424,134543,닥터프리즈너,,4회,전국,003119,드라마&영화,드라마,미니시리즈,0,0,0,0.08747,0.02022,0.27719,0.22389,0,0,0,0.24999,0.17785,0.36376,0.06127,"나이제역:남궁민,한소금역:권나라,선민식역:김병철,이재준역:최원영,이재인역:이다인,이재환역:박은석,복혜수역:이민영,오정희역:김정난,정의식역:장현성,모이라역:진희경,김상춘역:강신일,고영철역:이준혁,오철민역:박수영,김만철역:박성근,태춘호역:장준녕,신현상역:강홍석,현재민역:이용준,함길선역:이현균,나이현역:하영,한빛역:려운,최정우역:김대령,선민중역:정인겸,최동훈역:채동현,정민제역:남경읍,정세진역:배윤경,김영선역:우미화,장민석역:최덕문,김석우역:이주승,오민정역:김지은"
20200602,E채널,193839,200635,닥터프리즈너,,3회,전국,002756,드라마&영화,드라마,미니시리즈,0,0,0,0.01072,0.01802,0,0.04672,0,0.0263,0,0.01788,0.00638,0,0.00378,"나이제역:남궁민,한소금역:권나라,선민식역:김병철,이재준역:최원영,이재인역:이다인,이재환역:박은석,복혜수역:이민영,오정희역:김정난,정의식역:장현성,모이라역:진희경,김상춘역:강신일,고영철역:이준혁,오철민역:박수영,김만철역:박성근,태춘호역:장준녕,신현상역:강홍석,현재민역:이용준,함길선역:이현균,나이현역:하영,한빛역:려운,최정우역:김대령,선민중역:정인겸,최동훈역:채동현,정민제역:남경읍,정세진역:배윤경,김영선역:우미화,장민석역:최덕문,김석우역:이주승,오민정역:김지은"
20200602,E채널,200745,203907,닥터프리즈너,,4회,전국,003122,드라마&영화,드라마,미니시리즈,0,0,0,0.15128,0,0.02596,0.07136,0,0,0,0.16012,0,0.00509,0.00561,"나이제역:남궁민,한소금역:권나라,선민식역:김병철,이재준역:최원영,이재인역:이다인,이재환역:박은석,복혜수역:이민영,오정희역:김정난,정의식역:장현성,모이라역:진희경,김상춘역:강신일,고영철역:이준혁,오철민역:박수영,김만철역:박성근,태춘호역:장준녕,신현상역:강홍석,현재민역:이용준,함길선역:이현균,나이현역:하영,한빛역:려운,최정우역:김대령,선민중역:정인겸,최동훈역:채동현,정민제역:남경읍,정세진역:배윤경,김영선역:우미화,장민석역:최덕문,김석우역:이주승,오민정역:김지은"
20200602,E채널,205339,212837,닥터프리즈너,,5회,전국,003458,드라마&영화,드라마,미니시리즈,0,0,0,0.01611,0.0302,0,0,0,0.07444,0,0,0.17887,0,0.02519,"나이제역:남궁민,한소금역:권나라,선민식역:김병철,이재준역:최원영,이재인역:이다인,이재환역:박은석,복혜수역:이민영,오정희역:김정난,정의식역:장현성,모이라역:진희경,김상춘역:강신일,고영철역:이준혁,오철민역:박수영,김만철역:박성근,태춘호역:장준녕,신현상역:강홍석,현재민역:이용준,함길선역:이현균,나이현역:하영,한빛역:려운,최정우역:김대령,선민중역:정인겸,최동훈역:채동현,정민제역:남경읍,정세진역:배윤경,김영선역:우미화,장민석역:최덕문,김석우역:이주승,오민정역:김지은"
20200602,E채널,212946,215409,닥터프리즈너,,6회,전국,002423,드라마&영화,드라마,미니시리즈,0,0,0,0.02349,0.01601,0.00622,0.02001,0,0.03948,0,0,0.2614,0.02211,0.01891,"나이제역:남궁민,한소금역:권나라,선민식역:김병철,이재준역:최원영,이재인역:이다인,이재환역:박은석,복혜수역:이민영,오정희역:김정난,정의식역:장현성,모이라역:진희경,김상춘역:강신일,고영철역:이준혁,오철민역:박수영,김만철역:박성근,태춘호역:장준녕,신현상역:강홍석,현재민역:이용준,함길선역:이현균,나이현역:하영,한빛역:려운,최정우역:김대령,선민중역:정인겸,최동훈역:채동현,정민제역:남경읍,정세진역:배윤경,김영선역:우미화,장민석역:최덕문,김석우역:이주승,오민정역:김지은"
20200602,FX,034248,044152,야인시대,,94회,전국,005904,드라마&영화,드라마,주간연속극,0.01907,0,0,0.01568,0.0051,0,0.02634,0.01162,0,0,0.01901,0,0,0,"청년김두한역:안재모,소년김두한역:곽정욱,장년김두한역:김영철,장년정진영역:차광수,구마적역:이원종,쌍칼역:박준규,김무옥역:이혁재,문영철역:장세진,장년개코역:성동일,신마적역:최철호,하야시역:이창훈,가미소리역:이상인,시바루역:이세창,나미꼬역:이세은,시라소니역:조상구,최동열역:정동환,미와역:이재용,마루오까역:최재성,설향역:허영란,애란역:조여정,정운경역:심형탁,김좌진역:최동준,오숙근역:이덕희,박계숙역:전미선,원노인역:이순재,유진산역:이효정,이정재역:김영호,조병옥역:김학철,이화룡역:안승훈,청년개코역:이동훈,신영균역:윤용현,청년정진영역:김정민,김영태역:박영록,박인애역:정소영,이영숙역:이일화,김두한어린시절역:곽정욱"
20200602,FX,085119,094405,허준,,26회,전국,005246,드라마&영화,드라마,주간연속극,0.07584,0,0.0755,0.0515,0.08329,0.06984,0.03043,0.01293,0,0.00598,0.01883,0.03879,0.0528,0.02066,"허준역:전광렬,유의태역:이순재,유도지역:김병세,예진역:황수정,임오근역:임현식,구일서역:이희도"
20200602,FX,095740,104751,허준,,27회,전국,005011,드라마&영화,드라마,주간연속극,0,0,0,0.06702,0.01078,0,0.09265,0,0,0.01268,0.01554,0,0.00403,0.02051,"허준역:전광렬,유의태역:이순재,유도지역:김병세,예진역:황수정,임오근역:임현식,구일서역:이희도"
20200602,FX,163816,174922,간택여인들의전쟁,,2회,전국,011106,드라마&영화,드라마,미니시리즈,0,0,0,0,0,0,0.00185,0,0,0,0,0,0,0.00299,"강은보역:진세연,이경역:김민규,이재화역:도상우,조영지역:이열음,왈역:이시언,김송이역:이화겸,대왕대비역:정애리,대비역:조은숙,조흥견역:이재용,김만찬역:손병호,용호역:이주진"
20200602,FX,180414,190515,야인시대,,94회,전국,010101,드라마&영화,드라마,주간연속극,0,0,0,0.01627,0,0.00274,0.1246,0,0,0,0.01906,0.21452,0.05895,0.21669,"청년김두한역:안재모,소년김두한역:곽정욱,장년김두한역:김영철,장년정진영역:차광수,구마적역:이원종,쌍칼역:박준규,김무옥역:이혁재,문영철역:장세진,장년개코역:성동일,신마적역:최철호,하야시역:이창훈,가미소리역:이상인,시바루역:이세창,나미꼬역:이세은,시라소니역:조상구,최동열역:정동환,미와역:이재용,마루오까역:최재성,설향역:허영란,애란역:조여정,정운경역:심형탁,김좌진역:최동준,오숙근역:이덕희,박계숙역:전미선,원노인역:이순재,유진산역:이효정,이정재역:김영호,조병옥역:김학철,이화룡역:안승훈,청년개코역:이동훈,신영균역:윤용현,청년정진영역:김정민,김영태역:박영록,박인애역:정소영,이영숙역:이일화,김두한어린시절역:곽정욱"
20200602,FX,202137,213245,간택여인들의전쟁,,2회,전국,011108,드라마&영화,드라마,미니시리즈,0,0,0,0.00201,0.12145,0.11138,0.06996,0.00589,0,0,0.00451,0,0,0.08039,"강은보역:진세연,이경역:김민규,이재화역:도상우,조영지역:이열음,왈역:이시언,김송이역:이화겸,대왕대비역:정애리,대비역:조은숙,조흥견역:이재용,김만찬역:손병호,용호역:이주진"
20200602,FX,214841,225837,간택여인들의전쟁,,3회,전국,010956,드라마&영화,드라마,미니시리즈,0,0,0,0,0,0.21967,0.00109,0,0,0,0,0.00656,0.00091,0,"강은보역:진세연,이경역:김민규,이재화역:도상우,조영지역:이열음,왈역:이시언,김송이역:이화겸,대왕대비역:정애리,대비역:조은숙,조흥견역:이재용,김만찬역:손병호,용호역:이주진"
20200602,FX,243939,254041,야인시대,,94회,전국,010102,드라마&영화,드라마,주간연속극,0,0,0.09731,0.00372,0,0.05434,0.03305,0,0,0,0,0.00804,0.01171,0.03802,"청년김두한역:안재모,소년김두한역:곽정욱,장년김두한역:김영철,장년정진영역:차광수,구마적역:이원종,쌍칼역:박준규,김무옥역:이혁재,문영철역:장세진,장년개코역:성동일,신마적역:최철호,하야시역:이창훈,가미소리역:이상인,시바루역:이세창,나미꼬역:이세은,시라소니역:조상구,최동열역:정동환,미와역:이재용,마루오까역:최재성,설향역:허영란,애란역:조여정,정운경역:심형탁,김좌진역:최동준,오숙근역:이덕희,박계숙역:전미선,원노인역:이순재,유진산역:이효정,이정재역:김영호,조병옥역:김학철,이화룡역:안승훈,청년개코역:이동훈,신영균역:윤용현,청년정진영역:김정민,김영태역:박영록,박인애역:정소영,이영숙역:이일화,김두한어린시절역:곽정욱"
20200602,JTBC2,020000,020011,야식남녀,,3회,전국,000011,드라마&영화,드라마,미니시리즈,0,0,0,0,0,0.12052,0,0,0.2588,0.30235,0,0.21654,0.10634,0,"박진성역:정일우,김아진역:강지영,강태완역:이학주,이상영역:김승수,차주희역:김수진,남규장역:양대혁,유성은역:공민정,노재수역:박성준,박진우역:최재현"
20200602,JTBC2,055935,071807,부부의세계,,3회,전국,011832,드라마&영화,드라마,미니시리즈,0,0,0,0,0.02405,0,0.03803,0,0,0,0,0.02368,0.07721,0.03703,"지선우역:김희애,이태오역:박해준,여다경역:한소희,고예림역:박선영,손제혁역:김영민,설명숙역:채국희,여병규역:이경영,엄효정역:김선경,이준영역:전진서,민현서역:심은우,박인규역:이학주,마강석역:박충선,공지철역:정재성,김윤기역:이무생,하동식역:김종태,윤노을역:신수연,차해강역:정준원,최회장아내역:서이숙,공지철아내역:박미현,차도철아내역:윤인조"
20200602,JTBC2,073158,085427,부부의세계,,4회,전국,012229,드라마&영화,드라마,미니시리즈,0,0,0,0.01606,0.03781,0.04261,0.05728,0,0,0.02284,0,0.03641,0.05336,0.05192,"지선우역:김희애,이태오역:박해준,여다경역:한소희,고예림역:박선영,손제혁역:김영민,설명숙역:채국희,여병규역:이경영,엄효정역:김선경,이준영역:전진서,민현서역:심은우,박인규역:이학주,마강석역:박충선,공지철역:정재성,김윤기역:이무생,하동식역:김종태,윤노을역:신수연,차해강역:정준원,최회장아내역:서이숙,공지철아내역:박미현,차도철아내역:윤인조"
20200602,JTBC2,200534,211033,쌍갑포차,,3회,전국,010459,드라마&영화,드라마,미니시리즈,0,0.08502,0,0.07282,0.10359,0.01615,0.01493,0,0,0.03203,0.00501,0.04866,0.06521,0.04375,"월주역:황정음,한강배역:육성재,귀반장역:최원영,염부장역:이준혁,강여린역:정다은,최진동역:안태환,송미란역:박하나,박대리역:박주형,김원형역:나인우"
20200602,JTBC2,212720,223758,쌍갑포차,,4회,전국,011038,드라마&영화,드라마,미니시리즈,0,0.14302,0.00669,0.03543,0.41776,0.36267,0.07636,0,0.14127,0.19645,0.10782,0.33612,0.37848,0.18148,"월주역:황정음,한강배역:육성재,귀반장역:최원영,염부장역:이준혁,강여린역:정다은,최진동역:안태환,송미란역:박하나,박대리역:박주형,김원형역:나인우"
20200602,JTBC2,250733,255959,야식남녀,,4회,전국,005226,드라마&영화,드라마,미니시리즈,0,0,0,0.02326,0,0.01405,0.03151,0,0,0.3956,0.0141,0.01573,0.05775,0.07096,"박진성역:정일우,김아진역:강지영,강태완역:이학주,이상영역:김승수,차주희역:김수진,남규장역:양대혁,유성은역:공민정,노재수역:박성준,박진우역:최재현"
20200602,KBS DRAMA,045403,052101,기막힌유산,,30회,전국,002658,드라마&영화,드라마,일일연속극,0,0,0.00564,0.02224,0,0.01971,0.67693,0,0,0.1053,0.16901,0.38559,0.5017,0.57381,"부영배역:박인환,공계옥역:강세정,부설악역:신정윤,부백두역:강신조,윤민주역:이아현,부금강역:남성진,신애리역:김가연,정미희역:박순천,김용미역:이응경,부한라역:박신우,성판금역:조양자,부가온역:김비주,부태희역:김연지,부혜교역:김효경,부지현역:강유라,공소영역:김난주,이장원역:이일준,김수민역:조서후,김종두역:이춘식,차정건역:조순창,이청아역:정서하,손보미역:박민지,김영지역:주민하,강선희역:박현정,천호식역:백신,이정태역:노상보,고향숙역:박소정"
20200602,KBS DRAMA,052107,054847,기막힌유산,,31회,전국,002740,드라마&영화,드라마,일일연속극,0,0,0,0,0,0.1459,0.60475,0,0,0.1523,0.19841,0.19657,0.80477,0.46064,"부영배역:박인환,공계옥역:강세정,부설악역:신정윤,부백두역:강신조,윤민주역:이아현,부금강역:남성진,신애리역:김가연,정미희역:박순천,김용미역:이응경,부한라역:박신우,성판금역:조양자,부가온역:김비주,부태희역:김연지,부혜교역:김효경,부지현역:강유라,공소영역:김난주,이장원역:이일준,김수민역:조서후,김종두역:이춘식,차정건역:조순창,이청아역:정서하,손보미역:박민지,김영지역:주민하,강선희역:박현정,천호식역:백신,이정태역:노상보,고향숙역:박소정"
20200602,KBS DRAMA,055250,062645,위험한약속,,40회,전국,003355,드라마&영화,드라마,일일연속극,0,0.01304,0,0.01955,0.1169,0.12823,0.60273,0,0,0.35018,0.05252,0.17031,0.6701,0.60136,"차은동역:박하나,강태인역:고세원,최준혁역:강성민,오혜원역:박영린,한지훈역:이창욱,차만종역:이대연,차은찬역:유준서,공영심역:유지연,봉석구역:현우섭,강일섭역:강신일,연두심역:이칸희,한광훈역:길용우,한서주역:김혜지,최명희역:김나운,고재숙역:윤복인,최영국역:송민형,민주란역:오영실,최준경역:이효나,이창욱역:김정운"
20200602,KBS DRAMA,062652,070048,위험한약속,,41회,전국,003356,드라마&영화,드라마,일일연속극,0,0.01304,0,0.00868,0.15492,0.16924,0.58496,0,0,0.42522,0.01055,0.60627,0.37903,1.15421,"차은동역:박하나,강태인역:고세원,최준혁역:강성민,오혜원역:박영린,한지훈역:이창욱,차만종역:이대연,차은찬역:유준서,공영심역:유지연,봉석구역:현우섭,강일섭역:강신일,연두심역:이칸희,한광훈역:길용우,한서주역:김혜지,최명희역:김나운,고재숙역:윤복인,최영국역:송민형,민주란역:오영실,최준경역:이효나,이창욱역:김정운"
20200602,KBS DRAMA,071119,074526,위험한약속,,42회,전국,003407,드라마&영화,드라마,일일연속극,0,0.01304,0.10099,0.01215,0.00462,0.59072,0.57965,0,0.00643,0.42522,0,0.82989,0.59746,0.96429,"차은동역:박하나,강태인역:고세원,최준혁역:강성민,오혜원역:박영린,한지훈역:이창욱,차만종역:이대연,차은찬역:유준서,공영심역:유지연,봉석구역:현우섭,강일섭역:강신일,연두심역:이칸희,한광훈역:길용우,한서주역:김혜지,최명희역:김나운,고재숙역:윤복인,최영국역:송민형,민주란역:오영실,최준경역:이효나,이창욱역:김정운"
20200602,KBS DRAMA,074533,081928,위험한약속,,43회,전국,003355,드라마&영화,드라마,일일연속극,0,0.01344,0.20775,0.03759,0.01975,0.40382,0.82093,0,0,0.32785,0.02855,0.77175,0.6014,1.52754,"차은동역:박하나,강태인역:고세원,최준혁역:강성민,오혜원역:박영린,한지훈역:이창욱,차만종역:이대연,차은찬역:유준서,공영심역:유지연,봉석구역:현우섭,강일섭역:강신일,연두심역:이칸희,한광훈역:길용우,한서주역:김혜지,최명희역:김나운,고재숙역:윤복인,최영국역:송민형,민주란역:오영실,최준경역:이효나,이창욱역:김정운"
20200602,KBS DRAMA,081935,085332,위험한약속,,44회,전국,003357,드라마&영화,드라마,일일연속극,0,0,0.07169,0.00391,0.12374,0.36248,0.97003,0,0,0.18422,0.12839,0.4487,0.63045,1.44296,"차은동역:박하나,강태인역:고세원,최준혁역:강성민,오혜원역:박영린,한지훈역:이창욱,차만종역:이대연,차은찬역:유준서,공영심역:유지연,봉석구역:현우섭,강일섭역:강신일,연두심역:이칸희,한광훈역:길용우,한서주역:김혜지,최명희역:김나운,고재숙역:윤복인,최영국역:송민형,민주란역:오영실,최준경역:이효나,이창욱역:김정운"
20200602,KBS DRAMA,135307,142921,한번다녀왔습니다,,37회,전국,003614,드라마&영화,드라마,주말연속극,0.03021,0.31806,0.00158,0.13959,0.29712,0.29226,0.37702,0,0,0.64641,0.25163,0.44137,1.03213,0.84324,"송영달역:천호진,장옥분역:차화연,최윤정역:김보연,강초연역:이정은,송나희역:이민정,윤규진역:이상엽,송준선역:오대환,송가희역:오윤아,송다희역:이초희,양치수역:안길강,장옥자역:백지원,성현경역:임정은,윤재석역:이상이,박효신역:기도훈,김지훈역:문우진,이주리역:김소라,김가연역:송다은,건어물역:신미영,꽈배기역:김가영,송서영역:이가연,송서진역:안서연,이정록역:알렉스,유보영역:손성윤,유시후역:송민재,박지연역:신수정,한기영역:강유석,홍성우역:김현목,신혜정역:김미은,심정희역:이상경,오연지역:한봄,오정봉역:오의식,이종수역:장원혁,김승현역:배호근,송이역:김주영,지원역:찬희,이현역:이필모"
20200602,KBS DRAMA,143030,150327,한번다녀왔습니다,,38회,전국,003257,드라마&영화,드라마,주말연속극,0,0.14527,0.03691,0.00778,0.28137,0.46078,0.26113,0,0.12607,0.36423,0.06509,0.38483,0.82965,0.73524,"송영달역:천호진,장옥분역:차화연,최윤정역:김보연,강초연역:이정은,송나희역:이민정,윤규진역:이상엽,송준선역:오대환,송가희역:오윤아,송다희역:이초희,양치수역:안길강,장옥자역:백지원,성현경역:임정은,윤재석역:이상이,박효신역:기도훈,김지훈역:문우진,이주리역:김소라,김가연역:송다은,건어물역:신미영,꽈배기역:김가영,송서영역:이가연,송서진역:안서연,이정록역:알렉스,유보영역:손성윤,유시후역:송민재,박지연역:신수정,한기영역:강유석,홍성우역:김현목,신혜정역:김미은,심정희역:이상경,오연지역:한봄,오정봉역:오의식,이종수역:장원혁,김승현역:배호근,송이역:김주영,지원역:찬희,이현역:이필모"
20200602,KBS DRAMA,151705,155259,한번다녀왔습니다,,39회,전국,003554,드라마&영화,드라마,주말연속극,0,0.3099,0.32143,0,0.08871,0.25417,0.25135,0,0.26894,0.49414,0.02102,0.48516,1.00815,0.57592,"송영달역:천호진,장옥분역:차화연,최윤정역:김보연,강초연역:이정은,송나희역:이민정,윤규진역:이상엽,송준선역:오대환,송가희역:오윤아,송다희역:이초희,양치수역:안길강,장옥자역:백지원,성현경역:임정은,윤재석역:이상이,박효신역:기도훈,김지훈역:문우진,이주리역:김소라,김가연역:송다은,건어물역:신미영,꽈배기역:김가영,송서영역:이가연,송서진역:안서연,이정록역:알렉스,유보영역:손성윤,유시후역:송민재,박지연역:신수정,한기영역:강유석,홍성우역:김현목,신혜정역:김미은,심정희역:이상경,오연지역:한봄,오정봉역:오의식,이종수역:장원혁,김승현역:배호근,송이역:김주영,지원역:찬희,이현역:이필모"
20200602,KBS DRAMA,155408,162733,한번다녀왔습니다,,40회,전국,003325,드라마&영화,드라마,주말연속극,0,0.3099,0.23624,0.03631,0.28455,0.49403,0.32975,0.08431,0.26894,0.43044,0.01055,0.39842,0.8163,0.53322,"송영달역:천호진,장옥분역:차화연,최윤정역:김보연,강초연역:이정은,송나희역:이민정,윤규진역:이상엽,송준선역:오대환,송가희역:오윤아,송다희역:이초희,양치수역:안길강,장옥자역:백지원,성현경역:임정은,윤재석역:이상이,박효신역:기도훈,김지훈역:문우진,이주리역:김소라,김가연역:송다은,건어물역:신미영,꽈배기역:김가영,송서영역:이가연,송서진역:안서연,이정록역:알렉스,유보영역:손성윤,유시후역:송민재,박지연역:신수정,한기영역:강유석,홍성우역:김현목,신혜정역:김미은,심정희역:이상경,오연지역:한봄,오정봉역:오의식,이종수역:장원혁,김승현역:배호근,송이역:김주영,지원역:찬희,이현역:이필모"
20200602,KBS DRAMA,244419,251703,본어게인,,27회,전국,003244,드라마&영화,드라마,미니시리즈,0,0,0,0,0,0,0.09773,0,0,0.00637,0,0.0145,0.26562,0.01289,"공지철역:장기용,천종범역:장기용,정하은역:진세연,정사빈역:진세연,차형빈역:이수혁,김수혁역:이수혁,장혜미역:김정난,천석태역:최광일,주인도역:장원영,백상아역:이서엘,서태하역:최대철,서영역:한해림,제이역:차민지,공인우역:정인겸,장혜미역:위지연,천석태역:조덕회"
20200602,KBS DRAMA,251813,254701,본어게인,,28회,전국,002848,드라마&영화,드라마,미니시리즈,0,0,0,0.07183,0,0,0.09051,0,0,0,0,0,0.25338,0.06561,"공지철역:장기용,천종범역:장기용,정하은역:진세연,정사빈역:진세연,차형빈역:이수혁,김수혁역:이수혁,장혜미역:김정난,천석태역:최광일,주인도역:장원영,백상아역:이서엘,서태하역:최대철,서영역:한해림,제이역:차민지,공인우역:정인겸,장혜미역:위지연,천석태역:조덕회"
20200602,KBS W,020000,022750,위험한약속,,42회,전국,002750,드라마&영화,드라마,일일연속극,0,0,0,0,0,0.00623,0.05345,0,0,0,0.01746,0,0,0.10314,"차은동역:박하나,강태인역:고세원,최준혁역:강성민,오혜원역:박영린,한지훈역:이창욱,차만종역:이대연,차은찬역:유준서,공영심역:유지연,봉석구역:현우섭,강일섭역:강신일,연두심역:이칸희,한광훈역:길용우,한서주역:김혜지,최명희역:김나운,고재숙역:윤복인,최영국역:송민형,민주란역:오영실,최준경역:이효나,이창욱역:김정운"
20200602,KBS W,022759,030153,위험한약속,,43회,전국,003354,드라마&영화,드라마,일일연속극,0,0,0,0,0.00746,0.00513,0.09281,0,0,0,0,0,0,0.17002,"차은동역:박하나,강태인역:고세원,최준혁역:강성민,오혜원역:박영린,한지훈역:이창욱,차만종역:이대연,차은찬역:유준서,공영심역:유지연,봉석구역:현우섭,강일섭역:강신일,연두심역:이칸희,한광훈역:길용우,한서주역:김혜지,최명희역:김나운,고재숙역:윤복인,최영국역:송민형,민주란역:오영실,최준경역:이효나,이창욱역:김정운"
20200602,KBS W,060720,064132,뻐꾸기둥지,,61회,전국,003412,드라마&영화,드라마,일일연속극,0,0,0,0.06697,0,0.04003,0.00799,0,0,0,0,0,0,0.03392,"백연희역:장서희,정병국역:황동주,이화영역:이채영,유성빈역:김경남,백철역:임채무,홍금옥역:엄유신,백준희역:손승우,정진우역:정지훈,이명운역:현우성,곽희자역:서권순,정진숙역:지수원,정유미역:김민좌,오기섭역:이정훈,배추자역:박준금,배찬식역:전노민,이공희역:한경선,이소라역:전민서,최상두역:이창욱,직원역:이하나,이동현역:정민진,소진역:김리원,순남역:허인영,이상순역:이숙,사기꾼역:지상렬,이소라어린시절역:박지소"
20200602,KBS W,064141,071604,뻐꾸기둥지,,62회,전국,003423,드라마&영화,드라마,일일연속극,0,0,0.02096,0.06164,0,0.01423,0.00429,0,0,0.00905,0.01335,0,0.01557,0.0302,"백연희역:장서희,정병국역:황동주,이화영역:이채영,유성빈역:김경남,백철역:임채무,홍금옥역:엄유신,백준희역:손승우,정진우역:정지훈,이명운역:현우성,곽희자역:서권순,정진숙역:지수원,정유미역:김민좌,오기섭역:이정훈,배추자역:박준금,배찬식역:전노민,이공희역:한경선,이소라역:전민서,최상두역:이창욱,직원역:이하나,이동현역:정민진,소진역:김리원,순남역:허인영,이상순역:이숙,사기꾼역:지상렬,이소라어린시절역:박지소"
20200602,KBS W,072703,080126,뻐꾸기둥지,,63회,전국,003423,드라마&영화,드라마,일일연속극,0,0.01078,0.02794,0.02919,0.00382,0,0.00555,0,0,0,0.03419,0,0,0.01456,"백연희역:장서희,정병국역:황동주,이화영역:이채영,유성빈역:김경남,백철역:임채무,홍금옥역:엄유신,백준희역:손승우,정진우역:정지훈,이명운역:현우성,곽희자역:서권순,정진숙역:지수원,정유미역:김민좌,오기섭역:이정훈,배추자역:박준금,배찬식역:전노민,이공희역:한경선,이소라역:전민서,최상두역:이창욱,직원역:이하나,이동현역:정민진,소진역:김리원,순남역:허인영,이상순역:이숙,사기꾼역:지상렬,이소라어린시절역:박지소"
20200602,KBS W,080135,083533,뻐꾸기둥지,,64회,전국,003358,드라마&영화,드라마,일일연속극,0,0.02156,0,0,0.04586,0,0,0,0.01411,0,0,0.00961,0,0.00405,"백연희역:장서희,정병국역:황동주,이화영역:이채영,유성빈역:김경남,백철역:임채무,홍금옥역:엄유신,백준희역:손승우,정진우역:정지훈,이명운역:현우성,곽희자역:서권순,정진숙역:지수원,정유미역:김민좌,오기섭역:이정훈,배추자역:박준금,배찬식역:전노민,이공희역:한경선,이소라역:전민서,최상두역:이창욱,직원역:이하나,이동현역:정민진,소진역:김리원,순남역:허인영,이상순역:이숙,사기꾼역:지상렬,이소라어린시절역:박지소"
20200602,KBS W,095159,105134,부부클리닉사랑과전쟁,,386회,전국,005935,드라마&영화,드라마,단막극,0.01745,0,0.18734,0.00827,0.06539,0.09847,0.0186,0,0,0.00622,0,0.15236,0.05758,0.07797,"이재만,민지영,최영완,이정수,장가현,손유경,이준우"
20200602,KBS W,110231,120601,부부클리닉사랑과전쟁,,387회,전국,010330,드라마&영화,드라마,단막극,0,0,0.01126,0.0065,0,0.01019,0.2106,0,0,0,0,0,0.00541,0.01371,"이재만,민지영,최영완,이정수,장가현,손유경,이준우"
20200602,KBS W,121855,132727,월계수양복점신사들,,49회,전국,010832,드라마&영화,드라마,주말연속극,0,0,0,0.07839,0.00336,0.00302,0.04085,0,0,0,0.00943,0.03453,0,0.04024,"이동진역:이동건,나연실역:조윤희,배삼도역:차인표,이동숙역:오현경,복선녀역:라미란,성태평역:최원영,이만술역:신구,최곡지역:김영애,강태양역:현우,홍기표역:지승현,기표모역:정경순,금촌댁역:이정은,김다정역:표예진,고은숙역:박준금,민효주역:구재이,민효원역:이세영,민효상역:박은석,최지연역:차주영,오영은역:최지나,배삼도어린시절역:차연우,유명모델역:레이양,타로점술사역:최현우,이연희역:최송현"
20200602,KBS W,133817,144400,월계수양복점신사들,,50회,전국,010543,드라마&영화,드라마,주말연속극,0,0,0,0,0.00519,0,0.24071,0,0,0,0,0.11669,0.00517,0.20282,"이동진역:이동건,나연실역:조윤희,배삼도역:차인표,이동숙역:오현경,복선녀역:라미란,성태평역:최원영,이만술역:신구,최곡지역:김영애,강태양역:현우,홍기표역:지승현,기표모역:정경순,금촌댁역:이정은,김다정역:표예진,고은숙역:박준금,민효주역:구재이,민효원역:이세영,민효상역:박은석,최지연역:차주영,오영은역:최지나,배삼도어린시절역:차연우,유명모델역:레이양,타로점술사역:최현우,이연희역:최송현"
20200602,KBS W,145655,152455,기막힌유산,,28회,전국,002800,드라마&영화,드라마,일일연속극,0,0,0,0,0,0,0.34057,0,0,0,0,0.08699,0,0.25319,"부영배역:박인환,공계옥역:강세정,부설악역:신정윤,부백두역:강신조,윤민주역:이아현,부금강역:남성진,신애리역:김가연,정미희역:박순천,김용미역:이응경,부한라역:박신우,성판금역:조양자,부가온역:김비주,부태희역:김연지,부혜교역:김효경,부지현역:강유라,공소영역:김난주,이장원역:이일준,김수민역:조서후,김종두역:이춘식,차정건역:조순창,이청아역:정서하,손보미역:박민지,김영지역:주민하,강선희역:박현정,천호식역:백신,이정태역:노상보,고향숙역:박소정"
20200602,KBS W,152504,155251,기막힌유산,,29회,전국,002747,드라마&영화,드라마,일일연속극,0,0.02483,0,0.0766,0.01631,0,0.13136,0,0,0,0,0.01606,0,0.0259,"부영배역:박인환,공계옥역:강세정,부설악역:신정윤,부백두역:강신조,윤민주역:이아현,부금강역:남성진,신애리역:김가연,정미희역:박순천,김용미역:이응경,부한라역:박신우,성판금역:조양자,부가온역:김비주,부태희역:김연지,부혜교역:김효경,부지현역:강유라,공소영역:김난주,이장원역:이일준,김수민역:조서후,김종두역:이춘식,차정건역:조순창,이청아역:정서하,손보미역:박민지,김영지역:주민하,강선희역:박현정,천호식역:백신,이정태역:노상보,고향숙역:박소정"
20200602,KBS W,160349,163046,기막힌유산,,30회,전국,002657,드라마&영화,드라마,일일연속극,0,0.103,0.31749,0.12295,0.00397,0.09497,0.03886,0,0,0,0.12589,0.01271,0.24598,0.00871,"부영배역:박인환,공계옥역:강세정,부설악역:신정윤,부백두역:강신조,윤민주역:이아현,부금강역:남성진,신애리역:김가연,정미희역:박순천,김용미역:이응경,부한라역:박신우,성판금역:조양자,부가온역:김비주,부태희역:김연지,부혜교역:김효경,부지현역:강유라,공소영역:김난주,이장원역:이일준,김수민역:조서후,김종두역:이춘식,차정건역:조순창,이청아역:정서하,손보미역:박민지,김영지역:주민하,강선희역:박현정,천호식역:백신,이정태역:노상보,고향숙역:박소정"
20200602,KBS W,163055,165834,기막힌유산,,31회,전국,002739,드라마&영화,드라마,일일연속극,0,0,0.38009,0,0,0.11807,0.10888,0,0,0,0.19994,0.02382,0.15706,0.13264,"부영배역:박인환,공계옥역:강세정,부설악역:신정윤,부백두역:강신조,윤민주역:이아현,부금강역:남성진,신애리역:김가연,정미희역:박순천,김용미역:이응경,부한라역:박신우,성판금역:조양자,부가온역:김비주,부태희역:김연지,부혜교역:김효경,부지현역:강유라,공소영역:김난주,이장원역:이일준,김수민역:조서후,김종두역:이춘식,차정건역:조순창,이청아역:정서하,손보미역:박민지,김영지역:주민하,강선희역:박현정,천호식역:백신,이정태역:노상보,고향숙역:박소정"
20200602,KBS W,170949,174354,위험한약속,,41회,전국,003405,드라마&영화,드라마,일일연속극,0,0,0.12267,0,0,0,0.06738,0,0,0,0.25567,0,0.00274,0.12017,"차은동역:박하나,강태인역:고세원,최준혁역:강성민,오혜원역:박영린,한지훈역:이창욱,차만종역:이대연,차은찬역:유준서,공영심역:유지연,봉석구역:현우섭,강일섭역:강신일,연두심역:이칸희,한광훈역:길용우,한서주역:김혜지,최명희역:김나운,고재숙역:윤복인,최영국역:송민형,민주란역:오영실,최준경역:이효나,이창욱역:김정운"
20200602,KBS W,174403,181802,위험한약속,,42회,전국,003359,드라마&영화,드라마,일일연속극,0,0.0052,0.10824,0,0.00382,0,0.1343,0,0.00549,0,0.24111,0.00556,0.00648,0.27561,"차은동역:박하나,강태인역:고세원,최준혁역:강성민,오혜원역:박영린,한지훈역:이창욱,차만종역:이대연,차은찬역:유준서,공영심역:유지연,봉석구역:현우섭,강일섭역:강신일,연두심역:이칸희,한광훈역:길용우,한서주역:김혜지,최명희역:김나운,고재숙역:윤복인,최영국역:송민형,민주란역:오영실,최준경역:이효나,이창욱역:김정운"
20200602,KBS W,182854,190258,위험한약속,,43회,전국,003404,드라마&영화,드라마,일일연속극,0,0.03903,0,0.04853,0.02864,0.01481,0.13146,0,0.04118,0.00673,0.03447,0,0.02768,0.21914,"차은동역:박하나,강태인역:고세원,최준혁역:강성민,오혜원역:박영린,한지훈역:이창욱,차만종역:이대연,차은찬역:유준서,공영심역:유지연,봉석구역:현우섭,강일섭역:강신일,연두심역:이칸희,한광훈역:길용우,한서주역:김혜지,최명희역:김나운,고재숙역:윤복인,최영국역:송민형,민주란역:오영실,최준경역:이효나,이창욱역:김정운"
20200602,KBS W,190307,193703,위험한약속,,44회,전국,003356,드라마&영화,드라마,일일연속극,0.00827,0,0.07533,0.17229,0.00221,0.19185,0.03392,0.00504,0,0,0.00294,0.0683,0.02201,0.23548,"차은동역:박하나,강태인역:고세원,최준혁역:강성민,오혜원역:박영린,한지훈역:이창욱,차만종역:이대연,차은찬역:유준서,공영심역:유지연,봉석구역:현우섭,강일섭역:강신일,연두심역:이칸희,한광훈역:길용우,한서주역:김혜지,최명희역:김나운,고재숙역:윤복인,최영국역:송민형,민주란역:오영실,최준경역:이효나,이창욱역:김정운"
20200602,KBS W,194906,202420,한번다녀왔습니다,,37회,전국,003514,드라마&영화,드라마,주말연속극,0,0,0,0,0,0.21581,0,0.02568,0,0.0238,0.40246,0.08676,0,0.00827,"송영달역:천호진,장옥분역:차화연,최윤정역:김보연,강초연역:이정은,송나희역:이민정,윤규진역:이상엽,송준선역:오대환,송가희역:오윤아,송다희역:이초희,양치수역:안길강,장옥자역:백지원,성현경역:임정은,윤재석역:이상이,박효신역:기도훈,김지훈역:문우진,이주리역:김소라,김가연역:송다은,건어물역:신미영,꽈배기역:김가영,송서영역:이가연,송서진역:안서연,이정록역:알렉스,유보영역:손성윤,유시후역:송민재,박지연역:신수정,한기영역:강유석,홍성우역:김현목,신혜정역:김미은,심정희역:이상경,오연지역:한봄,오정봉역:오의식,이종수역:장원혁,김승현역:배호근,송이역:김주영,지원역:찬희,이현역:이필모"
20200602,KBS W,202429,205727,한번다녀왔습니다,,38회,전국,003258,드라마&영화,드라마,주말연속극,0,0,0,0,0,0.22043,0.01497,0,0,0,0.39885,0.01624,0,0.02326,"송영달역:천호진,장옥분역:차화연,최윤정역:김보연,강초연역:이정은,송나희역:이민정,윤규진역:이상엽,송준선역:오대환,송가희역:오윤아,송다희역:이초희,양치수역:안길강,장옥자역:백지원,성현경역:임정은,윤재석역:이상이,박효신역:기도훈,김지훈역:문우진,이주리역:김소라,김가연역:송다은,건어물역:신미영,꽈배기역:김가영,송서영역:이가연,송서진역:안서연,이정록역:알렉스,유보영역:손성윤,유시후역:송민재,박지연역:신수정,한기영역:강유석,홍성우역:김현목,신혜정역:김미은,심정희역:이상경,오연지역:한봄,오정봉역:오의식,이종수역:장원혁,김승현역:배호근,송이역:김주영,지원역:찬희,이현역:이필모"
20200602,KBS W,210851,214345,한번다녀왔습니다,,39회,전국,003454,드라마&영화,드라마,주말연속극,0,0,0,0.01264,0.0495,0.05741,0.06265,0.12285,0,0.19043,0.06418,0.0051,0,0.09591,"송영달역:천호진,장옥분역:차화연,최윤정역:김보연,강초연역:이정은,송나희역:이민정,윤규진역:이상엽,송준선역:오대환,송가희역:오윤아,송다희역:이초희,양치수역:안길강,장옥자역:백지원,성현경역:임정은,윤재석역:이상이,박효신역:기도훈,김지훈역:문우진,이주리역:김소라,김가연역:송다은,건어물역:신미영,꽈배기역:김가영,송서영역:이가연,송서진역:안서연,이정록역:알렉스,유보영역:손성윤,유시후역:송민재,박지연역:신수정,한기영역:강유석,홍성우역:김현목,신혜정역:김미은,심정희역:이상경,오연지역:한봄,오정봉역:오의식,이종수역:장원혁,김승현역:배호근,송이역:김주영,지원역:찬희,이현역:이필모"
20200602,KBS W,214354,221720,한번다녀왔습니다,,40회,전국,003326,드라마&영화,드라마,주말연속극,0,0,0,0,0.01545,0.24254,0.12332,0,0,0.2777,0.09711,0.00573,0.01065,0.09333,"송영달역:천호진,장옥분역:차화연,최윤정역:김보연,강초연역:이정은,송나희역:이민정,윤규진역:이상엽,송준선역:오대환,송가희역:오윤아,송다희역:이초희,양치수역:안길강,장옥자역:백지원,성현경역:임정은,윤재석역:이상이,박효신역:기도훈,김지훈역:문우진,이주리역:김소라,김가연역:송다은,건어물역:신미영,꽈배기역:김가영,송서영역:이가연,송서진역:안서연,이정록역:알렉스,유보영역:손성윤,유시후역:송민재,박지연역:신수정,한기영역:강유석,홍성우역:김현목,신혜정역:김미은,심정희역:이상경,오연지역:한봄,오정봉역:오의식,이종수역:장원혁,김승현역:배호근,송이역:김주영,지원역:찬희,이현역:이필모"
20200602,KBS W,223010,233322,부부클리닉사랑과전쟁2,,113회,전국,010312,드라마&영화,드라마,단막극,0,0.04419,0,0.00788,0.03247,0.18715,0.07749,0,0.03918,0.16008,0.1809,0.03651,0.06971,0.22328,"이재만,민지영,최영완,이정수,장가현,손유경,이준우"
20200602,KBS W,234418,244623,부부클리닉사랑과전쟁2,,114회,전국,010205,드라마&영화,드라마,단막극,0,0,0,0.008,0.18803,0.0034,0.00833,0,0,0.14781,0,0.02305,0.015,0.11077,"이재만,민지영,최영완,이정수,장가현,손유경,이준우"
20200602,KBS W,245922,252711,기막힌유산,,31회,전국,002749,드라마&영화,드라마,일일연속극,0,0,0,0,0,0,0.02722,0,0,0,0,0,0.01537,0.27717,"부영배역:박인환,공계옥역:강세정,부설악역:신정윤,부백두역:강신조,윤민주역:이아현,부금강역:남성진,신애리역:김가연,정미희역:박순천,김용미역:이응경,부한라역:박신우,성판금역:조양자,부가온역:김비주,부태희역:김연지,부혜교역:김효경,부지현역:강유라,공소영역:김난주,이장원역:이일준,김수민역:조서후,김종두역:이춘식,차정건역:조순창,이청아역:정서하,손보미역:박민지,김영지역:주민하,강선희역:박현정,천호식역:백신,이정태역:노상보,고향숙역:박소정"
20200602,KBS W,252720,255504,기막힌유산,,32회,전국,002744,드라마&영화,드라마,일일연속극,0,0,0,0,0,0.01569,0.14843,0,0,0.03967,0,0,0.00512,0.32987,"부영배역:박인환,공계옥역:강세정,부설악역:신정윤,부백두역:강신조,윤민주역:이아현,부금강역:남성진,신애리역:김가연,정미희역:박순천,김용미역:이응경,부한라역:박신우,성판금역:조양자,부가온역:김비주,부태희역:김연지,부혜교역:김효경,부지현역:강유라,공소영역:김난주,이장원역:이일준,김수민역:조서후,김종두역:이춘식,차정건역:조순창,이청아역:정서하,손보미역:박민지,김영지역:주민하,강선희역:박현정,천호식역:백신,이정태역:노상보,고향숙역:박소정"
20200602,K-STAR,104749,115630,부부클리닉사랑과전쟁,,458회,전국,010841,드라마&영화,드라마,주간연속극,0,0,0,0,0.00735,0.00758,0.01172,0,0,0,0,0.00822,0.01322,0.06968,"이재만,민지영,최영완,이정수,장가현,손유경,이준우"
20200602,K-STAR,120729,131622,부부클리닉사랑과전쟁,,459회,전국,010853,드라마&영화,드라마,주간연속극,0,0,0,0.05773,0.02729,0.09816,0.13285,0,0,0,0.0125,0.00607,0.06708,0.21402,"이재만,민지영,최영완,이정수,장가현,손유경,이준우"
20200602,K-STAR,132927,145711,부부의세계,,1회,전국,012744,드라마&영화,드라마,미니시리즈,0.22008,0.00704,0.02074,0.05803,0.01605,0.07579,0.11882,0,0.0158,0.0893,0.05831,0.00807,0.11855,0.19623,"지선우역:김희애,이태오역:박해준,여다경역:한소희,고예림역:박선영,손제혁역:김영민,설명숙역:채국희,여병규역:이경영,엄효정역:김선경,이준영역:전진서,민현서역:심은우,박인규역:이학주,마강석역:박충선,공지철역:정재성,김윤기역:이무생,하동식역:김종태,윤노을역:신수연,차해강역:정준원,최회장아내역:서이숙,공지철아내역:박미현,차도철아내역:윤인조"
20200602,K-STAR,151016,163459,부부의세계,,2회,전국,012443,드라마&영화,드라마,미니시리즈,0.37564,0,0.01187,0.04662,0.0027,0.04032,0.10673,0,0,0.14287,0.39376,0.17078,0.01523,0.19057,"지선우역:김희애,이태오역:박해준,여다경역:한소희,고예림역:박선영,손제혁역:김영민,설명숙역:채국희,여병규역:이경영,엄효정역:김선경,이준영역:전진서,민현서역:심은우,박인규역:이학주,마강석역:박충선,공지철역:정재성,김윤기역:이무생,하동식역:김종태,윤노을역:신수연,차해강역:정준원,최회장아내역:서이숙,공지철아내역:박미현,차도철아내역:윤인조"
20200602,K-STAR,213558,224451,부부클리닉사랑과전쟁,,459회,전국,010853,드라마&영화,드라마,주간연속극,0,0.124,0,0.11,0,0.20399,0.11043,0,0,0.01353,0.11734,0.018,0.22921,0.05531,"이재만,민지영,최영완,이정수,장가현,손유경,이준우"
20200602,K-STAR,225914,242358,부부의세계,,2회,전국,012444,드라마&영화,드라마,미니시리즈,0,0.01258,0,0.00307,0,0.01555,0.01666,0,0,0,0.10569,0.01399,0.01639,0.01499,"지선우역:김희애,이태오역:박해준,여다경역:한소희,고예림역:박선영,손제혁역:김영민,설명숙역:채국희,여병규역:이경영,엄효정역:김선경,이준영역:전진서,민현서역:심은우,박인규역:이학주,마강석역:박충선,공지철역:정재성,김윤기역:이무생,하동식역:김종태,윤노을역:신수연,차해강역:정준원,최회장아내역:서이숙,공지철아내역:박미현,차도철아내역:윤인조"
20200602,KTV,020000,023302,전원일기,,388회,전국,003302,드라마&영화,드라마,주말연속극,0,0,0,0,0,0,0,0,0,0.21818,0,0,0,0.07188,"최불암,김혜자,김용건,김수미,고두심,유인촌,정대홍"
20200602,KTV,061130,070041,전원일기,,765회,전국,004911,드라마&영화,드라마,주말연속극,0,0,0.24289,0,0,0.18388,0.13023,0,0,0,0,0,0.22305,0.09075,"최불암,김혜자,김용건,김수미,고두심,유인촌,정대홍"
20200602,KTV,210517,213243,파랑새는있다,<1부>,15회,전국,002726,드라마&영화,드라마,주간연속극,0,0.1232,0,0,0.01811,0.13232,0.07593,0,0,0,0.02076,0,0.02887,0.13249,"이상인,정선경,백윤식,송경철,박남현,한진희,동방우,양금석"
20200602,KTV,213339,215516,파랑새는있다,<2부>,15회,전국,002137,드라마&영화,드라마,주간연속극,0,0.08102,0.13249,0,0,0.25305,0.24883,0,0,0,0,0,0.01594,0.24472,"이상인,정선경,백윤식,송경철,박남현,한진희,동방우,양금석"
20200602,KTV,215700,221540,전원일기,<1부>,389회,전국,001840,드라마&영화,드라마,주말연속극,0,0.01414,0.38313,0,0,0.20251,0.21653,0,0,0,0,0,0.16663,0.15431,"최불암,김혜자,김용건,김수미,고두심,유인촌,정대홍"
20200602,KTV,221616,224203,전원일기,<2부>,389회,전국,002547,드라마&영화,드라마,주말연속극,0,0,0.56456,0,0,0.25444,0.2476,0,0,0,0,0.01103,0.32112,0.28624,"최불암,김혜자,김용건,김수미,고두심,유인촌,정대홍"
20200602,KTV,224412,231227,바람은불어도,,111회,전국,002815,드라마&영화,드라마,주간연속극,0,0,0,0,0,0,0.06784,0,0,0,0,0,0,0.26731,"최수종,유호정,윤손하,송나영,송기윤,나문희"
20200602,KTV,231352,234225,바람은불어도,,112회,전국,002833,드라마&영화,드라마,주간연속극,0.02009,0,0,0,0.00538,0,0.06082,0.01224,0,0,0.042,0,0,0.3088,"최수종,유호정,윤손하,송나영,송기윤,나문희"
20200602,KTV,243418,252317,파랑새는있다,,15회,전국,004859,드라마&영화,드라마,주간연속극,0,0,0,0,0,0,0.00354,0,0,0.22707,0,0,0.00521,0.16035,"이상인,정선경,백윤식,송경철,박남현,한진희,동방우,양금석"
20200602,KTV,255151,255959,전원일기,,389회,전국,000808,드라마&영화,드라마,주말연속극,0,0,0,0,0,0,0.01593,0,0,0,0,0,0,0.08847,"최불암,김혜자,김용건,김수미,고두심,유인촌,정대홍"
20200602,MBC every1,024946,032050,그남자의기억법,,9회,전국,003104,드라마&영화,드라마,미니시리즈,0,0,0,0,0,0.08503,0.08199,0,0,0,0.0188,0.1117,0.11023,0.03576,"이정훈역:김동욱,여하진역:문가영,유태은역:윤종훈,여하경역:김슬기,정서연역:이주빈,유성혁역:김창완,서미현역:길해연,최희상역:장영남,김철웅역:이승준,이동영역:차광수,박경애역:이수미,문성호역:주석태,진소영역:유담연,지현근역:지일주,박수창역:장인섭,조일권역:이진혁,문철역:신주협,유지원역:장이정,김수현역:박지원,고유라역:유라,주여민역:로운,서광진역:김선호,황작가역:신동미,양파역:양파"
20200602,MBC every1,032059,035240,그남자의기억법,,10회,전국,003141,드라마&영화,드라마,미니시리즈,0,0,0,0,0.19152,0,0,0,0,0,0.01648,0,0,0,"이정훈역:김동욱,여하진역:문가영,유태은역:윤종훈,여하경역:김슬기,정서연역:이주빈,유성혁역:김창완,서미현역:길해연,최희상역:장영남,김철웅역:이승준,이동영역:차광수,박경애역:이수미,문성호역:주석태,진소영역:유담연,지현근역:지일주,박수창역:장인섭,조일권역:이진혁,문철역:신주협,유지원역:장이정,김수현역:박지원,고유라역:유라,주여민역:로운,서광진역:김선호,황작가역:신동미,양파역:양파"
20200602,MBC every1,035606,042902,그남자의기억법,,11회,전국,003256,드라마&영화,드라마,미니시리즈,0,0,0,0,0.32044,0.04748,0,0,0,0.12338,0.02186,0,0.01135,0,"이정훈역:김동욱,여하진역:문가영,유태은역:윤종훈,여하경역:김슬기,정서연역:이주빈,유성혁역:김창완,서미현역:길해연,최희상역:장영남,김철웅역:이승준,이동영역:차광수,박경애역:이수미,문성호역:주석태,진소영역:유담연,지현근역:지일주,박수창역:장인섭,조일권역:이진혁,문철역:신주협,유지원역:장이정,김수현역:박지원,고유라역:유라,주여민역:로운,서광진역:김선호,황작가역:신동미,양파역:양파"
20200602,MBC every1,042911,045857,그남자의기억법,,12회,전국,002946,드라마&영화,드라마,미니시리즈,0,0,0,0.03242,0.39651,0.06182,0.06937,0,0,0.00522,0.08847,0.00218,0.03225,0.06512,"이정훈역:김동욱,여하진역:문가영,유태은역:윤종훈,여하경역:김슬기,정서연역:이주빈,유성혁역:김창완,서미현역:길해연,최희상역:장영남,김철웅역:이승준,이동영역:차광수,박경애역:이수미,문성호역:주석태,진소영역:유담연,지현근역:지일주,박수창역:장인섭,조일권역:이진혁,문철역:신주협,유지원역:장이정,김수현역:박지원,고유라역:유라,주여민역:로운,서광진역:김선호,황작가역:신동미,양파역:양파"
20200602,MBC M,100058,110250,그녀는예뻤다,,3회,전국,010152,드라마&영화,드라마,미니시리즈,0,0,0,0,0,0,0.00203,0,0.00347,0.00454,0,0.04705,0,0.02563,"김혜진역:황정음,지성준역:박서준,민하리역:고준희,김신혁역:시원,차혜정역:윤유선,나지선역:서정연,민용길역:이병준,김혜린역:정다빈,김중섭역:박충선,한정혜역:이일화,김라라역:황석정,김풍호역:안세하,차주영역:신동미,김준우역:박유환,주아름역:신주연,한설역:신혜선,선민역:차정원,이경역:배민정,은영역:임세주,부중만역:김하균,이슬비역:진혜원,광희역:조창근,발등남역:임강성,마트직원역:안상태,김혜진어린시절역:정다빈,지성준어린시절역:양한열"
20200602,MBC M,111110,121422,그녀는예뻤다,,4회,전국,010312,드라마&영화,드라마,미니시리즈,0,0,0,0,0,0.05522,0,0,0,0.00708,0,0.05385,0.0026,0.04054,"김혜진역:황정음,지성준역:박서준,민하리역:고준희,김신혁역:시원,차혜정역:윤유선,나지선역:서정연,민용길역:이병준,김혜린역:정다빈,김중섭역:박충선,한정혜역:이일화,김라라역:황석정,김풍호역:안세하,차주영역:신동미,김준우역:박유환,주아름역:신주연,한설역:신혜선,선민역:차정원,이경역:배민정,은영역:임세주,부중만역:김하균,이슬비역:진혜원,광희역:조창근,발등남역:임강성,마트직원역:안상태,김혜진어린시절역:정다빈,지성준어린시절역:양한열"
20200602,O tvN,020000,025651,이번생은처음이라,,7회,전국,005651,드라마&영화,드라마,미니시리즈,0,0,0,0.01706,0.00189,0.18388,0.20636,0,0,0,0,0,0,0.24172,"남세희역:이민기,윤지호역:정소민,우수지역:이솜,양호랑역:김가은,마상구역:박병은,심원석역:김민석,조명자역:문희경,윤종수역:김병옥,김현자역:김선영,윤지석역:노종현,이은솔역:전혜원,연복남역:김민규,윤보미역:윤보미,오스카역:윤두준,수희역:윤소희,고정민역:이청아"
20200602,O tvN,090740,101114,화양연화삶이꽃이되는순간,,9회,전국,010334,드라마&영화,드라마,미니시리즈,0,0,0,0.0027,0,0,0,0,0,0,0,0.02431,0.01547,0.08359,"한재현역:유지태,윤지수역:이보영,과거재현역:진영,과거지수역:전소니,장서경역:박시연,장산역:문성근,한준서역:박민수,한인호역:남명렬,이경자역:손숙,윤형구역:장광,이영민역:고우림,정숙희역:이종남,윤지영역:채원빈,이동진역:민성욱,과거동진역:은해성,성화진역:김주령,과거화진역:한지원,강준우역:강영석,정윤기역:김호창,이세훈역:김영훈,주영우역:이태성,과거영우역:병헌,양혜정역:우정원,과거혜정역:박한솔,최선희역:김영아"
20200602,O tvN,101906,112002,화양연화삶이꽃이되는순간,,10회,전국,010056,드라마&영화,드라마,미니시리즈,0,0.0114,0.01692,0.00541,0.07323,0.12901,0.03661,0,0,0.04925,0.08674,0.00166,0.01793,0.03863,"한재현역:유지태,윤지수역:이보영,과거재현역:진영,과거지수역:전소니,장서경역:박시연,장산역:문성근,한준서역:박민수,한인호역:남명렬,이경자역:손숙,윤형구역:장광,이영민역:고우림,정숙희역:이종남,윤지영역:채원빈,이동진역:민성욱,과거동진역:은해성,성화진역:김주령,과거화진역:한지원,강준우역:강영석,정윤기역:김호창,이세훈역:김영훈,주영우역:이태성,과거영우역:병헌,양혜정역:우정원,과거혜정역:박한솔,최선희역:김영아"
20200602,O tvN,112803,124411,왕이된남자,,5회,전국,011608,드라마&영화,드라마,미니시리즈,0,0,0.05736,0,0.44096,0.09309,0.34057,0,0,0.06996,0.32888,0.15688,0.08802,0.18184,"하선역:여진구,이헌역:여진구,유소운역:이세영,이규역:김상경,운심역:정혜영,조내관역:장광,신치수역:권해효,대비역:장영남,주호걸역:이규한,갑수역:윤경호,진평군역:이무생,김상궁역:민지아,정생역:장성원,박상궁역:김수진,선화당역:서윤아,장무영역:윤종석,애영역:오하늬,신이겸역:최규진,계환역:시은,달래역:신수연,장상궁역:이미은,유호준역:이윤건,이한종역:최무인,서장원역:이창직,기성군역:윤박"
20200602,O tvN,125500,140932,왕이된남자,,6회,전국,011432,드라마&영화,드라마,미니시리즈,0,0.01653,0.00208,0,0.02978,0.00561,0.25655,0,0.01874,0.00284,0.09364,0.01458,0.02388,0.04081,"하선역:여진구,이헌역:여진구,유소운역:이세영,이규역:김상경,운심역:정혜영,조내관역:장광,신치수역:권해효,대비역:장영남,주호걸역:이규한,갑수역:윤경호,진평군역:이무생,김상궁역:민지아,정생역:장성원,박상궁역:김수진,선화당역:서윤아,장무영역:윤종석,애영역:오하늬,신이겸역:최규진,계환역:시은,달래역:신수연,장상궁역:이미은,유호준역:이윤건,이한종역:최무인,서장원역:이창직,기성군역:윤박"
20200602,O tvN,142634,154342,왕이된남자,,7회,전국,011708,드라마&영화,드라마,미니시리즈,0,0,0.00148,0,0,0.01491,0.12722,0,0,0.38802,0.24356,0.08912,0.37355,0.02488,"하선역:여진구,이헌역:여진구,유소운역:이세영,이규역:김상경,운심역:정혜영,조내관역:장광,신치수역:권해효,대비역:장영남,주호걸역:이규한,갑수역:윤경호,진평군역:이무생,김상궁역:민지아,정생역:장성원,박상궁역:김수진,선화당역:서윤아,장무영역:윤종석,애영역:오하늬,신이겸역:최규진,계환역:시은,달래역:신수연,장상궁역:이미은,유호준역:이윤건,이한종역:최무인,서장원역:이창직,기성군역:윤박"
20200602,O tvN,155912,171624,왕이된남자,,8회,전국,011712,드라마&영화,드라마,미니시리즈,0,0,0.04141,0.01112,0.01251,0.04332,0.04991,0.04433,0.01326,0.03084,0.03234,0.00791,0.22629,0.04126,"하선역:여진구,이헌역:여진구,유소운역:이세영,이규역:김상경,운심역:정혜영,조내관역:장광,신치수역:권해효,대비역:장영남,주호걸역:이규한,갑수역:윤경호,진평군역:이무생,김상궁역:민지아,정생역:장성원,박상궁역:김수진,선화당역:서윤아,장무영역:윤종석,애영역:오하늬,신이겸역:최규진,계환역:시은,달래역:신수연,장상궁역:이미은,유호준역:이윤건,이한종역:최무인,서장원역:이창직,기성군역:윤박"
20200602,O tvN,192932,212504,슬기로운의사생활,,12회,전국,015532,드라마&영화,드라마,미니시리즈,0,0.10923,0.31081,0.03477,0.15404,0.48266,0.12909,0,0.35106,0.27743,0.34417,0.49402,0.60282,0.12734,"이익준역:조정석,안정원역:유연석,김준완역:정경호,양석형역:김대명,채송화역:전미도,정로사역:김해숙,주종수역:김갑수,도재학역:정문성,용석민역:문태유,장겨울역:신현빈,안치홍역:김준한,봉광현역:최영준,추민하역:안은진,허선빈역:하윤경,명은원역:김혜인,장윤복역:조이현,장홍도역:배현성,송수빈역:김수진,소이현역:윤혜리,배준희역:신도현,주전역:조승연,황재신역:양조아,이우주역:김준,민기준역:서진원,종세혁역:전광진,이영하역:이노아,김재환역:이달,국해성역:이혜은,함덕주역:김비비,한현희역:이지원,한승주역:김지성,은선진역:설유진,이익순역:곽선영,조영혜역:문희경,양태양역:남명렬,김태연역:이소윤,천명태역:최영우,선우희수역:박한솔,장겨울남동생역:박정우,고아라역:고아라"
20200602,O tvN,233052,243340,이번생은처음이라,,8회,전국,010248,드라마&영화,드라마,미니시리즈,0,0,0,0.00284,0,0.22591,0.10818,0,0,0.0138,0,0.00357,0.15733,0.13965,"남세희역:이민기,윤지호역:정소민,우수지역:이솜,양호랑역:김가은,마상구역:박병은,심원석역:김민석,조명자역:문희경,윤종수역:김병옥,김현자역:김선영,윤지석역:노종현,이은솔역:전혜원,연복남역:김민규,윤보미역:윤보미,오스카역:윤두준,수희역:윤소희,고정민역:이청아"
20200602,O tvN,244846,255948,이번생은처음이라,,9회,전국,011102,드라마&영화,드라마,미니시리즈,0.31481,0.00707,0,0.20402,0.13425,0.12182,0.05104,0,0,0,0.21791,0.15188,0.00297,0.03139,"남세희역:이민기,윤지호역:정소민,우수지역:이솜,양호랑역:김가은,마상구역:박병은,심원석역:김민석,조명자역:문희경,윤종수역:김병옥,김현자역:김선영,윤지석역:노종현,이은솔역:전혜원,연복남역:김민규,윤보미역:윤보미,오스카역:윤두준,수희역:윤소희,고정민역:이청아"
20200602,OCN,114421,124646,번외수사,,3회,전국,010225,드라마&영화,드라마,미니시리즈,0.09858,0.01338,0,0.12145,0.03358,0.16326,0.26984,0,0.01205,0.01988,0.0635,0.07498,0.28329,0.22829,"진강호역:차태현,강무영역:이선빈,이반석역:정상훈,테디정역:윤경호,탁원역:지승현,민대진역:박정우,맨손역:박태산,연장역:장진희,지수철역:이영석,노순이역:민경옥"
20200602,OCN,125506,135707,번외수사,,4회,전국,010201,드라마&영화,드라마,미니시리즈,1.12835,0.36142,0.01583,0.06069,0.28955,0.34798,0.18089,0,0.46978,0.22537,0.47127,0.47069,0.33573,0.3416,"진강호역:차태현,강무영역:이선빈,이반석역:정상훈,테디정역:윤경호,탁원역:지승현,민대진역:박정우,맨손역:박태산,연장역:장진희,지수철역:이영석,노순이역:민경옥"
20200602,On Style,134519,145506,그녀의사생활,,4회,전국,010947,드라마&영화,드라마,미니시리즈,0.01066,0,0,0,0.00522,0.03112,0.01727,0.01004,0,0.09626,0.11474,0,0.00225,0.02735,"성덕미역:박민영,라이언골드역:김재욱,남은기역:안보현,이선주역:박진주,차시안역:정제원,최다인역:홍서영,신디역:김보라,고영숙역:김미경,성근호역:맹상훈,엄소혜역:김선영,유경아역:서예화,김유섭역:정원창,강승민역:임지규,주혁역:유용민,남세연역:박명신,공은영역:이일화"
20200602,On Style,145622,160401,그녀의사생활,,5회,전국,010739,드라마&영화,드라마,미니시리즈,0.02108,0.02845,0.01725,0.00365,0.05793,0.0074,0.02229,0.04844,0.00403,0.02923,0.12691,0.01313,0.00188,0.01034,"성덕미역:박민영,라이언골드역:김재욱,남은기역:안보현,이선주역:박진주,차시안역:정제원,최다인역:홍서영,신디역:김보라,고영숙역:김미경,성근호역:맹상훈,엄소혜역:김선영,유경아역:서예화,김유섭역:정원창,강승민역:임지규,주혁역:유용민,남세연역:박명신,공은영역:이일화"
20200602,On Style,160500,171015,그녀의사생활,,6회,전국,010515,드라마&영화,드라마,미니시리즈,0.22,0,0.01622,0.03103,0.03981,0.01057,0.01594,0,0,0.00669,0.1567,0.30163,0.00699,0.01603,"성덕미역:박민영,라이언골드역:김재욱,남은기역:안보현,이선주역:박진주,차시안역:정제원,최다인역:홍서영,신디역:김보라,고영숙역:김미경,성근호역:맹상훈,엄소혜역:김선영,유경아역:서예화,김유섭역:정원창,강승민역:임지규,주혁역:유용민,남세연역:박명신,공은영역:이일화"
20200602,SBS플러스,020000,025117,굿캐스팅,,10회,전국,005117,드라마&영화,드라마,미니시리즈,0,0.05509,0.16364,0,0.15676,0.02578,0.0547,0,0.04964,0.00348,0,0.67521,0.07736,0.01793,"백찬미역:최강희,윤석호역:이상엽,임예은역:유인영,황미순역:김지영,강우원역:이준영,동관수역:이종혁,서국환역:정인기,배무혁역:박경순,간태희역:황보미,명계철역:우현,탁상기역:이상훈,옥철역:김용희,변우석역:허재호,구비서역:한수진,설영훈역:조영훈,심화란역:차수연,남봉만역:이승형,남주연역:김보윤,피철웅역:배진웅,권민석역:성혁,권소희역:노하연"
20200602,SBS플러스,065457,072546,엄마가바람났다,,20회,전국,003049,드라마&영화,드라마,아침드라마,0,0,0,0,0,0.15653,0.18392,0,0,0,0.01465,0.08847,0.29724,0.24785,"오필정역:현쥬니,강석준역:이재황,이은주역:문보령,강석환역:김형범,오순정역:남이안,김복순역:박순천,박민호역:길정우,박민지역:홍제이,김해정역:양금석,강태수역:이원재,이태우역:서현석,최동석역:김동균,최은자역:이진아,최유경역:이영은,최미영역:전은채,왕기범역:차승우,하열도역:김영훈,홍수경역:노정명,박태섭역:강서준,박혜진역:박지수"
20200602,SBS플러스,072657,075635,엄마가바람났다,,21회,전국,002938,드라마&영화,드라마,아침드라마,0,0.01222,0.15763,0,0.00433,0.20341,0.4592,0,0.02088,0,0.33444,0.23812,0.46235,0.41973,"오필정역:현쥬니,강석준역:이재황,이은주역:문보령,강석환역:김형범,오순정역:남이안,김복순역:박순천,박민호역:길정우,박민지역:홍제이,김해정역:양금석,강태수역:이원재,이태우역:서현석,최동석역:김동균,최은자역:이진아,최유경역:이영은,최미영역:전은채,왕기범역:차승우,하열도역:김영훈,홍수경역:노정명,박태섭역:강서준,박혜진역:박지수"
20200602,SBS플러스,080545,091036,너의목소리가들려,,15회,전국,010451,드라마&영화,드라마,미니시리즈,0,0.27977,0.01406,0,0.08873,0.2224,0.03015,0,0.00738,0,0.00894,0.08211,0.39601,0.03913,"장혜성역:이보영,박수하역:이종석,차관우역:윤상현,서도연역:이다희,어춘심역:김해숙,민준국역:정웅인,신상덕역:윤주상,서대석역:정동환,김공숙역:김광규,황달중역:김병옥,고성빈역:김가은,최유창역:최성준,김충기역:박두식,박주혁역:조덕현,도연엄마역:장희수,어린장혜성역:김소현,어린박수하역:구승현,어린서도연역:정민아,정필재역:한기원,정필승역:한기웅,변호사역:소이현,형사역:김성균,문동희역:김수연,최윤역:김민종,고아원입양담당자역:안문숙,엄기준역:엄기준,백화점손님역:안영미,경찰역:정만식,소매치기역:강남"
20200602,SBS플러스,195558,210909,더킹영원의군주,,13회,전국,011311,드라마&영화,드라마,미니시리즈,0,0.04008,0.01069,0.31237,0.07493,0.49496,0.09168,0,0.2013,0.38806,0.068,0.5247,0.43105,0.13609,"이곤역:이민호,정태을역:김고은,조은섭역:우도환,조영역:우도환,강신재역:김경남,구서령역:정은채,이림역:이정진,루나역:김고은,노옥남역:김영옥,정도인역:전배수,송정혜역:서정연,박문식역:박원상,장미카엘역:강홍석,이종인역:전무송,명나리역:김용지,명승아역:김용지,유경무역:이해영,민화연역:황영희,박지영역:박지연,모비서역:백현주,석호필역:이홍내"
20200602,SKY,093603,104055,굿캐스팅,,10회,전국,010452,드라마&영화,드라마,미니시리즈,0.13089,0,0,0.00886,0,0.01766,0.02256,0,0,0,0.0301,0.00491,0.01901,0.03798,"백찬미역:최강희,윤석호역:이상엽,임예은역:유인영,황미순역:김지영,강우원역:이준영,동관수역:이종혁,서국환역:정인기,배무혁역:박경순,간태희역:황보미,명계철역:우현,탁상기역:이상훈,옥철역:김용희,변우석역:허재호,구비서역:한수진,설영훈역:조영훈,심화란역:차수연,남봉만역:이승형,남주연역:김보윤,피철웅역:배진웅,권민석역:성혁,권소희역:노하연"
20200602,ONCE,020918,030642,대조영,,43회,전국,005724,드라마&영화,드라마,주말연속극,0,0,0.00304,0,0.29727,0.31091,0.03396,0,0,0.04246,0,0.01248,0.08056,0.00305,"대조영역:최수종,이해고역:정보석,설인귀역:이덕화,초린역:박예진,검이역:정태우,숙영역:홍수현,양만춘역:임동진,흑수돌역:김학철,연남생역:임호,대중상역:임혁,걸사비우역:최철호,검모잠역:김명수,당태종역:송용태,부지광역:박지일,미모사역:김정현,금란역:심은진,부기원역:김하균,보장왕역:길용우,이진충역:김동현,손만영역:조인표,신홍역:김규철,계필사문역:윤용현,퉁소역:방형주,홍패역:유태술,이문역:남성진,팔보역:우봉식"
20200602,ONCE,031510,035645,전원일기,,417회,전국,004135,드라마&영화,드라마,주말연속극,0,0,0,0.00551,0.30088,0.18958,0.03253,0,0,0,0.00429,0,0.05408,0.00419,"최불암,김혜자,김용건,김수미,고두심,유인촌,정대홍"
20200602,ONCE,040510,044523,전원일기,,418회,전국,004013,드라마&영화,드라마,주말연속극,0,0,0.00927,0,0.12023,0.04752,0.05751,0,0,0,0,0,0.00112,0,"최불암,김혜자,김용건,김수미,고두심,유인촌,정대홍"
20200602,ONCE,045743,060152,동이,,43회,전국,010409,드라마&영화,드라마,주간연속극,0.1049,0,0,0.00842,0.23203,0.01916,0.03656,0.09884,0,0,0.02941,0.03581,0.01744,0.01844,"동이역:한효주,숙종역:지진희,희빈장씨역:이소연,차천수역:배수빈,서용기역:정진영,인현왕후역:박하선,오태석역:정동환,이종욱역:이정훈,홍태윤역:손일권,박도식역:최재호,도승지역:신국,오호양역:여호민,황주식역:이희도,정인국역:나성균,최효원역:천호진,장익헌역:이재용,김환역:정인기,은금역:한다민,오태풍역:이계인,태풍처역:이숙,장희재역:김유석,설희역:김혜진,게둬라부역:정은표,오윤역:최철호,게둬라역:최수한,심운택역:김동윤,동이어린시절역:김유정,봉상궁역:김소이,조상궁역:안여진,유상궁역:임성민,정임역:정유미,애종역:강유미,시비역:오은호,미지역:최하나,대전내관역:정선일,명성대비역:박정수,정상궁역:김혜선,영달역:이광수,최동주역:정성운,장무열역:최종환,이금역:이형석,경종역:윤찬,김구선역:맹상훈,인원왕후역:오연서"
20200602,ONCE,060957,071500,동이,,44회,전국,010503,드라마&영화,드라마,주간연속극,0,0,0.00379,0.00387,0.19161,0.00316,0.01236,0.01141,0,0.0032,0.00376,0.0672,0.00503,0.02381,"동이역:한효주,숙종역:지진희,희빈장씨역:이소연,차천수역:배수빈,서용기역:정진영,인현왕후역:박하선,오태석역:정동환,이종욱역:이정훈,홍태윤역:손일권,박도식역:최재호,도승지역:신국,오호양역:여호민,황주식역:이희도,정인국역:나성균,최효원역:천호진,장익헌역:이재용,김환역:정인기,은금역:한다민,오태풍역:이계인,태풍처역:이숙,장희재역:김유석,설희역:김혜진,게둬라부역:정은표,오윤역:최철호,게둬라역:최수한,심운택역:김동윤,동이어린시절역:김유정,봉상궁역:김소이,조상궁역:안여진,유상궁역:임성민,정임역:정유미,애종역:강유미,시비역:오은호,미지역:최하나,대전내관역:정선일,명성대비역:박정수,정상궁역:김혜선,영달역:이광수,최동주역:정성운,장무열역:최종환,이금역:이형석,경종역:윤찬,김구선역:맹상훈,인원왕후역:오연서"
20200602,ONCE,072819,080955,전원일기,,417회,전국,004136,드라마&영화,드라마,주말연속극,0,0,0.24289,0.12494,0,0.18751,0.09005,0,0,0,0.10254,0,0.22305,0.09457,"최불암,김혜자,김용건,김수미,고두심,유인촌,정대홍"
20200602,ONCE,081728,085741,전원일기,,418회,전국,004013,드라마&영화,드라마,주말연속극,0,0,0.06516,0,0,0.04933,0,0,0,0,0.00397,0,0.0858,0.063,"최불암,김혜자,김용건,김수미,고두심,유인촌,정대홍"
20200602,ONCE,091121,101335,동이,,45회,전국,010214,드라마&영화,드라마,주간연속극,0.02368,0,0.09172,0,0.21245,0.10404,0.12841,0.02231,0,0.0138,0.05507,0,0.01534,0.27437,"동이역:한효주,숙종역:지진희,희빈장씨역:이소연,차천수역:배수빈,서용기역:정진영,인현왕후역:박하선,오태석역:정동환,이종욱역:이정훈,홍태윤역:손일권,박도식역:최재호,도승지역:신국,오호양역:여호민,황주식역:이희도,정인국역:나성균,최효원역:천호진,장익헌역:이재용,김환역:정인기,은금역:한다민,오태풍역:이계인,태풍처역:이숙,장희재역:김유석,설희역:김혜진,게둬라부역:정은표,오윤역:최철호,게둬라역:최수한,심운택역:김동윤,동이어린시절역:김유정,봉상궁역:김소이,조상궁역:안여진,유상궁역:임성민,정임역:정유미,애종역:강유미,시비역:오은호,미지역:최하나,대전내관역:정선일,명성대비역:박정수,정상궁역:김혜선,영달역:이광수,최동주역:정성운,장무열역:최종환,이금역:이형석,경종역:윤찬,김구선역:맹상훈,인원왕후역:오연서"
20200602,ONCE,102721,113057,동이,,46회,전국,010336,드라마&영화,드라마,주간연속극,0,0,0.00371,0,0.32982,0.25577,0.06179,0,0,0,0,0.11214,0.09006,0.07127,"동이역:한효주,숙종역:지진희,희빈장씨역:이소연,차천수역:배수빈,서용기역:정진영,인현왕후역:박하선,오태석역:정동환,이종욱역:이정훈,홍태윤역:손일권,박도식역:최재호,도승지역:신국,오호양역:여호민,황주식역:이희도,정인국역:나성균,최효원역:천호진,장익헌역:이재용,김환역:정인기,은금역:한다민,오태풍역:이계인,태풍처역:이숙,장희재역:김유석,설희역:김혜진,게둬라부역:정은표,오윤역:최철호,게둬라역:최수한,심운택역:김동윤,동이어린시절역:김유정,봉상궁역:김소이,조상궁역:안여진,유상궁역:임성민,정임역:정유미,애종역:강유미,시비역:오은호,미지역:최하나,대전내관역:정선일,명성대비역:박정수,정상궁역:김혜선,영달역:이광수,최동주역:정성운,장무열역:최종환,이금역:이형석,경종역:윤찬,김구선역:맹상훈,인원왕후역:오연서"
20200602,ONCE,114342,124119,대조영,,44회,전국,005737,드라마&영화,드라마,주말연속극,0.00971,0.04549,0,0,0.15661,0.00211,0.09146,0,0,0,0.0038,0.02194,0.13341,0.00291,"대조영역:최수종,이해고역:정보석,설인귀역:이덕화,초린역:박예진,검이역:정태우,숙영역:홍수현,양만춘역:임동진,흑수돌역:김학철,연남생역:임호,대중상역:임혁,걸사비우역:최철호,검모잠역:김명수,당태종역:송용태,부지광역:박지일,미모사역:김정현,금란역:심은진,부기원역:김하균,보장왕역:길용우,이진충역:김동현,손만영역:조인표,신홍역:김규철,계필사문역:윤용현,퉁소역:방형주,홍패역:유태술,이문역:남성진,팔보역:우봉식"
20200602,ONCE,155507,163441,전원일기,,419회,전국,003934,드라마&영화,드라마,주말연속극,0,0,0.26355,0,0.28069,0.10958,0.04342,0,0,0,0.01453,0.03739,0.13043,0.02908,"최불암,김혜자,김용건,김수미,고두심,유인촌,정대홍"
20200602,ONCE,164415,172415,전원일기,,420회,전국,004000,드라마&영화,드라마,주말연속극,0,0,0.17002,0.02162,0.20289,0.14958,0.25463,0,0,0,0,0.18501,0.2148,0.18281,"최불암,김혜자,김용건,김수미,고두심,유인촌,정대홍"
20200602,ONCE,173725,183502,대조영,,44회,전국,005737,드라마&영화,드라마,주말연속극,0.01455,0.032,0.00098,0.10072,0.02709,0.00146,0.04226,0.03726,0,0,0.1402,0.02285,0.00096,0.01485,"대조영역:최수종,이해고역:정보석,설인귀역:이덕화,초린역:박예진,검이역:정태우,숙영역:홍수현,양만춘역:임동진,흑수돌역:김학철,연남생역:임호,대중상역:임혁,걸사비우역:최철호,검모잠역:김명수,당태종역:송용태,부지광역:박지일,미모사역:김정현,금란역:심은진,부기원역:김하균,보장왕역:길용우,이진충역:김동현,손만영역:조인표,신홍역:김규철,계필사문역:윤용현,퉁소역:방형주,홍패역:유태술,이문역:남성진,팔보역:우봉식"
20200602,ONCE,222541,232755,동이,,45회,전국,010214,드라마&영화,드라마,주간연속극,0,0.13969,0.09193,0.16409,0.16265,0.29597,0.26575,0,0.17008,0,0.2948,0.29496,0.01754,0.21055,"동이역:한효주,숙종역:지진희,희빈장씨역:이소연,차천수역:배수빈,서용기역:정진영,인현왕후역:박하선,오태석역:정동환,이종욱역:이정훈,홍태윤역:손일권,박도식역:최재호,도승지역:신국,오호양역:여호민,황주식역:이희도,정인국역:나성균,최효원역:천호진,장익헌역:이재용,김환역:정인기,은금역:한다민,오태풍역:이계인,태풍처역:이숙,장희재역:김유석,설희역:김혜진,게둬라부역:정은표,오윤역:최철호,게둬라역:최수한,심운택역:김동윤,동이어린시절역:김유정,봉상궁역:김소이,조상궁역:안여진,유상궁역:임성민,정임역:정유미,애종역:강유미,시비역:오은호,미지역:최하나,대전내관역:정선일,명성대비역:박정수,정상궁역:김혜선,영달역:이광수,최동주역:정성운,장무열역:최종환,이금역:이형석,경종역:윤찬,김구선역:맹상훈,인원왕후역:오연서"
20200602,ONCE,234040,244416,동이,,46회,전국,010336,드라마&영화,드라마,주간연속극,0,0.07365,0,0.16499,0.13025,0.62764,0.37778,0,0,0,0.01938,0.55428,0.06936,0.23352,"동이역:한효주,숙종역:지진희,희빈장씨역:이소연,차천수역:배수빈,서용기역:정진영,인현왕후역:박하선,오태석역:정동환,이종욱역:이정훈,홍태윤역:손일권,박도식역:최재호,도승지역:신국,오호양역:여호민,황주식역:이희도,정인국역:나성균,최효원역:천호진,장익헌역:이재용,김환역:정인기,은금역:한다민,오태풍역:이계인,태풍처역:이숙,장희재역:김유석,설희역:김혜진,게둬라부역:정은표,오윤역:최철호,게둬라역:최수한,심운택역:김동윤,동이어린시절역:김유정,봉상궁역:김소이,조상궁역:안여진,유상궁역:임성민,정임역:정유미,애종역:강유미,시비역:오은호,미지역:최하나,대전내관역:정선일,명성대비역:박정수,정상궁역:김혜선,영달역:이광수,최동주역:정성운,장무열역:최종환,이금역:이형석,경종역:윤찬,김구선역:맹상훈,인원왕후역:오연서"
20200602,ONCE,245731,255508,대조영,,44회,전국,005737,드라마&영화,드라마,주말연속극,0,0,0,0,0.06229,0.42006,0.10402,0,0,0,0.10293,0.1217,0.06332,0.00825,"대조영역:최수종,이해고역:정보석,설인귀역:이덕화,초린역:박예진,검이역:정태우,숙영역:홍수현,양만춘역:임동진,흑수돌역:김학철,연남생역:임호,대중상역:임혁,걸사비우역:최철호,검모잠역:김명수,당태종역:송용태,부지광역:박지일,미모사역:김정현,금란역:심은진,부기원역:김하균,보장왕역:길용우,이진충역:김동현,손만영역:조인표,신홍역:김규철,계필사문역:윤용현,퉁소역:방형주,홍패역:유태술,이문역:남성진,팔보역:우봉식"
20200602,OCN Thrills,085751,100749,번외수사,,1회,전국,010958,드라마&영화,드라마,미니시리즈,0,0.13599,0.10391,0,0.07246,0.21665,0.01468,0,0,0.0026,0,0.01639,0.2012,0.01805,"진강호역:차태현,강무영역:이선빈,이반석역:정상훈,테디정역:윤경호,탁원역:지승현,민대진역:박정우,맨손역:박태산,연장역:장진희,지수철역:이영석,노순이역:민경옥"
20200602,OCN Thrills,101438,111441,번외수사,,2회,전국,010003,드라마&영화,드라마,미니시리즈,0.00469,0.28557,0.29403,0.00614,0.04935,0.15159,0.00269,0.00286,0,0.04654,0.02943,0.00532,0.14558,0.00654,"진강호역:차태현,강무영역:이선빈,이반석역:정상훈,테디정역:윤경호,탁원역:지승현,민대진역:박정우,맨손역:박태산,연장역:장진희,지수철역:이영석,노순이역:민경옥"
20200602,TRENDY,071305,081327,부부클리닉사랑과전쟁2,,11회,전국,010022,드라마&영화,드라마,단막극,0,0.0022,0,0.02895,0.00348,0.00236,0,0,0.00232,0.00304,0,0.00343,0.00273,0.00652,"이재만,민지영,최영완,이정수,장가현,손유경,이준우"
20200602,TRENDY,082548,093315,부부클리닉사랑과전쟁2,,12회,전국,010727,드라마&영화,드라마,단막극,0,0,0,0.08712,0,0.00133,0.07505,0.08852,0.09343,0,0.01153,0.01123,0.11651,0.09269,"이재만,민지영,최영완,이정수,장가현,손유경,이준우"
20200602,TRENDY,140231,150258,부부클리닉사랑과전쟁2,,11회,전국,010027,드라마&영화,드라마,단막극,0,0,0.17043,0,0.0153,0.01331,0.0343,0,0,0.15337,0.11142,0.01514,0.19874,0.08878,"이재만,민지영,최영완,이정수,장가현,손유경,이준우"
20200602,TRENDY,151745,162516,부부클리닉사랑과전쟁2,,12회,전국,010731,드라마&영화,드라마,단막극,0,0,0,0,0.00781,0.04273,0.01199,0,0,0,0.017,0.01046,0.05628,0.01875,"이재만,민지영,최영완,이정수,장가현,손유경,이준우"
20200602,TRENDY,225057,235123,부부클리닉사랑과전쟁2,,11회,전국,010026,드라마&영화,드라마,단막극,0,0,0,0.01108,0,0.09599,0.01949,0,0.02609,0.00622,0,0,0.13605,0.03889,"이재만,민지영,최영완,이정수,장가현,손유경,이준우"
20200602,TRENDY,240610,251342,부부클리닉사랑과전쟁2,,12회,전국,010732,드라마&영화,드라마,단막극,0,0,0,0,0,0.10377,0.11376,0,0.05352,0,0.00223,0,0.22837,0.04978,"이재만,민지영,최영완,이정수,장가현,손유경,이준우"
20200602,WeLike,060758,065803,징비록,,43회,전국,005005,드라마&영화,드라마,주말연속극,0,0,0,0,0,0,0.00269,0,0,0,0.00325,0,0,0.01471,"서애류성룡역:김상중,선조역:김태우,오음윤두수역:임동진,아계이산해역:이재용,귀인김씨역:김혜은,도요토미히데요시역:김규철,고니시유키나가역:이광기,가토기요마사역:이정용,한음이덕형역:남성진,백사이항복역:최철호,이천리역:정태우,광해군역:노영학,우계성혼역:김효원,송강정철역:선동혁,심유경역:이기열,송응창역:최일화,신립역:김형일,구봉송익필역:박지일,학봉김성일역:박철호,현소역:박유승,이여송역:정흥채,우송당황윤길역:김종수,의인왕후박씨역:황인영,소오요시토시역:조재완,신명철역:이관훈,한설희역:한지완,동동역:한가림,임해군역:윤홍빈,사신홍여순역:김민상,오리이원익역:김정학,두암김응남역:홍일권,나암정언신역:박칠용,연부정언지역:허기호,신성군,우희다수가역:김리우,전전리가역:조상구,석전삼성역:강신조,네네역:오지영,사야가역:길상,요도역:손승우,만력제역:장태성,석성역:이원발,정귀비역:서윤아,이순신역:김석훈,이일역:서현철,권율역:김영기,정운역:조순창,송희립역:전승빈,곽재우역:임혁,정탁역:이대로,조승훈역:손호균,장세작역:박선우,낙상지역:공정환,범애유조인역:고인범,순화군역:김태용,김명원역:임병기,배흥립역:나주석"
20200602,WeLike,071021,075658,징비록,,44회,전국,004637,드라마&영화,드라마,주말연속극,0,0,0,0,0,0,0,0,0,0,0,0,0.0069,0,"서애류성룡역:김상중,선조역:김태우,오음윤두수역:임동진,아계이산해역:이재용,귀인김씨역:김혜은,도요토미히데요시역:김규철,고니시유키나가역:이광기,가토기요마사역:이정용,한음이덕형역:남성진,백사이항복역:최철호,이천리역:정태우,광해군역:노영학,우계성혼역:김효원,송강정철역:선동혁,심유경역:이기열,송응창역:최일화,신립역:김형일,구봉송익필역:박지일,학봉김성일역:박철호,현소역:박유승,이여송역:정흥채,우송당황윤길역:김종수,의인왕후박씨역:황인영,소오요시토시역:조재완,신명철역:이관훈,한설희역:한지완,동동역:한가림,임해군역:윤홍빈,사신홍여순역:김민상,오리이원익역:김정학,두암김응남역:홍일권,나암정언신역:박칠용,연부정언지역:허기호,신성군,우희다수가역:김리우,전전리가역:조상구,석전삼성역:강신조,네네역:오지영,사야가역:길상,요도역:손승우,만력제역:장태성,석성역:이원발,정귀비역:서윤아,이순신역:김석훈,이일역:서현철,권율역:김영기,정운역:조순창,송희립역:전승빈,곽재우역:임혁,정탁역:이대로,조승훈역:손호균,장세작역:박선우,낙상지역:공정환,범애유조인역:고인범,순화군역:김태용,김명원역:임병기,배흥립역:나주석"
20200602,WeLike,095921,110141,아이리스1,,1회,전국,010220,드라마&영화,드라마,미니시리즈,0,0,0,0,0,0,0.00214,0,0,0.00693,0,0.04645,0.00317,0,"김현준역:이병헌,최승희역:김태희,진사우역:정준호,빅역:T.O.P,김선화역:김소연,박철영역:김승우,백산역:김영철,박상현역:윤제문,오현규역:윤주상,양미정역:현쥬니,사토에리코역:유민"
20200602,WeLike,111520,121835,아이리스1,,2회,전국,010315,드라마&영화,드라마,미니시리즈,0,0,0,0.02616,0,0,0,0,0,0,0.00759,0,0,0.01475,"김현준역:이병헌,최승희역:김태희,진사우역:정준호,빅역:T.O.P,김선화역:김소연,박철영역:김승우,백산역:김영철,박상현역:윤제문,오현규역:윤주상,양미정역:현쥬니,사토에리코역:유민"
20200602,WeLike,195203,205448,아이리스1,,3회,전국,010245,드라마&영화,드라마,미니시리즈,0,0,0,0,0,0,0.06164,0,0,0,0,0,0,0,"김현준역:이병헌,최승희역:김태희,진사우역:정준호,빅역:T.O.P,김선화역:김소연,박철영역:김승우,백산역:김영철,박상현역:윤제문,오현규역:윤주상,양미정역:현쥬니,사토에리코역:유민"
20200602,WeLike,211037,221331,아이리스1,,4회,전국,010254,드라마&영화,드라마,미니시리즈,0,0,0.07716,0.06023,0.00688,0,0.00193,0,0,0.06619,0,0,0,0.05125,"김현준역:이병헌,최승희역:김태희,진사우역:정준호,빅역:T.O.P,김선화역:김소연,박철영역:김승우,백산역:김영철,박상현역:윤제문,오현규역:윤주상,양미정역:현쥬니,사토에리코역:유민"
20200603,KBS1,203107,205917,기막힌유산,,33회,전국,002810,드라마&영화,드라마,일일연속극,1.21141,1.68425,4.84514,4.30325,4.01916,10.55456,25.54546,5.56225,2.24331,2.70139,4.59149,6.36487,15.30607,30.87685,"부영배역:박인환,공계옥역:강세정,부설악역:신정윤,부백두역:강신조,윤민주역:이아현,부금강역:남성진,신애리역:김가연,정미희역:박순천,김용미역:이응경,부한라역:박신우,성판금역:조양자,부가온역:김비주,부태희역:김연지,부혜교역:김효경,부지현역:강유라,공소영역:김난주,이장원역:이일준,김수민역:조서후,김종두역:이춘식,차정건역:조순창,이청아역:정서하,손보미역:박민지,김영지역:주민하,강선희역:박현정,천호식역:백신,이정태역:노상보,고향숙역:박소정"
20200603,KBS2,090547,093401,기막힌유산,,32회,전국,002814,드라마&영화,드라마,일일연속극,1.73235,1.43374,1.3217,0.74505,1.57874,2.55059,3.33602,0.18284,0.75928,0.51242,0.73697,3.02894,2.22859,3.93532,"부영배역:박인환,공계옥역:강세정,부설악역:신정윤,부백두역:강신조,윤민주역:이아현,부금강역:남성진,신애리역:김가연,정미희역:박순천,김용미역:이응경,부한라역:박신우,성판금역:조양자,부가온역:김비주,부태희역:김연지,부혜교역:김효경,부지현역:강유라,공소영역:김난주,이장원역:이일준,김수민역:조서후,김종두역:이춘식,차정건역:조순창,이청아역:정서하,손보미역:박민지,김영지역:주민하,강선희역:박현정,천호식역:백신,이정태역:노상보,고향숙역:박소정"
20200603,KBS2,110424,120356,영혼수선공,<13회/14회>,13회/14회,전국,005932,드라마&영화,드라마,미니시리즈,0,0.08307,0.34877,0.07648,0.3763,0.32767,0.64112,0,0,0.38758,0.54379,0.31867,0.31537,0.85792,"이시준역:신하균,한우주역:정소민,인동혁역:태인호,지영원역:박예진,공지선역:주민경,조인혜역:조경숙,오기태역:박수영,박대하역:정해균,이택경역:최정우,노우정역:안동구,강누리역:하영,임세찬역:장유상,공지희역:박한솔,장유미역:김가란,김영석역:김강민,송민수역:류시원"
20200603,KBS2,121355,131357,영혼수선공,<15회/16회>,15회/16회,전국,010002,드라마&영화,드라마,미니시리즈,0,0.02531,0.31847,0.31058,0.25265,0.48579,0.67886,0,0.09042,0.03205,0.17657,0.65651,0.29015,1.02441,"이시준역:신하균,한우주역:정소민,인동혁역:태인호,지영원역:박예진,공지선역:주민경,조인혜역:조경숙,오기태역:박수영,박대하역:정해균,이택경역:최정우,노우정역:안동구,강누리역:하영,임세찬역:장유상,공지희역:박한솔,장유미역:김가란,김영석역:김강민,송민수역:류시원"
20200603,KBS2,194952,202425,위험한약속,,46회,전국,003433,드라마&영화,드라마,일일연속극,1.57246,3.00905,2.45795,3.07619,2.93816,6.35989,16.63092,3.0252,1.20424,3.08567,4.90799,4.98037,12.21179,21.97011,"차은동역:박하나,강태인역:고세원,최준혁역:강성민,오혜원역:박영린,한지훈역:이창욱,차만종역:이대연,차은찬역:유준서,공영심역:유지연,봉석구역:현우섭,강일섭역:강신일,연두심역:이칸희,한광훈역:길용우,한서주역:김혜지,최명희역:김나운,고재숙역:윤복인,최영국역:송민형,민주란역:오영실,최준경역:이효나,이창욱역:김정운"
20200603,KBS2,220051,223028,영혼수선공,<17회>,17회,전국,002937,드라마&영화,드라마,미니시리즈,0.72134,0.89977,0.58154,0.58059,1.29501,1.51582,1.4214,0,0.34858,0.56665,1.34407,2.08042,1.77571,1.87144,"이시준역:신하균,한우주역:정소민,인동혁역:태인호,지영원역:박예진,공지선역:주민경,조인혜역:조경숙,오기태역:박수영,박대하역:정해균,이택경역:최정우,노우정역:안동구,강누리역:하영,임세찬역:장유상,공지희역:박한솔,장유미역:김가란,김영석역:김강민,송민수역:류시원"
20200603,KBS2,223141,230507,영혼수선공,<18회>,18회,전국,003326,드라마&영화,드라마,미니시리즈,0.88692,0.75279,0.50961,0.70315,1.86811,2.17886,1.6385,0,0.02081,0.81345,1.64801,2.89325,2.3273,1.93111,"이시준역:신하균,한우주역:정소민,인동혁역:태인호,지영원역:박예진,공지선역:주민경,조인혜역:조경숙,오기태역:박수영,박대하역:정해균,이택경역:최정우,노우정역:안동구,강누리역:하영,임세찬역:장유상,공지희역:박한솔,장유미역:김가란,김영석역:김강민,송민수역:류시원"
20200603,MBC,154450,161537,꼰대인턴,<7회>,7회,전국,003047,드라마&영화,드라마,미니시리즈,0.08161,0.09333,0.21635,0.26602,0.40068,0.45041,0.6991,0.59458,0.52972,0.08698,0.51872,0.12718,0.69691,0.82635,"가열찬역:박해진,이만식역:김응수,이태리역:한지은,남궁준수역:박기웅,탁정은역:박아인,주윤수역:노종현,오동근역:고건한,김승진역:홍승범,구자숙역:김선영,안상종역:손종학,남궁표역:고인범,엄한길역:김기천,옥경이역:문숙,고선녀역:정경순,열찬모역:전국향,박범준역:장성규,백범역:정성호,은혜수역:정영주,가열찬친구역:권수현,차형석역:영탁"
20200603,MBC,161751,165106,꼰대인턴,<8회>,8회,전국,003315,드라마&영화,드라마,미니시리즈,0.09678,0.05094,0.2742,0.0424,0.44563,0.66906,0.73323,0.11074,0.11443,0.26368,0.40121,0.44668,0.91148,0.86882,"가열찬역:박해진,이만식역:김응수,이태리역:한지은,남궁준수역:박기웅,탁정은역:박아인,주윤수역:노종현,오동근역:고건한,김승진역:홍승범,구자숙역:김선영,안상종역:손종학,남궁표역:고인범,엄한길역:김기천,옥경이역:문숙,고선녀역:정경순,열찬모역:전국향,박범준역:장성규,백범역:정성호,은혜수역:정영주,가열찬친구역:권수현,차형석역:영탁"
20200603,MBC,205801,212901,꼰대인턴,<9회>,9회,전국,003100,드라마&영화,드라마,미니시리즈,1.75649,1.50793,1.75806,2.1988,2.53088,4.952,3.48224,1.50489,1.27407,1.19972,2.17102,3.93331,6.74291,3.30955,"가열찬역:박해진,이만식역:김응수,이태리역:한지은,남궁준수역:박기웅,탁정은역:박아인,주윤수역:노종현,오동근역:고건한,김승진역:홍승범,구자숙역:김선영,안상종역:손종학,남궁표역:고인범,엄한길역:김기천,옥경이역:문숙,고선녀역:정경순,열찬모역:전국향,박범준역:장성규,백범역:정성호,은혜수역:정영주,가열찬친구역:권수현,차형석역:영탁"
20200603,MBC,212943,220050,꼰대인턴,<10회>,10회,전국,003107,드라마&영화,드라마,미니시리즈,1.98441,1.18318,1.82308,3.01236,3.30935,5.63475,4.31367,2.36744,1.87923,1.80817,3.55022,5.34664,8.02112,4.02822,"가열찬역:박해진,이만식역:김응수,이태리역:한지은,남궁준수역:박기웅,탁정은역:박아인,주윤수역:노종현,오동근역:고건한,김승진역:홍승범,구자숙역:김선영,안상종역:손종학,남궁표역:고인범,엄한길역:김기천,옥경이역:문숙,고선녀역:정경순,열찬모역:전국향,박범준역:장성규,백범역:정성호,은혜수역:정영주,가열찬친구역:권수현,차형석역:영탁"
20200603,SBS,083619,090639,엄마가바람났다,,23회,전국,003020,드라마&영화,드라마,아침드라마,1.64638,1.65519,2.5009,1.85839,2.04573,3.3362,5.14106,0.02153,0.68854,0.84713,2.22473,3.0814,4.25387,6.71518,"오필정역:현쥬니,강석준역:이재황,이은주역:문보령,강석환역:김형범,오순정역:남이안,김복순역:박순천,박민호역:길정우,박민지역:홍제이,김해정역:양금석,강태수역:이원재,이태우역:서현석,최동석역:김동균,최은자역:이진아,최유경역:이영은,최미영역:전은채,왕기범역:차승우,하열도역:김영훈,홍수경역:노정명,박태섭역:강서준,박혜진역:박지수"
20200603,OBS,093845,104116,구가의서,,2회,전국,010231,드라마&영화,드라마,주간연속극,0,0.00279,0,0.31336,0,0.00987,0.12527,0,0.00342,0,0.10556,0.02561,0.22503,0.04521,"최강치역:이승기,담여울역:수지,조관웅역:이성재,담평준역:조성하,박태서역:유연석,박청조역:이유비,곤역:성준,구월령역:최진혁,윤서화역:이연희,소정법사역:김희원,천수련역:정혜영,자홍명역:윤세아,박무솔역:엄효섭,월선역:손승우,이순신역:유동근,마봉출역:조재윤,카게시마역:데이비드맥기니스,한노역:박주형,윤씨역:김희정,억만역:김기방,윤정윤역:이다윗,담이역:김보미,필목역:송영규,공달선생역:이도경"
20200603,OBS,182155,192501,구가의서,,3회,전국,010306,드라마&영화,드라마,주간연속극,0,0.26237,0,0,0,0.14713,0.31463,0,0,0,0,0.17459,0.27179,0.19499,"최강치역:이승기,담여울역:수지,조관웅역:이성재,담평준역:조성하,박태서역:유연석,박청조역:이유비,곤역:성준,구월령역:최진혁,윤서화역:이연희,소정법사역:김희원,천수련역:정혜영,자홍명역:윤세아,박무솔역:엄효섭,월선역:손승우,이순신역:유동근,마봉출역:조재윤,카게시마역:데이비드맥기니스,한노역:박주형,윤씨역:김희정,억만역:김기방,윤정윤역:이다윗,담이역:김보미,필목역:송영규,공달선생역:이도경"
20200603,JTBC,100831,111249,쌍갑포차,,3회,전국,010418,드라마&영화,드라마,미니시리즈,0.48954,0.54857,0.28736,0.02398,0.3724,0.5054,0.14912,0,0.5429,0.05782,0.61752,0.72063,0.50117,0.09613,"월주역:황정음,한강배역:육성재,귀반장역:최원영,염부장역:이준혁,강여린역:정다은,최진동역:안태환,송미란역:박하나,박대리역:박주형,김원형역:나인우"
20200603,JTBC,112532,123011,쌍갑포차,,4회,전국,010439,드라마&영화,드라마,미니시리즈,0.23957,0.02685,0,0.08471,0.27544,0.15731,0.17989,0,0.3654,0.08507,0.34912,1.08936,0.5222,0.22212,"월주역:황정음,한강배역:육성재,귀반장역:최원영,염부장역:이준혁,강여린역:정다은,최진동역:안태환,송미란역:박하나,박대리역:박주형,김원형역:나인우"
20200603,JTBC,124442,134929,야식남녀,,4회,전국,010447,드라마&영화,드라마,미니시리즈,0,0.08507,0,0.03038,0.16998,0.13359,0.20749,0,0.01421,0.19488,0.25115,0.05942,0.44131,0.12239,"박진성역:정일우,김아진역:강지영,강태완역:이학주,이상영역:김승수,차주희역:김수진,남규장역:양대혁,유성은역:공민정,노재수역:박성준,박진우역:최재현"
20200603,JTBC,213755,224547,쌍갑포차,,5회,전국,010752,드라마&영화,드라마,미니시리즈,1.44903,1.99841,1.06814,1.29775,1.08038,2.82491,1.29345,0,1.18716,1.24386,2.60405,3.62835,4.6147,0.86997,"월주역:황정음,한강배역:육성재,귀반장역:최원영,염부장역:이준혁,강여린역:정다은,최진동역:안태환,송미란역:박하나,박대리역:박주형,김원형역:나인우"
20200603,tvN,020000,032019,슬기로운의사생활,,12회,전국,012019,드라마&영화,드라마,미니시리즈,0,0.04705,0.19528,0.33838,0.36885,0.0613,0.2366,0,0.0171,0.04751,0.50558,0.04423,0.48608,0.0093,"이익준역:조정석,안정원역:유연석,김준완역:정경호,양석형역:김대명,채송화역:전미도,정로사역:김해숙,주종수역:김갑수,도재학역:정문성,용석민역:문태유,장겨울역:신현빈,안치홍역:김준한,봉광현역:최영준,추민하역:안은진,허선빈역:하윤경,명은원역:김혜인,장윤복역:조이현,장홍도역:배현성,송수빈역:김수진,소이현역:윤혜리,배준희역:신도현,주전역:조승연,황재신역:양조아,이우주역:김준,민기준역:서진원,종세혁역:전광진,이영하역:이노아,김재환역:이달,국해성역:이혜은,함덕주역:김비비,한현희역:이지원,한승주역:김지성,은선진역:설유진,이익순역:곽선영,조영혜역:문희경,양태양역:남명렬,김태연역:이소윤,천명태역:최영우,선우희수역:박한솔,장겨울남동생역:박정우,고아라역:고아라"
20200603,tvN,032533,045255,슬기로운감빵생활,,3회,전국,012722,드라마&영화,드라마,미니시리즈,0,0,0,0.17116,0.28223,0.18645,0.18935,0,0,0,0.12857,0.02852,0.13657,0.04176,"제혁역:박해수,준호역:정경호,지호역:정수정,제희역:임화영,준돌역:김경남,조주임역:성동일,법자역:김성철,명교수역:정재성,건달역:이호철,똘마니역:안창환,장기수역:최무성,문래동카이스트역:박호산,장발장역:강승윤,고박사역:정민성,한양역:이규형,유대위역:정해인,팽부장역:정웅인,점박이역:최성원,교도소장역:안상우,나과장역:박형수,송담당역:강기둥,한양엄마역:염혜란,유정민역:정문성,김은수역:김지민,송지원역:김준한"
20200603,tvN,045610,063903,슬기로운감빵생활,,4회,전국,014253,드라마&영화,드라마,미니시리즈,0,0.0461,0.10262,0.13474,0.34082,0.28361,0.0388,0,0.01959,0.00241,0.29331,0.08827,0.04467,0.07912,"제혁역:박해수,준호역:정경호,지호역:정수정,제희역:임화영,준돌역:김경남,조주임역:성동일,법자역:김성철,명교수역:정재성,건달역:이호철,똘마니역:안창환,장기수역:최무성,문래동카이스트역:박호산,장발장역:강승윤,고박사역:정민성,한양역:이규형,유대위역:정해인,팽부장역:정웅인,점박이역:최성원,교도소장역:안상우,나과장역:박형수,송담당역:강기둥,한양엄마역:염혜란,유정민역:정문성,김은수역:김지민,송지원역:김준한"
20200603,tvN,065059,080754,백일의낭군님,,7회,전국,011655,드라마&영화,드라마,미니시리즈,0,0.57781,0.10498,0.10646,0.60005,0.37787,0.12837,0,0.22361,0.0707,0.30436,0.52976,0.28767,0.12228,"원득역:도경수,홍심역:남지현,김차언역:조성하,왕역:조한철,정제윤역:김선호,세자빈김소혜역:한소희,무연역:김재영,박선도영감역:안석환,연씨역:정해균,박복은아전역:이준혁,조부영현감역:조재룡,구돌역:김기두,김수지역:허정민,끝녀역:이민지,중전박씨역:오연아,애월역:한지은,양내관역:조현식,권혁역:강영석,동주역:도지한,정사엽역:최웅,서원대군역:지민혁,윤부준역:정호빈,이율어린시절역:정지훈,윤이서어린시절역:허정은"
20200603,tvN,083015,094608,백일의낭군님,,8회,전국,011553,드라마&영화,드라마,미니시리즈,0.1903,0.49026,0.15818,0.0428,0.32147,0.60802,0.48211,0.0396,0.03082,0,0.22522,0.54109,0.4339,0.09557,"원득역:도경수,홍심역:남지현,김차언역:조성하,왕역:조한철,정제윤역:김선호,세자빈김소혜역:한소희,무연역:김재영,박선도영감역:안석환,연씨역:정해균,박복은아전역:이준혁,조부영현감역:조재룡,구돌역:김기두,김수지역:허정민,끝녀역:이민지,중전박씨역:오연아,애월역:한지은,양내관역:조현식,권혁역:강영석,동주역:도지한,정사엽역:최웅,서원대군역:지민혁,윤부준역:정호빈,이율어린시절역:정지훈,윤이서어린시절역:허정은"
20200603,tvN,112353,124326,아는건별로없지만가족입니다,,1회,전국,011933,드라마&영화,드라마,미니시리즈,0.14743,0.31294,0.73915,0.00763,0.52603,0.68377,0.81025,0,0.03574,0.16433,0.58832,0.71876,1.00005,0.88427,"김은희역:한예리,박찬혁역:김지석,김은주역:추자현,김상식역:정진영,이진숙역:원미경,김지우역:신재하,임건주역:신동욱,윤태형역:김태훈,젊은상식역:한준우,젊은진숙역:조아영,유선일역:서상원,안효석역:이종원,서경옥역:가득희,윤서영역:혜정,전하라역:배윤경,유민우역:권율"
20200603,tvN,130122,141502,아는건별로없지만가족입니다,,2회,전국,011340,드라마&영화,드라마,미니시리즈,0.25404,0.10464,0.20054,0.00531,0.67668,0.86591,0.92627,0.44381,0.22835,0.18926,0.64165,0.94217,1.27399,1.37879,"김은희역:한예리,박찬혁역:김지석,김은주역:추자현,김상식역:정진영,이진숙역:원미경,김지우역:신재하,임건주역:신동욱,윤태형역:김태훈,젊은상식역:한준우,젊은진숙역:조아영,유선일역:서상원,안효석역:이종원,서경옥역:가득희,윤서영역:혜정,전하라역:배윤경,유민우역:권율"
20200603,tvN,143422,163110,슬기로운의사생활,,12회,전국,015648,드라마&영화,드라마,미니시리즈,1.64239,0.31344,0.22524,0.12098,0.61097,0.36419,0.4612,0.82544,0.54321,0.15594,0.34042,0.99147,0.62912,0.5711,"이익준역:조정석,안정원역:유연석,김준완역:정경호,양석형역:김대명,채송화역:전미도,정로사역:김해숙,주종수역:김갑수,도재학역:정문성,용석민역:문태유,장겨울역:신현빈,안치홍역:김준한,봉광현역:최영준,추민하역:안은진,허선빈역:하윤경,명은원역:김혜인,장윤복역:조이현,장홍도역:배현성,송수빈역:김수진,소이현역:윤혜리,배준희역:신도현,주전역:조승연,황재신역:양조아,이우주역:김준,민기준역:서진원,종세혁역:전광진,이영하역:이노아,김재환역:이달,국해성역:이혜은,함덕주역:김비비,한현희역:이지원,한승주역:김지성,은선진역:설유진,이익순역:곽선영,조영혜역:문희경,양태양역:남명렬,김태연역:이소윤,천명태역:최영우,선우희수역:박한솔,장겨울남동생역:박정우,고아라역:고아라"
20200603,tvN,225315,240453,오마이베이비,,7회,전국,011138,드라마&영화,드라마,미니시리즈,0.38167,0.6853,0.25331,1.20908,1.07768,1.12851,0.22751,0,0.37197,0.05528,1.21705,2.95338,1.04231,0.64965,"장하리역:장나라,한이상역:고준,윤재영역:박병은,최강으뜸역:정건주,이옥란역:김혜옥,남수철역:조희봉,김은영역:이미도,김철중역:유승목,주승태역:전진기,박연호역:백승희,최효주역:박수영,주선생역:문현정,심정화역:김재화,이소윤역:정라엘,이옥희역:김예령,박재한역:이한위,김상희역:손화령,순남역:이주실,조회장역:장광,조아저씨역:최홍일,강효주역:전혜빈"
20200603,국방TV,210035,212648,바람은불어도,,77회,전국,002613,드라마&영화,드라마,미니시리즈,0.06142,0,0,0,0,0.00687,0.00959,0,0,0.01875,0.01273,0,0,0.00701,"최수종,유호정,윤손하,송나영,송기윤,나문희"
20200603,국방TV,213035,215704,바람은불어도,,78회,전국,002629,드라마&영화,드라마,미니시리즈,0,0,0.00633,0,0,0.00291,0.01172,0,0,0,0,0,0.00113,0,"최수종,유호정,윤손하,송나영,송기윤,나문희"
20200603,국방TV,240035,242649,바람은불어도,,77회,전국,002614,드라마&영화,드라마,미니시리즈,0,0,0,0,0,0,0,0,0,0,0.01492,0,0,0,"최수종,유호정,윤손하,송나영,송기윤,나문희"
20200603,국방TV,243035,245704,바람은불어도,,78회,전국,002629,드라마&영화,드라마,미니시리즈,0,0,0,0,0,0,0,0,0,0,0,0,0,0,"최수종,유호정,윤손하,송나영,송기윤,나문희"
20200603,국방TV,250035,252551,바람은불어도,,79회,전국,002516,드라마&영화,드라마,미니시리즈,0,0,0,0,0.00569,0,0,0,0,0,0,0.00579,0,0,"최수종,유호정,윤손하,송나영,송기윤,나문희"
20200603,국방TV,253035,255501,바람은불어도,,80회,전국,002426,드라마&영화,드라마,미니시리즈,0,0.00639,0,0.00884,0,0,0.00549,0,0,0,0,0,0.00328,0.00232,"최수종,유호정,윤손하,송나영,송기윤,나문희"
20200603,AXN,074902,085155,내딸서영이,,37회,전국,010253,드라마&영화,드라마,주말연속극,0,0,0,0,0.01156,0.00404,0.21888,0,0.00435,0.00565,0.05344,0.06511,0.00236,0.19052,"이서영역:이보영,강우재역:이상윤,이삼재역:천호진,이상우역:박해진,강미경역:박정아,최호정역:최윤영,강기범역:최정우,차지선역:김혜옥,강성재역:이정신,최민석역:홍요섭,김강순역:송옥숙,최경호역:심형탁,윤소미역:조은숙,정선우역:장희진,이연희역:민영원,고승찬역:곽승남,재희역:주아성,서은수역:설현,서영모역:김민경,만세역:권율,방심덕역:이일화,아이돌배우역:양요섭,호태역:남태부,배영택역:전노민,음악학원원장역:전태관,성태역:조동혁"
20200603,AXN,091052,101405,내딸서영이,,38회,전국,010313,드라마&영화,드라마,주말연속극,0.01935,0.00686,0.01391,0.01414,0.00931,0.03187,0.22496,0.01095,0.10402,0,0.14988,0.05081,0.01768,0.26521,"이서영역:이보영,강우재역:이상윤,이삼재역:천호진,이상우역:박해진,강미경역:박정아,최호정역:최윤영,강기범역:최정우,차지선역:김혜옥,강성재역:이정신,최민석역:홍요섭,김강순역:송옥숙,최경호역:심형탁,윤소미역:조은숙,정선우역:장희진,이연희역:민영원,고승찬역:곽승남,재희역:주아성,서은수역:설현,서영모역:김민경,만세역:권율,방심덕역:이일화,아이돌배우역:양요섭,호태역:남태부,배영택역:전노민,음악학원원장역:전태관,성태역:조동혁"
20200603,AXN,132933,143306,내딸서영이,,37회,전국,010333,드라마&영화,드라마,주말연속극,0.23177,0,0.08237,0,0.04232,0.06089,0.13467,0,0.00354,0.06283,0,0.03672,0.07813,0.08487,"이서영역:이보영,강우재역:이상윤,이삼재역:천호진,이상우역:박해진,강미경역:박정아,최호정역:최윤영,강기범역:최정우,차지선역:김혜옥,강성재역:이정신,최민석역:홍요섭,김강순역:송옥숙,최경호역:심형탁,윤소미역:조은숙,정선우역:장희진,이연희역:민영원,고승찬역:곽승남,재희역:주아성,서은수역:설현,서영모역:김민경,만세역:권율,방심덕역:이일화,아이돌배우역:양요섭,호태역:남태부,배영택역:전노민,음악학원원장역:전태관,성태역:조동혁"
20200603,AXN,145058,155459,내딸서영이,,38회,전국,010401,드라마&영화,드라마,주말연속극,0.14123,0,0.02744,0,0.02579,0,0.02529,0,0,0.02753,0.00901,0.02385,0.05154,0.01886,"이서영역:이보영,강우재역:이상윤,이삼재역:천호진,이상우역:박해진,강미경역:박정아,최호정역:최윤영,강기범역:최정우,차지선역:김혜옥,강성재역:이정신,최민석역:홍요섭,김강순역:송옥숙,최경호역:심형탁,윤소미역:조은숙,정선우역:장희진,이연희역:민영원,고승찬역:곽승남,재희역:주아성,서은수역:설현,서영모역:김민경,만세역:권율,방심덕역:이일화,아이돌배우역:양요섭,호태역:남태부,배영택역:전노민,음악학원원장역:전태관,성태역:조동혁"
20200603,AXN,211110,221446,내딸서영이,,37회,전국,010336,드라마&영화,드라마,주말연속극,0,0.3573,0,0,0,0.26306,0.20403,0,0,0.18696,0.06633,0.00333,0.11771,0.29996,"이서영역:이보영,강우재역:이상윤,이삼재역:천호진,이상우역:박해진,강미경역:박정아,최호정역:최윤영,강기범역:최정우,차지선역:김혜옥,강성재역:이정신,최민석역:홍요섭,김강순역:송옥숙,최경호역:심형탁,윤소미역:조은숙,정선우역:장희진,이연희역:민영원,고승찬역:곽승남,재희역:주아성,서은수역:설현,서영모역:김민경,만세역:권율,방심덕역:이일화,아이돌배우역:양요섭,호태역:남태부,배영택역:전노민,음악학원원장역:전태관,성태역:조동혁"
20200603,AXN,223001,233417,내딸서영이,,38회,전국,010416,드라마&영화,드라마,주말연속극,0,0.46103,0.01667,0.01471,0.00577,0.24348,0.18938,0,0.04918,0.27513,0,0.02574,0.08156,0.20024,"이서영역:이보영,강우재역:이상윤,이삼재역:천호진,이상우역:박해진,강미경역:박정아,최호정역:최윤영,강기범역:최정우,차지선역:김혜옥,강성재역:이정신,최민석역:홍요섭,김강순역:송옥숙,최경호역:심형탁,윤소미역:조은숙,정선우역:장희진,이연희역:민영원,고승찬역:곽승남,재희역:주아성,서은수역:설현,서영모역:김민경,만세역:권율,방심덕역:이일화,아이돌배우역:양요섭,호태역:남태부,배영택역:전노민,음악학원원장역:전태관,성태역:조동혁"
20200603,CHING,020000,024136,이산,,1회,전국,004136,드라마&영화,드라마,주간연속극,0,0,0,0,0,0,0.01254,0,0,0,0,0.00686,0,0.01459,"정조이산역:이서진,성송연역:한지민,영조역:이순재,정순왕후역:김여진,화완옹주역:성현아,정후겸역:조연우,박대수역:이종수,효의왕후역:박은혜,혜경궁홍씨역:견미리,사도세자역:이창훈,홍국영역:한상진,최석주역:조경환,채제공역:한인수,정약용역:송창의,장태우역:이재용,민주식역:정호근,박제가역:정재곤,남사초역:맹상훈,박달호역:이희도,김정금상궁역:김소이,강미비상궁역:이숙,원빈홍씨역:지성원,화빈윤씨역:유연지,박영문역:신국,초비역:이도은,이천역:지상렬,탁지수역:유민혁,이산어린시절역:박지빈,성송연어린시절역:이한나,박대수어린시절역:권오민,정후겸어린시절역:이인성"
20200603,CHING,024922,035824,이산,,2회,전국,010902,드라마&영화,드라마,주간연속극,0,0.03654,0,0,0.10738,0.00439,0,0,0,0,0,0.02108,0,0.00379,"정조이산역:이서진,성송연역:한지민,영조역:이순재,정순왕후역:김여진,화완옹주역:성현아,정후겸역:조연우,박대수역:이종수,효의왕후역:박은혜,혜경궁홍씨역:견미리,사도세자역:이창훈,홍국영역:한상진,최석주역:조경환,채제공역:한인수,정약용역:송창의,장태우역:이재용,민주식역:정호근,박제가역:정재곤,남사초역:맹상훈,박달호역:이희도,김정금상궁역:김소이,강미비상궁역:이숙,원빈홍씨역:지성원,화빈윤씨역:유연지,박영문역:신국,초비역:이도은,이천역:지상렬,탁지수역:유민혁,이산어린시절역:박지빈,성송연어린시절역:이한나,박대수어린시절역:권오민,정후겸어린시절역:이인성"
20200603,CHING,083903,094833,이산,,3회,전국,010930,드라마&영화,드라마,주간연속극,0,0.004,0.004,0.00307,0.03547,0.01655,0.07106,0,0,0,0,0.03514,0.07962,0.09153,"정조이산역:이서진,성송연역:한지민,영조역:이순재,정순왕후역:김여진,화완옹주역:성현아,정후겸역:조연우,박대수역:이종수,효의왕후역:박은혜,혜경궁홍씨역:견미리,사도세자역:이창훈,홍국영역:한상진,최석주역:조경환,채제공역:한인수,정약용역:송창의,장태우역:이재용,민주식역:정호근,박제가역:정재곤,남사초역:맹상훈,박달호역:이희도,김정금상궁역:김소이,강미비상궁역:이숙,원빈홍씨역:지성원,화빈윤씨역:유연지,박영문역:신국,초비역:이도은,이천역:지상렬,탁지수역:유민혁,이산어린시절역:박지빈,성송연어린시절역:이한나,박대수어린시절역:권오민,정후겸어린시절역:이인성"
20200603,CHING,100134,110849,이산,,4회,전국,010715,드라마&영화,드라마,주간연속극,0,0.01254,0,0,0.01534,0,0.11792,0.04981,0,0,0,0.03914,0.04469,0.08784,"정조이산역:이서진,성송연역:한지민,영조역:이순재,정순왕후역:김여진,화완옹주역:성현아,정후겸역:조연우,박대수역:이종수,효의왕후역:박은혜,혜경궁홍씨역:견미리,사도세자역:이창훈,홍국영역:한상진,최석주역:조경환,채제공역:한인수,정약용역:송창의,장태우역:이재용,민주식역:정호근,박제가역:정재곤,남사초역:맹상훈,박달호역:이희도,김정금상궁역:김소이,강미비상궁역:이숙,원빈홍씨역:지성원,화빈윤씨역:유연지,박영문역:신국,초비역:이도은,이천역:지상렬,탁지수역:유민혁,이산어린시절역:박지빈,성송연어린시절역:이한나,박대수어린시절역:권오민,정후겸어린시절역:이인성"
20200603,CHING,144848,151919,인어아가씨,,49회,전국,003031,드라마&영화,드라마,주간연속극,0,0,0.01257,0,0.01726,0.13902,0.09287,0,0,0,0.23327,0.01184,0.09476,0.03425,"은아리영역:장서희,한경혜역:정영숙,은진섭역:박근형,심수정역:한혜숙,은예영역:우희진,이주왕역:김성민,이성수역:김병기,금옥선역:사미자,금실라역:김용림,조수아역:고두심,마마준역:정보석,마마린역:이재은"
20200603,CHING,152030,155144,인어아가씨,,50회,전국,003114,드라마&영화,드라마,주간연속극,0,0,0,0,0,0.03987,0.0956,0,0,0,0.33197,0,0.03274,0.03337,"은아리영역:장서희,한경혜역:정영숙,은진섭역:박근형,심수정역:한혜숙,은예영역:우희진,이주왕역:김성민,이성수역:김병기,금옥선역:사미자,금실라역:김용림,조수아역:고두심,마마준역:정보석,마마린역:이재은"
20200603,CHING,160356,163507,인어아가씨,,51회,전국,003111,드라마&영화,드라마,주간연속극,0,0,0,0,0.00792,0,0,0,0,0,0,0.01125,0.0725,0,"은아리영역:장서희,한경혜역:정영숙,은진섭역:박근형,심수정역:한혜숙,은예영역:우희진,이주왕역:김성민,이성수역:김병기,금옥선역:사미자,금실라역:김용림,조수아역:고두심,마마준역:정보석,마마린역:이재은"
20200603,CHING,163618,170611,인어아가씨,,52회,전국,002953,드라마&영화,드라마,주간연속극,0,0,0.00375,0,0.05485,0,0.02031,0,0,0,0.09445,0,0.06302,0.02363,"은아리영역:장서희,한경혜역:정영숙,은진섭역:박근형,심수정역:한혜숙,은예영역:우희진,이주왕역:김성민,이성수역:김병기,금옥선역:사미자,금실라역:김용림,조수아역:고두심,마마준역:정보석,마마린역:이재은"
20200603,CHING,171703,182633,이산,,3회,전국,010930,드라마&영화,드라마,주간연속극,0,0,0,0.01614,0.13492,0,0.30213,0,0,0.0066,0.1497,0.01302,0.13161,0.12456,"정조이산역:이서진,성송연역:한지민,영조역:이순재,정순왕후역:김여진,화완옹주역:성현아,정후겸역:조연우,박대수역:이종수,효의왕후역:박은혜,혜경궁홍씨역:견미리,사도세자역:이창훈,홍국영역:한상진,최석주역:조경환,채제공역:한인수,정약용역:송창의,장태우역:이재용,민주식역:정호근,박제가역:정재곤,남사초역:맹상훈,박달호역:이희도,김정금상궁역:김소이,강미비상궁역:이숙,원빈홍씨역:지성원,화빈윤씨역:유연지,박영문역:신국,초비역:이도은,이천역:지상렬,탁지수역:유민혁,이산어린시절역:박지빈,성송연어린시절역:이한나,박대수어린시절역:권오민,정후겸어린시절역:이인성"
20200603,CHING,183923,194639,이산,,4회,전국,010716,드라마&영화,드라마,주간연속극,0,0,0,0.00207,0.02735,0.00327,0.15614,0,0,0.0068,0,0.01715,0.02526,0.03428,"정조이산역:이서진,성송연역:한지민,영조역:이순재,정순왕후역:김여진,화완옹주역:성현아,정후겸역:조연우,박대수역:이종수,효의왕후역:박은혜,혜경궁홍씨역:견미리,사도세자역:이창훈,홍국영역:한상진,최석주역:조경환,채제공역:한인수,정약용역:송창의,장태우역:이재용,민주식역:정호근,박제가역:정재곤,남사초역:맹상훈,박달호역:이희도,김정금상궁역:김소이,강미비상궁역:이숙,원빈홍씨역:지성원,화빈윤씨역:유연지,박영문역:신국,초비역:이도은,이천역:지상렬,탁지수역:유민혁,이산어린시절역:박지빈,성송연어린시절역:이한나,박대수어린시절역:권오민,정후겸어린시절역:이인성"
20200603,CHING,231650,234721,인어아가씨,,49회,전국,003031,드라마&영화,드라마,주간연속극,0,0.03687,0,0.01256,0.01828,0.01533,0.03745,0,0,0.00913,0,0,0.0279,0.05247,"은아리영역:장서희,한경혜역:정영숙,은진섭역:박근형,심수정역:한혜숙,은예영역:우희진,이주왕역:김성민,이성수역:김병기,금옥선역:사미자,금실라역:김용림,조수아역:고두심,마마준역:정보석,마마린역:이재은"
20200603,CHING,234832,241946,인어아가씨,,50회,전국,003114,드라마&영화,드라마,주간연속극,0,0,0,0.18834,0,0.00771,0.02012,0,0,0,0,0,0,0.03139,"은아리영역:장서희,한경혜역:정영숙,은진섭역:박근형,심수정역:한혜숙,은예영역:우희진,이주왕역:김성민,이성수역:김병기,금옥선역:사미자,금실라역:김용림,조수아역:고두심,마마준역:정보석,마마린역:이재은"
20200603,CHING,242828,245939,인어아가씨,,51회,전국,003111,드라마&영화,드라마,주간연속극,0,0,0,0.18834,0,0,0.03549,0,0,0,0,0,0,0.03139,"은아리영역:장서희,한경혜역:정영숙,은진섭역:박근형,심수정역:한혜숙,은예영역:우희진,이주왕역:김성민,이성수역:김병기,금옥선역:사미자,금실라역:김용림,조수아역:고두심,마마준역:정보석,마마린역:이재은"
20200603,CHING,250050,253043,인어아가씨,,52회,전국,002953,드라마&영화,드라마,주간연속극,0,0,0.17733,0.10045,0,0.15896,0.02851,0,0,0.14018,0.04806,0,0,0.09148,"은아리영역:장서희,한경혜역:정영숙,은진섭역:박근형,심수정역:한혜숙,은예영역:우희진,이주왕역:김성민,이성수역:김병기,금옥선역:사미자,금실라역:김용림,조수아역:고두심,마마준역:정보석,마마린역:이재은"
20200603,CHING,254020,255959,이산,,3회,전국,001939,드라마&영화,드라마,주간연속극,0,0,0,0,0,0,0,0,0,0,0,0,0,0,"정조이산역:이서진,성송연역:한지민,영조역:이순재,정순왕후역:김여진,화완옹주역:성현아,정후겸역:조연우,박대수역:이종수,효의왕후역:박은혜,혜경궁홍씨역:견미리,사도세자역:이창훈,홍국영역:한상진,최석주역:조경환,채제공역:한인수,정약용역:송창의,장태우역:이재용,민주식역:정호근,박제가역:정재곤,남사초역:맹상훈,박달호역:이희도,김정금상궁역:김소이,강미비상궁역:이숙,원빈홍씨역:지성원,화빈윤씨역:유연지,박영문역:신국,초비역:이도은,이천역:지상렬,탁지수역:유민혁,이산어린시절역:박지빈,성송연어린시절역:이한나,박대수어린시절역:권오민,정후겸어린시절역:이인성"
20200603,CNTV,024350,031511,해치,,33회,전국,003121,드라마&영화,드라마,미니시리즈,0,0,0,0,0,0,0.16513,0,0,0,0.06338,0,0.00254,0.05251,"연잉군이금역:정일우,박문수역:권율,여지역:고아라,달문역:박훈,민진헌역:이경영,밀풍군이탄역:정문성,천윤영역:배정화,위병주역:한상진,주영한역:정순원,윤혁역:최민철,장달역:전배수,아봉역:안승균,이이겸역:김종수,한정석역:이필모,경종역:한승현,인원왕후역:남기애,연령군역:노영학,세자빈역:송지인,서씨역:최수임,초홍역:박지연,자동역:하성광,개돌역:도기석,한준재역:서은율,김창중역:이원재,이광좌역:임호,도지광역:한지상,군태역:홍진기,이인좌역:고주원"
20200603,CNTV,031537,034328,해치,,34회,전국,002751,드라마&영화,드라마,미니시리즈,0,0,0,0.02463,0,0.02146,0.02374,0,0,0,0.017,0,0,0.01341,"연잉군이금역:정일우,박문수역:권율,여지역:고아라,달문역:박훈,민진헌역:이경영,밀풍군이탄역:정문성,천윤영역:배정화,위병주역:한상진,주영한역:정순원,윤혁역:최민철,장달역:전배수,아봉역:안승균,이이겸역:김종수,한정석역:이필모,경종역:한승현,인원왕후역:남기애,연령군역:노영학,세자빈역:송지인,서씨역:최수임,초홍역:박지연,자동역:하성광,개돌역:도기석,한준재역:서은율,김창중역:이원재,이광좌역:임호,도지광역:한지상,군태역:홍진기,이인좌역:고주원"
20200603,CNTV,035539,042701,해치,,35회,전국,003122,드라마&영화,드라마,미니시리즈,0,0,0,0.03187,0,0.03292,0,0,0,0,0,0.01894,0.03311,0,"연잉군이금역:정일우,박문수역:권율,여지역:고아라,달문역:박훈,민진헌역:이경영,밀풍군이탄역:정문성,천윤영역:배정화,위병주역:한상진,주영한역:정순원,윤혁역:최민철,장달역:전배수,아봉역:안승균,이이겸역:김종수,한정석역:이필모,경종역:한승현,인원왕후역:남기애,연령군역:노영학,세자빈역:송지인,서씨역:최수임,초홍역:박지연,자동역:하성광,개돌역:도기석,한준재역:서은율,김창중역:이원재,이광좌역:임호,도지광역:한지상,군태역:홍진기,이인좌역:고주원"
20200603,CNTV,042726,045545,해치,,36회,전국,002819,드라마&영화,드라마,미니시리즈,0,0,0,0,0,0,0,0,0,0,0,0.04096,0,0,"연잉군이금역:정일우,박문수역:권율,여지역:고아라,달문역:박훈,민진헌역:이경영,밀풍군이탄역:정문성,천윤영역:배정화,위병주역:한상진,주영한역:정순원,윤혁역:최민철,장달역:전배수,아봉역:안승균,이이겸역:김종수,한정석역:이필모,경종역:한승현,인원왕후역:남기애,연령군역:노영학,세자빈역:송지인,서씨역:최수임,초홍역:박지연,자동역:하성광,개돌역:도기석,한준재역:서은율,김창중역:이원재,이광좌역:임호,도지광역:한지상,군태역:홍진기,이인좌역:고주원"
20200603,CNTV,060603,070349,용의눈물,,59회,전국,005746,드라마&영화,드라마,주간연속극,0,0,0,0,0.0125,0.2196,0.02128,0,0,0.00665,0,0.05673,0.03984,0.01113,"유동근,최명길,이민우,안재모,김무생,김혜리"
20200603,CNTV,071316,080109,용의눈물,,60회,전국,004753,드라마&영화,드라마,주간연속극,0,0,0,0,0,0.23603,0.0153,0,0,0.01607,0,0,0,0.01033,"유동근,최명길,이민우,안재모,김무생,김혜리"
20200603,CNTV,092520,102912,자이언트,,38회,전국,010352,드라마&영화,드라마,주간연속극,0.22986,0,0,0.20576,0.16547,0.00603,0.25702,0,0,0,0.00194,0.00755,0.11401,0.06362,"이강모역:이범수,황정연역:박진희,조민우역:주상욱,이성모역:박상민,이미주역:황정음,조필연역:정보석,황태섭역:이덕화,박소태역:이문식,유경옥역:김서형,염재수역:유형관,황정식역:김정현,한명석역:이효정,오병탁역:김학철,이성모어린시절역:김수현,조민우어린시절역:노영학,이미주어린시절역:박하영,황정연어린시절역:남지현,이강모어린시절역:여진구,민홍기역:이기영,백파역:임혁,말죽거리파두목역:최민,홍기표역:손병호,염시덕역:신승환,이복자역:한경선,염경자역:최하나,남영출역:송경철,오남숙역:문희경,주영국역:장순국,문성중역:이승형,양명자역:홍여진,고재춘역:윤용현,유찬성역:황택하,윤기훈역:임종윤,지연수역:유호린,천수연역:한다민,차부철역:김성오"
20200603,CNTV,105023,115143,야인시대,,40회,전국,010120,드라마&영화,드라마,주간연속극,0.23727,0.10911,0.07563,0.00708,0.01944,0.09012,0.37269,0,0.09174,0,0.00975,0.02718,0.1235,0.22835,"청년김두한역:안재모,소년김두한역:곽정욱,장년김두한역:김영철,장년정진영역:차광수,구마적역:이원종,쌍칼역:박준규,김무옥역:이혁재,문영철역:장세진,장년개코역:성동일,신마적역:최철호,하야시역:이창훈,가미소리역:이상인,시바루역:이세창,나미꼬역:이세은,시라소니역:조상구,최동열역:정동환,미와역:이재용,마루오까역:최재성,설향역:허영란,애란역:조여정,정운경역:심형탁,김좌진역:최동준,오숙근역:이덕희,박계숙역:전미선,원노인역:이순재,유진산역:이효정,이정재역:김영호,조병옥역:김학철,이화룡역:안승훈,청년개코역:이동훈,신영균역:윤용현,청년정진영역:김정민,김영태역:박영록,박인애역:정소영,이영숙역:이일화,김두한어린시절역:곽정욱"
20200603,CNTV,121020,130119,광개토태왕,,73회,전국,005059,드라마&영화,드라마,주말연속극,0,0,0,0.0123,0.22996,0.08189,0.50231,0,0,0.06049,0.01147,0.01369,0.16041,0.36869,"담덕역:이태곤,고운역:김승수,모용보역:임호,도영역:오지은,연살타역:홍경인,약연역:이인혜,고무역:김진태,고창역:남성진,모두영역:이원발,모두루역:임대호,모용수역:김동현,풍발역:정호근,개연수역:최동준,가라지역:오욱철,연도부역:반석진,계필역:선동혁,이영역:최상훈,담망역:정태우,이련역:송용태,고야역:이보희,담주역:조안,설도안역:김규철,설지역:김정화,마수역:고인범,여소이역:임병기,돌비수역:김정현,갈사무역:강신조,도광역:박승호,소모역:강지후,여문역:나주석,모용희역:조인표,거보역:김덕현,무갑역:유종근,여석개역:방형주,황회역:김명수,원봉역:박유승,하무지역:윤승원,사갈현역:김철기,아신역:박정철"
20200603,CNTV,132129,141940,용의눈물,,59회,전국,005811,드라마&영화,드라마,주간연속극,0.08112,0,0.04964,0.01072,0.0672,0.04003,0.39784,0,0.13329,0.00783,0.01758,0.14878,0.30584,0.69551,"유동근,최명길,이민우,안재모,김무생,김혜리"
20200603,CNTV,143637,152510,용의눈물,,60회,전국,004833,드라마&영화,드라마,주간연속극,0,0,0,0,0,0.0816,0.34782,0,0,0.01928,0,0.16161,0.09464,0.4718,"유동근,최명길,이민우,안재모,김무생,김혜리"
20200603,CNTV,154639,165132,자이언트,,38회,전국,010453,드라마&영화,드라마,주간연속극,0,0,0,0,0.02935,0.04061,0.20213,0.05303,0.01396,0,0,0.03945,0.04643,0.14925,"이강모역:이범수,황정연역:박진희,조민우역:주상욱,이성모역:박상민,이미주역:황정음,조필연역:정보석,황태섭역:이덕화,박소태역:이문식,유경옥역:김서형,염재수역:유형관,황정식역:김정현,한명석역:이효정,오병탁역:김학철,이성모어린시절역:김수현,조민우어린시절역:노영학,이미주어린시절역:박하영,황정연어린시절역:남지현,이강모어린시절역:여진구,민홍기역:이기영,백파역:임혁,말죽거리파두목역:최민,홍기표역:손병호,염시덕역:신승환,이복자역:한경선,염경자역:최하나,남영출역:송경철,오남숙역:문희경,주영국역:장순국,문성중역:이승형,양명자역:홍여진,고재춘역:윤용현,유찬성역:황택하,윤기훈역:임종윤,지연수역:유호린,천수연역:한다민,차부철역:김성오"
20200603,CNTV,171052,181228,야인시대,,40회,전국,010136,드라마&영화,드라마,주간연속극,0,0.03674,0.16798,0,0.0964,0.21246,0.24886,0.03982,0,0.02233,0.0032,0.22215,0.08869,0.10737,"청년김두한역:안재모,소년김두한역:곽정욱,장년김두한역:김영철,장년정진영역:차광수,구마적역:이원종,쌍칼역:박준규,김무옥역:이혁재,문영철역:장세진,장년개코역:성동일,신마적역:최철호,하야시역:이창훈,가미소리역:이상인,시바루역:이세창,나미꼬역:이세은,시라소니역:조상구,최동열역:정동환,미와역:이재용,마루오까역:최재성,설향역:허영란,애란역:조여정,정운경역:심형탁,김좌진역:최동준,오숙근역:이덕희,박계숙역:전미선,원노인역:이순재,유진산역:이효정,이정재역:김영호,조병옥역:김학철,이화룡역:안승훈,청년개코역:이동훈,신영균역:윤용현,청년정진영역:김정민,김영태역:박영록,박인애역:정소영,이영숙역:이일화,김두한어린시절역:곽정욱"
20200603,CNTV,182912,191956,광개토태왕,,73회,전국,005044,드라마&영화,드라마,주말연속극,0.17853,0.28015,0.21543,0.0164,0.17857,0.27122,0.31127,0,0,0.17333,0.10178,0.04592,0.45942,0.1997,"담덕역:이태곤,고운역:김승수,모용보역:임호,도영역:오지은,연살타역:홍경인,약연역:이인혜,고무역:김진태,고창역:남성진,모두영역:이원발,모두루역:임대호,모용수역:김동현,풍발역:정호근,개연수역:최동준,가라지역:오욱철,연도부역:반석진,계필역:선동혁,이영역:최상훈,담망역:정태우,이련역:송용태,고야역:이보희,담주역:조안,설도안역:김규철,설지역:김정화,마수역:고인범,여소이역:임병기,돌비수역:김정현,갈사무역:강신조,도광역:박승호,소모역:강지후,여문역:나주석,모용희역:조인표,거보역:김덕현,무갑역:유종근,여석개역:방형주,황회역:김명수,원봉역:박유승,하무지역:윤승원,사갈현역:김철기,아신역:박정철"
20200603,CNTV,194042,203853,용의눈물,,59회,전국,005811,드라마&영화,드라마,주간연속극,0,0,0,0,0.01503,0.03992,0.20606,0.0515,0,0,0,0.03992,0.00123,0.11015,"유동근,최명길,이민우,안재모,김무생,김혜리"
20200603,CNTV,205448,214321,용의눈물,,60회,전국,004833,드라마&영화,드라마,주간연속극,0,0,0,0.1595,0,0.10305,0.10906,0,0,0,0.00337,0,0.23802,0.14722,"유동근,최명길,이민우,안재모,김무생,김혜리"
20200603,CNTV,215953,230400,자이언트,,38회,전국,010407,드라마&영화,드라마,주간연속극,0.06641,0.01448,0,0,0.03583,0.15078,0.00995,0.07058,0,0.00498,0.02161,0.09952,0.22034,0.06602,"이강모역:이범수,황정연역:박진희,조민우역:주상욱,이성모역:박상민,이미주역:황정음,조필연역:정보석,황태섭역:이덕화,박소태역:이문식,유경옥역:김서형,염재수역:유형관,황정식역:김정현,한명석역:이효정,오병탁역:김학철,이성모어린시절역:김수현,조민우어린시절역:노영학,이미주어린시절역:박하영,황정연어린시절역:남지현,이강모어린시절역:여진구,민홍기역:이기영,백파역:임혁,말죽거리파두목역:최민,홍기표역:손병호,염시덕역:신승환,이복자역:한경선,염경자역:최하나,남영출역:송경철,오남숙역:문희경,주영국역:장순국,문성중역:이승형,양명자역:홍여진,고재춘역:윤용현,유찬성역:황택하,윤기훈역:임종윤,지연수역:유호린,천수연역:한다민,차부철역:김성오"
20200603,CNTV,232202,242323,야인시대,,40회,전국,010121,드라마&영화,드라마,주간연속극,0,0.03418,0,0.02362,0.01742,0.15476,0.16647,0,0.00494,0.03374,0.05375,0.13258,0.06718,0.13476,"청년김두한역:안재모,소년김두한역:곽정욱,장년김두한역:김영철,장년정진영역:차광수,구마적역:이원종,쌍칼역:박준규,김무옥역:이혁재,문영철역:장세진,장년개코역:성동일,신마적역:최철호,하야시역:이창훈,가미소리역:이상인,시바루역:이세창,나미꼬역:이세은,시라소니역:조상구,최동열역:정동환,미와역:이재용,마루오까역:최재성,설향역:허영란,애란역:조여정,정운경역:심형탁,김좌진역:최동준,오숙근역:이덕희,박계숙역:전미선,원노인역:이순재,유진산역:이효정,이정재역:김영호,조병옥역:김학철,이화룡역:안승훈,청년개코역:이동훈,신영균역:윤용현,청년정진영역:김정민,김영태역:박영록,박인애역:정소영,이영숙역:이일화,김두한어린시절역:곽정욱"
20200603,CNTV,243816,252901,광개토태왕,,73회,전국,005045,드라마&영화,드라마,주말연속극,0,0.06398,0.00492,0.04736,0.00453,0.09493,0.23697,0,0,0.00349,0.00325,0.19938,0.03839,0.28406,"담덕역:이태곤,고운역:김승수,모용보역:임호,도영역:오지은,연살타역:홍경인,약연역:이인혜,고무역:김진태,고창역:남성진,모두영역:이원발,모두루역:임대호,모용수역:김동현,풍발역:정호근,개연수역:최동준,가라지역:오욱철,연도부역:반석진,계필역:선동혁,이영역:최상훈,담망역:정태우,이련역:송용태,고야역:이보희,담주역:조안,설도안역:김규철,설지역:김정화,마수역:고인범,여소이역:임병기,돌비수역:김정현,갈사무역:강신조,도광역:박승호,소모역:강지후,여문역:나주석,모용희역:조인표,거보역:김덕현,무갑역:유종근,여석개역:방형주,황회역:김명수,원봉역:박유승,하무지역:윤승원,사갈현역:김철기,아신역:박정철"
20200603,DRAMAcube,020000,024118,야식남녀,,1회,전국,004118,드라마&영화,드라마,미니시리즈,0,0,0,0,0,0.01245,0.00936,0,0,0,0,0.00954,0.01034,0.00951,"박진성역:정일우,김아진역:강지영,강태완역:이학주,이상영역:김승수,차주희역:김수진,남규장역:양대혁,유성은역:공민정,노재수역:박성준,박진우역:최재현"
20200603,DRAMAcube,053717,063725,시크릿부티크,,5회,전국,010008,드라마&영화,드라마,미니시리즈,0,0.01023,0,0,0,0,0.02634,0,0,0,0,0.01422,0,0.01118,"제니장역:김선아,김여옥역:장미희,위예남역:박희본,이현지역:고민시,윤선우역:김재영,위정혁역:김태훈,위예은역:류원,차승재역:류승수,황집사역:한정수,미세스왕역:김영아,위동섭역:여무영,운산스님역:박병호,도준섭역:김법래,오태석역:주석태,이주호역:장률,박주현역:장영남,김미진역:윤지인,예준역:최동화,조양오역:임철형,이상훈역:정욱진,윤혜라역:송지우,장도윤역:박재준,우선정역:박성연,어린도영역:박서경,18세도영역:정다은,18세예남역:조민아,20세정혁역:김성현,어린선우역:이시우"
20200603,DRAMAcube,064013,071116,내뒤에테리우스,,27회,전국,003103,드라마&영화,드라마,미니시리즈,0,0,0,0,0.00454,0.03894,0.08338,0,0,0.14528,0.01002,0.05282,0.00554,0.00977,"김본역:소지섭,고애린역:정인선,진용태역:손호준,유지연역:임세미,심은하역:김여진,봉선미역:정시아,김상렬역:강기영,권영실역:서이숙,심우철역:엄효섭,라도우역:성주,차준수역:김건우,차준희역:옥예린,차정일역:양동근,조서현역:황지아,한유라역:김단우,케이역:조태관,박수일역:이현걸,윤춘상역:김병옥,최연경역:남규리,이지숙역:박순천"
20200603,DRAMAcube,071125,074226,내뒤에테리우스,,28회,전국,003101,드라마&영화,드라마,미니시리즈,0,0,0,0.00797,0.01758,0.00323,0.02017,0,0,0.00454,0.01804,0.01167,0.00317,0.07112,"김본역:소지섭,고애린역:정인선,진용태역:손호준,유지연역:임세미,심은하역:김여진,봉선미역:정시아,김상렬역:강기영,권영실역:서이숙,심우철역:엄효섭,라도우역:성주,차준수역:김건우,차준희역:옥예린,차정일역:양동근,조서현역:황지아,한유라역:김단우,케이역:조태관,박수일역:이현걸,윤춘상역:김병옥,최연경역:남규리,이지숙역:박순천"
20200603,DRAMAcube,115057,125911,야식남녀,,2회,전국,010814,드라마&영화,드라마,미니시리즈,0,0,0.00785,0.00652,0,0.06431,0.06298,0,0,0.06805,0.03129,0,0.12286,0.01123,"박진성역:정일우,김아진역:강지영,강태완역:이학주,이상영역:김승수,차주희역:김수진,남규장역:양대혁,유성은역:공민정,노재수역:박성준,박진우역:최재현"
20200603,DRAMAcube,193131,203603,굿캐스팅,,10회,전국,010432,드라마&영화,드라마,미니시리즈,0.41168,0,0.03585,0.01544,0.01699,0.17009,0.00244,0,0.08891,0.06476,0,0.06567,0.20727,0.02479,"백찬미역:최강희,윤석호역:이상엽,임예은역:유인영,황미순역:김지영,강우원역:이준영,동관수역:이종혁,서국환역:정인기,배무혁역:박경순,간태희역:황보미,명계철역:우현,탁상기역:이상훈,옥철역:김용희,변우석역:허재호,구비서역:한수진,설영훈역:조영훈,심화란역:차수연,남봉만역:이승형,남주연역:김보윤,피철웅역:배진웅,권민석역:성혁,권소희역:노하연"
20200603,DRAMAcube,250628,255959,야식남녀,,2회,전국,005331,드라마&영화,드라마,미니시리즈,0,0,0,0.15508,0.0278,0.03213,0.01126,0,0,0.12408,0.08251,0.00091,0.09988,0.03191,"박진성역:정일우,김아진역:강지영,강태완역:이학주,이상영역:김승수,차주희역:김수진,남규장역:양대혁,유성은역:공민정,노재수역:박성준,박진우역:최재현"
20200603,DramaH,100750,110815,바람과구름과비,,4회,전국,010025,드라마&영화,드라마,미니시리즈,0,0,0.00368,0,0,0.41121,0,0,0.01206,0.19474,0,0,0.10166,0.01198,"최천중역:박시후,봉련역:고성희,흥선대원군이하응역:전광렬,채인규역:성혁,김병운역:김승수,김좌근역:차광수,나합역:윤아정,김병학역:한재영,조대비역:김보연,철종역:정욱,이하전역:이루,명성황후민자영역:박정연,고종이재황역:박상훈,용팔룡역:조복래,주모역:김주령,적도사진상역:한동규,팽구철역:노형욱,만석역:박노식,연치성역:임현수,반달역:왕빛나,임종사관역:허태희,최천중어린시절역:강태우,봉련어린시절역:홍승희,채인규어린시절역:최정우,상복역:허성태,민승호역:이해우,저자이병주,출판그림같은세상2020.08.28.,e북무료판매처 1건"
20200603,DramaH,112642,122747,바람과구름과비,,5회,전국,010105,드라마&영화,드라마,미니시리즈,0,0,0,0.00462,0,0.8528,0.07632,0,0,0.21302,0,0.03703,0.24799,0.08246,"최천중역:박시후,봉련역:고성희,흥선대원군이하응역:전광렬,채인규역:성혁,김병운역:김승수,김좌근역:차광수,나합역:윤아정,김병학역:한재영,조대비역:김보연,철종역:정욱,이하전역:이루,명성황후민자영역:박정연,고종이재황역:박상훈,용팔룡역:조복래,주모역:김주령,적도사진상역:한동규,팽구철역:노형욱,만석역:박노식,연치성역:임현수,반달역:왕빛나,임종사관역:허태희,최천중어린시절역:강태우,봉련어린시절역:홍승희,채인규어린시절역:최정우,상복역:허성태,민승호역:이해우,저자이병주,출판그림같은세상2020.08.28.,e북무료판매처 1건"
20200603,DramaH,160344,170412,바람과구름과비,,4회,전국,010028,드라마&영화,드라마,미니시리즈,0,0,0,0.00945,0.14647,0.06889,0.06331,0,0,0,0.0059,0.17115,0.29907,0.30569,"최천중역:박시후,봉련역:고성희,흥선대원군이하응역:전광렬,채인규역:성혁,김병운역:김승수,김좌근역:차광수,나합역:윤아정,김병학역:한재영,조대비역:김보연,철종역:정욱,이하전역:이루,명성황후민자영역:박정연,고종이재황역:박상훈,용팔룡역:조복래,주모역:김주령,적도사진상역:한동규,팽구철역:노형욱,만석역:박노식,연치성역:임현수,반달역:왕빛나,임종사관역:허태희,최천중어린시절역:강태우,봉련어린시절역:홍승희,채인규어린시절역:최정우,상복역:허성태,민승호역:이해우,저자이병주,출판그림같은세상2020.08.28.,e북무료판매처 1건"
20200603,DramaH,172422,182528,바람과구름과비,,5회,전국,010106,드라마&영화,드라마,미니시리즈,0.54042,0.17153,0.04238,0.14175,0.12445,0.26036,0.43207,0,0.04866,0.00584,0.0618,0.12531,0.19228,0.29447,"최천중역:박시후,봉련역:고성희,흥선대원군이하응역:전광렬,채인규역:성혁,김병운역:김승수,김좌근역:차광수,나합역:윤아정,김병학역:한재영,조대비역:김보연,철종역:정욱,이하전역:이루,명성황후민자영역:박정연,고종이재황역:박상훈,용팔룡역:조복래,주모역:김주령,적도사진상역:한동규,팽구철역:노형욱,만석역:박노식,연치성역:임현수,반달역:왕빛나,임종사관역:허태희,최천중어린시절역:강태우,봉련어린시절역:홍승희,채인규어린시절역:최정우,상복역:허성태,민승호역:이해우,저자이병주,출판그림같은세상2020.08.28.,e북무료판매처 1건"
20200603,DramaH,225042,240009,번외수사,,1회,전국,010927,드라마&영화,드라마,미니시리즈,0,0,0,0.00192,0.0045,0.04074,0.01597,0,0,0.01153,0,0.08731,0.01965,0.05755,"진강호역:차태현,강무영역:이선빈,이반석역:정상훈,테디정역:윤경호,탁원역:지승현,민대진역:박정우,맨손역:박태산,연장역:장진희,지수철역:이영석,노순이역:민경옥"
20200603,DramaH,242059,252113,번외수사,,2회,전국,010014,드라마&영화,드라마,미니시리즈,0,0,0,0,0,0.24683,0.13836,0,0,0,0,0.12874,0.06258,0.14088,"진강호역:차태현,강무영역:이선빈,이반석역:정상훈,테디정역:윤경호,탁원역:지승현,민대진역:박정우,맨손역:박태산,연장역:장진희,지수철역:이영석,노순이역:민경옥"
20200603,E채널,112511,120007,닥터프리즈너,,5회,전국,003456,드라마&영화,드라마,미니시리즈,0,0.0104,0,0.15468,0.06361,0.09425,0.01823,0,0,0.03305,0,0.12863,0.03763,0.0272,"나이제역:남궁민,한소금역:권나라,선민식역:김병철,이재준역:최원영,이재인역:이다인,이재환역:박은석,복혜수역:이민영,오정희역:김정난,정의식역:장현성,모이라역:진희경,김상춘역:강신일,고영철역:이준혁,오철민역:박수영,김만철역:박성근,태춘호역:장준녕,신현상역:강홍석,현재민역:이용준,함길선역:이현균,나이현역:하영,한빛역:려운,최정우역:김대령,선민중역:정인겸,최동훈역:채동현,정민제역:남경읍,정세진역:배윤경,김영선역:우미화,장민석역:최덕문,김석우역:이주승,오민정역:김지은"
20200603,E채널,120121,122540,닥터프리즈너,,6회,전국,002419,드라마&영화,드라마,미니시리즈,0.28743,0,0,0.1935,0.21792,0.00754,0.09453,0,0,0,0,0.01662,0.07938,0.00199,"나이제역:남궁민,한소금역:권나라,선민식역:김병철,이재준역:최원영,이재인역:이다인,이재환역:박은석,복혜수역:이민영,오정희역:김정난,정의식역:장현성,모이라역:진희경,김상춘역:강신일,고영철역:이준혁,오철민역:박수영,김만철역:박성근,태춘호역:장준녕,신현상역:강홍석,현재민역:이용준,함길선역:이현균,나이현역:하영,한빛역:려운,최정우역:김대령,선민중역:정인겸,최동훈역:채동현,정민제역:남경읍,정세진역:배윤경,김영선역:우미화,장민석역:최덕문,김석우역:이주승,오민정역:김지은"
20200603,E채널,124127,130858,닥터프리즈너,,7회,전국,002731,드라마&영화,드라마,미니시리즈,0.79841,0,0,0.31189,0.24968,0,0.29587,0,0,0,0,0.01195,0.16537,0.01922,"나이제역:남궁민,한소금역:권나라,선민식역:김병철,이재준역:최원영,이재인역:이다인,이재환역:박은석,복혜수역:이민영,오정희역:김정난,정의식역:장현성,모이라역:진희경,김상춘역:강신일,고영철역:이준혁,오철민역:박수영,김만철역:박성근,태춘호역:장준녕,신현상역:강홍석,현재민역:이용준,함길선역:이현균,나이현역:하영,한빛역:려운,최정우역:김대령,선민중역:정인겸,최동훈역:채동현,정민제역:남경읍,정세진역:배윤경,김영선역:우미화,장민석역:최덕문,김석우역:이주승,오민정역:김지은"
20200603,E채널,131012,133952,닥터프리즈너,,8회,전국,002940,드라마&영화,드라마,미니시리즈,0.79841,0,0.07998,0.39854,0.28767,0.06549,0.13412,0,0,0,0.05544,0.21765,0.21949,0,"나이제역:남궁민,한소금역:권나라,선민식역:김병철,이재준역:최원영,이재인역:이다인,이재환역:박은석,복혜수역:이민영,오정희역:김정난,정의식역:장현성,모이라역:진희경,김상춘역:강신일,고영철역:이준혁,오철민역:박수영,김만철역:박성근,태춘호역:장준녕,신현상역:강홍석,현재민역:이용준,함길선역:이현균,나이현역:하영,한빛역:려운,최정우역:김대령,선민중역:정인겸,최동훈역:채동현,정민제역:남경읍,정세진역:배윤경,김영선역:우미화,장민석역:최덕문,김석우역:이주승,오민정역:김지은"
20200603,E채널,192017,194750,닥터프리즈너,,7회,전국,002733,드라마&영화,드라마,미니시리즈,0,0,0.02615,0.4757,0,0,0.00661,0,0,0,0.00373,0.06673,0.00744,0.00363,"나이제역:남궁민,한소금역:권나라,선민식역:김병철,이재준역:최원영,이재인역:이다인,이재환역:박은석,복혜수역:이민영,오정희역:김정난,정의식역:장현성,모이라역:진희경,김상춘역:강신일,고영철역:이준혁,오철민역:박수영,김만철역:박성근,태춘호역:장준녕,신현상역:강홍석,현재민역:이용준,함길선역:이현균,나이현역:하영,한빛역:려운,최정우역:김대령,선민중역:정인겸,최동훈역:채동현,정민제역:남경읍,정세진역:배윤경,김영선역:우미화,장민석역:최덕문,김석우역:이주승,오민정역:김지은"
20200603,E채널,194900,201844,닥터프리즈너,,8회,전국,002944,드라마&영화,드라마,미니시리즈,0,0.0524,0,0.37749,0.02819,0.01015,0.00508,0.06408,0,0,0.02519,0.0265,0.00127,0.0086,"나이제역:남궁민,한소금역:권나라,선민식역:김병철,이재준역:최원영,이재인역:이다인,이재환역:박은석,복혜수역:이민영,오정희역:김정난,정의식역:장현성,모이라역:진희경,김상춘역:강신일,고영철역:이준혁,오철민역:박수영,김만철역:박성근,태춘호역:장준녕,신현상역:강홍석,현재민역:이용준,함길선역:이현균,나이현역:하영,한빛역:려운,최정우역:김대령,선민중역:정인겸,최동훈역:채동현,정민제역:남경읍,정세진역:배윤경,김영선역:우미화,장민석역:최덕문,김석우역:이주승,오민정역:김지은"
20200603,E채널,203419,210310,닥터프리즈너,,9회,전국,002851,드라마&영화,드라마,미니시리즈,0,0,0.43965,0.4317,0.01137,0.35055,0,0,0.0074,0.29345,0.02728,0.16721,0.19903,0.08403,"나이제역:남궁민,한소금역:권나라,선민식역:김병철,이재준역:최원영,이재인역:이다인,이재환역:박은석,복혜수역:이민영,오정희역:김정난,정의식역:장현성,모이라역:진희경,김상춘역:강신일,고영철역:이준혁,오철민역:박수영,김만철역:박성근,태춘호역:장준녕,신현상역:강홍석,현재민역:이용준,함길선역:이현균,나이현역:하영,한빛역:려운,최정우역:김대령,선민중역:정인겸,최동훈역:채동현,정민제역:남경읍,정세진역:배윤경,김영선역:우미화,장민석역:최덕문,김석우역:이주승,오민정역:김지은"
20200603,E채널,210420,213302,닥터프리즈너,,10회,전국,002842,드라마&영화,드라마,미니시리즈,0.02753,0,0.03009,0.32443,0.04121,0.03011,0.00784,0,0.01751,0.42551,0.07725,0.02288,0.60899,0.12185,"나이제역:남궁민,한소금역:권나라,선민식역:김병철,이재준역:최원영,이재인역:이다인,이재환역:박은석,복혜수역:이민영,오정희역:김정난,정의식역:장현성,모이라역:진희경,김상춘역:강신일,고영철역:이준혁,오철민역:박수영,김만철역:박성근,태춘호역:장준녕,신현상역:강홍석,현재민역:이용준,함길선역:이현균,나이현역:하영,한빛역:려운,최정우역:김대령,선민중역:정인겸,최동훈역:채동현,정민제역:남경읍,정세진역:배윤경,김영선역:우미화,장민석역:최덕문,김석우역:이주승,오민정역:김지은"
20200603,E채널,251619,255959,야식남녀,,3회,전국,004340,드라마&영화,드라마,미니시리즈,0,0,0,0.06984,0.00235,0.11023,0,0,0,0,0.23237,0,0,0,"박진성역:정일우,김아진역:강지영,강태완역:이학주,이상영역:김승수,차주희역:김수진,남규장역:양대혁,유성은역:공민정,노재수역:박성준,박진우역:최재현"
20200603,FX,035056,044851,야인시대,,95회,전국,005755,드라마&영화,드라마,주간연속극,0,0,0,0,0.00376,0,0,0,0,0,0,0,0,0,"청년김두한역:안재모,소년김두한역:곽정욱,장년김두한역:김영철,장년정진영역:차광수,구마적역:이원종,쌍칼역:박준규,김무옥역:이혁재,문영철역:장세진,장년개코역:성동일,신마적역:최철호,하야시역:이창훈,가미소리역:이상인,시바루역:이세창,나미꼬역:이세은,시라소니역:조상구,최동열역:정동환,미와역:이재용,마루오까역:최재성,설향역:허영란,애란역:조여정,정운경역:심형탁,김좌진역:최동준,오숙근역:이덕희,박계숙역:전미선,원노인역:이순재,유진산역:이효정,이정재역:김영호,조병옥역:김학철,이화룡역:안승훈,청년개코역:이동훈,신영균역:윤용현,청년정진영역:김정민,김영태역:박영록,박인애역:정소영,이영숙역:이일화,김두한어린시절역:곽정욱"
20200603,FX,084915,093930,허준,,27회,전국,005015,드라마&영화,드라마,주간연속극,0.478,0,0,0.00553,0.08523,0.14835,0.0584,0.27063,0,0.04459,0.155,0.00422,0.11367,0.04786,"허준역:전광렬,유의태역:이순재,유도지역:김병세,예진역:황수정,임오근역:임현식,구일서역:이희도"
20200603,FX,095222,104233,허준,,28회,전국,005011,드라마&영화,드라마,주간연속극,0,0,0.01613,0,0,0.00741,0,0,0,0,0.01264,0,0.00289,0,"허준역:전광렬,유의태역:이순재,유도지역:김병세,예진역:황수정,임오근역:임현식,구일서역:이희도"
20200603,FX,164236,175237,간택여인들의전쟁,,3회,전국,011001,드라마&영화,드라마,미니시리즈,0,0,0.00808,0,0.01868,0.22364,0.02634,0,0.0235,0,0,0.01569,0.00852,0.03213,"강은보역:진세연,이경역:김민규,이재화역:도상우,조영지역:이열음,왈역:이시언,김송이역:이화겸,대왕대비역:정애리,대비역:조은숙,조흥견역:이재용,김만찬역:손병호,용호역:이주진"
20200603,FX,181034,190926,야인시대,,95회,전국,005852,드라마&영화,드라마,주간연속극,0,0,0,0,0,0.00611,0.00109,0,0,0,0.00942,0,0.05017,0.00153,"청년김두한역:안재모,소년김두한역:곽정욱,장년김두한역:김영철,장년정진영역:차광수,구마적역:이원종,쌍칼역:박준규,김무옥역:이혁재,문영철역:장세진,장년개코역:성동일,신마적역:최철호,하야시역:이창훈,가미소리역:이상인,시바루역:이세창,나미꼬역:이세은,시라소니역:조상구,최동열역:정동환,미와역:이재용,마루오까역:최재성,설향역:허영란,애란역:조여정,정운경역:심형탁,김좌진역:최동준,오숙근역:이덕희,박계숙역:전미선,원노인역:이순재,유진산역:이효정,이정재역:김영호,조병옥역:김학철,이화룡역:안승훈,청년개코역:이동훈,신영균역:윤용현,청년정진영역:김정민,김영태역:박영록,박인애역:정소영,이영숙역:이일화,김두한어린시절역:곽정욱"
20200603,FX,202017,213018,간택여인들의전쟁,,3회,전국,011001,드라마&영화,드라마,미니시리즈,0,0,0,0.06995,0.00174,0.00972,0.0157,0,0,0,0.00181,0,0.02125,0.08584,"강은보역:진세연,이경역:김민규,이재화역:도상우,조영지역:이열음,왈역:이시언,김송이역:이화겸,대왕대비역:정애리,대비역:조은숙,조흥견역:이재용,김만찬역:손병호,용호역:이주진"
20200603,FX,214750,225653,간택여인들의전쟁,,4회,전국,010903,드라마&영화,드라마,미니시리즈,0,0,0,0.00522,0,0.00211,0.01097,0,0,0,0,0,0.00175,0.1361,"강은보역:진세연,이경역:김민규,이재화역:도상우,조영지역:이열음,왈역:이시언,김송이역:이화겸,대왕대비역:정애리,대비역:조은숙,조흥견역:이재용,김만찬역:손병호,용호역:이주진"
20200603,FX,243301,253154,야인시대,,95회,전국,005853,드라마&영화,드라마,주간연속극,0,0,0,0,0,0.04254,0.02734,0,0,0,0,0,0,0.03181,"청년김두한역:안재모,소년김두한역:곽정욱,장년김두한역:김영철,장년정진영역:차광수,구마적역:이원종,쌍칼역:박준규,김무옥역:이혁재,문영철역:장세진,장년개코역:성동일,신마적역:최철호,하야시역:이창훈,가미소리역:이상인,시바루역:이세창,나미꼬역:이세은,시라소니역:조상구,최동열역:정동환,미와역:이재용,마루오까역:최재성,설향역:허영란,애란역:조여정,정운경역:심형탁,김좌진역:최동준,오숙근역:이덕희,박계숙역:전미선,원노인역:이순재,유진산역:이효정,이정재역:김영호,조병옥역:김학철,이화룡역:안승훈,청년개코역:이동훈,신영균역:윤용현,청년정진영역:김정민,김영태역:박영록,박인애역:정소영,이영숙역:이일화,김두한어린시절역:곽정욱"
20200603,JTBC2,020000,021245,야식남녀,,4회,전국,001245,드라마&영화,드라마,미니시리즈,0,0,0,0,0,0,0,0,0,0.33499,0,0.0489,0,0,"박진성역:정일우,김아진역:강지영,강태완역:이학주,이상영역:김승수,차주희역:김수진,남규장역:양대혁,유성은역:공민정,노재수역:박성준,박진우역:최재현"
20200603,JTBC2,060102,072928,부부의세계,,5회,전국,012826,드라마&영화,드라마,미니시리즈,0,0,0,0.00783,0,0.00238,0.07704,0,0,0,0,0,0.00396,0.00578,"지선우역:김희애,이태오역:박해준,여다경역:한소희,고예림역:박선영,손제혁역:김영민,설명숙역:채국희,여병규역:이경영,엄효정역:김선경,이준영역:전진서,민현서역:심은우,박인규역:이학주,마강석역:박충선,공지철역:정재성,김윤기역:이무생,하동식역:김종태,윤노을역:신수연,차해강역:정준원,최회장아내역:서이숙,공지철아내역:박미현,차도철아내역:윤인조"
20200603,JTBC2,143720,154130,쌍갑포차,,3회,전국,010410,드라마&영화,드라마,미니시리즈,0.68911,0,0.01241,0.17781,0.1776,0.01973,0.12207,0,0,0.02389,0.13242,0.23795,0.07396,0.06471,"월주역:황정음,한강배역:육성재,귀반장역:최원영,염부장역:이준혁,강여린역:정다은,최진동역:안태환,송미란역:박하나,박대리역:박주형,김원형역:나인우"
20200603,JTBC2,155856,170554,쌍갑포차,,4회,전국,010658,드라마&영화,드라마,미니시리즈,0.03575,0,0.07566,0.00321,0.04246,0.01577,0.13549,0.02988,0,0.02658,0.06317,0.13399,0.28062,0.07449,"월주역:황정음,한강배역:육성재,귀반장역:최원영,염부장역:이준혁,강여린역:정다은,최진동역:안태환,송미란역:박하나,박대리역:박주형,김원형역:나인우"
20200603,JTBC2,230018,240628,쌍갑포차,,4회,전국,010610,드라마&영화,드라마,미니시리즈,0,0.00547,0,0,0.08825,0.00587,0.04279,0,0,0,0.07299,0.00549,0.08444,0.01799,"월주역:황정음,한강배역:육성재,귀반장역:최원영,염부장역:이준혁,강여린역:정다은,최진동역:안태환,송미란역:박하나,박대리역:박주형,김원형역:나인우"
20200603,JTBC2,241810,252555,쌍갑포차,,5회,전국,010745,드라마&영화,드라마,미니시리즈,0.38746,0.04076,0.10586,0.11985,0.60952,0.30711,0.10339,0.03063,0,0.56012,0.30034,0.45595,0.14494,0.08325,"월주역:황정음,한강배역:육성재,귀반장역:최원영,염부장역:이준혁,강여린역:정다은,최진동역:안태환,송미란역:박하나,박대리역:박주형,김원형역:나인우"
20200603,JTBC2,254032,255959,쌍갑포차,,5회,전국,001927,드라마&영화,드라마,미니시리즈,0,0,0,0,0.12157,0.08359,0.09219,0,0,0,0,0.13396,0.10027,0.04501,"월주역:황정음,한강배역:육성재,귀반장역:최원영,염부장역:이준혁,강여린역:정다은,최진동역:안태환,송미란역:박하나,박대리역:박주형,김원형역:나인우"
20200603,KBS DRAMA,050402,053152,기막힌유산,,31회,전국,002750,드라마&영화,드라마,일일연속극,0,0,0,0.08034,0,0.0103,0.54289,0,0,0,0.35049,0,0.52718,0.11396,"부영배역:박인환,공계옥역:강세정,부설악역:신정윤,부백두역:강신조,윤민주역:이아현,부금강역:남성진,신애리역:김가연,정미희역:박순천,김용미역:이응경,부한라역:박신우,성판금역:조양자,부가온역:김비주,부태희역:김연지,부혜교역:김효경,부지현역:강유라,공소영역:김난주,이장원역:이일준,김수민역:조서후,김종두역:이춘식,차정건역:조순창,이청아역:정서하,손보미역:박민지,김영지역:주민하,강선희역:박현정,천호식역:백신,이정태역:노상보,고향숙역:박소정"
20200603,KBS DRAMA,053159,055944,기막힌유산,,32회,전국,002745,드라마&영화,드라마,일일연속극,0,0,0,0.18834,0.01953,0,0.56135,0,0,0,0.25761,0.01875,0.41147,0.30675,"부영배역:박인환,공계옥역:강세정,부설악역:신정윤,부백두역:강신조,윤민주역:이아현,부금강역:남성진,신애리역:김가연,정미희역:박순천,김용미역:이응경,부한라역:박신우,성판금역:조양자,부가온역:김비주,부태희역:김연지,부혜교역:김효경,부지현역:강유라,공소영역:김난주,이장원역:이일준,김수민역:조서후,김종두역:이춘식,차정건역:조순창,이청아역:정서하,손보미역:박민지,김영지역:주민하,강선희역:박현정,천호식역:백신,이정태역:노상보,고향숙역:박소정"
20200603,KBS DRAMA,060346,063751,위험한약속,,41회,전국,003405,드라마&영화,드라마,일일연속극,0,0,0.07945,0.17172,0.02742,0.15,0.25009,0,0,0,0.25462,0.12203,0.20705,0.38899,"차은동역:박하나,강태인역:고세원,최준혁역:강성민,오혜원역:박영린,한지훈역:이창욱,차만종역:이대연,차은찬역:유준서,공영심역:유지연,봉석구역:현우섭,강일섭역:강신일,연두심역:이칸희,한광훈역:길용우,한서주역:김혜지,최명희역:김나운,고재숙역:윤복인,최영국역:송민형,민주란역:오영실,최준경역:이효나,이창욱역:김정운"
20200603,KBS DRAMA,063757,071157,위험한약속,,42회,전국,003400,드라마&영화,드라마,일일연속극,0,0,0.17091,0.18834,0.03461,0.30796,0.35574,0,0,0.08856,0.05265,0.18027,0.29603,0.58302,"차은동역:박하나,강태인역:고세원,최준혁역:강성민,오혜원역:박영린,한지훈역:이창욱,차만종역:이대연,차은찬역:유준서,공영심역:유지연,봉석구역:현우섭,강일섭역:강신일,연두심역:이칸희,한광훈역:길용우,한서주역:김혜지,최명희역:김나운,고재숙역:윤복인,최영국역:송민형,민주란역:오영실,최준경역:이효나,이창욱역:김정운"
20200603,KBS DRAMA,072248,075651,위험한약속,,43회,전국,003403,드라마&영화,드라마,일일연속극,0,0,0.21931,0.18834,0.15383,0.30648,0.29291,0,0.13361,0.45459,0,0.36385,0.38196,0.94973,"차은동역:박하나,강태인역:고세원,최준혁역:강성민,오혜원역:박영린,한지훈역:이창욱,차만종역:이대연,차은찬역:유준서,공영심역:유지연,봉석구역:현우섭,강일섭역:강신일,연두심역:이칸희,한광훈역:길용우,한서주역:김혜지,최명희역:김나운,고재숙역:윤복인,최영국역:송민형,민주란역:오영실,최준경역:이효나,이창욱역:김정운"
20200603,KBS DRAMA,075658,083054,위험한약속,,44회,전국,003356,드라마&영화,드라마,일일연속극,0.33434,0.11736,0.25387,0.22846,0.35051,0.89395,0.45926,0.02827,0.02282,0.36173,0.29176,0.62115,0.63892,1.47227,"차은동역:박하나,강태인역:고세원,최준혁역:강성민,오혜원역:박영린,한지훈역:이창욱,차만종역:이대연,차은찬역:유준서,공영심역:유지연,봉석구역:현우섭,강일섭역:강신일,연두심역:이칸희,한광훈역:길용우,한서주역:김혜지,최명희역:김나운,고재숙역:윤복인,최영국역:송민형,민주란역:오영실,최준경역:이효나,이창욱역:김정운"
20200603,KBS DRAMA,083100,090454,위험한약속,,45회,전국,003354,드라마&영화,드라마,일일연속극,1.19855,0.43722,0.28,0.0474,0.65031,0.9943,0.51395,0,0.01965,0.40044,1.06365,0.56953,0.90759,1.12339,"차은동역:박하나,강태인역:고세원,최준혁역:강성민,오혜원역:박영린,한지훈역:이창욱,차만종역:이대연,차은찬역:유준서,공영심역:유지연,봉석구역:현우섭,강일섭역:강신일,연두심역:이칸희,한광훈역:길용우,한서주역:김혜지,최명희역:김나운,고재숙역:윤복인,최영국역:송민형,민주란역:오영실,최준경역:이효나,이창욱역:김정운"
20200603,KBS DRAMA,091848,095502,한번다녀왔습니다,,37회,전국,003614,드라마&영화,드라마,주말연속극,0.32797,0.03891,0,0.00603,0.46573,0.41366,0.43962,0.58738,0.33052,0.24458,0.5372,0.34412,0.67955,0.56464,"송영달역:천호진,장옥분역:차화연,최윤정역:김보연,강초연역:이정은,송나희역:이민정,윤규진역:이상엽,송준선역:오대환,송가희역:오윤아,송다희역:이초희,양치수역:안길강,장옥자역:백지원,성현경역:임정은,윤재석역:이상이,박효신역:기도훈,김지훈역:문우진,이주리역:김소라,김가연역:송다은,건어물역:신미영,꽈배기역:김가영,송서영역:이가연,송서진역:안서연,이정록역:알렉스,유보영역:손성윤,유시후역:송민재,박지연역:신수정,한기영역:강유석,홍성우역:김현목,신혜정역:김미은,심정희역:이상경,오연지역:한봄,오정봉역:오의식,이종수역:장원혁,김승현역:배호근,송이역:김주영,지원역:찬희,이현역:이필모"
20200603,KBS DRAMA,095610,102907,한번다녀왔습니다,,38회,전국,003257,드라마&영화,드라마,주말연속극,0.05725,0.20375,0,0.00748,0.25602,0.32006,0.35986,0,0.15271,0.47152,0.40235,0.86628,0.90351,0.3571,"송영달역:천호진,장옥분역:차화연,최윤정역:김보연,강초연역:이정은,송나희역:이민정,윤규진역:이상엽,송준선역:오대환,송가희역:오윤아,송다희역:이초희,양치수역:안길강,장옥자역:백지원,성현경역:임정은,윤재석역:이상이,박효신역:기도훈,김지훈역:문우진,이주리역:김소라,김가연역:송다은,건어물역:신미영,꽈배기역:김가영,송서영역:이가연,송서진역:안서연,이정록역:알렉스,유보영역:손성윤,유시후역:송민재,박지연역:신수정,한기영역:강유석,홍성우역:김현목,신혜정역:김미은,심정희역:이상경,오연지역:한봄,오정봉역:오의식,이종수역:장원혁,김승현역:배호근,송이역:김주영,지원역:찬희,이현역:이필모"
20200603,KBS DRAMA,104256,111850,한번다녀왔습니다,,39회,전국,003554,드라마&영화,드라마,주말연속극,0,0.13229,0.03335,0.04802,0.1576,0.45103,0.31076,0,0,0.20443,0.65428,0.42301,0.89109,0.3935,"송영달역:천호진,장옥분역:차화연,최윤정역:김보연,강초연역:이정은,송나희역:이민정,윤규진역:이상엽,송준선역:오대환,송가희역:오윤아,송다희역:이초희,양치수역:안길강,장옥자역:백지원,성현경역:임정은,윤재석역:이상이,박효신역:기도훈,김지훈역:문우진,이주리역:김소라,김가연역:송다은,건어물역:신미영,꽈배기역:김가영,송서영역:이가연,송서진역:안서연,이정록역:알렉스,유보영역:손성윤,유시후역:송민재,박지연역:신수정,한기영역:강유석,홍성우역:김현목,신혜정역:김미은,심정희역:이상경,오연지역:한봄,오정봉역:오의식,이종수역:장원혁,김승현역:배호근,송이역:김주영,지원역:찬희,이현역:이필모"
20200603,KBS DRAMA,112058,115424,한번다녀왔습니다,,40회,전국,003326,드라마&영화,드라마,주말연속극,0.01431,0,0.15207,0.22661,0.2371,0.48822,0.30657,0,0.09645,0.39924,0.5946,0.65211,0.962,0.42026,"송영달역:천호진,장옥분역:차화연,최윤정역:김보연,강초연역:이정은,송나희역:이민정,윤규진역:이상엽,송준선역:오대환,송가희역:오윤아,송다희역:이초희,양치수역:안길강,장옥자역:백지원,성현경역:임정은,윤재석역:이상이,박효신역:기도훈,김지훈역:문우진,이주리역:김소라,김가연역:송다은,건어물역:신미영,꽈배기역:김가영,송서영역:이가연,송서진역:안서연,이정록역:알렉스,유보영역:손성윤,유시후역:송민재,박지연역:신수정,한기영역:강유석,홍성우역:김현목,신혜정역:김미은,심정희역:이상경,오연지역:한봄,오정봉역:오의식,이종수역:장원혁,김승현역:배호근,송이역:김주영,지원역:찬희,이현역:이필모"
20200603,KBS DRAMA,244220,251253,영혼수선공,,17회,전국,003033,드라마&영화,드라마,미니시리즈,0,0.03568,0,0,0.30003,0.07713,0,0,0,0.00884,0.07496,0.00315,0.01469,0.11662,"이시준역:신하균,한우주역:정소민,인동혁역:태인호,지영원역:박예진,공지선역:주민경,조인혜역:조경숙,오기태역:박수영,박대하역:정해균,이택경역:최정우,노우정역:안동구,강누리역:하영,임세찬역:장유상,공지희역:박한솔,장유미역:김가란,김영석역:김강민,송민수역:류시원"
20200603,KBS DRAMA,251403,254657,영혼수선공,,18회,전국,003254,드라마&영화,드라마,미니시리즈,0,0.02021,0,0,0.16013,0,0.03427,0,0,0,0.18308,0.17712,0.0129,0.11409,"이시준역:신하균,한우주역:정소민,인동혁역:태인호,지영원역:박예진,공지선역:주민경,조인혜역:조경숙,오기태역:박수영,박대하역:정해균,이택경역:최정우,노우정역:안동구,강누리역:하영,임세찬역:장유상,공지희역:박한솔,장유미역:김가란,김영석역:김강민,송민수역:류시원"
20200603,KBS W,020758,024201,위험한약속,,43회,전국,003403,드라마&영화,드라마,일일연속극,0,0.03296,0,0,0,0,0.01002,0,0,0,0,0.01901,0,0.12185,"차은동역:박하나,강태인역:고세원,최준혁역:강성민,오혜원역:박영린,한지훈역:이창욱,차만종역:이대연,차은찬역:유준서,공영심역:유지연,봉석구역:현우섭,강일섭역:강신일,연두심역:이칸희,한광훈역:길용우,한서주역:김혜지,최명희역:김나운,고재숙역:윤복인,최영국역:송민형,민주란역:오영실,최준경역:이효나,이창욱역:김정운"
20200603,KBS W,024208,031604,위험한약속,,44회,전국,003356,드라마&영화,드라마,일일연속극,0,0.07493,0,0,0.13237,0.02873,0.00157,0,0,0,0,0.12541,0.01823,0.11351,"차은동역:박하나,강태인역:고세원,최준혁역:강성민,오혜원역:박영린,한지훈역:이창욱,차만종역:이대연,차은찬역:유준서,공영심역:유지연,봉석구역:현우섭,강일섭역:강신일,연두심역:이칸희,한광훈역:길용우,한서주역:김혜지,최명희역:김나운,고재숙역:윤복인,최영국역:송민형,민주란역:오영실,최준경역:이효나,이창욱역:김정운"
20200603,KBS W,060851,064304,뻐꾸기둥지,,65회,전국,003413,드라마&영화,드라마,일일연속극,0,0,0.08544,0,0,0.1188,0.17153,0,0,0,0,0.05627,0.00237,0.1122,"백연희역:장서희,정병국역:황동주,이화영역:이채영,유성빈역:김경남,백철역:임채무,홍금옥역:엄유신,백준희역:손승우,정진우역:정지훈,이명운역:현우성,곽희자역:서권순,정진숙역:지수원,정유미역:김민좌,오기섭역:이정훈,배추자역:박준금,배찬식역:전노민,이공희역:한경선,이소라역:전민서,최상두역:이창욱,직원역:이하나,이동현역:정민진,소진역:김리원,순남역:허인영,이상순역:이숙,사기꾼역:지상렬,이소라어린시절역:박지소"
20200603,KBS W,064311,071557,뻐꾸기둥지,,66회,전국,003246,드라마&영화,드라마,일일연속극,0,0,0.05282,0.02148,0,0.11803,0.12171,0,0,0,0,0,0,0.10171,"백연희역:장서희,정병국역:황동주,이화영역:이채영,유성빈역:김경남,백철역:임채무,홍금옥역:엄유신,백준희역:손승우,정진우역:정지훈,이명운역:현우성,곽희자역:서권순,정진숙역:지수원,정유미역:김민좌,오기섭역:이정훈,배추자역:박준금,배찬식역:전노민,이공희역:한경선,이소라역:전민서,최상두역:이창욱,직원역:이하나,이동현역:정민진,소진역:김리원,순남역:허인영,이상순역:이숙,사기꾼역:지상렬,이소라어린시절역:박지소"
20200603,KBS W,072701,080139,뻐꾸기둥지,,67회,전국,003438,드라마&영화,드라마,일일연속극,0,0.02201,0.00879,0.00386,0,0.04161,0.00234,0,0.01999,0.00579,0,0.07732,0.00338,0.0452,"백연희역:장서희,정병국역:황동주,이화영역:이채영,유성빈역:김경남,백철역:임채무,홍금옥역:엄유신,백준희역:손승우,정진우역:정지훈,이명운역:현우성,곽희자역:서권순,정진숙역:지수원,정유미역:김민좌,오기섭역:이정훈,배추자역:박준금,배찬식역:전노민,이공희역:한경선,이소라역:전민서,최상두역:이창욱,직원역:이하나,이동현역:정민진,소진역:김리원,순남역:허인영,이상순역:이숙,사기꾼역:지상렬,이소라어린시절역:박지소"
20200603,KBS W,080146,083617,뻐꾸기둥지,,68회,전국,003431,드라마&영화,드라마,일일연속극,0,0.01927,0,0,0.01398,0,0.01002,0,0.02025,0,0.0172,0,0,0,"백연희역:장서희,정병국역:황동주,이화영역:이채영,유성빈역:김경남,백철역:임채무,홍금옥역:엄유신,백준희역:손승우,정진우역:정지훈,이명운역:현우성,곽희자역:서권순,정진숙역:지수원,정유미역:김민좌,오기섭역:이정훈,배추자역:박준금,배찬식역:전노민,이공희역:한경선,이소라역:전민서,최상두역:이창욱,직원역:이하나,이동현역:정민진,소진역:김리원,순남역:허인영,이상순역:이숙,사기꾼역:지상렬,이소라어린시절역:박지소"
20200603,KBS W,100028,110007,부부클리닉사랑과전쟁,,388회,전국,005939,드라마&영화,드라마,단막극,0,0,0,0,0,0,0.03187,0,0,0,0.01977,0.0805,0.01227,0.04936,"이재만,민지영,최영완,이정수,장가현,손유경,이준우"
20200603,KBS W,111108,121148,부부클리닉사랑과전쟁,,389회,전국,010040,드라마&영화,드라마,단막극,0,0,0.04794,0,0.00492,0.00395,0.03931,0,0,0,0,0,0.02779,0.01089,"이재만,민지영,최영완,이정수,장가현,손유경,이준우"
20200603,KBS W,122339,133134,월계수양복점신사들,,51회,전국,010755,드라마&영화,드라마,주말연속극,0,0.01484,0.00369,0,0.01267,0,0.0492,0,0.01375,0,0.00424,0.11338,0.00176,0.0269,"이동진역:이동건,나연실역:조윤희,배삼도역:차인표,이동숙역:오현경,복선녀역:라미란,성태평역:최원영,이만술역:신구,최곡지역:김영애,강태양역:현우,홍기표역:지승현,기표모역:정경순,금촌댁역:이정은,김다정역:표예진,고은숙역:박준금,민효주역:구재이,민효원역:이세영,민효상역:박은석,최지연역:차주영,오영은역:최지나,배삼도어린시절역:차연우,유명모델역:레이양,타로점술사역:최현우,이연희역:최송현"
20200603,KBS W,134233,144850,월계수양복점신사들,,52회,전국,010617,드라마&영화,드라마,주말연속극,0,0,0.00254,0.00571,0.0033,0,0.12898,0,0,0.0449,0,0.08209,0.02387,0.04508,"이동진역:이동건,나연실역:조윤희,배삼도역:차인표,이동숙역:오현경,복선녀역:라미란,성태평역:최원영,이만술역:신구,최곡지역:김영애,강태양역:현우,홍기표역:지승현,기표모역:정경순,금촌댁역:이정은,김다정역:표예진,고은숙역:박준금,민효주역:구재이,민효원역:이세영,민효상역:박은석,최지연역:차주영,오영은역:최지나,배삼도어린시절역:차연우,유명모델역:레이양,타로점술사역:최현우,이연희역:최송현"
20200603,KBS W,150150,152947,기막힌유산,,29회,전국,002757,드라마&영화,드라마,일일연속극,0,0.018,0,0.087,0.02482,0.03607,0.15558,0,0.03785,0.03257,0.00881,0,0.00755,0.16626,"부영배역:박인환,공계옥역:강세정,부설악역:신정윤,부백두역:강신조,윤민주역:이아현,부금강역:남성진,신애리역:김가연,정미희역:박순천,김용미역:이응경,부한라역:박신우,성판금역:조양자,부가온역:김비주,부태희역:김연지,부혜교역:김효경,부지현역:강유라,공소영역:김난주,이장원역:이일준,김수민역:조서후,김종두역:이춘식,차정건역:조순창,이청아역:정서하,손보미역:박민지,김영지역:주민하,강선희역:박현정,천호식역:백신,이정태역:노상보,고향숙역:박소정"
20200603,KBS W,152954,155641,기막힌유산,,30회,전국,002647,드라마&영화,드라마,일일연속극,0,0.01038,0.03717,0.05205,0.06937,0.07352,0.27353,0,0,0,0,0.01713,0.05183,0.44764,"부영배역:박인환,공계옥역:강세정,부설악역:신정윤,부백두역:강신조,윤민주역:이아현,부금강역:남성진,신애리역:김가연,정미희역:박순천,김용미역:이응경,부한라역:박신우,성판금역:조양자,부가온역:김비주,부태희역:김연지,부혜교역:김효경,부지현역:강유라,공소영역:김난주,이장원역:이일준,김수민역:조서후,김종두역:이춘식,차정건역:조순창,이청아역:정서하,손보미역:박민지,김영지역:주민하,강선희역:박현정,천호식역:백신,이정태역:노상보,고향숙역:박소정"
20200603,KBS W,160738,163526,기막힌유산,,31회,전국,002748,드라마&영화,드라마,일일연속극,0,0,0,0,0,0,0.06444,0,0,0,0.08667,0,0,0.20699,"부영배역:박인환,공계옥역:강세정,부설악역:신정윤,부백두역:강신조,윤민주역:이아현,부금강역:남성진,신애리역:김가연,정미희역:박순천,김용미역:이응경,부한라역:박신우,성판금역:조양자,부가온역:김비주,부태희역:김연지,부혜교역:김효경,부지현역:강유라,공소영역:김난주,이장원역:이일준,김수민역:조서후,김종두역:이춘식,차정건역:조순창,이청아역:정서하,손보미역:박민지,김영지역:주민하,강선희역:박현정,천호식역:백신,이정태역:노상보,고향숙역:박소정"
20200603,KBS W,163533,170318,기막힌유산,,32회,전국,002745,드라마&영화,드라마,일일연속극,0,0,0,0,0,0.00813,0.10329,0,0,0.1198,0.26,0.02229,0.11354,0.24617,"부영배역:박인환,공계옥역:강세정,부설악역:신정윤,부백두역:강신조,윤민주역:이아현,부금강역:남성진,신애리역:김가연,정미희역:박순천,김용미역:이응경,부한라역:박신우,성판금역:조양자,부가온역:김비주,부태희역:김연지,부혜교역:김효경,부지현역:강유라,공소영역:김난주,이장원역:이일준,김수민역:조서후,김종두역:이춘식,차정건역:조순창,이청아역:정서하,손보미역:박민지,김영지역:주민하,강선희역:박현정,천호식역:백신,이정태역:노상보,고향숙역:박소정"
20200603,KBS W,171450,174857,위험한약속,,42회,전국,003407,드라마&영화,드라마,일일연속극,0.20066,0,0,0.00329,0.07327,0,0.05346,0.22721,0,0,0.00573,0,0,0.03584,"차은동역:박하나,강태인역:고세원,최준혁역:강성민,오혜원역:박영린,한지훈역:이창욱,차만종역:이대연,차은찬역:유준서,공영심역:유지연,봉석구역:현우섭,강일섭역:강신일,연두심역:이칸희,한광훈역:길용우,한서주역:김혜지,최명희역:김나운,고재숙역:윤복인,최영국역:송민형,민주란역:오영실,최준경역:이효나,이창욱역:김정운"
20200603,KBS W,174905,182259,위험한약속,,43회,전국,003354,드라마&영화,드라마,일일연속극,0.22296,0,0,0,0.08141,0,0.07017,0.25246,0,0,0.03159,0,0,0.03584,"차은동역:박하나,강태인역:고세원,최준혁역:강성민,오혜원역:박영린,한지훈역:이창욱,차만종역:이대연,차은찬역:유준서,공영심역:유지연,봉석구역:현우섭,강일섭역:강신일,연두심역:이칸희,한광훈역:길용우,한서주역:김혜지,최명희역:김나운,고재숙역:윤복인,최영국역:송민형,민주란역:오영실,최준경역:이효나,이창욱역:김정운"
20200603,KBS W,183358,190802,위험한약속,,44회,전국,003404,드라마&영화,드라마,일일연속극,0,0.01648,0,0.11622,0,0.07074,0.21248,0,0,0.26917,0.04423,0.00951,0.07605,0.06836,"차은동역:박하나,강태인역:고세원,최준혁역:강성민,오혜원역:박영린,한지훈역:이창욱,차만종역:이대연,차은찬역:유준서,공영심역:유지연,봉석구역:현우섭,강일섭역:강신일,연두심역:이칸희,한광훈역:길용우,한서주역:김혜지,최명희역:김나운,고재숙역:윤복인,최영국역:송민형,민주란역:오영실,최준경역:이효나,이창욱역:김정운"
20200603,KBS W,190809,194201,위험한약속,,45회,전국,003352,드라마&영화,드라마,일일연속극,0,0,0,0.10143,0.01282,0.05011,0.12145,0,0,0,0,0.03261,0.06792,0.03869,"차은동역:박하나,강태인역:고세원,최준혁역:강성민,오혜원역:박영린,한지훈역:이창욱,차만종역:이대연,차은찬역:유준서,공영심역:유지연,봉석구역:현우섭,강일섭역:강신일,연두심역:이칸희,한광훈역:길용우,한서주역:김혜지,최명희역:김나운,고재숙역:윤복인,최영국역:송민형,민주란역:오영실,최준경역:이효나,이창욱역:김정운"
20200603,KBS W,195541,202737,영혼수선공,,13회,전국,003156,드라마&영화,드라마,미니시리즈,0,0,0,0,0,0,0,0,0,0,0,0,0.01467,0,"이시준역:신하균,한우주역:정소민,인동혁역:태인호,지영원역:박예진,공지선역:주민경,조인혜역:조경숙,오기태역:박수영,박대하역:정해균,이택경역:최정우,노우정역:안동구,강누리역:하영,임세찬역:장유상,공지희역:박한솔,장유미역:김가란,김영석역:김강민,송민수역:류시원"
20200603,KBS W,202744,205525,영혼수선공,,14회,전국,002741,드라마&영화,드라마,미니시리즈,0,0,0,0,0,0.01688,0,0,0,0,0.01388,0,0,0.00853,"이시준역:신하균,한우주역:정소민,인동혁역:태인호,지영원역:박예진,공지선역:주민경,조인혜역:조경숙,오기태역:박수영,박대하역:정해균,이택경역:최정우,노우정역:안동구,강누리역:하영,임세찬역:장유상,공지희역:박한솔,장유미역:김가란,김영석역:김강민,송민수역:류시원"
20200603,KBS W,210802,213737,영혼수선공,,15회,전국,002935,드라마&영화,드라마,미니시리즈,0,0,0,0,0,0,0,0,0,0,0,0.01785,0,0,"이시준역:신하균,한우주역:정소민,인동혁역:태인호,지영원역:박예진,공지선역:주민경,조인혜역:조경숙,오기태역:박수영,박대하역:정해균,이택경역:최정우,노우정역:안동구,강누리역:하영,임세찬역:장유상,공지희역:박한솔,장유미역:김가란,김영석역:김강민,송민수역:류시원"
20200603,KBS W,213744,220730,영혼수선공,,16회,전국,002946,드라마&영화,드라마,미니시리즈,0,0,0,0,0,0,0,0,0,0,0,0,0,0.00377,"이시준역:신하균,한우주역:정소민,인동혁역:태인호,지영원역:박예진,공지선역:주민경,조인혜역:조경숙,오기태역:박수영,박대하역:정해균,이택경역:최정우,노우정역:안동구,강누리역:하영,임세찬역:장유상,공지희역:박한솔,장유미역:김가란,김영석역:김강민,송민수역:류시원"
20200603,KBS W,222024,232111,부부클리닉사랑과전쟁2,,115회,전국,010047,드라마&영화,드라마,단막극,0.02618,0.04198,0.00438,0,0.25676,0.08141,0.02314,0.41742,0,0.00449,0.00271,0.18906,0.05211,0.01545,"이재만,민지영,최영완,이정수,장가현,손유경,이준우"
20200603,KBS W,233202,243957,부부클리닉사랑과전쟁2,,116회,전국,010755,드라마&영화,드라마,단막극,0,0,0,0,0.24656,0.11064,0.11086,0.22448,0,0,0,0.10429,0.04395,0.11694,"이재만,민지영,최영완,이정수,장가현,손유경,이준우"
20200603,KBS W,245258,252051,기막힌유산,,32회,전국,002753,드라마&영화,드라마,일일연속극,0,0,0,0,0,0,0.04337,0,0,0.0636,0,0.0435,0,0.05222,"부영배역:박인환,공계옥역:강세정,부설악역:신정윤,부백두역:강신조,윤민주역:이아현,부금강역:남성진,신애리역:김가연,정미희역:박순천,김용미역:이응경,부한라역:박신우,성판금역:조양자,부가온역:김비주,부태희역:김연지,부혜교역:김효경,부지현역:강유라,공소영역:김난주,이장원역:이일준,김수민역:조서후,김종두역:이춘식,차정건역:조순창,이청아역:정서하,손보미역:박민지,김영지역:주민하,강선희역:박현정,천호식역:백신,이정태역:노상보,고향숙역:박소정"
20200603,KBS W,252058,254840,기막힌유산,,33회,전국,002742,드라마&영화,드라마,일일연속극,0,0,0,0,0,0.03241,0.03548,0,0,0.10376,0,0.09646,0,0.04349,"부영배역:박인환,공계옥역:강세정,부설악역:신정윤,부백두역:강신조,윤민주역:이아현,부금강역:남성진,신애리역:김가연,정미희역:박순천,김용미역:이응경,부한라역:박신우,성판금역:조양자,부가온역:김비주,부태희역:김연지,부혜교역:김효경,부지현역:강유라,공소영역:김난주,이장원역:이일준,김수민역:조서후,김종두역:이춘식,차정건역:조순창,이청아역:정서하,손보미역:박민지,김영지역:주민하,강선희역:박현정,천호식역:백신,이정태역:노상보,고향숙역:박소정"
20200603,K-STAR,113623,124516,부부클리닉사랑과전쟁,,459회,전국,010853,드라마&영화,드라마,주간연속극,0.63961,0.27975,0.19601,0,0.0966,0,0.21787,0,0,0.20884,0,0.13885,0.32585,0.20898,"이재만,민지영,최영완,이정수,장가현,손유경,이준우"
20200603,K-STAR,125809,140101,부부클리닉사랑과전쟁,,410회,전국,010252,드라마&영화,드라마,주간연속극,0.3507,0,0.13504,0.18957,0.01079,0.02678,0.21924,0,0,0.18883,0.10606,0.31941,0.23663,0.52787,"이재만,민지영,최영완,이정수,장가현,손유경,이준우"
20200603,K-STAR,141530,154013,부부의세계,,2회,전국,012443,드라마&영화,드라마,미니시리즈,0.04044,0.01726,0.02865,0.01206,0.01995,0.02589,0.2407,0,0.01814,0.01852,0.08425,0.04153,0.20732,0.53238,"지선우역:김희애,이태오역:박해준,여다경역:한소희,고예림역:박선영,손제혁역:김영민,설명숙역:채국희,여병규역:이경영,엄효정역:김선경,이준영역:전진서,민현서역:심은우,박인규역:이학주,마강석역:박충선,공지철역:정재성,김윤기역:이무생,하동식역:김종태,윤노을역:신수연,차해강역:정준원,최회장아내역:서이숙,공지철아내역:박미현,차도철아내역:윤인조"
20200603,K-STAR,155456,171317,부부의세계,,3회,전국,011821,드라마&영화,드라마,미니시리즈,0,0,0.02237,0.00219,0,0.01177,0.38603,0,0,0.02384,0.09125,0.18365,0.10551,0.44797,"지선우역:김희애,이태오역:박해준,여다경역:한소희,고예림역:박선영,손제혁역:김영민,설명숙역:채국희,여병규역:이경영,엄효정역:김선경,이준영역:전진서,민현서역:심은우,박인규역:이학주,마강석역:박충선,공지철역:정재성,김윤기역:이무생,하동식역:김종태,윤노을역:신수연,차해강역:정준원,최회장아내역:서이숙,공지철아내역:박미현,차도철아내역:윤인조"
20200603,K-STAR,205850,221710,부부의세계,,3회,전국,011820,드라마&영화,드라마,미니시리즈,0,0.00554,0.00144,0.08809,0.01879,0,0.08321,0,0.0122,0.0315,0.00481,0.03487,0.001,0.0725,"지선우역:김희애,이태오역:박해준,여다경역:한소희,고예림역:박선영,손제혁역:김영민,설명숙역:채국희,여병규역:이경영,엄효정역:김선경,이준영역:전진서,민현서역:심은우,박인규역:이학주,마강석역:박충선,공지철역:정재성,김윤기역:이무생,하동식역:김종태,윤노을역:신수연,차해강역:정준원,최회장아내역:서이숙,공지철아내역:박미현,차도철아내역:윤인조"
20200603,K-STAR,222948,233240,부부클리닉사랑과전쟁,,410회,전국,010252,드라마&영화,드라마,주간연속극,0,0.08625,0,0,0.06558,0.04058,0.03556,0.09379,0.01485,0.01739,0.00049,0.0567,0.08208,0.00167,"이재만,민지영,최영완,이정수,장가현,손유경,이준우"
20200603,KTV,020000,023604,전원일기,,389회,전국,003604,드라마&영화,드라마,주말연속극,0,0,0.18717,0,0,0.0061,0.05522,0,0,0.09978,0,0.01672,0.23164,0.12887,"최불암,김혜자,김용건,김수미,고두심,유인촌,정대홍"
20200603,KTV,061142,065828,전원일기,,766회,전국,004646,드라마&영화,드라마,주말연속극,0,0,0.31744,0,0,0.14733,0.0836,0,0,0,0,0.00824,0.17107,0.08145,"최불암,김혜자,김용건,김수미,고두심,유인촌,정대홍"
20200603,KTV,210232,212544,파랑새는있다,<1부>,16회,전국,002312,드라마&영화,드라마,주간연속극,0,0,0,0,0,0.05498,0.17558,0,0,0,0,0.01405,0,0.10559,"이상인,정선경,백윤식,송경철,박남현,한진희,동방우,양금석"
20200603,KTV,212658,215149,파랑새는있다,<2부>,16회,전국,002451,드라마&영화,드라마,주간연속극,0,0,0,0,0.01305,0.07904,0.28246,0,0,0,0,0,0,0.20727,"이상인,정선경,백윤식,송경철,박남현,한진희,동방우,양금석"
20200603,KTV,215914,221812,전원일기,<1부>,390회,전국,001858,드라마&영화,드라마,주말연속극,0,0,0,0,0,0.26005,0.27397,0,0,0.14179,0,0,0.12358,0.46471,"최불암,김혜자,김용건,김수미,고두심,유인촌,정대홍"
20200603,KTV,221904,224112,전원일기,<2부>,390회,전국,002208,드라마&영화,드라마,주말연속극,0,0,0.08974,0.01289,0,0.22777,0.14617,0,0,0.17961,0,0,0.10149,0.46095,"최불암,김혜자,김용건,김수미,고두심,유인촌,정대홍"
20200603,KTV,224319,230700,바람은불어도,,113회,전국,002341,드라마&영화,드라마,주간연속극,0,0,0,0.03716,0,0.27094,0.12347,0,0,0.17961,0,0,0.14676,0.28067,"최수종,유호정,윤손하,송나영,송기윤,나문희"
20200603,KTV,231032,233918,바람은불어도,,114회,전국,002846,드라마&영화,드라마,주간연속극,0,0,0,0,0,0.21495,0.14714,0,0,0.17961,0,0,0.14676,0.24628,"최수종,유호정,윤손하,송나영,송기윤,나문희"
20200603,KTV,243049,251852,파랑새는있다,,16회,전국,004803,드라마&영화,드라마,주간연속극,0,0,0,0,0,0.21495,0.02466,0,0,0,0.05517,0,0.14676,0.10489,"이상인,정선경,백윤식,송경철,박남현,한진희,동방우,양금석"
20200603,KTV,255046,255959,전원일기,,390회,전국,000913,드라마&영화,드라마,주말연속극,0,0,0.21814,0,0,0.39357,0.03235,0,0,0,0,0,0.49656,0.09025,"최불암,김혜자,김용건,김수미,고두심,유인촌,정대홍"
20200603,MBC M,100024,105936,그녀는예뻤다,,5회,전국,005912,드라마&영화,드라마,미니시리즈,0,0,0,0,0,0,0,0,0,0,0,0.00756,0,0,"김혜진역:황정음,지성준역:박서준,민하리역:고준희,김신혁역:시원,차혜정역:윤유선,나지선역:서정연,민용길역:이병준,김혜린역:정다빈,김중섭역:박충선,한정혜역:이일화,김라라역:황석정,김풍호역:안세하,차주영역:신동미,김준우역:박유환,주아름역:신주연,한설역:신혜선,선민역:차정원,이경역:배민정,은영역:임세주,부중만역:김하균,이슬비역:진혜원,광희역:조창근,발등남역:임강성,마트직원역:안상태,김혜진어린시절역:정다빈,지성준어린시절역:양한열"
20200603,MBC M,111026,121335,그녀는예뻤다,,6회,전국,010309,드라마&영화,드라마,미니시리즈,0,0,0,0,0.0096,0,0,0,0,0,0,0.20726,0.05103,0,"김혜진역:황정음,지성준역:박서준,민하리역:고준희,김신혁역:시원,차혜정역:윤유선,나지선역:서정연,민용길역:이병준,김혜린역:정다빈,김중섭역:박충선,한정혜역:이일화,김라라역:황석정,김풍호역:안세하,차주영역:신동미,김준우역:박유환,주아름역:신주연,한설역:신혜선,선민역:차정원,이경역:배민정,은영역:임세주,부중만역:김하균,이슬비역:진혜원,광희역:조창근,발등남역:임강성,마트직원역:안상태,김혜진어린시절역:정다빈,지성준어린시절역:양한열"
20200603,O tvN,021021,031717,이번생은처음이라,,10회,전국,010656,드라마&영화,드라마,미니시리즈,0,0,0,0,0,0.16262,0.01076,0,0,0,0,0.02825,0.01738,0.01091,"남세희역:이민기,윤지호역:정소민,우수지역:이솜,양호랑역:김가은,마상구역:박병은,심원석역:김민석,조명자역:문희경,윤종수역:김병옥,김현자역:김선영,윤지석역:노종현,이은솔역:전혜원,연복남역:김민규,윤보미역:윤보미,오스카역:윤두준,수희역:윤소희,고정민역:이청아"
20200603,O tvN,091655,102720,오마이베이비,,5회,전국,011025,드라마&영화,드라마,미니시리즈,0,0,0,0.0022,0,0,0,0,0,0,0.16891,0.07155,0.08115,0.0005,"장하리역:장나라,한이상역:고준,윤재영역:박병은,최강으뜸역:정건주,이옥란역:김혜옥,남수철역:조희봉,김은영역:이미도,김철중역:유승목,주승태역:전진기,박연호역:백승희,최효주역:박수영,주선생역:문현정,심정화역:김재화,이소윤역:정라엘,이옥희역:김예령,박재한역:이한위,김상희역:손화령,순남역:이주실,조회장역:장광,조아저씨역:최홍일,강효주역:전혜빈"
20200603,O tvN,104035,115007,오마이베이비,,6회,전국,010932,드라마&영화,드라마,미니시리즈,0.64819,0,0.01217,0,0.05048,0.02071,0.0644,0,0,0,0.37162,0.2929,0.23996,0.03968,"장하리역:장나라,한이상역:고준,윤재영역:박병은,최강으뜸역:정건주,이옥란역:김혜옥,남수철역:조희봉,김은영역:이미도,김철중역:유승목,주승태역:전진기,박연호역:백승희,최효주역:박수영,주선생역:문현정,심정화역:김재화,이소윤역:정라엘,이옥희역:김예령,박재한역:이한위,김상희역:손화령,순남역:이주실,조회장역:장광,조아저씨역:최홍일,강효주역:전혜빈"
20200603,O tvN,120315,131811,왕이된남자,,9회,전국,011456,드라마&영화,드라마,미니시리즈,0.08086,0,0,0,0,0.04023,0.10505,0,0,0,0,0.02732,0.13828,0.03461,"하선역:여진구,이헌역:여진구,유소운역:이세영,이규역:김상경,운심역:정혜영,조내관역:장광,신치수역:권해효,대비역:장영남,주호걸역:이규한,갑수역:윤경호,진평군역:이무생,김상궁역:민지아,정생역:장성원,박상궁역:김수진,선화당역:서윤아,장무영역:윤종석,애영역:오하늬,신이겸역:최규진,계환역:시은,달래역:신수연,장상궁역:이미은,유호준역:이윤건,이한종역:최무인,서장원역:이창직,기성군역:윤박"
20200603,O tvN,133119,144531,왕이된남자,,10회,전국,011412,드라마&영화,드라마,미니시리즈,0,0,0.00098,0,0,0.03049,0.13141,0,0,0.02388,0,0.05661,0.01607,0.06463,"하선역:여진구,이헌역:여진구,유소운역:이세영,이규역:김상경,운심역:정혜영,조내관역:장광,신치수역:권해효,대비역:장영남,주호걸역:이규한,갑수역:윤경호,진평군역:이무생,김상궁역:민지아,정생역:장성원,박상궁역:김수진,선화당역:서윤아,장무영역:윤종석,애영역:오하늬,신이겸역:최규진,계환역:시은,달래역:신수연,장상궁역:이미은,유호준역:이윤건,이한종역:최무인,서장원역:이창직,기성군역:윤박"
20200603,O tvN,150039,161357,왕이된남자,,11회,전국,011318,드라마&영화,드라마,미니시리즈,0,0,0.1072,0,0.03934,0.10931,0.2586,0,0,0.10665,0,0.04256,0.17025,0.04175,"하선역:여진구,이헌역:여진구,유소운역:이세영,이규역:김상경,운심역:정혜영,조내관역:장광,신치수역:권해효,대비역:장영남,주호걸역:이규한,갑수역:윤경호,진평군역:이무생,김상궁역:민지아,정생역:장성원,박상궁역:김수진,선화당역:서윤아,장무영역:윤종석,애영역:오하늬,신이겸역:최규진,계환역:시은,달래역:신수연,장상궁역:이미은,유호준역:이윤건,이한종역:최무인,서장원역:이창직,기성군역:윤박"
20200603,O tvN,163030,174731,왕이된남자,,12회,전국,011701,드라마&영화,드라마,미니시리즈,0.03938,0,0.23759,0,0.00569,0.17395,0.25404,0.28604,0,0.2531,0,0.10329,0.33121,0.04293,"하선역:여진구,이헌역:여진구,유소운역:이세영,이규역:김상경,운심역:정혜영,조내관역:장광,신치수역:권해효,대비역:장영남,주호걸역:이규한,갑수역:윤경호,진평군역:이무생,김상궁역:민지아,정생역:장성원,박상궁역:김수진,선화당역:서윤아,장무영역:윤종석,애영역:오하늬,신이겸역:최규진,계환역:시은,달래역:신수연,장상궁역:이미은,유호준역:이윤건,이한종역:최무인,서장원역:이창직,기성군역:윤박"
20200603,O tvN,175945,190044,화양연화삶이꽃이되는순간,,11회,전국,010059,드라마&영화,드라마,미니시리즈,0,0.15615,0.18385,0.04573,0.0848,0.08829,0.17743,0,0,0.19946,0.16074,0.14393,0.31286,0.39342,"한재현역:유지태,윤지수역:이보영,과거재현역:진영,과거지수역:전소니,장서경역:박시연,장산역:문성근,한준서역:박민수,한인호역:남명렬,이경자역:손숙,윤형구역:장광,이영민역:고우림,정숙희역:이종남,윤지영역:채원빈,이동진역:민성욱,과거동진역:은해성,성화진역:김주령,과거화진역:한지원,강준우역:강영석,정윤기역:김호창,이세훈역:김영훈,주영우역:이태성,과거영우역:병헌,양혜정역:우정원,과거혜정역:박한솔,최선희역:김영아"
20200603,O tvN,191408,201557,화양연화삶이꽃이되는순간,,12회,전국,010149,드라마&영화,드라마,미니시리즈,0,0.00226,0.07368,0.15934,0.05096,0.22617,0.40706,0,0.03236,0.14244,0.00465,0.29362,0.27771,0.57308,"한재현역:유지태,윤지수역:이보영,과거재현역:진영,과거지수역:전소니,장서경역:박시연,장산역:문성근,한준서역:박민수,한인호역:남명렬,이경자역:손숙,윤형구역:장광,이영민역:고우림,정숙희역:이종남,윤지영역:채원빈,이동진역:민성욱,과거동진역:은해성,성화진역:김주령,과거화진역:한지원,강준우역:강영석,정윤기역:김호창,이세훈역:김영훈,주영우역:이태성,과거영우역:병헌,양혜정역:우정원,과거혜정역:박한솔,최선희역:김영아"
20200603,O tvN,203255,220328,슬기로운의사생활,,11회,전국,013033,드라마&영화,드라마,미니시리즈,0,0.01784,0.09465,0.06173,0.32339,0.18764,0.04687,0.20866,0.33071,0.01841,0.07227,0.4143,0.36556,0.034,"이익준역:조정석,안정원역:유연석,김준완역:정경호,양석형역:김대명,채송화역:전미도,정로사역:김해숙,주종수역:김갑수,도재학역:정문성,용석민역:문태유,장겨울역:신현빈,안치홍역:김준한,봉광현역:최영준,추민하역:안은진,허선빈역:하윤경,명은원역:김혜인,장윤복역:조이현,장홍도역:배현성,송수빈역:김수진,소이현역:윤혜리,배준희역:신도현,주전역:조승연,황재신역:양조아,이우주역:김준,민기준역:서진원,종세혁역:전광진,이영하역:이노아,김재환역:이달,국해성역:이혜은,함덕주역:김비비,한현희역:이지원,한승주역:김지성,은선진역:설유진,이익순역:곽선영,조영혜역:문희경,양태양역:남명렬,김태연역:이소윤,천명태역:최영우,선우희수역:박한솔,장겨울남동생역:박정우,고아라역:고아라"
20200603,O tvN,222113,241642,슬기로운의사생활,,12회,전국,015529,드라마&영화,드라마,미니시리즈,0,0.66837,0.06338,0.115,0.34392,0.25791,0.16076,0.82918,0.47943,0.00197,0.31892,0.58666,0.3449,0.08079,"이익준역:조정석,안정원역:유연석,김준완역:정경호,양석형역:김대명,채송화역:전미도,정로사역:김해숙,주종수역:김갑수,도재학역:정문성,용석민역:문태유,장겨울역:신현빈,안치홍역:김준한,봉광현역:최영준,추민하역:안은진,허선빈역:하윤경,명은원역:김혜인,장윤복역:조이현,장홍도역:배현성,송수빈역:김수진,소이현역:윤혜리,배준희역:신도현,주전역:조승연,황재신역:양조아,이우주역:김준,민기준역:서진원,종세혁역:전광진,이영하역:이노아,김재환역:이달,국해성역:이혜은,함덕주역:김비비,한현희역:이지원,한승주역:김지성,은선진역:설유진,이익순역:곽선영,조영혜역:문희경,양태양역:남명렬,김태연역:이소윤,천명태역:최영우,선우희수역:박한솔,장겨울남동생역:박정우,고아라역:고아라"
20200603,O tvN,243608,255050,이번생은처음이라,,11회,전국,011442,드라마&영화,드라마,미니시리즈,0,0.02427,0,0.08594,0.01244,0.13953,0.01527,0,0.10965,0.04032,0.04193,0,0.08898,0.022,"남세희역:이민기,윤지호역:정소민,우수지역:이솜,양호랑역:김가은,마상구역:박병은,심원석역:김민석,조명자역:문희경,윤종수역:김병옥,김현자역:김선영,윤지석역:노종현,이은솔역:전혜원,연복남역:김민규,윤보미역:윤보미,오스카역:윤두준,수희역:윤소희,고정민역:이청아"
20200603,OCN,142210,152436,번외수사,,3회,전국,010226,드라마&영화,드라마,미니시리즈,0,0.02101,0.17491,0.18734,0.18503,0.10302,0.19995,0.01563,0.02261,0.17037,0.15723,0.36913,0.41558,0.32517,"진강호역:차태현,강무영역:이선빈,이반석역:정상훈,테디정역:윤경호,탁원역:지승현,민대진역:박정우,맨손역:박태산,연장역:장진희,지수철역:이영석,노순이역:민경옥"
20200603,OCN,153334,163534,번외수사,,4회,전국,010200,드라마&영화,드라마,미니시리즈,0,0.27996,0.16878,0.18651,0.44497,0.20457,0.23712,0.15884,0.03385,0.25384,0.09923,0.47195,0.55717,0.40401,"진강호역:차태현,강무영역:이선빈,이반석역:정상훈,테디정역:윤경호,탁원역:지승현,민대진역:박정우,맨손역:박태산,연장역:장진희,지수철역:이영석,노순이역:민경옥"
20200603,O'live,071007,081229,화양연화삶이꽃이되는순간,,9회,전국,010222,드라마&영화,드라마,미니시리즈,0,0,0,0,0.08587,0,0.00095,0,0,0,0,0.08355,0.07546,0.00182,"한재현역:유지태,윤지수역:이보영,과거재현역:진영,과거지수역:전소니,장서경역:박시연,장산역:문성근,한준서역:박민수,한인호역:남명렬,이경자역:손숙,윤형구역:장광,이영민역:고우림,정숙희역:이종남,윤지영역:채원빈,이동진역:민성욱,과거동진역:은해성,성화진역:김주령,과거화진역:한지원,강준우역:강영석,정윤기역:김호창,이세훈역:김영훈,주영우역:이태성,과거영우역:병헌,양혜정역:우정원,과거혜정역:박한솔,최선희역:김영아"
20200603,O'live,081441,091355,화양연화삶이꽃이되는순간,,10회,전국,005914,드라마&영화,드라마,미니시리즈,0,0,0,0,0,0.01294,0.01499,0,0,0.00771,0.04978,0.14318,0.01435,0.01161,"한재현역:유지태,윤지수역:이보영,과거재현역:진영,과거지수역:전소니,장서경역:박시연,장산역:문성근,한준서역:박민수,한인호역:남명렬,이경자역:손숙,윤형구역:장광,이영민역:고우림,정숙희역:이종남,윤지영역:채원빈,이동진역:민성욱,과거동진역:은해성,성화진역:김주령,과거화진역:한지원,강준우역:강영석,정윤기역:김호창,이세훈역:김영훈,주영우역:이태성,과거영우역:병헌,양혜정역:우정원,과거혜정역:박한솔,최선희역:김영아"
20200603,On Style,132000,142215,그녀의사생활,,7회,전국,010215,드라마&영화,드라마,미니시리즈,0,0,0.01536,0.04471,0,0.01046,0.00744,0,0,0,0.11244,0.0039,0.00789,0.02785,"성덕미역:박민영,라이언골드역:김재욱,남은기역:안보현,이선주역:박진주,차시안역:정제원,최다인역:홍서영,신디역:김보라,고영숙역:김미경,성근호역:맹상훈,엄소혜역:김선영,유경아역:서예화,김유섭역:정원창,강승민역:임지규,주혁역:유용민,남세연역:박명신,공은영역:이일화"
20200603,On Style,142316,153012,그녀의사생활,,8회,전국,010656,드라마&영화,드라마,미니시리즈,0,0,0,0,0.00976,0.00321,0.0033,0,0,0,0.0282,0.02146,0.03273,0.05133,"성덕미역:박민영,라이언골드역:김재욱,남은기역:안보현,이선주역:박진주,차시안역:정제원,최다인역:홍서영,신디역:김보라,고영숙역:김미경,성근호역:맹상훈,엄소혜역:김선영,유경아역:서예화,김유섭역:정원창,강승민역:임지규,주혁역:유용민,남세연역:박명신,공은영역:이일화"
20200603,On Style,153216,164118,그녀의사생활,,9회,전국,010902,드라마&영화,드라마,미니시리즈,0,0,0,0.00358,0.00098,0.03065,0.02112,0,0.04384,0.00258,0.13524,0.14346,0.05102,0.08942,"성덕미역:박민영,라이언골드역:김재욱,남은기역:안보현,이선주역:박진주,차시안역:정제원,최다인역:홍서영,신디역:김보라,고영숙역:김미경,성근호역:맹상훈,엄소혜역:김선영,유경아역:서예화,김유섭역:정원창,강승민역:임지규,주혁역:유용민,남세연역:박명신,공은영역:이일화"
20200603,SBS플러스,070219,073310,엄마가바람났다,,21회,전국,003051,드라마&영화,드라마,아침드라마,0,0,0.06462,0,0,0.01964,0.08792,0,0,0,0.18159,0.01151,0.91286,0.17969,"오필정역:현쥬니,강석준역:이재황,이은주역:문보령,강석환역:김형범,오순정역:남이안,김복순역:박순천,박민호역:길정우,박민지역:홍제이,김해정역:양금석,강태수역:이원재,이태우역:서현석,최동석역:김동균,최은자역:이진아,최유경역:이영은,최미영역:전은채,왕기범역:차승우,하열도역:김영훈,홍수경역:노정명,박태섭역:강서준,박혜진역:박지수"
20200603,SBS플러스,073421,080346,엄마가바람났다,,22회,전국,002925,드라마&영화,드라마,아침드라마,0,0,0.1347,0,0.01215,0.12032,0.23599,0,0,0.01251,0.35649,0.04254,0.92924,0.3939,"오필정역:현쥬니,강석준역:이재황,이은주역:문보령,강석환역:김형범,오순정역:남이안,김복순역:박순천,박민호역:길정우,박민지역:홍제이,김해정역:양금석,강태수역:이원재,이태우역:서현석,최동석역:김동균,최은자역:이진아,최유경역:이영은,최미영역:전은채,왕기범역:차승우,하열도역:김영훈,홍수경역:노정명,박태섭역:강서준,박혜진역:박지수"
20200603,SBS플러스,081710,092124,너의목소리가들려,,16회,전국,010414,드라마&영화,드라마,미니시리즈,0,0,0.01176,0,0.02098,0.06211,0.09202,0,0,0,0.01373,0.3281,0.11982,0.15985,"장혜성역:이보영,박수하역:이종석,차관우역:윤상현,서도연역:이다희,어춘심역:김해숙,민준국역:정웅인,신상덕역:윤주상,서대석역:정동환,김공숙역:김광규,황달중역:김병옥,고성빈역:김가은,최유창역:최성준,김충기역:박두식,박주혁역:조덕현,도연엄마역:장희수,어린장혜성역:김소현,어린박수하역:구승현,어린서도연역:정민아,정필재역:한기원,정필승역:한기웅,변호사역:소이현,형사역:김성균,문동희역:김수연,최윤역:김민종,고아원입양담당자역:안문숙,엄기준역:엄기준,백화점손님역:안영미,경찰역:정만식,소매치기역:강남"
20200603,SBS플러스,175737,191048,더킹영원의군주,,13회,전국,011311,드라마&영화,드라마,미니시리즈,0,0.04356,0.08044,0.07671,0.31194,0.419,0.25797,0,0.24408,0.319,0.35151,0.39723,0.53906,0.17716,"이곤역:이민호,정태을역:김고은,조은섭역:우도환,조영역:우도환,강신재역:김경남,구서령역:정은채,이림역:이정진,루나역:김고은,노옥남역:김영옥,정도인역:전배수,송정혜역:서정연,박문식역:박원상,장미카엘역:강홍석,이종인역:전무송,명나리역:김용지,명승아역:김용지,유경무역:이해영,민화연역:황영희,박지영역:박지연,모비서역:백현주,석호필역:이홍내"
20200603,SBS플러스,251716,255959,굿캐스팅,,9회,전국,004243,드라마&영화,드라마,미니시리즈,0,0,0,0,0.08347,0.07915,0.11533,0,0,0,0.08901,0.03001,0.12871,0.10089,"백찬미역:최강희,윤석호역:이상엽,임예은역:유인영,황미순역:김지영,강우원역:이준영,동관수역:이종혁,서국환역:정인기,배무혁역:박경순,간태희역:황보미,명계철역:우현,탁상기역:이상훈,옥철역:김용희,변우석역:허재호,구비서역:한수진,설영훈역:조영훈,심화란역:차수연,남봉만역:이승형,남주연역:김보윤,피철웅역:배진웅,권민석역:성혁,권소희역:노하연"
20200603,SKY,034930,042101,열혈사제,,1회,전국,003131,드라마&영화,드라마,미니시리즈,0,0.25676,0,0,0.03516,0.10673,0.0112,0,0.27901,0,0,0.15132,0.16862,0.00436,"김해일역:김남길,구대영역:김성균,박경선역:이하늬,황철범역:고준,서승아역:금새록,정동자역:정영주,강석태역:김형묵,남석구역:정인기,박원무역:한기중,기용문역:이문식,블라디미르고자예프역:김원해,이영준역:정동환,한성규역:전성우,김인경역:백지원,쏭삭테카라타나푸라서트역:안창환,오요한역:고규필,배희정역:윤주희,이명수역:신담수,허익구역:전정관,나대길역:지찬,이중권역:김민재,김훈석역:이제연,장룡역:음문석"
20200603,SKY,042213,045025,열혈사제,,2회,전국,002812,드라마&영화,드라마,미니시리즈,0,0.00917,0,0.01764,0,0.00381,0,0,0.00833,0,0,0.00525,0.14527,0,"김해일역:김남길,구대영역:김성균,박경선역:이하늬,황철범역:고준,서승아역:금새록,정동자역:정영주,강석태역:김형묵,남석구역:정인기,박원무역:한기중,기용문역:이문식,블라디미르고자예프역:김원해,이영준역:정동환,한성규역:전성우,김인경역:백지원,쏭삭테카라타나푸라서트역:안창환,오요한역:고규필,배희정역:윤주희,이명수역:신담수,허익구역:전정관,나대길역:지찬,이중권역:김민재,김훈석역:이제연,장룡역:음문석"
20200603,SKY,050000,052805,열혈사제,,3회,전국,002805,드라마&영화,드라마,미니시리즈,0,0.03002,0,0,0,0.05638,0.03857,0,0.03678,0,0,0,0.23016,0.01741,"김해일역:김남길,구대영역:김성균,박경선역:이하늬,황철범역:고준,서승아역:금새록,정동자역:정영주,강석태역:김형묵,남석구역:정인기,박원무역:한기중,기용문역:이문식,블라디미르고자예프역:김원해,이영준역:정동환,한성규역:전성우,김인경역:백지원,쏭삭테카라타나푸라서트역:안창환,오요한역:고규필,배희정역:윤주희,이명수역:신담수,허익구역:전정관,나대길역:지찬,이중권역:김민재,김훈석역:이제연,장룡역:음문석"
20200603,SKY,052917,060104,열혈사제,,4회,전국,003147,드라마&영화,드라마,미니시리즈,0,0,0.04913,0,0,0,0.00244,0,0.00839,0.03631,0.00552,0,0.00454,0.00636,"김해일역:김남길,구대영역:김성균,박경선역:이하늬,황철범역:고준,서승아역:금새록,정동자역:정영주,강석태역:김형묵,남석구역:정인기,박원무역:한기중,기용문역:이문식,블라디미르고자예프역:김원해,이영준역:정동환,한성규역:전성우,김인경역:백지원,쏭삭테카라타나푸라서트역:안창환,오요한역:고규필,배희정역:윤주희,이명수역:신담수,허익구역:전정관,나대길역:지찬,이중권역:김민재,김훈석역:이제연,장룡역:음문석"
20200603,SKY,100705,111000,야식남녀,,3회,전국,010255,드라마&영화,드라마,미니시리즈,0.01804,0.21691,0,0.12139,0.18078,0,0.05103,0,0,0,0.20988,0.28048,0.20007,0.05278,"박진성역:정일우,김아진역:강지영,강태완역:이학주,이상영역:김승수,차주희역:김수진,남규장역:양대혁,유성은역:공민정,노재수역:박성준,박진우역:최재현"
20200603,ONCE,020727,024702,전원일기,,419회,전국,003935,드라마&영화,드라마,주말연속극,0,0,0.20723,0.00802,0,0.34889,0.09217,0,0,0.03143,0,0,0.26308,0.01228,"최불암,김혜자,김용건,김수미,고두심,유인촌,정대홍"
20200603,ONCE,025526,033525,전원일기,,420회,전국,003959,드라마&영화,드라마,주말연속극,0,0,0.21814,0,0,0.2591,0.0097,0,0,0.00449,0,0,0.24263,0.00175,"최불암,김혜자,김용건,김수미,고두심,유인촌,정대홍"
20200603,ONCE,044556,054810,동이,,45회,전국,010214,드라마&영화,드라마,주간연속극,0,0,0,0,0.20197,0.00964,0.0215,0,0.00693,0.15933,0.00629,0.05273,0.0149,0.06224,"동이역:한효주,숙종역:지진희,희빈장씨역:이소연,차천수역:배수빈,서용기역:정진영,인현왕후역:박하선,오태석역:정동환,이종욱역:이정훈,홍태윤역:손일권,박도식역:최재호,도승지역:신국,오호양역:여호민,황주식역:이희도,정인국역:나성균,최효원역:천호진,장익헌역:이재용,김환역:정인기,은금역:한다민,오태풍역:이계인,태풍처역:이숙,장희재역:김유석,설희역:김혜진,게둬라부역:정은표,오윤역:최철호,게둬라역:최수한,심운택역:김동윤,동이어린시절역:김유정,봉상궁역:김소이,조상궁역:안여진,유상궁역:임성민,정임역:정유미,애종역:강유미,시비역:오은호,미지역:최하나,대전내관역:정선일,명성대비역:박정수,정상궁역:김혜선,영달역:이광수,최동주역:정성운,장무열역:최종환,이금역:이형석,경종역:윤찬,김구선역:맹상훈,인원왕후역:오연서"
20200603,ONCE,055715,070051,동이,,46회,전국,010336,드라마&영화,드라마,주간연속극,0,0,0,0.00886,0.3237,0,0.20602,0,0,0.17961,0.00196,0.07194,0.00979,0.30019,"동이역:한효주,숙종역:지진희,희빈장씨역:이소연,차천수역:배수빈,서용기역:정진영,인현왕후역:박하선,오태석역:정동환,이종욱역:이정훈,홍태윤역:손일권,박도식역:최재호,도승지역:신국,오호양역:여호민,황주식역:이희도,정인국역:나성균,최효원역:천호진,장익헌역:이재용,김환역:정인기,은금역:한다민,오태풍역:이계인,태풍처역:이숙,장희재역:김유석,설희역:김혜진,게둬라부역:정은표,오윤역:최철호,게둬라역:최수한,심운택역:김동윤,동이어린시절역:김유정,봉상궁역:김소이,조상궁역:안여진,유상궁역:임성민,정임역:정유미,애종역:강유미,시비역:오은호,미지역:최하나,대전내관역:정선일,명성대비역:박정수,정상궁역:김혜선,영달역:이광수,최동주역:정성운,장무열역:최종환,이금역:이형석,경종역:윤찬,김구선역:맹상훈,인원왕후역:오연서"
20200603,ONCE,071410,075345,전원일기,,419회,전국,003935,드라마&영화,드라마,주말연속극,0,0,0.1985,0,0.01139,0.18743,0.04793,0,0,0.02247,0,0.01605,0.16203,0.06855,"최불암,김혜자,김용건,김수미,고두심,유인촌,정대홍"
20200603,ONCE,080118,084118,전원일기,,420회,전국,004000,드라마&영화,드라마,주말연속극,0.09466,0,0.16452,0.00856,0.00543,0.16067,0.01018,0.01725,0,0,0.01526,0,0.21515,0.02913,"최불암,김혜자,김용건,김수미,고두심,유인촌,정대홍"
20200603,ONCE,085052,093228,전원일기,,417회,전국,004136,드라마&영화,드라마,주말연속극,0.02973,0.00999,0.16452,0,0.0612,0.18536,0.00121,0.07226,0,0,0.00538,0.02152,0.1513,0.04598,"최불암,김혜자,김용건,김수미,고두심,유인촌,정대홍"
20200603,ONCE,094402,102414,전원일기,,418회,전국,004012,드라마&영화,드라마,주말연속극,0,0,0.16452,0.04815,0.1143,0.31827,0.00348,0,0,0,0,0,0.14227,0.04745,"최불암,김혜자,김용건,김수미,고두심,유인촌,정대홍"
20200603,ONCE,103339,113125,대조영,,45회,전국,005746,드라마&영화,드라마,주말연속극,0,0,0.00289,0,0.00249,0.21827,0.00459,0,0,0,0.03036,0.00665,0.0266,0.00638,"대조영역:최수종,이해고역:정보석,설인귀역:이덕화,초린역:박예진,검이역:정태우,숙영역:홍수현,양만춘역:임동진,흑수돌역:김학철,연남생역:임호,대중상역:임혁,걸사비우역:최철호,검모잠역:김명수,당태종역:송용태,부지광역:박지일,미모사역:김정현,금란역:심은진,부기원역:김하균,보장왕역:길용우,이진충역:김동현,손만영역:조인표,신홍역:김규철,계필사문역:윤용현,퉁소역:방형주,홍패역:유태술,이문역:남성진,팔보역:우봉식"
20200603,ONCE,170454,180240,대조영,,45회,전국,005746,드라마&영화,드라마,주말연속극,0,0,0.11886,0,0.1633,0.01703,0.04854,0,0,0,0,0.03469,0.02006,0.06626,"대조영역:최수종,이해고역:정보석,설인귀역:이덕화,초린역:박예진,검이역:정태우,숙영역:홍수현,양만춘역:임동진,흑수돌역:김학철,연남생역:임호,대중상역:임혁,걸사비우역:최철호,검모잠역:김명수,당태종역:송용태,부지광역:박지일,미모사역:김정현,금란역:심은진,부기원역:김하균,보장왕역:길용우,이진충역:김동현,손만영역:조인표,신홍역:김규철,계필사문역:윤용현,퉁소역:방형주,홍패역:유태술,이문역:남성진,팔보역:우봉식"
20200603,ONCE,181655,192104,동이,,43회,전국,010409,드라마&영화,드라마,주간연속극,0,0.05549,0,0,0.08646,0.04097,0.31648,0.30776,0.01418,0.03368,0.01032,0.01504,0.01864,0.24359,"동이역:한효주,숙종역:지진희,희빈장씨역:이소연,차천수역:배수빈,서용기역:정진영,인현왕후역:박하선,오태석역:정동환,이종욱역:이정훈,홍태윤역:손일권,박도식역:최재호,도승지역:신국,오호양역:여호민,황주식역:이희도,정인국역:나성균,최효원역:천호진,장익헌역:이재용,김환역:정인기,은금역:한다민,오태풍역:이계인,태풍처역:이숙,장희재역:김유석,설희역:김혜진,게둬라부역:정은표,오윤역:최철호,게둬라역:최수한,심운택역:김동윤,동이어린시절역:김유정,봉상궁역:김소이,조상궁역:안여진,유상궁역:임성민,정임역:정유미,애종역:강유미,시비역:오은호,미지역:최하나,대전내관역:정선일,명성대비역:박정수,정상궁역:김혜선,영달역:이광수,최동주역:정성운,장무열역:최종환,이금역:이형석,경종역:윤찬,김구선역:맹상훈,인원왕후역:오연서"
20200603,ONCE,193519,204022,동이,,44회,전국,010503,드라마&영화,드라마,주간연속극,0,0.05504,0.08574,0.00654,0,0.00328,0.30686,0.22144,0,0.10482,0.01331,0.04668,0.10252,0.18135,"동이역:한효주,숙종역:지진희,희빈장씨역:이소연,차천수역:배수빈,서용기역:정진영,인현왕후역:박하선,오태석역:정동환,이종욱역:이정훈,홍태윤역:손일권,박도식역:최재호,도승지역:신국,오호양역:여호민,황주식역:이희도,정인국역:나성균,최효원역:천호진,장익헌역:이재용,김환역:정인기,은금역:한다민,오태풍역:이계인,태풍처역:이숙,장희재역:김유석,설희역:김혜진,게둬라부역:정은표,오윤역:최철호,게둬라역:최수한,심운택역:김동윤,동이어린시절역:김유정,봉상궁역:김소이,조상궁역:안여진,유상궁역:임성민,정임역:정유미,애종역:강유미,시비역:오은호,미지역:최하나,대전내관역:정선일,명성대비역:박정수,정상궁역:김혜선,영달역:이광수,최동주역:정성운,장무열역:최종환,이금역:이형석,경종역:윤찬,김구선역:맹상훈,인원왕후역:오연서"
20200603,ONCE,224626,232802,전원일기,,417회,전국,004136,드라마&영화,드라마,주말연속극,0,0,0.11946,0,0.08912,0.09781,0,0,0,0,0.01107,0.0035,0.11734,0.00228,"최불암,김혜자,김용건,김수미,고두심,유인촌,정대홍"
20200603,ONCE,233736,241749,전원일기,,418회,전국,004013,드라마&영화,드라마,주말연속극,0,0.03502,0.21814,0.02657,0.01228,0.19427,0.01508,0,0.00858,0,0,0.03763,0.23075,0.01233,"최불암,김혜자,김용건,김수미,고두심,유인촌,정대홍"
20200603,ONCE,243059,252844,대조영,,45회,전국,005745,드라마&영화,드라마,주말연속극,0,0,0,0.0371,0.01965,0.01558,0.03701,0,0,0,0.00054,0,0.01915,0.03769,"대조영역:최수종,이해고역:정보석,설인귀역:이덕화,초린역:박예진,검이역:정태우,숙영역:홍수현,양만춘역:임동진,흑수돌역:김학철,연남생역:임호,대중상역:임혁,걸사비우역:최철호,검모잠역:김명수,당태종역:송용태,부지광역:박지일,미모사역:김정현,금란역:심은진,부기원역:김하균,보장왕역:길용우,이진충역:김동현,손만영역:조인표,신홍역:김규철,계필사문역:윤용현,퉁소역:방형주,홍패역:유태술,이문역:남성진,팔보역:우봉식"
20200603,ONCE,254019,255959,동이,,43회,전국,001940,드라마&영화,드라마,주간연속극,0,0,0,0,0.13915,0,0,0,0,0.02952,0,0,0.01888,0,"동이역:한효주,숙종역:지진희,희빈장씨역:이소연,차천수역:배수빈,서용기역:정진영,인현왕후역:박하선,오태석역:정동환,이종욱역:이정훈,홍태윤역:손일권,박도식역:최재호,도승지역:신국,오호양역:여호민,황주식역:이희도,정인국역:나성균,최효원역:천호진,장익헌역:이재용,김환역:정인기,은금역:한다민,오태풍역:이계인,태풍처역:이숙,장희재역:김유석,설희역:김혜진,게둬라부역:정은표,오윤역:최철호,게둬라역:최수한,심운택역:김동윤,동이어린시절역:김유정,봉상궁역:김소이,조상궁역:안여진,유상궁역:임성민,정임역:정유미,애종역:강유미,시비역:오은호,미지역:최하나,대전내관역:정선일,명성대비역:박정수,정상궁역:김혜선,영달역:이광수,최동주역:정성운,장무열역:최종환,이금역:이형석,경종역:윤찬,김구선역:맹상훈,인원왕후역:오연서"
20200603,SKYUHD,205059,215458,야식남녀,,1회,전국,010359,드라마&영화,드라마,미니시리즈,0,0,0,0,0,0,0,0,0,0,0,0,0,0,"박진성역:정일우,김아진역:강지영,강태완역:이학주,이상영역:김승수,차주희역:김수진,남규장역:양대혁,유성은역:공민정,노재수역:박성준,박진우역:최재현"
20200603,SKYUHD,241701,252100,야식남녀,,1회,전국,010359,드라마&영화,드라마,미니시리즈,0,0,0,0,0,0,0,0,0,0,0,0,0,0,"박진성역:정일우,김아진역:강지영,강태완역:이학주,이상영역:김승수,차주희역:김수진,남규장역:양대혁,유성은역:공민정,노재수역:박성준,박진우역:최재현"
20200603,OCN Thrills,085312,095455,킬잇,,10회,전국,010143,드라마&영화,드라마,미니시리즈,0,0.02054,0.00546,0,0.02415,0.0452,0.00509,0,0.00618,0.00287,0,0.05217,0.00386,0.15252,"김수현역:장기용,도현진역:나나,강슬기역:노정의,필립역:이재원,도재환역:정해균,파벨역:데이비드맥기니스,카리모프2세역:로빈데이아나"
20200603,OCN Thrills,100450,110502,킬잇,,11회,전국,010012,드라마&영화,드라마,미니시리즈,0.01644,0,0,0.24053,0.01686,0.02575,0.01047,0,0,0.00318,0,0.01639,0.02303,0.16142,"김수현역:장기용,도현진역:나나,강슬기역:노정의,필립역:이재원,도재환역:정해균,파벨역:데이비드맥기니스,카리모프2세역:로빈데이아나"
20200603,OCN Thrills,111122,121946,킬잇,,12회,전국,010824,드라마&영화,드라마,미니시리즈,0,0,0,0.23435,0.00412,0.01425,0.02296,0,0.01292,0.01579,0.08223,0.00681,0.02252,0.17334,"김수현역:장기용,도현진역:나나,강슬기역:노정의,필립역:이재원,도재환역:정해균,파벨역:데이비드맥기니스,카리모프2세역:로빈데이아나"
20200603,OCN Thrills,182358,192453,번외수사,,3회,전국,010055,드라마&영화,드라마,미니시리즈,0,0.01151,0.12387,0.06684,0.29436,0.24651,0.08166,0,0.01151,0.12142,0.01351,0.2285,0.06054,0.06377,"진강호역:차태현,강무영역:이선빈,이반석역:정상훈,테디정역:윤경호,탁원역:지승현,민대진역:박정우,맨손역:박태산,연장역:장진희,지수철역:이영석,노순이역:민경옥"
20200603,OCN Thrills,193146,203247,번외수사,,4회,전국,010101,드라마&영화,드라마,미니시리즈,0,0,0.25731,0.07552,0.26996,0.26195,0.08679,0.03114,0.0339,0.34844,0.00919,0.43419,0.25924,0.07358,"진강호역:차태현,강무영역:이선빈,이반석역:정상훈,테디정역:윤경호,탁원역:지승현,민대진역:박정우,맨손역:박태산,연장역:장진희,지수철역:이영석,노순이역:민경옥"
20200603,TRENDY,070043,080859,부부클리닉사랑과전쟁2,,13회,전국,010816,드라마&영화,드라마,단막극,0,0,0.00785,0.17569,0,0.01467,0.00271,0,0.01392,0.00806,0.08099,0,0.02422,0.11148,"이재만,민지영,최영완,이정수,장가현,손유경,이준우"
20200603,TRENDY,081947,092707,부부클리닉사랑과전쟁2,,14회,전국,010720,드라마&영화,드라마,단막극,0.10725,0,0.00939,0.0843,0.06101,0.00682,0.02777,0.08965,0,0.00694,0.05057,0.13369,0,0.06803,"이재만,민지영,최영완,이정수,장가현,손유경,이준우"
20200603,TRENDY,135626,150442,부부클리닉사랑과전쟁2,,13회,전국,010816,드라마&영화,드라마,단막극,0.0211,0,0.09792,0,0,0.00818,0.05396,0,0,0.00822,0.01507,0.01583,0.10312,0.13335,"이재만,민지영,최영완,이정수,장가현,손유경,이준우"
20200603,TRENDY,151800,162520,부부클리닉사랑과전쟁2,,14회,전국,010720,드라마&영화,드라마,단막극,0.00724,0,0,0,0.07225,0.0029,0.07576,0,0.00335,0.00858,0.0043,0.01553,0.00156,0.22276,"이재만,민지영,최영완,이정수,장가현,손유경,이준우"
20200603,TRENDY,224243,235100,부부클리닉사랑과전쟁2,,13회,전국,010817,드라마&영화,드라마,단막극,0.01451,0.0488,0,0.01042,0.00283,0.0235,0.04791,0,0,0.01489,0.08744,0.00262,0.02009,0.04189,"이재만,민지영,최영완,이정수,장가현,손유경,이준우"
20200603,TRENDY,240418,251140,부부클리닉사랑과전쟁2,,14회,전국,010722,드라마&영화,드라마,단막극,0,0,0.00589,0.09547,0.0048,0.00655,0.02809,0,0,0.02324,0,0.11769,0.00958,0.12671,"이재만,민지영,최영완,이정수,장가현,손유경,이준우"
20200603,WeLike,060952,065803,징비록,,45회,전국,004811,드라마&영화,드라마,주말연속극,0,0.00549,0,0,0.00399,0,0,0,0.00577,0,0,0,0,0,"서애류성룡역:김상중,선조역:김태우,오음윤두수역:임동진,아계이산해역:이재용,귀인김씨역:김혜은,도요토미히데요시역:김규철,고니시유키나가역:이광기,가토기요마사역:이정용,한음이덕형역:남성진,백사이항복역:최철호,이천리역:정태우,광해군역:노영학,우계성혼역:김효원,송강정철역:선동혁,심유경역:이기열,송응창역:최일화,신립역:김형일,구봉송익필역:박지일,학봉김성일역:박철호,현소역:박유승,이여송역:정흥채,우송당황윤길역:김종수,의인왕후박씨역:황인영,소오요시토시역:조재완,신명철역:이관훈,한설희역:한지완,동동역:한가림,임해군역:윤홍빈,사신홍여순역:김민상,오리이원익역:김정학,두암김응남역:홍일권,나암정언신역:박칠용,연부정언지역:허기호,신성군,우희다수가역:김리우,전전리가역:조상구,석전삼성역:강신조,네네역:오지영,사야가역:길상,요도역:손승우,만력제역:장태성,석성역:이원발,정귀비역:서윤아,이순신역:김석훈,이일역:서현철,권율역:김영기,정운역:조순창,송희립역:전승빈,곽재우역:임혁,정탁역:이대로,조승훈역:손호균,장세작역:박선우,낙상지역:공정환,범애유조인역:고인범,순화군역:김태용,김명원역:임병기,배흥립역:나주석"
20200603,WeLike,070939,075450,징비록,,46회,전국,004511,드라마&영화,드라마,주말연속극,0,0,0,0,0.09076,0,0.00469,0,0,0,0,0,0,0.00299,"서애류성룡역:김상중,선조역:김태우,오음윤두수역:임동진,아계이산해역:이재용,귀인김씨역:김혜은,도요토미히데요시역:김규철,고니시유키나가역:이광기,가토기요마사역:이정용,한음이덕형역:남성진,백사이항복역:최철호,이천리역:정태우,광해군역:노영학,우계성혼역:김효원,송강정철역:선동혁,심유경역:이기열,송응창역:최일화,신립역:김형일,구봉송익필역:박지일,학봉김성일역:박철호,현소역:박유승,이여송역:정흥채,우송당황윤길역:김종수,의인왕후박씨역:황인영,소오요시토시역:조재완,신명철역:이관훈,한설희역:한지완,동동역:한가림,임해군역:윤홍빈,사신홍여순역:김민상,오리이원익역:김정학,두암김응남역:홍일권,나암정언신역:박칠용,연부정언지역:허기호,신성군,우희다수가역:김리우,전전리가역:조상구,석전삼성역:강신조,네네역:오지영,사야가역:길상,요도역:손승우,만력제역:장태성,석성역:이원발,정귀비역:서윤아,이순신역:김석훈,이일역:서현철,권율역:김영기,정운역:조순창,송희립역:전승빈,곽재우역:임혁,정탁역:이대로,조승훈역:손호균,장세작역:박선우,낙상지역:공정환,범애유조인역:고인범,순화군역:김태용,김명원역:임병기,배흥립역:나주석"
20200603,WeLike,095753,110038,아이리스1,,3회,전국,010245,드라마&영화,드라마,미니시리즈,0,0,0.00176,0.00314,0,0,0.00774,0,0,0.00147,0,0,0.00168,0.00782,"김현준역:이병헌,최승희역:김태희,진사우역:정준호,빅역:T.O.P,김선화역:김소연,박철영역:김승우,백산역:김영철,박상현역:윤제문,오현규역:윤주상,양미정역:현쥬니,사토에리코역:유민"
20200603,WeLike,111417,121711,아이리스1,,4회,전국,010254,드라마&영화,드라마,미니시리즈,0,0,0,0,0.01784,0,0.00787,0,0,0,0,0.01038,0.00391,0.01982,"김현준역:이병헌,최승희역:김태희,진사우역:정준호,빅역:T.O.P,김선화역:김소연,박철영역:김승우,백산역:김영철,박상현역:윤제문,오현규역:윤주상,양미정역:현쥬니,사토에리코역:유민"
20200603,WeLike,195936,210159,아이리스1,,5회,전국,010223,드라마&영화,드라마,미니시리즈,0,0,0,0.00274,0.00428,0,0,0,0,0,0,0,0,0.00657,"김현준역:이병헌,최승희역:김태희,진사우역:정준호,빅역:T.O.P,김선화역:김소연,박철영역:김승우,백산역:김영철,박상현역:윤제문,오현규역:윤주상,양미정역:현쥬니,사토에리코역:유민"
20200603,WeLike,211548,221853,아이리스1,,6회,전국,010305,드라마&영화,드라마,미니시리즈,0,0,0,0,0,0.0092,0.00175,0,0,0,0.00738,0,0,0,"김현준역:이병헌,최승희역:김태희,진사우역:정준호,빅역:T.O.P,김선화역:김소연,박철영역:김승우,백산역:김영철,박상현역:윤제문,오현규역:윤주상,양미정역:현쥬니,사토에리코역:유민"
20200604,KBS1,203104,205919,기막힌유산,,34회,전국,002815,드라마&영화,드라마,일일연속극,3.47328,2.16215,3.51568,4.45197,3.77134,9.86169,26.05745,6.28723,2.59936,2.66776,6.53117,6.56296,15.95453,30.2276,"부영배역:박인환,공계옥역:강세정,부설악역:신정윤,부백두역:강신조,윤민주역:이아현,부금강역:남성진,신애리역:김가연,정미희역:박순천,김용미역:이응경,부한라역:박신우,성판금역:조양자,부가온역:김비주,부태희역:김연지,부혜교역:김효경,부지현역:강유라,공소영역:김난주,이장원역:이일준,김수민역:조서후,김종두역:이춘식,차정건역:조순창,이청아역:정서하,손보미역:박민지,김영지역:주민하,강선희역:박현정,천호식역:백신,이정태역:노상보,고향숙역:박소정"
20200604,KBS2,090524,093336,기막힌유산,,33회,전국,002812,드라마&영화,드라마,일일연속극,1.86394,1.02008,0.98402,0.8039,1.28916,1.9534,3.61585,0.10341,0.72642,0.21956,1.23706,1.8717,2.62749,4.60909,"부영배역:박인환,공계옥역:강세정,부설악역:신정윤,부백두역:강신조,윤민주역:이아현,부금강역:남성진,신애리역:김가연,정미희역:박순천,김용미역:이응경,부한라역:박신우,성판금역:조양자,부가온역:김비주,부태희역:김연지,부혜교역:김효경,부지현역:강유라,공소영역:김난주,이장원역:이일준,김수민역:조서후,김종두역:이춘식,차정건역:조순창,이청아역:정서하,손보미역:박민지,김영지역:주민하,강선희역:박현정,천호식역:백신,이정태역:노상보,고향숙역:박소정"
20200604,KBS2,110411,120352,영혼수선공,,17회/18회,전국,005941,드라마&영화,드라마,미니시리즈,1.15748,0,0.42535,0.02751,0.71715,0.35204,0.46701,0,0.02575,0.29943,0.50196,0.26727,0.18312,0.7067,"이시준역:신하균,한우주역:정소민,인동혁역:태인호,지영원역:박예진,공지선역:주민경,조인혜역:조경숙,오기태역:박수영,박대하역:정해균,이택경역:최정우,노우정역:안동구,강누리역:하영,임세찬역:장유상,공지희역:박한솔,장유미역:김가란,김영석역:김강민,송민수역:류시원"
20200604,KBS2,195015,202443,위험한약속,,47회,전국,003428,드라마&영화,드라마,일일연속극,2.04662,3.02294,3.19391,3.89748,3.17987,6.11176,17.93782,5.21484,1.68655,2.52549,6.10962,5.61609,12.11752,21.27657,"차은동역:박하나,강태인역:고세원,최준혁역:강성민,오혜원역:박영린,한지훈역:이창욱,차만종역:이대연,차은찬역:유준서,공영심역:유지연,봉석구역:현우섭,강일섭역:강신일,연두심역:이칸희,한광훈역:길용우,한서주역:김혜지,최명희역:김나운,고재숙역:윤복인,최영국역:송민형,민주란역:오영실,최준경역:이효나,이창욱역:김정운"
20200604,KBS2,220138,223116,영혼수선공,<19회>,19회,전국,002938,드라마&영화,드라마,미니시리즈,1.43607,0.3431,0.2861,0.7113,0.98112,1.04198,1.49016,0.04726,0.88545,0.243,0.62198,1.82231,1.36329,2.0797,"이시준역:신하균,한우주역:정소민,인동혁역:태인호,지영원역:박예진,공지선역:주민경,조인혜역:조경숙,오기태역:박수영,박대하역:정해균,이택경역:최정우,노우정역:안동구,강누리역:하영,임세찬역:장유상,공지희역:박한솔,장유미역:김가란,김영석역:김강민,송민수역:류시원"
20200604,KBS2,223229,230427,영혼수선공,<20회>,20회,전국,003158,드라마&영화,드라마,미니시리즈,1.47921,1.10068,0.96605,1.03246,1.15416,1.10617,1.50722,0.3615,0.45934,0.63867,1.47923,2.07892,2.00006,2.43372,"이시준역:신하균,한우주역:정소민,인동혁역:태인호,지영원역:박예진,공지선역:주민경,조인혜역:조경숙,오기태역:박수영,박대하역:정해균,이택경역:최정우,노우정역:안동구,강누리역:하영,임세찬역:장유상,공지희역:박한솔,장유미역:김가란,김영석역:김강민,송민수역:류시원"
20200604,MBC,104917,110036,꼰대인턴,<9회>,9회,전국,001119,드라마&영화,드라마,미니시리즈,0,0,0.15685,0.40679,0.43315,0.06448,0.67305,0,0,0,0.36801,0.03408,0.43116,0.70394,"가열찬역:박해진,이만식역:김응수,이태리역:한지은,남궁준수역:박기웅,탁정은역:박아인,주윤수역:노종현,오동근역:고건한,김승진역:홍승범,구자숙역:김선영,안상종역:손종학,남궁표역:고인범,엄한길역:김기천,옥경이역:문숙,고선녀역:정경순,열찬모역:전국향,박범준역:장성규,백범역:정성호,은혜수역:정영주,가열찬친구역:권수현,차형석역:영탁"
20200604,MBC,111133,113106,꼰대인턴,<9회>,9회,전국,001933,드라마&영화,드라마,미니시리즈,0.49293,0.00808,0.15623,0.54291,0.23884,0.15923,0.75492,0,0.09821,0.06841,0.51738,0.14928,0.69398,0.85765,"가열찬역:박해진,이만식역:김응수,이태리역:한지은,남궁준수역:박기웅,탁정은역:박아인,주윤수역:노종현,오동근역:고건한,김승진역:홍승범,구자숙역:김선영,안상종역:손종학,남궁표역:고인범,엄한길역:김기천,옥경이역:문숙,고선녀역:정경순,열찬모역:전국향,박범준역:장성규,백범역:정성호,은혜수역:정영주,가열찬친구역:권수현,차형석역:영탁"
20200604,MBC,113220,120326,꼰대인턴,<10회>,10회,전국,003106,드라마&영화,드라마,미니시리즈,0.0781,0.11548,0,0.46961,0.27135,0.08207,0.72996,0.03322,0.14678,0.1786,0.51555,0.26533,1.47379,1.01891,"가열찬역:박해진,이만식역:김응수,이태리역:한지은,남궁준수역:박기웅,탁정은역:박아인,주윤수역:노종현,오동근역:고건한,김승진역:홍승범,구자숙역:김선영,안상종역:손종학,남궁표역:고인범,엄한길역:김기천,옥경이역:문숙,고선녀역:정경순,열찬모역:전국향,박범준역:장성규,백범역:정성호,은혜수역:정영주,가열찬친구역:권수현,차형석역:영탁"
20200604,MBC,205817,212852,꼰대인턴,<11회>,11회,전국,003035,드라마&영화,드라마,미니시리즈,1.8157,0.58763,2.07358,1.77205,1.80295,3.7962,2.69978,0.33734,0.80062,1.02193,1.34259,2.84346,6.02646,3.43355,"가열찬역:박해진,이만식역:김응수,이태리역:한지은,남궁준수역:박기웅,탁정은역:박아인,주윤수역:노종현,오동근역:고건한,김승진역:홍승범,구자숙역:김선영,안상종역:손종학,남궁표역:고인범,엄한길역:김기천,옥경이역:문숙,고선녀역:정경순,열찬모역:전국향,박범준역:장성규,백범역:정성호,은혜수역:정영주,가열찬친구역:권수현,차형석역:영탁"
20200604,MBC,212950,220156,꼰대인턴,<12회>,12회,전국,003206,드라마&영화,드라마,미니시리즈,2.05971,0.65314,2.16552,1.88261,2.54395,4.2925,3.5365,0.9583,1.02624,1.27564,1.97085,4.04778,6.25076,3.95788,"가열찬역:박해진,이만식역:김응수,이태리역:한지은,남궁준수역:박기웅,탁정은역:박아인,주윤수역:노종현,오동근역:고건한,김승진역:홍승범,구자숙역:김선영,안상종역:손종학,남궁표역:고인범,엄한길역:김기천,옥경이역:문숙,고선녀역:정경순,열찬모역:전국향,박범준역:장성규,백범역:정성호,은혜수역:정영주,가열찬친구역:권수현,차형석역:영탁"
20200604,SBS,083546,090649,엄마가바람났다,,24회,전국,003103,드라마&영화,드라마,아침드라마,1.91678,1.9915,2.06607,2.44173,1.98024,3.2705,5.45544,0.03061,1.68385,0.19666,3.1763,1.9229,4.57171,6.96205,"오필정역:현쥬니,강석준역:이재황,이은주역:문보령,강석환역:김형범,오순정역:남이안,김복순역:박순천,박민호역:길정우,박민지역:홍제이,김해정역:양금석,강태수역:이원재,이태우역:서현석,최동석역:김동균,최은자역:이진아,최유경역:이영은,최미영역:전은채,왕기범역:차승우,하열도역:김영훈,홍수경역:노정명,박태섭역:강서준,박혜진역:박지수"
20200604,OBS,093916,104219,구가의서,,3회,전국,010303,드라마&영화,드라마,주간연속극,0,0,0.0034,0.04825,0,0,0.01844,0,0,0.01488,0.05857,0,0.07567,0.07435,"최강치역:이승기,담여울역:수지,조관웅역:이성재,담평준역:조성하,박태서역:유연석,박청조역:이유비,곤역:성준,구월령역:최진혁,윤서화역:이연희,소정법사역:김희원,천수련역:정혜영,자홍명역:윤세아,박무솔역:엄효섭,월선역:손승우,이순신역:유동근,마봉출역:조재윤,카게시마역:데이비드맥기니스,한노역:박주형,윤씨역:김희정,억만역:김기방,윤정윤역:이다윗,담이역:김보미,필목역:송영규,공달선생역:이도경"
20200604,OBS,182112,192407,구가의서,,4회,전국,010255,드라마&영화,드라마,주간연속극,0,0.00474,0,0.06244,0,0,0.10722,0,0,0.00257,0.0758,0.07553,0.16823,0.15783,"최강치역:이승기,담여울역:수지,조관웅역:이성재,담평준역:조성하,박태서역:유연석,박청조역:이유비,곤역:성준,구월령역:최진혁,윤서화역:이연희,소정법사역:김희원,천수련역:정혜영,자홍명역:윤세아,박무솔역:엄효섭,월선역:손승우,이순신역:유동근,마봉출역:조재윤,카게시마역:데이비드맥기니스,한노역:박주형,윤씨역:김희정,억만역:김기방,윤정윤역:이다윗,담이역:김보미,필목역:송영규,공달선생역:이도경"
20200604,JTBC,123800,134506,쌍갑포차,,5회,전국,010706,드라마&영화,드라마,미니시리즈,0.73494,0.54605,0,0.35669,0.36021,0.22315,0.71166,0.09599,0.1267,0.30979,0.9221,0.74357,0.86532,1.13592,"월주역:황정음,한강배역:육성재,귀반장역:최원영,염부장역:이준혁,강여린역:정다은,최진동역:안태환,송미란역:박하나,박대리역:박주형,김원형역:나인우"
20200604,JTBC,213508,224225,쌍갑포차,,6회,전국,010717,드라마&영화,드라마,미니시리즈,0.74093,0.85233,0.75322,0.95198,1.17367,2.30472,1.0448,0.49695,1.25398,0.9984,1.4349,2.78819,3.63982,1.52183,"월주역:황정음,한강배역:육성재,귀반장역:최원영,염부장역:이준혁,강여린역:정다은,최진동역:안태환,송미란역:박하나,박대리역:박주형,김원형역:나인우"
20200604,tvN,022136,040128,슬기로운감빵생활,,5회,전국,013952,드라마&영화,드라마,미니시리즈,0,0.44182,0.05743,0.73449,0.22296,0.15616,0.45625,0,0,0.14739,0.42036,0.19276,0.51422,0.09737,"제혁역:박해수,준호역:정경호,지호역:정수정,제희역:임화영,준돌역:김경남,조주임역:성동일,법자역:김성철,명교수역:정재성,건달역:이호철,똘마니역:안창환,장기수역:최무성,문래동카이스트역:박호산,장발장역:강승윤,고박사역:정민성,한양역:이규형,유대위역:정해인,팽부장역:정웅인,점박이역:최성원,교도소장역:안상우,나과장역:박형수,송담당역:강기둥,한양엄마역:염혜란,유정민역:정문성,김은수역:김지민,송지원역:김준한"
20200604,tvN,040846,054927,슬기로운감빵생활,,6회,전국,014041,드라마&영화,드라마,미니시리즈,0,0.69429,0.04407,0.19059,0.2291,0.2237,0.11498,0,0,0.05623,0.2441,0.28831,0,0.22373,"제혁역:박해수,준호역:정경호,지호역:정수정,제희역:임화영,준돌역:김경남,조주임역:성동일,법자역:김성철,명교수역:정재성,건달역:이호철,똘마니역:안창환,장기수역:최무성,문래동카이스트역:박호산,장발장역:강승윤,고박사역:정민성,한양역:이규형,유대위역:정해인,팽부장역:정웅인,점박이역:최성원,교도소장역:안상우,나과장역:박형수,송담당역:강기둥,한양엄마역:염혜란,유정민역:정문성,김은수역:김지민,송지원역:김준한"
20200604,tvN,071049,090536,슬기로운의사생활,,12회,전국,015447,드라마&영화,드라마,미니시리즈,0.11056,0.36891,0.04576,0.20862,0.34071,0.59295,0.31817,0.46312,0.17008,0.05099,0.27067,0.90345,0.53203,0.23297,"이익준역:조정석,안정원역:유연석,김준완역:정경호,양석형역:김대명,채송화역:전미도,정로사역:김해숙,주종수역:김갑수,도재학역:정문성,용석민역:문태유,장겨울역:신현빈,안치홍역:김준한,봉광현역:최영준,추민하역:안은진,허선빈역:하윤경,명은원역:김혜인,장윤복역:조이현,장홍도역:배현성,송수빈역:김수진,소이현역:윤혜리,배준희역:신도현,주전역:조승연,황재신역:양조아,이우주역:김준,민기준역:서진원,종세혁역:전광진,이영하역:이노아,김재환역:이달,국해성역:이혜은,함덕주역:김비비,한현희역:이지원,한승주역:김지성,은선진역:설유진,이익순역:곽선영,조영혜역:문희경,양태양역:남명렬,김태연역:이소윤,천명태역:최영우,선우희수역:박한솔,장겨울남동생역:박정우,고아라역:고아라"
20200604,tvN,151443,162606,오마이베이비,,7회,전국,011123,드라마&영화,드라마,미니시리즈,0.41022,0.10291,0.00391,0.53448,0.0556,0.74413,0.50232,0.18338,0.03173,0.74772,1.05194,1.15474,0.28996,0.32663,"장하리역:장나라,한이상역:고준,윤재영역:박병은,최강으뜸역:정건주,이옥란역:김혜옥,남수철역:조희봉,김은영역:이미도,김철중역:유승목,주승태역:전진기,박연호역:백승희,최효주역:박수영,주선생역:문현정,심정화역:김재화,이소윤역:정라엘,이옥희역:김예령,박재한역:이한위,김상희역:손화령,순남역:이주실,조회장역:장광,조아저씨역:최홍일,강효주역:전혜빈"
20200604,tvN,190018,205707,슬기로운의사생활,,12회,전국,015649,드라마&영화,드라마,미니시리즈,0.86172,0.56346,1.11206,0.38726,0.62195,0.88328,0.43685,0.14883,0.44982,1.02196,1.25143,1.5557,1.28538,0.32289,"이익준역:조정석,안정원역:유연석,김준완역:정경호,양석형역:김대명,채송화역:전미도,정로사역:김해숙,주종수역:김갑수,도재학역:정문성,용석민역:문태유,장겨울역:신현빈,안치홍역:김준한,봉광현역:최영준,추민하역:안은진,허선빈역:하윤경,명은원역:김혜인,장윤복역:조이현,장홍도역:배현성,송수빈역:김수진,소이현역:윤혜리,배준희역:신도현,주전역:조승연,황재신역:양조아,이우주역:김준,민기준역:서진원,종세혁역:전광진,이영하역:이노아,김재환역:이달,국해성역:이혜은,함덕주역:김비비,한현희역:이지원,한승주역:김지성,은선진역:설유진,이익순역:곽선영,조영혜역:문희경,양태양역:남명렬,김태연역:이소윤,천명태역:최영우,선우희수역:박한솔,장겨울남동생역:박정우,고아라역:고아라"
20200604,tvN,211500,223559,슬기로운의사생활,,,전국,012059,드라마&영화,드라마,미니시리즈,1.4294,4.61343,2.36639,3.91426,4.63918,5.68514,1.89128,4.1089,5.00188,3.59887,8.96386,10.90205,5.30649,2.13203,"이익준역:조정석,안정원역:유연석,김준완역:정경호,양석형역:김대명,채송화역:전미도,정로사역:김해숙,주종수역:김갑수,도재학역:정문성,용석민역:문태유,장겨울역:신현빈,안치홍역:김준한,봉광현역:최영준,추민하역:안은진,허선빈역:하윤경,명은원역:김혜인,장윤복역:조이현,장홍도역:배현성,송수빈역:김수진,소이현역:윤혜리,배준희역:신도현,주전역:조승연,황재신역:양조아,이우주역:김준,민기준역:서진원,종세혁역:전광진,이영하역:이노아,김재환역:이달,국해성역:이혜은,함덕주역:김비비,한현희역:이지원,한승주역:김지성,은선진역:설유진,이익순역:곽선영,조영혜역:문희경,양태양역:남명렬,김태연역:이소윤,천명태역:최영우,선우희수역:박한솔,장겨울남동생역:박정우,고아라역:고아라"
20200604,tvN,224945,235605,오마이베이비,,8회,전국,010620,드라마&영화,드라마,미니시리즈,0,0.21877,0.35162,0.37328,0.58861,1.34443,0.93598,0,0.30101,1.15267,2.50058,2.80641,0.98867,1.05543,"장하리역:장나라,한이상역:고준,윤재영역:박병은,최강으뜸역:정건주,이옥란역:김혜옥,남수철역:조희봉,김은영역:이미도,김철중역:유승목,주승태역:전진기,박연호역:백승희,최효주역:박수영,주선생역:문현정,심정화역:김재화,이소윤역:정라엘,이옥희역:김예령,박재한역:이한위,김상희역:손화령,순남역:이주실,조회장역:장광,조아저씨역:최홍일,강효주역:전혜빈"
20200604,tvN,254455,255959,슬기로운감빵생활,,7회,전국,001504,드라마&영화,드라마,미니시리즈,0.0384,0,0,0.32222,0.66382,0.30982,0.1525,0,0.05951,0.25556,1.23535,0.23612,0.14381,0.09998,"제혁역:박해수,준호역:정경호,지호역:정수정,제희역:임화영,준돌역:김경남,조주임역:성동일,법자역:김성철,명교수역:정재성,건달역:이호철,똘마니역:안창환,장기수역:최무성,문래동카이스트역:박호산,장발장역:강승윤,고박사역:정민성,한양역:이규형,유대위역:정해인,팽부장역:정웅인,점박이역:최성원,교도소장역:안상우,나과장역:박형수,송담당역:강기둥,한양엄마역:염혜란,유정민역:정문성,김은수역:김지민,송지원역:김준한"
20200604,국방TV,210035,212549,바람은불어도,,79회,전국,002514,드라마&영화,드라마,미니시리즈,0,0,0,0,0,0,0,0,0,0,0,0,0,0,"최수종,유호정,윤손하,송나영,송기윤,나문희"
20200604,국방TV,213036,215459,바람은불어도,,80회,전국,002423,드라마&영화,드라마,미니시리즈,0,0,0,0,0,0,0,0,0,0,0,0.00783,0,0,"최수종,유호정,윤손하,송나영,송기윤,나문희"
20200604,국방TV,240036,242549,바람은불어도,,79회,전국,002513,드라마&영화,드라마,미니시리즈,0,0,0,0,0,0,0,0,0,0,0,0,0,0,"최수종,유호정,윤손하,송나영,송기윤,나문희"
20200604,국방TV,243035,245458,바람은불어도,,80회,전국,002423,드라마&영화,드라마,미니시리즈,0,0,0,0,0,0,0,0,0,0,0,0,0.00287,0,"최수종,유호정,윤손하,송나영,송기윤,나문희"
20200604,국방TV,250036,252430,바람은불어도,,81회,전국,002354,드라마&영화,드라마,미니시리즈,0,0,0,0,0,0,0,0,0,0,0,0,0,0.00934,"최수종,유호정,윤손하,송나영,송기윤,나문희"
20200604,국방TV,253036,255811,바람은불어도,,82회,전국,002735,드라마&영화,드라마,미니시리즈,0,0,0,0.01406,0,0,0.01703,0,0,0,0.01155,0,0,0.01265,"최수종,유호정,윤손하,송나영,송기윤,나문희"
20200604,AXN,074805,085116,내딸서영이,,39회,전국,010311,드라마&영화,드라마,주말연속극,0,0,0,0,0.15913,0.04317,0.06533,0.02175,0.00832,0.00274,0.09757,0.07226,0.00482,0.06838,"이서영역:이보영,강우재역:이상윤,이삼재역:천호진,이상우역:박해진,강미경역:박정아,최호정역:최윤영,강기범역:최정우,차지선역:김혜옥,강성재역:이정신,최민석역:홍요섭,김강순역:송옥숙,최경호역:심형탁,윤소미역:조은숙,정선우역:장희진,이연희역:민영원,고승찬역:곽승남,재희역:주아성,서은수역:설현,서영모역:김민경,만세역:권율,방심덕역:이일화,아이돌배우역:양요섭,호태역:남태부,배영택역:전노민,음악학원원장역:전태관,성태역:조동혁"
20200604,AXN,091028,101344,내딸서영이,,40회,전국,010316,드라마&영화,드라마,주말연속극,0,0,0,0,0.23869,0.00671,0.02422,0,0,0.00487,0.14291,0.18832,0.06262,0.04216,"이서영역:이보영,강우재역:이상윤,이삼재역:천호진,이상우역:박해진,강미경역:박정아,최호정역:최윤영,강기범역:최정우,차지선역:김혜옥,강성재역:이정신,최민석역:홍요섭,김강순역:송옥숙,최경호역:심형탁,윤소미역:조은숙,정선우역:장희진,이연희역:민영원,고승찬역:곽승남,재희역:주아성,서은수역:설현,서영모역:김민경,만세역:권율,방심덕역:이일화,아이돌배우역:양요섭,호태역:남태부,배영택역:전노민,음악학원원장역:전태관,성태역:조동혁"
20200604,AXN,133053,143447,내딸서영이,,39회,전국,010354,드라마&영화,드라마,주말연속극,0.71928,0,0.00618,0,0.01402,0.01886,0.04101,0,0,0,0,0,0.01435,0.07094,"이서영역:이보영,강우재역:이상윤,이삼재역:천호진,이상우역:박해진,강미경역:박정아,최호정역:최윤영,강기범역:최정우,차지선역:김혜옥,강성재역:이정신,최민석역:홍요섭,김강순역:송옥숙,최경호역:심형탁,윤소미역:조은숙,정선우역:장희진,이연희역:민영원,고승찬역:곽승남,재희역:주아성,서은수역:설현,서영모역:김민경,만세역:권율,방심덕역:이일화,아이돌배우역:양요섭,호태역:남태부,배영택역:전노민,음악학원원장역:전태관,성태역:조동혁"
20200604,AXN,145002,155406,내딸서영이,,40회,전국,010404,드라마&영화,드라마,주말연속극,0.92014,0,0,0,0.11486,0.08922,0.26795,0.28167,0.07086,0,0.00447,0.10164,0.08061,0.26205,"이서영역:이보영,강우재역:이상윤,이삼재역:천호진,이상우역:박해진,강미경역:박정아,최호정역:최윤영,강기범역:최정우,차지선역:김혜옥,강성재역:이정신,최민석역:홍요섭,김강순역:송옥숙,최경호역:심형탁,윤소미역:조은숙,정선우역:장희진,이연희역:민영원,고승찬역:곽승남,재희역:주아성,서은수역:설현,서영모역:김민경,만세역:권율,방심덕역:이일화,아이돌배우역:양요섭,호태역:남태부,배영택역:전노민,음악학원원장역:전태관,성태역:조동혁"
20200604,AXN,211051,221446,내딸서영이,,39회,전국,010355,드라마&영화,드라마,주말연속극,0,0,0.10639,0,0.19767,0.21737,0.38105,0,0,0.06805,0,0.05486,0.16034,0.44224,"이서영역:이보영,강우재역:이상윤,이삼재역:천호진,이상우역:박해진,강미경역:박정아,최호정역:최윤영,강기범역:최정우,차지선역:김혜옥,강성재역:이정신,최민석역:홍요섭,김강순역:송옥숙,최경호역:심형탁,윤소미역:조은숙,정선우역:장희진,이연희역:민영원,고승찬역:곽승남,재희역:주아성,서은수역:설현,서영모역:김민경,만세역:권율,방심덕역:이일화,아이돌배우역:양요섭,호태역:남태부,배영택역:전노민,음악학원원장역:전태관,성태역:조동혁"
20200604,AXN,223057,233515,내딸서영이,,40회,전국,010418,드라마&영화,드라마,주말연속극,0,0,0.09557,0.08895,0.05221,0.17202,0.32283,0,0,0,0.01846,0.05347,0.10466,0.36197,"이서영역:이보영,강우재역:이상윤,이삼재역:천호진,이상우역:박해진,강미경역:박정아,최호정역:최윤영,강기범역:최정우,차지선역:김혜옥,강성재역:이정신,최민석역:홍요섭,김강순역:송옥숙,최경호역:심형탁,윤소미역:조은숙,정선우역:장희진,이연희역:민영원,고승찬역:곽승남,재희역:주아성,서은수역:설현,서영모역:김민경,만세역:권율,방심덕역:이일화,아이돌배우역:양요섭,호태역:남태부,배영택역:전노민,음악학원원장역:전태관,성태역:조동혁"
20200604,CHING,020000,024950,이산,,3회,전국,004950,드라마&영화,드라마,주간연속극,0,0.01535,0.01027,0,0.0213,0.07431,0.02493,0,0.01255,0.00943,0,0.03,0.01301,0.02876,"정조이산역:이서진,성송연역:한지민,영조역:이순재,정순왕후역:김여진,화완옹주역:성현아,정후겸역:조연우,박대수역:이종수,효의왕후역:박은혜,혜경궁홍씨역:견미리,사도세자역:이창훈,홍국영역:한상진,최석주역:조경환,채제공역:한인수,정약용역:송창의,장태우역:이재용,민주식역:정호근,박제가역:정재곤,남사초역:맹상훈,박달호역:이희도,김정금상궁역:김소이,강미비상궁역:이숙,원빈홍씨역:지성원,화빈윤씨역:유연지,박영문역:신국,초비역:이도은,이천역:지상렬,탁지수역:유민혁,이산어린시절역:박지빈,성송연어린시절역:이한나,박대수어린시절역:권오민,정후겸어린시절역:이인성"
20200604,CHING,025836,040551,이산,,4회,전국,010715,드라마&영화,드라마,주간연속극,0,0,0.0013,0.09706,0.00516,0.01674,0.02533,0,0,0.00484,0.03667,0.07123,0.01881,0.02144,"정조이산역:이서진,성송연역:한지민,영조역:이순재,정순왕후역:김여진,화완옹주역:성현아,정후겸역:조연우,박대수역:이종수,효의왕후역:박은혜,혜경궁홍씨역:견미리,사도세자역:이창훈,홍국영역:한상진,최석주역:조경환,채제공역:한인수,정약용역:송창의,장태우역:이재용,민주식역:정호근,박제가역:정재곤,남사초역:맹상훈,박달호역:이희도,김정금상궁역:김소이,강미비상궁역:이숙,원빈홍씨역:지성원,화빈윤씨역:유연지,박영문역:신국,초비역:이도은,이천역:지상렬,탁지수역:유민혁,이산어린시절역:박지빈,성송연어린시절역:이한나,박대수어린시절역:권오민,정후겸어린시절역:이인성"
20200604,CHING,083659,094136,이산,,5회,전국,010437,드라마&영화,드라마,주간연속극,0,0,0,0,0,0,0.06489,0,0,0,0.15145,0,0,0.05248,"정조이산역:이서진,성송연역:한지민,영조역:이순재,정순왕후역:김여진,화완옹주역:성현아,정후겸역:조연우,박대수역:이종수,효의왕후역:박은혜,혜경궁홍씨역:견미리,사도세자역:이창훈,홍국영역:한상진,최석주역:조경환,채제공역:한인수,정약용역:송창의,장태우역:이재용,민주식역:정호근,박제가역:정재곤,남사초역:맹상훈,박달호역:이희도,김정금상궁역:김소이,강미비상궁역:이숙,원빈홍씨역:지성원,화빈윤씨역:유연지,박영문역:신국,초비역:이도은,이천역:지상렬,탁지수역:유민혁,이산어린시절역:박지빈,성송연어린시절역:이한나,박대수어린시절역:권오민,정후겸어린시절역:이인성"
20200604,CHING,095522,105853,이산,,6회,전국,010331,드라마&영화,드라마,주간연속극,0,0,0,0.00473,0.00743,0,0.04241,0.0133,0,0,0.0054,0.03548,0.07776,0.04324,"정조이산역:이서진,성송연역:한지민,영조역:이순재,정순왕후역:김여진,화완옹주역:성현아,정후겸역:조연우,박대수역:이종수,효의왕후역:박은혜,혜경궁홍씨역:견미리,사도세자역:이창훈,홍국영역:한상진,최석주역:조경환,채제공역:한인수,정약용역:송창의,장태우역:이재용,민주식역:정호근,박제가역:정재곤,남사초역:맹상훈,박달호역:이희도,김정금상궁역:김소이,강미비상궁역:이숙,원빈홍씨역:지성원,화빈윤씨역:유연지,박영문역:신국,초비역:이도은,이천역:지상렬,탁지수역:유민혁,이산어린시절역:박지빈,성송연어린시절역:이한나,박대수어린시절역:권오민,정후겸어린시절역:이인성"
20200604,CHING,143356,150528,인어아가씨,,53회,전국,003132,드라마&영화,드라마,주간연속극,0.04843,0,0,0.01527,0,0,0.01289,0,0,0,0.01054,0.03693,0,0.01598,"은아리영역:장서희,한경혜역:정영숙,은진섭역:박근형,심수정역:한혜숙,은예영역:우희진,이주왕역:김성민,이성수역:김병기,금옥선역:사미자,금실라역:김용림,조수아역:고두심,마마준역:정보석,마마린역:이재은"
20200604,CHING,150639,153911,인어아가씨,,54회,전국,003232,드라마&영화,드라마,주간연속극,0,0,0.01742,0,0,0.03175,0.04385,0,0,0.00841,0,0.12309,0.04393,0.04128,"은아리영역:장서희,한경혜역:정영숙,은진섭역:박근형,심수정역:한혜숙,은예영역:우희진,이주왕역:김성민,이성수역:김병기,금옥선역:사미자,금실라역:김용림,조수아역:고두심,마마준역:정보석,마마린역:이재은"
20200604,CHING,155052,162127,인어아가씨,,55회,전국,003035,드라마&영화,드라마,주간연속극,0,0,0,0,0,0,0,0,0,0,0,0,0,0,"은아리영역:장서희,한경혜역:정영숙,은진섭역:박근형,심수정역:한혜숙,은예영역:우희진,이주왕역:김성민,이성수역:김병기,금옥선역:사미자,금실라역:김용림,조수아역:고두심,마마준역:정보석,마마린역:이재은"
20200604,CHING,162238,165428,인어아가씨,,56회,전국,003150,드라마&영화,드라마,주간연속극,0,0.01178,0,0,0.00441,0.01535,0,0,0,0,0,0.00525,0.01469,0,"은아리영역:장서희,한경혜역:정영숙,은진섭역:박근형,심수정역:한혜숙,은예영역:우희진,이주왕역:김성민,이성수역:김병기,금옥선역:사미자,금실라역:김용림,조수아역:고두심,마마준역:정보석,마마린역:이재은"
20200604,CHING,170610,181047,이산,,5회,전국,010437,드라마&영화,드라마,주간연속극,0,0.00514,0,0,0,0,0.17708,0,0.00613,0,0,0,0.00394,0.01857,"정조이산역:이서진,성송연역:한지민,영조역:이순재,정순왕후역:김여진,화완옹주역:성현아,정후겸역:조연우,박대수역:이종수,효의왕후역:박은혜,혜경궁홍씨역:견미리,사도세자역:이창훈,홍국영역:한상진,최석주역:조경환,채제공역:한인수,정약용역:송창의,장태우역:이재용,민주식역:정호근,박제가역:정재곤,남사초역:맹상훈,박달호역:이희도,김정금상궁역:김소이,강미비상궁역:이숙,원빈홍씨역:지성원,화빈윤씨역:유연지,박영문역:신국,초비역:이도은,이천역:지상렬,탁지수역:유민혁,이산어린시절역:박지빈,성송연어린시절역:이한나,박대수어린시절역:권오민,정후겸어린시절역:이인성"
20200604,CHING,182135,192506,이산,,6회,전국,010331,드라마&영화,드라마,주간연속극,0,0,0,0,0,0,0.03472,0,0,0,0,0,0.0679,0,"정조이산역:이서진,성송연역:한지민,영조역:이순재,정순왕후역:김여진,화완옹주역:성현아,정후겸역:조연우,박대수역:이종수,효의왕후역:박은혜,혜경궁홍씨역:견미리,사도세자역:이창훈,홍국영역:한상진,최석주역:조경환,채제공역:한인수,정약용역:송창의,장태우역:이재용,민주식역:정호근,박제가역:정재곤,남사초역:맹상훈,박달호역:이희도,김정금상궁역:김소이,강미비상궁역:이숙,원빈홍씨역:지성원,화빈윤씨역:유연지,박영문역:신국,초비역:이도은,이천역:지상렬,탁지수역:유민혁,이산어린시절역:박지빈,성송연어린시절역:이한나,박대수어린시절역:권오민,정후겸어린시절역:이인성"
20200604,CHING,225656,232828,인어아가씨,,53회,전국,003132,드라마&영화,드라마,주간연속극,0,0.08242,0,0,0.02851,0,0,0,0.04907,0,0,0.03564,0.00858,0,"은아리영역:장서희,한경혜역:정영숙,은진섭역:박근형,심수정역:한혜숙,은예영역:우희진,이주왕역:김성민,이성수역:김병기,금옥선역:사미자,금실라역:김용림,조수아역:고두심,마마준역:정보석,마마린역:이재은"
20200604,CHING,232939,240211,인어아가씨,,54회,전국,003232,드라마&영화,드라마,주간연속극,0,0,0.02079,0,0,0.01255,0.01273,0,0,0,0,0,0.20764,0,"은아리영역:장서희,한경혜역:정영숙,은진섭역:박근형,심수정역:한혜숙,은예영역:우희진,이주왕역:김성민,이성수역:김병기,금옥선역:사미자,금실라역:김용림,조수아역:고두심,마마준역:정보석,마마린역:이재은"
20200604,CHING,241335,244410,인어아가씨,,55회,전국,003035,드라마&영화,드라마,주간연속극,0,0,0,0,0,0,0.00697,0,0,0,0,0,0,0.01106,"은아리영역:장서희,한경혜역:정영숙,은진섭역:박근형,심수정역:한혜숙,은예영역:우희진,이주왕역:김성민,이성수역:김병기,금옥선역:사미자,금실라역:김용림,조수아역:고두심,마마준역:정보석,마마린역:이재은"
20200604,CHING,244521,251711,인어아가씨,,56회,전국,003150,드라마&영화,드라마,주간연속극,0.00749,0.06252,0,0,0.02723,0.00339,0,0,0,0,0,0.2544,0.00083,0,"은아리영역:장서희,한경혜역:정영숙,은진섭역:박근형,심수정역:한혜숙,은예영역:우희진,이주왕역:김성민,이성수역:김병기,금옥선역:사미자,금실라역:김용림,조수아역:고두심,마마준역:정보석,마마린역:이재은"
20200604,CHING,252704,255959,이산,,5회,전국,003255,드라마&영화,드라마,주간연속극,0,0,0,0,0,0,0.01852,0,0,0,0,0.19773,0.00858,0.00606,"정조이산역:이서진,성송연역:한지민,영조역:이순재,정순왕후역:김여진,화완옹주역:성현아,정후겸역:조연우,박대수역:이종수,효의왕후역:박은혜,혜경궁홍씨역:견미리,사도세자역:이창훈,홍국영역:한상진,최석주역:조경환,채제공역:한인수,정약용역:송창의,장태우역:이재용,민주식역:정호근,박제가역:정재곤,남사초역:맹상훈,박달호역:이희도,김정금상궁역:김소이,강미비상궁역:이숙,원빈홍씨역:지성원,화빈윤씨역:유연지,박영문역:신국,초비역:이도은,이천역:지상렬,탁지수역:유민혁,이산어린시절역:박지빈,성송연어린시절역:이한나,박대수어린시절역:권오민,정후겸어린시절역:이인성"
20200604,CNTV,023921,031206,해치,,37회,전국,003245,드라마&영화,드라마,미니시리즈,0,0,0,0.07975,0,0.02208,0.03032,0,0.08865,0,0,0.03895,0.04106,0.00492,"연잉군이금역:정일우,박문수역:권율,여지역:고아라,달문역:박훈,민진헌역:이경영,밀풍군이탄역:정문성,천윤영역:배정화,위병주역:한상진,주영한역:정순원,윤혁역:최민철,장달역:전배수,아봉역:안승균,이이겸역:김종수,한정석역:이필모,경종역:한승현,인원왕후역:남기애,연령군역:노영학,세자빈역:송지인,서씨역:최수임,초홍역:박지연,자동역:하성광,개돌역:도기석,한준재역:서은율,김창중역:이원재,이광좌역:임호,도지광역:한지상,군태역:홍진기,이인좌역:고주원"
20200604,CNTV,031231,033836,해치,,38회,전국,002605,드라마&영화,드라마,미니시리즈,0,0,0,0,0,0.03661,0,0,0.0792,0,0,0.03398,0.09693,0.08278,"연잉군이금역:정일우,박문수역:권율,여지역:고아라,달문역:박훈,민진헌역:이경영,밀풍군이탄역:정문성,천윤영역:배정화,위병주역:한상진,주영한역:정순원,윤혁역:최민철,장달역:전배수,아봉역:안승균,이이겸역:김종수,한정석역:이필모,경종역:한승현,인원왕후역:남기애,연령군역:노영학,세자빈역:송지인,서씨역:최수임,초홍역:박지연,자동역:하성광,개돌역:도기석,한준재역:서은율,김창중역:이원재,이광좌역:임호,도지광역:한지상,군태역:홍진기,이인좌역:고주원"
20200604,CNTV,035227,042339,해치,,39회,전국,003112,드라마&영화,드라마,미니시리즈,0,0,0,0,0.00206,0,0.03169,0,0,0,0,0.05646,0.0942,0.02881,"연잉군이금역:정일우,박문수역:권율,여지역:고아라,달문역:박훈,민진헌역:이경영,밀풍군이탄역:정문성,천윤영역:배정화,위병주역:한상진,주영한역:정순원,윤혁역:최민철,장달역:전배수,아봉역:안승균,이이겸역:김종수,한정석역:이필모,경종역:한승현,인원왕후역:남기애,연령군역:노영학,세자빈역:송지인,서씨역:최수임,초홍역:박지연,자동역:하성광,개돌역:도기석,한준재역:서은율,김창중역:이원재,이광좌역:임호,도지광역:한지상,군태역:홍진기,이인좌역:고주원"
20200604,CNTV,042404,045116,해치,,40회,전국,002712,드라마&영화,드라마,미니시리즈,0,0,0,0.0211,0,0.02092,0.04983,0,0,0,0.01538,0,0.10595,0.04009,"연잉군이금역:정일우,박문수역:권율,여지역:고아라,달문역:박훈,민진헌역:이경영,밀풍군이탄역:정문성,천윤영역:배정화,위병주역:한상진,주영한역:정순원,윤혁역:최민철,장달역:전배수,아봉역:안승균,이이겸역:김종수,한정석역:이필모,경종역:한승현,인원왕후역:남기애,연령군역:노영학,세자빈역:송지인,서씨역:최수임,초홍역:박지연,자동역:하성광,개돌역:도기석,한준재역:서은율,김창중역:이원재,이광좌역:임호,도지광역:한지상,군태역:홍진기,이인좌역:고주원"
20200604,CNTV,060706,065828,용의눈물,,61회,전국,005122,드라마&영화,드라마,주간연속극,0,0,0.00273,0,0.2632,0.18831,0.02637,0,0,0.08164,0,0.05062,0,0.07736,"유동근,최명길,이민우,안재모,김무생,김혜리"
20200604,CNTV,071038,080028,용의눈물,,62회,전국,004950,드라마&영화,드라마,주간연속극,0,0,0,0,0.0277,0.21284,0,0,0,0,0,0.01933,0.01484,0,"유동근,최명길,이민우,안재모,김무생,김혜리"
20200604,CNTV,092532,103048,자이언트,,39회,전국,010516,드라마&영화,드라마,주간연속극,0,0,0,0.09585,0.01071,0.11343,0.1356,0,0,0,0.07071,0.02634,0.23328,0.04602,"이강모역:이범수,황정연역:박진희,조민우역:주상욱,이성모역:박상민,이미주역:황정음,조필연역:정보석,황태섭역:이덕화,박소태역:이문식,유경옥역:김서형,염재수역:유형관,황정식역:김정현,한명석역:이효정,오병탁역:김학철,이성모어린시절역:김수현,조민우어린시절역:노영학,이미주어린시절역:박하영,황정연어린시절역:남지현,이강모어린시절역:여진구,민홍기역:이기영,백파역:임혁,말죽거리파두목역:최민,홍기표역:손병호,염시덕역:신승환,이복자역:한경선,염경자역:최하나,남영출역:송경철,오남숙역:문희경,주영국역:장순국,문성중역:이승형,양명자역:홍여진,고재춘역:윤용현,유찬성역:황택하,윤기훈역:임종윤,지연수역:유호린,천수연역:한다민,차부철역:김성오"
20200604,CNTV,105032,115042,야인시대,,41회,전국,010010,드라마&영화,드라마,주간연속극,0,0.06851,0.08765,0,0.05967,0.1409,0.57957,0,0.07372,0,0,0.10997,0.32734,0.0695,"청년김두한역:안재모,소년김두한역:곽정욱,장년김두한역:김영철,장년정진영역:차광수,구마적역:이원종,쌍칼역:박준규,김무옥역:이혁재,문영철역:장세진,장년개코역:성동일,신마적역:최철호,하야시역:이창훈,가미소리역:이상인,시바루역:이세창,나미꼬역:이세은,시라소니역:조상구,최동열역:정동환,미와역:이재용,마루오까역:최재성,설향역:허영란,애란역:조여정,정운경역:심형탁,김좌진역:최동준,오숙근역:이덕희,박계숙역:전미선,원노인역:이순재,유진산역:이효정,이정재역:김영호,조병옥역:김학철,이화룡역:안승훈,청년개코역:이동훈,신영균역:윤용현,청년정진영역:김정민,김영태역:박영록,박인애역:정소영,이영숙역:이일화,김두한어린시절역:곽정욱"
20200604,CNTV,120729,130000,광개토태왕,,74회,전국,005231,드라마&영화,드라마,주말연속극,0,0,0.17718,0.00595,0.14718,0.19905,0.94353,0,0.30048,0,0.00571,0.14645,0.34992,0.39026,"담덕역:이태곤,고운역:김승수,모용보역:임호,도영역:오지은,연살타역:홍경인,약연역:이인혜,고무역:김진태,고창역:남성진,모두영역:이원발,모두루역:임대호,모용수역:김동현,풍발역:정호근,개연수역:최동준,가라지역:오욱철,연도부역:반석진,계필역:선동혁,이영역:최상훈,담망역:정태우,이련역:송용태,고야역:이보희,담주역:조안,설도안역:김규철,설지역:김정화,마수역:고인범,여소이역:임병기,돌비수역:김정현,갈사무역:강신조,도광역:박승호,소모역:강지후,여문역:나주석,모용희역:조인표,거보역:김덕현,무갑역:유종근,여석개역:방형주,황회역:김명수,원봉역:박유승,하무지역:윤승원,사갈현역:김철기,아신역:박정철"
20200604,CNTV,132056,141243,용의눈물,,61회,전국,005147,드라마&영화,드라마,주간연속극,0.00955,0,0,0.02974,0.00431,0.18107,0.24333,0,0,0,0.03134,0,0.29946,0.22032,"유동근,최명길,이민우,안재모,김무생,김혜리"
20200604,CNTV,142936,152006,용의눈물,,62회,전국,005030,드라마&영화,드라마,주간연속극,0,0,0,0,0.12391,0.13935,0.62143,0,0,0,0,0.00187,0.12515,0.38721,"유동근,최명길,이민우,안재모,김무생,김혜리"
20200604,CNTV,154223,164840,자이언트,,39회,전국,010617,드라마&영화,드라마,주간연속극,0,0.00545,0.00221,0.03551,0.05693,0.04557,0.46755,0,0,0.00377,0,0.09421,0.11418,0.32699,"이강모역:이범수,황정연역:박진희,조민우역:주상욱,이성모역:박상민,이미주역:황정음,조필연역:정보석,황태섭역:이덕화,박소태역:이문식,유경옥역:김서형,염재수역:유형관,황정식역:김정현,한명석역:이효정,오병탁역:김학철,이성모어린시절역:김수현,조민우어린시절역:노영학,이미주어린시절역:박하영,황정연어린시절역:남지현,이강모어린시절역:여진구,민홍기역:이기영,백파역:임혁,말죽거리파두목역:최민,홍기표역:손병호,염시덕역:신승환,이복자역:한경선,염경자역:최하나,남영출역:송경철,오남숙역:문희경,주영국역:장순국,문성중역:이승형,양명자역:홍여진,고재춘역:윤용현,유찬성역:황택하,윤기훈역:임종윤,지연수역:유호린,천수연역:한다민,차부철역:김성오"
20200604,CNTV,170820,180845,야인시대,,41회,전국,010025,드라마&영화,드라마,주간연속극,0,0,0.11938,0.11374,0.00247,0.14226,0.43931,0,0.02348,0.25334,0.01456,0.30059,0.09469,0.34683,"청년김두한역:안재모,소년김두한역:곽정욱,장년김두한역:김영철,장년정진영역:차광수,구마적역:이원종,쌍칼역:박준규,김무옥역:이혁재,문영철역:장세진,장년개코역:성동일,신마적역:최철호,하야시역:이창훈,가미소리역:이상인,시바루역:이세창,나미꼬역:이세은,시라소니역:조상구,최동열역:정동환,미와역:이재용,마루오까역:최재성,설향역:허영란,애란역:조여정,정운경역:심형탁,김좌진역:최동준,오숙근역:이덕희,박계숙역:전미선,원노인역:이순재,유진산역:이효정,이정재역:김영호,조병옥역:김학철,이화룡역:안승훈,청년개코역:이동훈,신영균역:윤용현,청년정진영역:김정민,김영태역:박영록,박인애역:정소영,이영숙역:이일화,김두한어린시절역:곽정욱"
20200604,CNTV,182810,192026,광개토태왕,,74회,전국,005216,드라마&영화,드라마,주말연속극,0.02887,0.28193,0.27481,0.00929,0,0.44345,0.35163,0.01457,0,0.28965,0.02696,0.21976,0.26447,0.59363,"담덕역:이태곤,고운역:김승수,모용보역:임호,도영역:오지은,연살타역:홍경인,약연역:이인혜,고무역:김진태,고창역:남성진,모두영역:이원발,모두루역:임대호,모용수역:김동현,풍발역:정호근,개연수역:최동준,가라지역:오욱철,연도부역:반석진,계필역:선동혁,이영역:최상훈,담망역:정태우,이련역:송용태,고야역:이보희,담주역:조안,설도안역:김규철,설지역:김정화,마수역:고인범,여소이역:임병기,돌비수역:김정현,갈사무역:강신조,도광역:박승호,소모역:강지후,여문역:나주석,모용희역:조인표,거보역:김덕현,무갑역:유종근,여석개역:방형주,황회역:김명수,원봉역:박유승,하무지역:윤승원,사갈현역:김철기,아신역:박정철"
20200604,CNTV,194029,203216,용의눈물,,61회,전국,005147,드라마&영화,드라마,주간연속극,0,0.05163,0,0.02324,0,0.07036,0.2045,0.02636,0,0.0375,0,0.00649,0.03562,0.17258,"유동근,최명길,이민우,안재모,김무생,김혜리"
20200604,CNTV,204909,213938,용의눈물,,62회,전국,005029,드라마&영화,드라마,주간연속극,0.05886,0.00894,0,0.03491,0.00672,0.08737,0.1688,0,0.00787,0,0,0.09669,0.06669,0.24127,"유동근,최명길,이민우,안재모,김무생,김혜리"
20200604,CNTV,215710,230242,자이언트,,39회,전국,010532,드라마&영화,드라마,주간연속극,0,0,0,0.00475,0,0.12389,0.17825,0,0,0,0.00435,0.15567,0.0906,0.20302,"이강모역:이범수,황정연역:박진희,조민우역:주상욱,이성모역:박상민,이미주역:황정음,조필연역:정보석,황태섭역:이덕화,박소태역:이문식,유경옥역:김서형,염재수역:유형관,황정식역:김정현,한명석역:이효정,오병탁역:김학철,이성모어린시절역:김수현,조민우어린시절역:노영학,이미주어린시절역:박하영,황정연어린시절역:남지현,이강모어린시절역:여진구,민홍기역:이기영,백파역:임혁,말죽거리파두목역:최민,홍기표역:손병호,염시덕역:신승환,이복자역:한경선,염경자역:최하나,남영출역:송경철,오남숙역:문희경,주영국역:장순국,문성중역:이승형,양명자역:홍여진,고재춘역:윤용현,유찬성역:황택하,윤기훈역:임종윤,지연수역:유호린,천수연역:한다민,차부철역:김성오"
20200604,CNTV,232024,242034,야인시대,,41회,전국,010010,드라마&영화,드라마,주간연속극,0,0.16079,0.09797,0.06535,0.0687,0.21285,0.24409,0,0.18648,0,0.00849,0.0523,0.14673,0.11657,"청년김두한역:안재모,소년김두한역:곽정욱,장년김두한역:김영철,장년정진영역:차광수,구마적역:이원종,쌍칼역:박준규,김무옥역:이혁재,문영철역:장세진,장년개코역:성동일,신마적역:최철호,하야시역:이창훈,가미소리역:이상인,시바루역:이세창,나미꼬역:이세은,시라소니역:조상구,최동열역:정동환,미와역:이재용,마루오까역:최재성,설향역:허영란,애란역:조여정,정운경역:심형탁,김좌진역:최동준,오숙근역:이덕희,박계숙역:전미선,원노인역:이순재,유진산역:이효정,이정재역:김영호,조병옥역:김학철,이화룡역:안승훈,청년개코역:이동훈,신영균역:윤용현,청년정진영역:김정민,김영태역:박영록,박인애역:정소영,이영숙역:이일화,김두한어린시절역:곽정욱"
20200604,CNTV,243618,252834,광개토태왕,,74회,전국,005216,드라마&영화,드라마,주말연속극,0,0,0,0.0048,0,0.55342,0.24212,0,0,0,0,0.30499,0.06695,0.38883,"담덕역:이태곤,고운역:김승수,모용보역:임호,도영역:오지은,연살타역:홍경인,약연역:이인혜,고무역:김진태,고창역:남성진,모두영역:이원발,모두루역:임대호,모용수역:김동현,풍발역:정호근,개연수역:최동준,가라지역:오욱철,연도부역:반석진,계필역:선동혁,이영역:최상훈,담망역:정태우,이련역:송용태,고야역:이보희,담주역:조안,설도안역:김규철,설지역:김정화,마수역:고인범,여소이역:임병기,돌비수역:김정현,갈사무역:강신조,도광역:박승호,소모역:강지후,여문역:나주석,모용희역:조인표,거보역:김덕현,무갑역:유종근,여석개역:방형주,황회역:김명수,원봉역:박유승,하무지역:윤승원,사갈현역:김철기,아신역:박정철"
20200604,DRAMAcube,020000,021442,야식남녀,,2회,전국,001442,드라마&영화,드라마,미니시리즈,0,0,0,0,0,0,0,0,0,0,0,0,0,0,"박진성역:정일우,김아진역:강지영,강태완역:이학주,이상영역:김승수,차주희역:김수진,남규장역:양대혁,유성은역:공민정,노재수역:박성준,박진우역:최재현"
20200604,DRAMAcube,051844,061851,시크릿부티크,,6회,전국,010007,드라마&영화,드라마,미니시리즈,0,0,0,0,0,0.02495,0,0,0,0.04031,0,0.00252,0.0527,0.00824,"제니장역:김선아,김여옥역:장미희,위예남역:박희본,이현지역:고민시,윤선우역:김재영,위정혁역:김태훈,위예은역:류원,차승재역:류승수,황집사역:한정수,미세스왕역:김영아,위동섭역:여무영,운산스님역:박병호,도준섭역:김법래,오태석역:주석태,이주호역:장률,박주현역:장영남,김미진역:윤지인,예준역:최동화,조양오역:임철형,이상훈역:정욱진,윤혜라역:송지우,장도윤역:박재준,우선정역:박성연,어린도영역:박서경,18세도영역:정다은,18세예남역:조민아,20세정혁역:김성현,어린선우역:이시우"
20200604,DRAMAcube,062139,065345,내뒤에테리우스,,29회,전국,003206,드라마&영화,드라마,미니시리즈,0,0,0,0,0,0.03612,0.02864,0,0.04097,0,0,0.0882,0.04974,0.00442,"김본역:소지섭,고애린역:정인선,진용태역:손호준,유지연역:임세미,심은하역:김여진,봉선미역:정시아,김상렬역:강기영,권영실역:서이숙,심우철역:엄효섭,라도우역:성주,차준수역:김건우,차준희역:옥예린,차정일역:양동근,조서현역:황지아,한유라역:김단우,케이역:조태관,박수일역:이현걸,윤춘상역:김병옥,최연경역:남규리,이지숙역:박순천"
20200604,DRAMAcube,065354,072345,내뒤에테리우스,,30회,전국,002951,드라마&영화,드라마,미니시리즈,0,0,0.00937,0.00942,0.01926,0.09141,0.02344,0.08563,0.13694,0.02788,0.01153,0.1952,0.09436,0.01197,"김본역:소지섭,고애린역:정인선,진용태역:손호준,유지연역:임세미,심은하역:김여진,봉선미역:정시아,김상렬역:강기영,권영실역:서이숙,심우철역:엄효섭,라도우역:성주,차준수역:김건우,차준희역:옥예린,차정일역:양동근,조서현역:황지아,한유라역:김단우,케이역:조태관,박수일역:이현걸,윤춘상역:김병옥,최연경역:남규리,이지숙역:박순천"
20200604,DRAMAcube,130747,141424,굿캐스팅,,9회,전국,010637,드라마&영화,드라마,미니시리즈,0,0,0,0,0,0.08434,0.09238,0,0.06845,0,0.08508,0.08126,0.06232,0.13215,"백찬미역:최강희,윤석호역:이상엽,임예은역:유인영,황미순역:김지영,강우원역:이준영,동관수역:이종혁,서국환역:정인기,배무혁역:박경순,간태희역:황보미,명계철역:우현,탁상기역:이상훈,옥철역:김용희,변우석역:허재호,구비서역:한수진,설영훈역:조영훈,심화란역:차수연,남봉만역:이승형,남주연역:김보윤,피철웅역:배진웅,권민석역:성혁,권소희역:노하연"
20200604,DRAMAcube,142755,153225,굿캐스팅,,10회,전국,010430,드라마&영화,드라마,미니시리즈,0.84667,0.29719,0.01089,0.0134,0.2026,0.0175,0.14829,0.01071,0,0.05884,0.17343,0.23026,0.15584,0.10151,"백찬미역:최강희,윤석호역:이상엽,임예은역:유인영,황미순역:김지영,강우원역:이준영,동관수역:이종혁,서국환역:정인기,배무혁역:박경순,간태희역:황보미,명계철역:우현,탁상기역:이상훈,옥철역:김용희,변우석역:허재호,구비서역:한수진,설영훈역:조영훈,심화란역:차수연,남봉만역:이승형,남주연역:김보윤,피철웅역:배진웅,권민석역:성혁,권소희역:노하연"
20200604,DramaH,101012,111117,바람과구름과비,,5회,전국,010105,드라마&영화,드라마,미니시리즈,0,0,0,0.05291,0,0,0.05509,0,0,0,0.02411,0,0.18852,0.04599,"최천중역:박시후,봉련역:고성희,흥선대원군이하응역:전광렬,채인규역:성혁,김병운역:김승수,김좌근역:차광수,나합역:윤아정,김병학역:한재영,조대비역:김보연,철종역:정욱,이하전역:이루,명성황후민자영역:박정연,고종이재황역:박상훈,용팔룡역:조복래,주모역:김주령,적도사진상역:한동규,팽구철역:노형욱,만석역:박노식,연치성역:임현수,반달역:왕빛나,임종사관역:허태희,최천중어린시절역:강태우,봉련어린시절역:홍승희,채인규어린시절역:최정우,상복역:허성태,민승호역:이해우,저자이병주,출판그림같은세상2020.08.28.,e북무료판매처 1건"
20200604,DramaH,112752,123221,영혼수선공,,9회,전국,010429,드라마&영화,드라마,미니시리즈,0,0,0,0,0.00755,0,0.00261,0,0,0,0.02043,0.00527,0.13676,0.01007,"이시준역:신하균,한우주역:정소민,인동혁역:태인호,지영원역:박예진,공지선역:주민경,조인혜역:조경숙,오기태역:박수영,박대하역:정해균,이택경역:최정우,노우정역:안동구,강누리역:하영,임세찬역:장유상,공지희역:박한솔,장유미역:김가란,김영석역:김강민,송민수역:류시원"
20200604,DramaH,160920,171845,번외수사,,1회,전국,010925,드라마&영화,드라마,미니시리즈,0,0,0,0.116,0,0.08571,0.01336,0,0,0,0,0,0.05069,0.11713,"진강호역:차태현,강무영역:이선빈,이반석역:정상훈,테디정역:윤경호,탁원역:지승현,민대진역:박정우,맨손역:박태산,연장역:장진희,지수철역:이영석,노순이역:민경옥"
20200604,DramaH,173757,183810,번외수사,,2회,전국,010013,드라마&영화,드라마,미니시리즈,0,0,0.00357,0.00402,0,0.09326,0.24611,0,0,0,0.11485,0.00456,0.35467,0.14888,"진강호역:차태현,강무영역:이선빈,이반석역:정상훈,테디정역:윤경호,탁원역:지승현,민대진역:박정우,맨손역:박태산,연장역:장진희,지수철역:이영석,노순이역:민경옥"
20200604,DramaH,243538,253605,바람과구름과비,,4회,전국,010027,드라마&영화,드라마,미니시리즈,0,0.00497,0,0,0.01079,0,0.0351,0.01142,0,0,0,0.01483,0.0751,0,"최천중역:박시후,봉련역:고성희,흥선대원군이하응역:전광렬,채인규역:성혁,김병운역:김승수,김좌근역:차광수,나합역:윤아정,김병학역:한재영,조대비역:김보연,철종역:정욱,이하전역:이루,명성황후민자영역:박정연,고종이재황역:박상훈,용팔룡역:조복래,주모역:김주령,적도사진상역:한동규,팽구철역:노형욱,만석역:박노식,연치성역:임현수,반달역:왕빛나,임종사관역:허태희,최천중어린시절역:강태우,봉련어린시절역:홍승희,채인규어린시절역:최정우,상복역:허성태,민승호역:이해우,저자이병주,출판그림같은세상2020.08.28.,e북무료판매처 1건"
20200604,DramaH,254923,255959,바람과구름과비,,5회,전국,001036,드라마&영화,드라마,미니시리즈,0,0,0,0,0,0.04351,0.04113,0,0,0,0,0.02992,0.28695,0.00858,"최천중역:박시후,봉련역:고성희,흥선대원군이하응역:전광렬,채인규역:성혁,김병운역:김승수,김좌근역:차광수,나합역:윤아정,김병학역:한재영,조대비역:김보연,철종역:정욱,이하전역:이루,명성황후민자영역:박정연,고종이재황역:박상훈,용팔룡역:조복래,주모역:김주령,적도사진상역:한동규,팽구철역:노형욱,만석역:박노식,연치성역:임현수,반달역:왕빛나,임종사관역:허태희,최천중어린시절역:강태우,봉련어린시절역:홍승희,채인규어린시절역:최정우,상복역:허성태,민승호역:이해우,저자이병주,출판그림같은세상2020.08.28.,e북무료판매처 1건"
20200604,Dramax,092328,102420,VIP,,5회,전국,010052,드라마&영화,드라마,미니시리즈,0.08614,0,0.02458,0.01439,0.01965,0.02994,0.18683,0.07863,0.00278,0.0118,0,0.06915,0.03012,0.15873,"나정선역:장나라,박성준역:이상윤,이현아역:이청아,송미나역:곽선영,온유리역:표예진,마상우역:신재하,이병훈역:이재원,차진호역:정준원,하재웅역:박성근,배도일역:장혁진,하영웅역:조승연,강지영역:이진희,계미옥역:김미경,나영철역:최홍일,한숙영역:정애리,한숙자역:김서라,장진철역:장현성,이명은역:전혜진,하태영역:박지영"
20200604,Dramax,103857,114550,VIP,,6회,전국,010653,드라마&영화,드라마,미니시리즈,0.11428,0,0.01788,0,0.05477,0.00206,0.06943,0.04048,0.06469,0.00326,0.06838,0.00471,0.01713,0.10516,"나정선역:장나라,박성준역:이상윤,이현아역:이청아,송미나역:곽선영,온유리역:표예진,마상우역:신재하,이병훈역:이재원,차진호역:정준원,하재웅역:박성근,배도일역:장혁진,하영웅역:조승연,강지영역:이진희,계미옥역:김미경,나영철역:최홍일,한숙영역:정애리,한숙자역:김서라,장진철역:장현성,이명은역:전혜진,하태영역:박지영"
20200604,Dramax,115829,125931,VIP,,7회,전국,010102,드라마&영화,드라마,미니시리즈,0,0.00777,0.01675,0.02175,0.01982,0.00733,0.1327,0.03967,0,0.0046,0.02697,0.19392,0.04607,0.09541,"나정선역:장나라,박성준역:이상윤,이현아역:이청아,송미나역:곽선영,온유리역:표예진,마상우역:신재하,이병훈역:이재원,차진호역:정준원,하재웅역:박성근,배도일역:장혁진,하영웅역:조승연,강지영역:이진희,계미옥역:김미경,나영철역:최홍일,한숙영역:정애리,한숙자역:김서라,장진철역:장현성,이명은역:전혜진,하태영역:박지영"
20200604,Dramax,131249,141332,VIP,,8회,전국,010043,드라마&영화,드라마,미니시리즈,0,0.00553,0.00324,0.03716,0,0.02538,0.04631,0,0,0.19152,0.12859,0.26022,0.0293,0.06167,"나정선역:장나라,박성준역:이상윤,이현아역:이청아,송미나역:곽선영,온유리역:표예진,마상우역:신재하,이병훈역:이재원,차진호역:정준원,하재웅역:박성근,배도일역:장혁진,하영웅역:조승연,강지영역:이진희,계미옥역:김미경,나영철역:최홍일,한숙영역:정애리,한숙자역:김서라,장진철역:장현성,이명은역:전혜진,하태영역:박지영"
20200604,E채널,020000,021933,야식남녀,,3회,전국,001933,드라마&영화,드라마,미니시리즈,0,0,0,0.12429,0,0.1706,0.01826,0,0,0,0,0,0,0.02013,"박진성역:정일우,김아진역:강지영,강태완역:이학주,이상영역:김승수,차주희역:김수진,남규장역:양대혁,유성은역:공민정,노재수역:박성준,박진우역:최재현"
20200604,E채널,063247,073302,별에서온그대,,21회,전국,010015,드라마&영화,드라마,미니시리즈,0,0.14593,0.00669,0.02698,0.10473,0.04852,0.09003,0,0,0.04786,0.14473,0.33557,0.00088,0.03398,"천송이역:전지현,도민준역:김수현,이휘경역:박해진,유세미역:유인나,이재경역:신성록,양미연역:나영희,천민구역:엄효섭,천윤재역:안재현,홍사장역:홍진경,철수역:조세호,혁역:남창희,장영목역:김창완,이범중역:이정길,홍은아역:성병숙,한선영역:이일화,유석역:오상진,한유라역:유인영,천송이어린시절역:김현수,이휘경어린시절역:조승현,유세미어린시절역:김혜원,안대표역:조희봉,박형사역:김희원,매니저역:김강현,민아역:김보미,이재경비서역:이이경,유과장역:유준상,톱스타역:박정아,윤성동역:정은표,황진이역:손은서,이형욱역:김수로,박민규감독역:장항준,스타일리스트역:정윤기,구암허준역:박영규,막내스태프역:노형욱,고혜미역:수지,이한경역:연우진,허균역:류승룡,왕재수역:양주호,톱여배우역:박산다라"
20200604,E채널,105430,112201,닥터프리즈너,,7회,전국,002731,드라마&영화,드라마,미니시리즈,0,0,0.17708,0,0.02283,0.24071,0.00732,0,0,0.13402,0,0.02614,0.07112,0,"나이제역:남궁민,한소금역:권나라,선민식역:김병철,이재준역:최원영,이재인역:이다인,이재환역:박은석,복혜수역:이민영,오정희역:김정난,정의식역:장현성,모이라역:진희경,김상춘역:강신일,고영철역:이준혁,오철민역:박수영,김만철역:박성근,태춘호역:장준녕,신현상역:강홍석,현재민역:이용준,함길선역:이현균,나이현역:하영,한빛역:려운,최정우역:김대령,선민중역:정인겸,최동훈역:채동현,정민제역:남경읍,정세진역:배윤경,김영선역:우미화,장민석역:최덕문,김석우역:이주승,오민정역:김지은"
20200604,E채널,112312,115255,닥터프리즈너,,8회,전국,002943,드라마&영화,드라마,미니시리즈,0,0,0,0,0,0.19345,0.06046,0,0,0,0,0,0.1632,0.00413,"나이제역:남궁민,한소금역:권나라,선민식역:김병철,이재준역:최원영,이재인역:이다인,이재환역:박은석,복혜수역:이민영,오정희역:김정난,정의식역:장현성,모이라역:진희경,김상춘역:강신일,고영철역:이준혁,오철민역:박수영,김만철역:박성근,태춘호역:장준녕,신현상역:강홍석,현재민역:이용준,함길선역:이현균,나이현역:하영,한빛역:려운,최정우역:김대령,선민중역:정인겸,최동훈역:채동현,정민제역:남경읍,정세진역:배윤경,김영선역:우미화,장민석역:최덕문,김석우역:이주승,오민정역:김지은"
20200604,E채널,120642,123531,닥터프리즈너,,9회,전국,002849,드라마&영화,드라마,미니시리즈,0,0,0.10406,0.07344,0,0.1461,0.1972,0,0,0.18478,0.05071,0,0.31028,0.02489,"나이제역:남궁민,한소금역:권나라,선민식역:김병철,이재준역:최원영,이재인역:이다인,이재환역:박은석,복혜수역:이민영,오정희역:김정난,정의식역:장현성,모이라역:진희경,김상춘역:강신일,고영철역:이준혁,오철민역:박수영,김만철역:박성근,태춘호역:장준녕,신현상역:강홍석,현재민역:이용준,함길선역:이현균,나이현역:하영,한빛역:려운,최정우역:김대령,선민중역:정인겸,최동훈역:채동현,정민제역:남경읍,정세진역:배윤경,김영선역:우미화,장민석역:최덕문,김석우역:이주승,오민정역:김지은"
20200604,E채널,123641,130523,닥터프리즈너,,10회,전국,002842,드라마&영화,드라마,미니시리즈,0,0,0,0.02218,0,0.17963,0.25392,0,0,0,0.01167,0.06474,0.36864,0,"나이제역:남궁민,한소금역:권나라,선민식역:김병철,이재준역:최원영,이재인역:이다인,이재환역:박은석,복혜수역:이민영,오정희역:김정난,정의식역:장현성,모이라역:진희경,김상춘역:강신일,고영철역:이준혁,오철민역:박수영,김만철역:박성근,태춘호역:장준녕,신현상역:강홍석,현재민역:이용준,함길선역:이현균,나이현역:하영,한빛역:려운,최정우역:김대령,선민중역:정인겸,최동훈역:채동현,정민제역:남경읍,정세진역:배윤경,김영선역:우미화,장민석역:최덕문,김석우역:이주승,오민정역:김지은"
20200604,E채널,193848,200739,닥터프리즈너,,9회,전국,002851,드라마&영화,드라마,미니시리즈,0,0,0,0.04398,0.01052,0.03972,0.12593,0.04726,0.02266,0.33638,0.01587,0.00696,0.00918,0.21457,"나이제역:남궁민,한소금역:권나라,선민식역:김병철,이재준역:최원영,이재인역:이다인,이재환역:박은석,복혜수역:이민영,오정희역:김정난,정의식역:장현성,모이라역:진희경,김상춘역:강신일,고영철역:이준혁,오철민역:박수영,김만철역:박성근,태춘호역:장준녕,신현상역:강홍석,현재민역:이용준,함길선역:이현균,나이현역:하영,한빛역:려운,최정우역:김대령,선민중역:정인겸,최동훈역:채동현,정민제역:남경읍,정세진역:배윤경,김영선역:우미화,장민석역:최덕문,김석우역:이주승,오민정역:김지은"
20200604,E채널,200848,203731,닥터프리즈너,,10회,전국,002843,드라마&영화,드라마,미니시리즈,0,0,0,0.08976,0.00833,0,0.16499,0,0,0.189,0,0.13911,0.01454,0.29143,"나이제역:남궁민,한소금역:권나라,선민식역:김병철,이재준역:최원영,이재인역:이다인,이재환역:박은석,복혜수역:이민영,오정희역:김정난,정의식역:장현성,모이라역:진희경,김상춘역:강신일,고영철역:이준혁,오철민역:박수영,김만철역:박성근,태춘호역:장준녕,신현상역:강홍석,현재민역:이용준,함길선역:이현균,나이현역:하영,한빛역:려운,최정우역:김대령,선민중역:정인겸,최동훈역:채동현,정민제역:남경읍,정세진역:배윤경,김영선역:우미화,장민석역:최덕문,김석우역:이주승,오민정역:김지은"
20200604,E채널,205237,211830,닥터프리즈너,,11회,전국,002553,드라마&영화,드라마,미니시리즈,0,0.02295,0,0.0182,0.01859,0.00418,0.18232,0,0,0,0,0.13123,0.06488,0,"나이제역:남궁민,한소금역:권나라,선민식역:김병철,이재준역:최원영,이재인역:이다인,이재환역:박은석,복혜수역:이민영,오정희역:김정난,정의식역:장현성,모이라역:진희경,김상춘역:강신일,고영철역:이준혁,오철민역:박수영,김만철역:박성근,태춘호역:장준녕,신현상역:강홍석,현재민역:이용준,함길선역:이현균,나이현역:하영,한빛역:려운,최정우역:김대령,선민중역:정인겸,최동훈역:채동현,정민제역:남경읍,정세진역:배윤경,김영선역:우미화,장민석역:최덕문,김석우역:이주승,오민정역:김지은"
20200604,E채널,211940,215121,닥터프리즈너,,12회,전국,003141,드라마&영화,드라마,미니시리즈,0,0,0,0.33314,0,0.02331,0.09664,0,0,0,0,0.01784,0.09123,0.08359,"나이제역:남궁민,한소금역:권나라,선민식역:김병철,이재준역:최원영,이재인역:이다인,이재환역:박은석,복혜수역:이민영,오정희역:김정난,정의식역:장현성,모이라역:진희경,김상춘역:강신일,고영철역:이준혁,오철민역:박수영,김만철역:박성근,태춘호역:장준녕,신현상역:강홍석,현재민역:이용준,함길선역:이현균,나이현역:하영,한빛역:려운,최정우역:김대령,선민중역:정인겸,최동훈역:채동현,정민제역:남경읍,정세진역:배윤경,김영선역:우미화,장민석역:최덕문,김석우역:이주승,오민정역:김지은"
20200604,E채널,254408,255959,야식남녀,,4회,전국,001551,드라마&영화,드라마,미니시리즈,0,0,0,0,0.033,0.03627,0.0119,0,0,0,0.24905,0,0.07964,0,"박진성역:정일우,김아진역:강지영,강태완역:이학주,이상영역:김승수,차주희역:김수진,남규장역:양대혁,유성은역:공민정,노재수역:박성준,박진우역:최재현"
20200604,FX,034721,044714,야인시대,,96회,전국,005953,드라마&영화,드라마,주간연속극,0,0,0,0,0,0.00176,0.01733,0,0,0.0031,0,0.00615,0.02408,0.0205,"청년김두한역:안재모,소년김두한역:곽정욱,장년김두한역:김영철,장년정진영역:차광수,구마적역:이원종,쌍칼역:박준규,김무옥역:이혁재,문영철역:장세진,장년개코역:성동일,신마적역:최철호,하야시역:이창훈,가미소리역:이상인,시바루역:이세창,나미꼬역:이세은,시라소니역:조상구,최동열역:정동환,미와역:이재용,마루오까역:최재성,설향역:허영란,애란역:조여정,정운경역:심형탁,김좌진역:최동준,오숙근역:이덕희,박계숙역:전미선,원노인역:이순재,유진산역:이효정,이정재역:김영호,조병옥역:김학철,이화룡역:안승훈,청년개코역:이동훈,신영균역:윤용현,청년정진영역:김정민,김영태역:박영록,박인애역:정소영,이영숙역:이일화,김두한어린시절역:곽정욱"
20200604,FX,084542,093553,허준,,28회,전국,005011,드라마&영화,드라마,주간연속극,0,0,0,0,0,0,0.00809,0,0,0.06463,0,0.07339,0,0.00956,"허준역:전광렬,유의태역:이순재,유도지역:김병세,예진역:황수정,임오근역:임현식,구일서역:이희도"
20200604,FX,094845,104152,허준,,29회,전국,005307,드라마&영화,드라마,주간연속극,0.01246,0,0,0.00221,0.00414,0,0.04667,0.01157,0,0.02118,0.02582,0,0.0762,0.02248,"허준역:전광렬,유의태역:이순재,유도지역:김병세,예진역:황수정,임오근역:임현식,구일서역:이희도"
20200604,FX,163351,174254,간택여인들의전쟁,,4회,전국,010903,드라마&영화,드라마,미니시리즈,0,0,0,0,0.0046,0.04618,0.0137,0,0,0.0256,0,0,0.02124,0,"강은보역:진세연,이경역:김민규,이재화역:도상우,조영지역:이열음,왈역:이시언,김송이역:이화겸,대왕대비역:정애리,대비역:조은숙,조흥견역:이재용,김만찬역:손병호,용호역:이주진"
20200604,FX,180021,190213,야인시대,,96회,전국,010152,드라마&영화,드라마,주간연속극,0,0,0,0,0,0,0.03145,0,0,0,0,0,0.00726,0.03705,"청년김두한역:안재모,소년김두한역:곽정욱,장년김두한역:김영철,장년정진영역:차광수,구마적역:이원종,쌍칼역:박준규,김무옥역:이혁재,문영철역:장세진,장년개코역:성동일,신마적역:최철호,하야시역:이창훈,가미소리역:이상인,시바루역:이세창,나미꼬역:이세은,시라소니역:조상구,최동열역:정동환,미와역:이재용,마루오까역:최재성,설향역:허영란,애란역:조여정,정운경역:심형탁,김좌진역:최동준,오숙근역:이덕희,박계숙역:전미선,원노인역:이순재,유진산역:이효정,이정재역:김영호,조병옥역:김학철,이화룡역:안승훈,청년개코역:이동훈,신영균역:윤용현,청년정진영역:김정민,김영태역:박영록,박인애역:정소영,이영숙역:이일화,김두한어린시절역:곽정욱"
20200604,FX,242550,252742,야인시대,,96회,전국,010152,드라마&영화,드라마,주간연속극,0,0,0,0.12413,0,0,0.03533,0,0,0,0.0624,0,0.00889,0.04179,"청년김두한역:안재모,소년김두한역:곽정욱,장년김두한역:김영철,장년정진영역:차광수,구마적역:이원종,쌍칼역:박준규,김무옥역:이혁재,문영철역:장세진,장년개코역:성동일,신마적역:최철호,하야시역:이창훈,가미소리역:이상인,시바루역:이세창,나미꼬역:이세은,시라소니역:조상구,최동열역:정동환,미와역:이재용,마루오까역:최재성,설향역:허영란,애란역:조여정,정운경역:심형탁,김좌진역:최동준,오숙근역:이덕희,박계숙역:전미선,원노인역:이순재,유진산역:이효정,이정재역:김영호,조병옥역:김학철,이화룡역:안승훈,청년개코역:이동훈,신영균역:윤용현,청년정진영역:김정민,김영태역:박영록,박인애역:정소영,이영숙역:이일화,김두한어린시절역:곽정욱"
20200604,JTBC2,020000,024829,쌍갑포차,,5회,전국,004829,드라마&영화,드라마,미니시리즈,0.03128,0,0.06327,0,0,0.10545,0.02739,0,0,0,0.01197,0.05245,0.2901,0.01276,"월주역:황정음,한강배역:육성재,귀반장역:최원영,염부장역:이준혁,강여린역:정다은,최진동역:안태환,송미란역:박하나,박대리역:박주형,김원형역:나인우"
20200604,JTBC2,065751,080635,쌍갑포차,,5회,전국,010844,드라마&영화,드라마,미니시리즈,0.64189,0,0,0.20234,0.10657,0.28809,0.04205,0.58594,0,0,0.24561,0.337,0.05851,0.09734,"월주역:황정음,한강배역:육성재,귀반장역:최원영,염부장역:이준혁,강여린역:정다은,최진동역:안태환,송미란역:박하나,박대리역:박주형,김원형역:나인우"
20200604,JTBC2,102159,113043,쌍갑포차,,5회,전국,010844,드라마&영화,드라마,미니시리즈,0.07583,0,0.14433,0.07185,0.14963,0.43761,0.08067,0,0,0.1265,0.2785,0.30092,0.56135,0.24455,"월주역:황정음,한강배역:육성재,귀반장역:최원영,염부장역:이준혁,강여린역:정다은,최진동역:안태환,송미란역:박하나,박대리역:박주형,김원형역:나인우"
20200604,JTBC2,154242,165036,쌍갑포차,,5회,전국,010754,드라마&영화,드라마,미니시리즈,0,0,0,0,0.00444,0.17905,0.1797,0,0,0.03409,0.05294,0.18528,0.58364,0.12686,"월주역:황정음,한강배역:육성재,귀반장역:최원영,염부장역:이준혁,강여린역:정다은,최진동역:안태환,송미란역:박하나,박대리역:박주형,김원형역:나인우"
20200604,JTBC2,191930,202724,쌍갑포차,,5회,전국,010754,드라마&영화,드라마,미니시리즈,0.09108,0.38835,0.12161,0.08283,0.27932,0.08467,0.0246,0,0.10519,0.13014,0.2732,0.65685,0.46582,0.02172,"월주역:황정음,한강배역:육성재,귀반장역:최원영,염부장역:이준혁,강여린역:정다은,최진동역:안태환,송미란역:박하나,박대리역:박주형,김원형역:나인우"
20200604,JTBC2,225735,240521,쌍갑포차,,5회,전국,010746,드라마&영화,드라마,미니시리즈,0,0.1091,0.06239,0.19323,0.33118,0.49637,0.05036,0,0,0.56931,0.12608,0.47259,0.42579,0.0076,"월주역:황정음,한강배역:육성재,귀반장역:최원영,염부장역:이준혁,강여린역:정다은,최진동역:안태환,송미란역:박하나,박대리역:박주형,김원형역:나인우"
20200604,JTBC2,241737,252356,쌍갑포차,,6회,전국,010619,드라마&영화,드라마,미니시리즈,0,0.01107,0.01689,0,0.93333,0.74135,0.09612,0,0.0164,0.46259,0.3239,1.43012,0.60469,0.19701,"월주역:황정음,한강배역:육성재,귀반장역:최원영,염부장역:이준혁,강여린역:정다은,최진동역:안태환,송미란역:박하나,박대리역:박주형,김원형역:나인우"
20200604,JTBC2,253802,255959,쌍갑포차,,6회,전국,002157,드라마&영화,드라마,미니시리즈,0,0,0,0,0.10975,0.15847,0.05468,0,0,0.13279,0,0.59959,0.35238,0.03363,"월주역:황정음,한강배역:육성재,귀반장역:최원영,염부장역:이준혁,강여린역:정다은,최진동역:안태환,송미란역:박하나,박대리역:박주형,김원형역:나인우"
20200604,KBS DRAMA,045006,051802,기막힌유산,,32회,전국,002756,드라마&영화,드라마,일일연속극,0,0,0,0,0,0.17318,0.38403,0,0,0,0.15948,0.02061,0.62842,0.40236,"부영배역:박인환,공계옥역:강세정,부설악역:신정윤,부백두역:강신조,윤민주역:이아현,부금강역:남성진,신애리역:김가연,정미희역:박순천,김용미역:이응경,부한라역:박신우,성판금역:조양자,부가온역:김비주,부태희역:김연지,부혜교역:김효경,부지현역:강유라,공소영역:김난주,이장원역:이일준,김수민역:조서후,김종두역:이춘식,차정건역:조순창,이청아역:정서하,손보미역:박민지,김영지역:주민하,강선희역:박현정,천호식역:백신,이정태역:노상보,고향숙역:박소정"
20200604,KBS DRAMA,051809,054552,기막힌유산,,33회,전국,002743,드라마&영화,드라마,일일연속극,0,0,0,0.18299,0,0.15481,0.55442,0,0,0.03319,0.21019,0.02497,0.73138,0.44195,"부영배역:박인환,공계옥역:강세정,부설악역:신정윤,부백두역:강신조,윤민주역:이아현,부금강역:남성진,신애리역:김가연,정미희역:박순천,김용미역:이응경,부한라역:박신우,성판금역:조양자,부가온역:김비주,부태희역:김연지,부혜교역:김효경,부지현역:강유라,공소영역:김난주,이장원역:이일준,김수민역:조서후,김종두역:이춘식,차정건역:조순창,이청아역:정서하,손보미역:박민지,김영지역:주민하,강선희역:박현정,천호식역:백신,이정태역:노상보,고향숙역:박소정"
20200604,KBS DRAMA,054943,062349,위험한약속,,42회,전국,003406,드라마&영화,드라마,일일연속극,0,0,0,0.21349,0.01795,0.15481,0.72579,0,0,0.01388,0.16744,0.01689,0.9168,0.47959,"차은동역:박하나,강태인역:고세원,최준혁역:강성민,오혜원역:박영린,한지훈역:이창욱,차만종역:이대연,차은찬역:유준서,공영심역:유지연,봉석구역:현우섭,강일섭역:강신일,연두심역:이칸희,한광훈역:길용우,한서주역:김혜지,최명희역:김나운,고재숙역:윤복인,최영국역:송민형,민주란역:오영실,최준경역:이효나,이창욱역:김정운"
20200604,KBS DRAMA,062356,065751,위험한약속,,43회,전국,003355,드라마&영화,드라마,일일연속극,0,0.26546,0.02449,0.21349,0.08547,0.28577,0.66439,0,0,0,0.2175,0.45733,0.41102,0.99251,"차은동역:박하나,강태인역:고세원,최준혁역:강성민,오혜원역:박영린,한지훈역:이창욱,차만종역:이대연,차은찬역:유준서,공영심역:유지연,봉석구역:현우섭,강일섭역:강신일,연두심역:이칸희,한광훈역:길용우,한서주역:김혜지,최명희역:김나운,고재숙역:윤복인,최영국역:송민형,민주란역:오영실,최준경역:이효나,이창욱역:김정운"
20200604,KBS DRAMA,070853,074257,위험한약속,,44회,전국,003404,드라마&영화,드라마,일일연속극,0,0,0.00408,0.21349,0,0.13707,0.75885,0,0,0.06081,0.00631,0.28729,0.17679,1.02149,"차은동역:박하나,강태인역:고세원,최준혁역:강성민,오혜원역:박영린,한지훈역:이창욱,차만종역:이대연,차은찬역:유준서,공영심역:유지연,봉석구역:현우섭,강일섭역:강신일,연두심역:이칸희,한광훈역:길용우,한서주역:김혜지,최명희역:김나운,고재숙역:윤복인,최영국역:송민형,민주란역:오영실,최준경역:이효나,이창욱역:김정운"
20200604,KBS DRAMA,074304,081656,위험한약속,,45회,전국,003352,드라마&영화,드라마,일일연속극,0,0,0,0.21349,0.00402,0.15226,0.82146,0,0,0.03469,0.20276,0.39907,0.16332,1.31176,"차은동역:박하나,강태인역:고세원,최준혁역:강성민,오혜원역:박영린,한지훈역:이창욱,차만종역:이대연,차은찬역:유준서,공영심역:유지연,봉석구역:현우섭,강일섭역:강신일,연두심역:이칸희,한광훈역:길용우,한서주역:김혜지,최명희역:김나운,고재숙역:윤복인,최영국역:송민형,민주란역:오영실,최준경역:이효나,이창욱역:김정운"
20200604,KBS DRAMA,081703,085051,위험한약속,,46회,전국,003348,드라마&영화,드라마,일일연속극,0.93016,0.32025,0.237,0.21349,0.20492,0.51866,0.70146,0,0,0.36556,0.12673,0.59167,0.49777,1.35097,"차은동역:박하나,강태인역:고세원,최준혁역:강성민,오혜원역:박영린,한지훈역:이창욱,차만종역:이대연,차은찬역:유준서,공영심역:유지연,봉석구역:현우섭,강일섭역:강신일,연두심역:이칸희,한광훈역:길용우,한서주역:김혜지,최명희역:김나운,고재숙역:윤복인,최영국역:송민형,민주란역:오영실,최준경역:이효나,이창욱역:김정운"
20200604,KBS DRAMA,131958,135610,한번다녀왔습니다,,37회,전국,003612,드라마&영화,드라마,주말연속극,0,0.162,0.10029,0.25514,0.19637,0.24298,0.17342,0.89977,0.60732,0.14002,0.26042,0.73167,0.01702,0.10082,"송영달역:천호진,장옥분역:차화연,최윤정역:김보연,강초연역:이정은,송나희역:이민정,윤규진역:이상엽,송준선역:오대환,송가희역:오윤아,송다희역:이초희,양치수역:안길강,장옥자역:백지원,성현경역:임정은,윤재석역:이상이,박효신역:기도훈,김지훈역:문우진,이주리역:김소라,김가연역:송다은,건어물역:신미영,꽈배기역:김가영,송서영역:이가연,송서진역:안서연,이정록역:알렉스,유보영역:손성윤,유시후역:송민재,박지연역:신수정,한기영역:강유석,홍성우역:김현목,신혜정역:김미은,심정희역:이상경,오연지역:한봄,오정봉역:오의식,이종수역:장원혁,김승현역:배호근,송이역:김주영,지원역:찬희,이현역:이필모"
20200604,KBS DRAMA,135721,143016,한번다녀왔습니다,,38회,전국,003255,드라마&영화,드라마,주말연속극,0,0,0.07108,0.49105,0.0173,0.06904,0.27175,0.70891,0.08321,0.30604,0.40136,0.20042,0.12548,0.18935,"송영달역:천호진,장옥분역:차화연,최윤정역:김보연,강초연역:이정은,송나희역:이민정,윤규진역:이상엽,송준선역:오대환,송가희역:오윤아,송다희역:이초희,양치수역:안길강,장옥자역:백지원,성현경역:임정은,윤재석역:이상이,박효신역:기도훈,김지훈역:문우진,이주리역:김소라,김가연역:송다은,건어물역:신미영,꽈배기역:김가영,송서영역:이가연,송서진역:안서연,이정록역:알렉스,유보영역:손성윤,유시후역:송민재,박지연역:신수정,한기영역:강유석,홍성우역:김현목,신혜정역:김미은,심정희역:이상경,오연지역:한봄,오정봉역:오의식,이종수역:장원혁,김승현역:배호근,송이역:김주영,지원역:찬희,이현역:이필모"
20200604,KBS DRAMA,144425,152020,한번다녀왔습니다,,39회,전국,003555,드라마&영화,드라마,주말연속극,0.49106,0.17888,0.00385,0.15209,0.07,0.01765,0.36375,0,0,0.11791,0.34128,0.24429,0.30347,0.25357,"송영달역:천호진,장옥분역:차화연,최윤정역:김보연,강초연역:이정은,송나희역:이민정,윤규진역:이상엽,송준선역:오대환,송가희역:오윤아,송다희역:이초희,양치수역:안길강,장옥자역:백지원,성현경역:임정은,윤재석역:이상이,박효신역:기도훈,김지훈역:문우진,이주리역:김소라,김가연역:송다은,건어물역:신미영,꽈배기역:김가영,송서영역:이가연,송서진역:안서연,이정록역:알렉스,유보영역:손성윤,유시후역:송민재,박지연역:신수정,한기영역:강유석,홍성우역:김현목,신혜정역:김미은,심정희역:이상경,오연지역:한봄,오정봉역:오의식,이종수역:장원혁,김승현역:배호근,송이역:김주영,지원역:찬희,이현역:이필모"
20200604,KBS DRAMA,152129,155454,한번다녀왔습니다,,40회,전국,003325,드라마&영화,드라마,주말연속극,0.30206,0.03788,0.13498,0.0787,0.02024,0,0.72193,0,0,0.04594,0.24754,0.42013,0.24654,0.34466,"송영달역:천호진,장옥분역:차화연,최윤정역:김보연,강초연역:이정은,송나희역:이민정,윤규진역:이상엽,송준선역:오대환,송가희역:오윤아,송다희역:이초희,양치수역:안길강,장옥자역:백지원,성현경역:임정은,윤재석역:이상이,박효신역:기도훈,김지훈역:문우진,이주리역:김소라,김가연역:송다은,건어물역:신미영,꽈배기역:김가영,송서영역:이가연,송서진역:안서연,이정록역:알렉스,유보영역:손성윤,유시후역:송민재,박지연역:신수정,한기영역:강유석,홍성우역:김현목,신혜정역:김미은,심정희역:이상경,오연지역:한봄,오정봉역:오의식,이종수역:장원혁,김승현역:배호근,송이역:김주영,지원역:찬희,이현역:이필모"
20200604,KBS DRAMA,231746,234819,영혼수선공,,17회,전국,003033,드라마&영화,드라마,미니시리즈,0,0,0,0,0.0036,0.01032,0.00878,0,0.12144,0,0.00339,0.05226,0.01681,0.05413,"이시준역:신하균,한우주역:정소민,인동혁역:태인호,지영원역:박예진,공지선역:주민경,조인혜역:조경숙,오기태역:박수영,박대하역:정해균,이택경역:최정우,노우정역:안동구,강누리역:하영,임세찬역:장유상,공지희역:박한솔,장유미역:김가란,김영석역:김강민,송민수역:류시원"
20200604,KBS DRAMA,234928,242224,영혼수선공,,18회,전국,003256,드라마&영화,드라마,미니시리즈,0.03964,0,0,0,0,0.00332,0.05565,0.04164,0.02736,0.01127,0.02112,0.0568,0.04886,0.01258,"이시준역:신하균,한우주역:정소민,인동혁역:태인호,지영원역:박예진,공지선역:주민경,조인혜역:조경숙,오기태역:박수영,박대하역:정해균,이택경역:최정우,노우정역:안동구,강누리역:하영,임세찬역:장유상,공지희역:박한솔,장유미역:김가란,김영석역:김강민,송민수역:류시원"
20200604,KBS DRAMA,243436,250511,영혼수선공,,19회,전국,003035,드라마&영화,드라마,미니시리즈,0,0,0,0,0.05853,0.00534,0.07669,0,0,0,0,0.00986,0.00445,0.12424,"이시준역:신하균,한우주역:정소민,인동혁역:태인호,지영원역:박예진,공지선역:주민경,조인혜역:조경숙,오기태역:박수영,박대하역:정해균,이택경역:최정우,노우정역:안동구,강누리역:하영,임세찬역:장유상,공지희역:박한솔,장유미역:김가란,김영석역:김강민,송민수역:류시원"
20200604,KBS DRAMA,250620,253743,영혼수선공,,20회,전국,003123,드라마&영화,드라마,미니시리즈,0,0,0,0,0.12485,0.09214,0.06359,0,0,0,0,0.06005,0.03754,0.14044,"이시준역:신하균,한우주역:정소민,인동혁역:태인호,지영원역:박예진,공지선역:주민경,조인혜역:조경숙,오기태역:박수영,박대하역:정해균,이택경역:최정우,노우정역:안동구,강누리역:하영,임세찬역:장유상,공지희역:박한솔,장유미역:김가란,김영석역:김강민,송민수역:류시원"
20200604,KBS W,020134,023539,위험한약속,,44회,전국,003405,드라마&영화,드라마,일일연속극,0,0,0,0,0.01419,0.03741,0.02074,0,0,0,0.03155,0.31969,0.09589,0.04758,"차은동역:박하나,강태인역:고세원,최준혁역:강성민,오혜원역:박영린,한지훈역:이창욱,차만종역:이대연,차은찬역:유준서,공영심역:유지연,봉석구역:현우섭,강일섭역:강신일,연두심역:이칸희,한광훈역:길용우,한서주역:김혜지,최명희역:김나운,고재숙역:윤복인,최영국역:송민형,민주란역:오영실,최준경역:이효나,이창욱역:김정운"
20200604,KBS W,023546,030938,위험한약속,,45회,전국,003352,드라마&영화,드라마,일일연속극,0,0,0,0,0.09314,0.10893,0.06192,0,0,0.01817,0,0.54014,0.01141,0.17908,"차은동역:박하나,강태인역:고세원,최준혁역:강성민,오혜원역:박영린,한지훈역:이창욱,차만종역:이대연,차은찬역:유준서,공영심역:유지연,봉석구역:현우섭,강일섭역:강신일,연두심역:이칸희,한광훈역:길용우,한서주역:김혜지,최명희역:김나운,고재숙역:윤복인,최영국역:송민형,민주란역:오영실,최준경역:이효나,이창욱역:김정운"
20200604,KBS W,060607,064059,뻐꾸기둥지,,69회,전국,003452,드라마&영화,드라마,일일연속극,0,0,0,0,0.01997,0,0.05588,0,0,0,0,0.01321,0,0.06843,"백연희역:장서희,정병국역:황동주,이화영역:이채영,유성빈역:김경남,백철역:임채무,홍금옥역:엄유신,백준희역:손승우,정진우역:정지훈,이명운역:현우성,곽희자역:서권순,정진숙역:지수원,정유미역:김민좌,오기섭역:이정훈,배추자역:박준금,배찬식역:전노민,이공희역:한경선,이소라역:전민서,최상두역:이창욱,직원역:이하나,이동현역:정민진,소진역:김리원,순남역:허인영,이상순역:이숙,사기꾼역:지상렬,이소라어린시절역:박지소"
20200604,KBS W,064106,071421,뻐꾸기둥지,,70회,전국,003315,드라마&영화,드라마,일일연속극,0,0,0,0.00533,0.00233,0.00731,0.07543,0,0,0,0,0.00203,0.00429,0.09144,"백연희역:장서희,정병국역:황동주,이화영역:이채영,유성빈역:김경남,백철역:임채무,홍금옥역:엄유신,백준희역:손승우,정진우역:정지훈,이명운역:현우성,곽희자역:서권순,정진숙역:지수원,정유미역:김민좌,오기섭역:이정훈,배추자역:박준금,배찬식역:전노민,이공희역:한경선,이소라역:전민서,최상두역:이창욱,직원역:이하나,이동현역:정민진,소진역:김리원,순남역:허인영,이상순역:이숙,사기꾼역:지상렬,이소라어린시절역:박지소"
20200604,KBS W,072520,080008,뻐꾸기둥지,,71회,전국,003448,드라마&영화,드라마,일일연속극,0,0,0,0.00731,0,0.00508,0.09353,0,0,0.05505,0.00712,0,0.01316,0.09057,"백연희역:장서희,정병국역:황동주,이화영역:이채영,유성빈역:김경남,백철역:임채무,홍금옥역:엄유신,백준희역:손승우,정진우역:정지훈,이명운역:현우성,곽희자역:서권순,정진숙역:지수원,정유미역:김민좌,오기섭역:이정훈,배추자역:박준금,배찬식역:전노민,이공희역:한경선,이소라역:전민서,최상두역:이창욱,직원역:이하나,이동현역:정민진,소진역:김리원,순남역:허인영,이상순역:이숙,사기꾼역:지상렬,이소라어린시절역:박지소"
20200604,KBS W,080015,083353,뻐꾸기둥지,,72회,전국,003338,드라마&영화,드라마,일일연속극,0,0,0.06754,0,0,0,0.1501,0,0,0,0,0,0.03927,0.06085,"백연희역:장서희,정병국역:황동주,이화영역:이채영,유성빈역:김경남,백철역:임채무,홍금옥역:엄유신,백준희역:손승우,정진우역:정지훈,이명운역:현우성,곽희자역:서권순,정진숙역:지수원,정유미역:김민좌,오기섭역:이정훈,배추자역:박준금,배찬식역:전노민,이공희역:한경선,이소라역:전민서,최상두역:이창욱,직원역:이하나,이동현역:정민진,소진역:김리원,순남역:허인영,이상순역:이숙,사기꾼역:지상렬,이소라어린시절역:박지소"
20200604,KBS W,095315,105255,부부클리닉사랑과전쟁,,390회,전국,005940,드라마&영화,드라마,단막극,0.00809,0,0,0.12261,0,0,0.00873,0,0,0.00351,0.01217,0.01541,0,0.01064,"이재만,민지영,최영완,이정수,장가현,손유경,이준우"
20200604,KBS W,110401,120600,부부클리닉사랑과전쟁,,391회,전국,010159,드라마&영화,드라마,단막극,0.00938,0,0.04045,0.12044,0.00246,0.07632,0.05919,0,0.01068,0.05039,0.04185,0.0445,0.05157,0.14123,"이재만,민지영,최영완,이정수,장가현,손유경,이준우"
20200604,KBS W,121858,132756,월계수양복점신사들,,53회,전국,010858,드라마&영화,드라마,주말연속극,0,0,0.0612,0,0,0.02899,0.02246,0,0,0.11137,0.02084,0.1213,0.1038,0.15067,"이동진역:이동건,나연실역:조윤희,배삼도역:차인표,이동숙역:오현경,복선녀역:라미란,성태평역:최원영,이만술역:신구,최곡지역:김영애,강태양역:현우,홍기표역:지승현,기표모역:정경순,금촌댁역:이정은,김다정역:표예진,고은숙역:박준금,민효주역:구재이,민효원역:이세영,민효상역:박은석,최지연역:차주영,오영은역:최지나,배삼도어린시절역:차연우,유명모델역:레이양,타로점술사역:최현우,이연희역:최송현"
20200604,KBS W,133848,144550,월계수양복점신사들,,53회,전국,010702,드라마&영화,드라마,주말연속극,0,0,0,0.00507,0,0.00478,0.21052,0,0,0,0,0.16103,0.01004,0.11473,"이동진역:이동건,나연실역:조윤희,배삼도역:차인표,이동숙역:오현경,복선녀역:라미란,성태평역:최원영,이만술역:신구,최곡지역:김영애,강태양역:현우,홍기표역:지승현,기표모역:정경순,금촌댁역:이정은,김다정역:표예진,고은숙역:박준금,민효주역:구재이,민효원역:이세영,민효상역:박은석,최지연역:차주영,오영은역:최지나,배삼도어린시절역:차연우,유명모델역:레이양,타로점술사역:최현우,이연희역:최송현"
20200604,KBS W,145850,152546,기막힌유산,,30회,전국,002656,드라마&영화,드라마,일일연속극,0,0,0,0.0042,0,0,0.111,0,0,0,0.01111,0.09311,0,0.05659,"부영배역:박인환,공계옥역:강세정,부설악역:신정윤,부백두역:강신조,윤민주역:이아현,부금강역:남성진,신애리역:김가연,정미희역:박순천,김용미역:이응경,부한라역:박신우,성판금역:조양자,부가온역:김비주,부태희역:김연지,부혜교역:김효경,부지현역:강유라,공소영역:김난주,이장원역:이일준,김수민역:조서후,김종두역:이춘식,차정건역:조순창,이청아역:정서하,손보미역:박민지,김영지역:주민하,강선희역:박현정,천호식역:백신,이정태역:노상보,고향숙역:박소정"
20200604,KBS W,152553,155332,기막힌유산,,31회,전국,002739,드라마&영화,드라마,일일연속극,0.0887,0,0,0.14935,0,0,0.12154,0,0,0,0.03456,0.16154,0,0.24734,"부영배역:박인환,공계옥역:강세정,부설악역:신정윤,부백두역:강신조,윤민주역:이아현,부금강역:남성진,신애리역:김가연,정미희역:박순천,김용미역:이응경,부한라역:박신우,성판금역:조양자,부가온역:김비주,부태희역:김연지,부혜교역:김효경,부지현역:강유라,공소영역:김난주,이장원역:이일준,김수민역:조서후,김종두역:이춘식,차정건역:조순창,이청아역:정서하,손보미역:박민지,김영지역:주민하,강선희역:박현정,천호식역:백신,이정태역:노상보,고향숙역:박소정"
20200604,KBS W,160429,163223,기막힌유산,,32회,전국,002754,드라마&영화,드라마,일일연속극,0,0.04714,0.03233,0,0,0.02812,0.12435,0,0,0,0,0.0836,0.01772,0.11012,"부영배역:박인환,공계옥역:강세정,부설악역:신정윤,부백두역:강신조,윤민주역:이아현,부금강역:남성진,신애리역:김가연,정미희역:박순천,김용미역:이응경,부한라역:박신우,성판금역:조양자,부가온역:김비주,부태희역:김연지,부혜교역:김효경,부지현역:강유라,공소영역:김난주,이장원역:이일준,김수민역:조서후,김종두역:이춘식,차정건역:조순창,이청아역:정서하,손보미역:박민지,김영지역:주민하,강선희역:박현정,천호식역:백신,이정태역:노상보,고향숙역:박소정"
20200604,KBS W,163230,170013,기막힌유산,,33회,전국,002743,드라마&영화,드라마,일일연속극,0,0,0,0,0,0.01583,0.111,0.04542,0,0,0.0147,0.0836,0.01084,0.15957,"부영배역:박인환,공계옥역:강세정,부설악역:신정윤,부백두역:강신조,윤민주역:이아현,부금강역:남성진,신애리역:김가연,정미희역:박순천,김용미역:이응경,부한라역:박신우,성판금역:조양자,부가온역:김비주,부태희역:김연지,부혜교역:김효경,부지현역:강유라,공소영역:김난주,이장원역:이일준,김수민역:조서후,김종두역:이춘식,차정건역:조순창,이청아역:정서하,손보미역:박민지,김영지역:주민하,강선희역:박현정,천호식역:백신,이정태역:노상보,고향숙역:박소정"
20200604,KBS W,171153,174557,위험한약속,,43회,전국,003404,드라마&영화,드라마,일일연속극,0,0,0,0,0,0.03087,0.09225,0,0,0,0,0.08976,0.03557,0.21996,"차은동역:박하나,강태인역:고세원,최준혁역:강성민,오혜원역:박영린,한지훈역:이창욱,차만종역:이대연,차은찬역:유준서,공영심역:유지연,봉석구역:현우섭,강일섭역:강신일,연두심역:이칸희,한광훈역:길용우,한서주역:김혜지,최명희역:김나운,고재숙역:윤복인,최영국역:송민형,민주란역:오영실,최준경역:이효나,이창욱역:김정운"
20200604,KBS W,174604,181959,위험한약속,,44회,전국,003355,드라마&영화,드라마,일일연속극,0,0,0,0,0,0,0.08861,0,0,0,0,0.13896,0.00413,0.1946,"차은동역:박하나,강태인역:고세원,최준혁역:강성민,오혜원역:박영린,한지훈역:이창욱,차만종역:이대연,차은찬역:유준서,공영심역:유지연,봉석구역:현우섭,강일섭역:강신일,연두심역:이칸희,한광훈역:길용우,한서주역:김혜지,최명희역:김나운,고재숙역:윤복인,최영국역:송민형,민주란역:오영실,최준경역:이효나,이창욱역:김정운"
20200604,KBS W,183058,190459,위험한약속,,45회,전국,003401,드라마&영화,드라마,일일연속극,0,0,0,0.00753,0,0,0.05621,0,0,0,0.06547,0.02821,0,0.07625,"차은동역:박하나,강태인역:고세원,최준혁역:강성민,오혜원역:박영린,한지훈역:이창욱,차만종역:이대연,차은찬역:유준서,공영심역:유지연,봉석구역:현우섭,강일섭역:강신일,연두심역:이칸희,한광훈역:길용우,한서주역:김혜지,최명희역:김나운,고재숙역:윤복인,최영국역:송민형,민주란역:오영실,최준경역:이효나,이창욱역:김정운"
20200604,KBS W,190506,193855,위험한약속,,46회,전국,003349,드라마&영화,드라마,일일연속극,0,0,0,0.10144,0,0,0.22484,0,0,0,0.00205,0.0541,0.09564,0.23343,"차은동역:박하나,강태인역:고세원,최준혁역:강성민,오혜원역:박영린,한지훈역:이창욱,차만종역:이대연,차은찬역:유준서,공영심역:유지연,봉석구역:현우섭,강일섭역:강신일,연두심역:이칸희,한광훈역:길용우,한서주역:김혜지,최명희역:김나운,고재숙역:윤복인,최영국역:송민형,민주란역:오영실,최준경역:이효나,이창욱역:김정운"
20200604,KBS W,222828,232919,부부클리닉사랑과전쟁2,,117회,전국,010051,드라마&영화,드라마,단막극,0.38492,0,0,0,0.01886,0,0,0,0,0,0,0.0836,0,0.08328,"이재만,민지영,최영완,이정수,장가현,손유경,이준우"
20200604,KBS W,234010,244014,부부클리닉사랑과전쟁2,,118회,전국,010004,드라마&영화,드라마,단막극,0,0.01433,0,0.04733,0.00888,0,0,0,0.01082,0.06658,0.0614,0.08014,0.02243,0.02075,"이재만,민지영,최영완,이정수,장가현,손유경,이준우"
20200604,KBS W,245314,252103,기막힌유산,,33회,전국,002749,드라마&영화,드라마,일일연속극,0,0,0.08878,0,0,0.00553,0,0,0,0.03567,0,0,0,0.11942,"부영배역:박인환,공계옥역:강세정,부설악역:신정윤,부백두역:강신조,윤민주역:이아현,부금강역:남성진,신애리역:김가연,정미희역:박순천,김용미역:이응경,부한라역:박신우,성판금역:조양자,부가온역:김비주,부태희역:김연지,부혜교역:김효경,부지현역:강유라,공소영역:김난주,이장원역:이일준,김수민역:조서후,김종두역:이춘식,차정건역:조순창,이청아역:정서하,손보미역:박민지,김영지역:주민하,강선희역:박현정,천호식역:백신,이정태역:노상보,고향숙역:박소정"
20200604,KBS W,252111,254854,기막힌유산,,34회,전국,002743,드라마&영화,드라마,일일연속극,0,0,0.03551,0.018,0,0,0.01425,0,0,0,0,0,0.01893,0.12384,"부영배역:박인환,공계옥역:강세정,부설악역:신정윤,부백두역:강신조,윤민주역:이아현,부금강역:남성진,신애리역:김가연,정미희역:박순천,김용미역:이응경,부한라역:박신우,성판금역:조양자,부가온역:김비주,부태희역:김연지,부혜교역:김효경,부지현역:강유라,공소영역:김난주,이장원역:이일준,김수민역:조서후,김종두역:이춘식,차정건역:조순창,이청아역:정서하,손보미역:박민지,김영지역:주민하,강선희역:박현정,천호식역:백신,이정태역:노상보,고향숙역:박소정"
20200604,K-STAR,020638,030808,궁중잔혹사꽃들의전쟁,,32회,전국,010130,드라마&영화,드라마,주말연속극,0,0,0,0,0,0,0.00099,0,0,0,0.21457,0,0,0.00073,"소용조씨역:김현주,인조역:이덕화,민회빈강씨역:송선미,김자점역:정성모,소현세자역:정성운,봉림대군역:김주영,장렬왕후조씨역:고원희,남혁역:전태수,설죽역:서이숙,박숙의역:이서연,유덕역:이설희,소용조씨어린시절역:이채미,이형익역:손병호,심기원역:김규철,김인역:우현,한옥역:정선경,장귀인역:이혜은,이상궁역:연미주,김상궁역:엄유신,언년역:정유민"
20200604,K-STAR,112315,122608,부부클리닉사랑과전쟁,,410회,전국,010253,드라마&영화,드라마,주간연속극,0.22865,0,0.00442,0.16714,0,0,0.04717,0,0,0,0.0891,0,0.0873,0.1323,"이재만,민지영,최영완,이정수,장가현,손유경,이준우"
20200604,K-STAR,123900,134024,부부클리닉사랑과전쟁,,411회,전국,010124,드라마&영화,드라마,주간연속극,0,0,0.01343,0,0,0.0094,0.21435,0,0,0.01801,0.19641,0.21556,0.36812,0.22328,"이재만,민지영,최영완,이정수,장가현,손유경,이준우"
20200604,K-STAR,135407,151228,부부의세계,,3회,전국,011821,드라마&영화,드라마,미니시리즈,0.24878,0,0,0.01335,0.0135,0,0.03897,0,0.02904,0.10787,0.09102,0.03626,0,0.17268,"지선우역:김희애,이태오역:박해준,여다경역:한소희,고예림역:박선영,손제혁역:김영민,설명숙역:채국희,여병규역:이경영,엄효정역:김선경,이준영역:전진서,민현서역:심은우,박인규역:이학주,마강석역:박충선,공지철역:정재성,김윤기역:이무생,하동식역:김종태,윤노을역:신수연,차해강역:정준원,최회장아내역:서이숙,공지철아내역:박미현,차도철아내역:윤인조"
20200604,K-STAR,152348,164456,부부의세계,,4회,전국,012108,드라마&영화,드라마,미니시리즈,0.10781,0,0,0.07596,0,0,0.04314,0,0,0.04675,0.44838,0.00665,0.0031,0.32775,"지선우역:김희애,이태오역:박해준,여다경역:한소희,고예림역:박선영,손제혁역:김영민,설명숙역:채국희,여병규역:이경영,엄효정역:김선경,이준영역:전진서,민현서역:심은우,박인규역:이학주,마강석역:박충선,공지철역:정재성,김윤기역:이무생,하동식역:김종태,윤노을역:신수연,차해강역:정준원,최회장아내역:서이숙,공지철아내역:박미현,차도철아내역:윤인조"
20200604,K-STAR,213719,223843,부부클리닉사랑과전쟁,,411회,전국,010124,드라마&영화,드라마,주간연속극,0,0,0,0,0,0.04692,0.06286,0,0,0,0.0038,0,0.0524,0.13516,"이재만,민지영,최영완,이정수,장가현,손유경,이준우"
20200604,K-STAR,225531,241640,부부의세계,,4회,전국,012109,드라마&영화,드라마,미니시리즈,0,0,0.00232,0.0079,0,0.00777,0.10985,0,0,0.01929,0.18013,0.0186,0.16207,0.00793,"지선우역:김희애,이태오역:박해준,여다경역:한소희,고예림역:박선영,손제혁역:김영민,설명숙역:채국희,여병규역:이경영,엄효정역:김선경,이준영역:전진서,민현서역:심은우,박인규역:이학주,마강석역:박충선,공지철역:정재성,김윤기역:이무생,하동식역:김종태,윤노을역:신수연,차해강역:정준원,최회장아내역:서이숙,공지철아내역:박미현,차도철아내역:윤인조"
20200604,KTV,020000,023130,전원일기,,390회,전국,003130,드라마&영화,드라마,주말연속극,0,0,0.2336,0.00739,0,0.37324,0.10832,0,0,0,0,0.08978,0.35962,0.20304,"최불암,김혜자,김용건,김수미,고두심,유인촌,정대홍"
20200604,KTV,061049,065942,전원일기,,767회,전국,004853,드라마&영화,드라마,주말연속극,0,0,0.02464,0,0,0.0109,0.06485,0,0,0,0,0,0.0135,0.04238,"최불암,김혜자,김용건,김수미,고두심,유인촌,정대홍"
20200604,KTV,210144,212532,파랑새는있다,<1부>,17회,전국,002348,드라마&영화,드라마,주간연속극,0,0,0,0,0,0.04738,0.11096,0,0,0.21844,0,0,0.03454,0.31017,"이상인,정선경,백윤식,송경철,박남현,한진희,동방우,양금석"
20200604,KTV,212716,214958,파랑새는있다,<2부>,17회,전국,002242,드라마&영화,드라마,주간연속극,0,0,0,0,0,0,0.07881,0,0,0.15994,0,0,0,0.59389,"이상인,정선경,백윤식,송경철,박남현,한진희,동방우,양금석"
20200604,KTV,215142,221017,전원일기,<1부>,391회,전국,001835,드라마&영화,드라마,주말연속극,0,0,0.32242,0,0,0.17649,0.23197,0,0,0.17517,0,0,0.26153,0.78563,"최불암,김혜자,김용건,김수미,고두심,유인촌,정대홍"
20200604,KTV,221135,223500,전원일기,<2부>,391회,전국,002325,드라마&영화,드라마,주말연속극,0,0,0.42364,0,0,0.21185,0.33165,0,0,0,0,0.15038,0.3295,0.95491,"최불암,김혜자,김용건,김수미,고두심,유인촌,정대홍"
20200604,KTV,223541,230544,바람은불어도,,115회,전국,003003,드라마&영화,드라마,주간연속극,0,0,0.20059,0,0.01072,0.10859,0.07792,0,0,0,0,0.16873,0.02648,0.5302,"최수종,유호정,윤손하,송나영,송기윤,나문희"
20200604,KTV,230833,233457,바람은불어도,,116회,전국,002624,드라마&영화,드라마,주간연속극,0,0,0,0.01948,0,0.00333,0.03399,0,0,0,0,0.16224,0,0.48238,"최수종,유호정,윤손하,송나영,송기윤,나문희"
20200604,KTV,245515,254144,파랑새는있다,,17회,전국,004629,드라마&영화,드라마,주간연속극,0,0,0,0,0,0,0.11701,0,0,0.15281,0,0,0.00265,0.43973,"이상인,정선경,백윤식,송경철,박남현,한진희,동방우,양금석"
20200604,MBC M,100350,110636,그녀는예뻤다,,7회,전국,010246,드라마&영화,드라마,미니시리즈,0,0,0,0,0,0.00204,0,0,0,0.0104,0,0,0.00379,0,"김혜진역:황정음,지성준역:박서준,민하리역:고준희,김신혁역:시원,차혜정역:윤유선,나지선역:서정연,민용길역:이병준,김혜린역:정다빈,김중섭역:박충선,한정혜역:이일화,김라라역:황석정,김풍호역:안세하,차주영역:신동미,김준우역:박유환,주아름역:신주연,한설역:신혜선,선민역:차정원,이경역:배민정,은영역:임세주,부중만역:김하균,이슬비역:진혜원,광희역:조창근,발등남역:임강성,마트직원역:안상태,김혜진어린시절역:정다빈,지성준어린시절역:양한열"
20200604,MBC M,111406,121617,그녀는예뻤다,,8회,전국,010211,드라마&영화,드라마,미니시리즈,0,0.03651,0,0,0,0.07584,0,0,0,0,0,0,0.04379,0,"김혜진역:황정음,지성준역:박서준,민하리역:고준희,김신혁역:시원,차혜정역:윤유선,나지선역:서정연,민용길역:이병준,김혜린역:정다빈,김중섭역:박충선,한정혜역:이일화,김라라역:황석정,김풍호역:안세하,차주영역:신동미,김준우역:박유환,주아름역:신주연,한설역:신혜선,선민역:차정원,이경역:배민정,은영역:임세주,부중만역:김하균,이슬비역:진혜원,광희역:조창근,발등남역:임강성,마트직원역:안상태,김혜진어린시절역:정다빈,지성준어린시절역:양한열"
20200604,O tvN,020023,031227,이번생은처음이라,,12회,전국,011204,드라마&영화,드라마,미니시리즈,0,0,0,0,0.02305,0.11218,0.01929,0,0,0,0.00744,0.16557,0.00147,0.02547,"남세희역:이민기,윤지호역:정소민,우수지역:이솜,양호랑역:김가은,마상구역:박병은,심원석역:김민석,조명자역:문희경,윤종수역:김병옥,김현자역:김선영,윤지석역:노종현,이은솔역:전혜원,연복남역:김민규,윤보미역:윤보미,오스카역:윤두준,수희역:윤소희,고정민역:이청아"
20200604,O tvN,032235,043838,이번생은처음이라,,13회,전국,011603,드라마&영화,드라마,미니시리즈,0,0,0,0.03429,0,0.15085,0.04459,0,0.01084,0.00621,0.06155,0.00909,0.01183,0.02218,"남세희역:이민기,윤지호역:정소민,우수지역:이솜,양호랑역:김가은,마상구역:박병은,심원석역:김민석,조명자역:문희경,윤종수역:김병옥,김현자역:김선영,윤지석역:노종현,이은솔역:전혜원,연복남역:김민규,윤보미역:윤보미,오스카역:윤두준,수희역:윤소희,고정민역:이청아"
20200604,O tvN,094539,114108,슬기로운의사생활,,12회,전국,015529,드라마&영화,드라마,미니시리즈,0,0.57204,0,0.01707,0.55516,0.18267,0.01997,2.20902,0,0,0.92132,0.74856,0.04514,0.00342,"이익준역:조정석,안정원역:유연석,김준완역:정경호,양석형역:김대명,채송화역:전미도,정로사역:김해숙,주종수역:김갑수,도재학역:정문성,용석민역:문태유,장겨울역:신현빈,안치홍역:김준한,봉광현역:최영준,추민하역:안은진,허선빈역:하윤경,명은원역:김혜인,장윤복역:조이현,장홍도역:배현성,송수빈역:김수진,소이현역:윤혜리,배준희역:신도현,주전역:조승연,황재신역:양조아,이우주역:김준,민기준역:서진원,종세혁역:전광진,이영하역:이노아,김재환역:이달,국해성역:이혜은,함덕주역:김비비,한현희역:이지원,한승주역:김지성,은선진역:설유진,이익순역:곽선영,조영혜역:문희경,양태양역:남명렬,김태연역:이소윤,천명태역:최영우,선우희수역:박한솔,장겨울남동생역:박정우,고아라역:고아라"
20200604,O tvN,115644,131503,왕이된남자,,13회,전국,011819,드라마&영화,드라마,미니시리즈,0,0,0.0614,0,0,0.07847,0.03183,0,0.00528,0.08423,0.01375,0.20514,0.11171,0.14255,"하선역:여진구,이헌역:여진구,유소운역:이세영,이규역:김상경,운심역:정혜영,조내관역:장광,신치수역:권해효,대비역:장영남,주호걸역:이규한,갑수역:윤경호,진평군역:이무생,김상궁역:민지아,정생역:장성원,박상궁역:김수진,선화당역:서윤아,장무영역:윤종석,애영역:오하늬,신이겸역:최규진,계환역:시은,달래역:신수연,장상궁역:이미은,유호준역:이윤건,이한종역:최무인,서장원역:이창직,기성군역:윤박"
20200604,O tvN,132851,144403,왕이된남자,,14회,전국,011512,드라마&영화,드라마,미니시리즈,0.01918,0,0.14929,0.0279,0.01024,0.11469,0.01431,0,0.0486,0.10596,0.02808,0.07811,0.12082,0.1477,"하선역:여진구,이헌역:여진구,유소운역:이세영,이규역:김상경,운심역:정혜영,조내관역:장광,신치수역:권해효,대비역:장영남,주호걸역:이규한,갑수역:윤경호,진평군역:이무생,김상궁역:민지아,정생역:장성원,박상궁역:김수진,선화당역:서윤아,장무영역:윤종석,애영역:오하늬,신이겸역:최규진,계환역:시은,달래역:신수연,장상궁역:이미은,유호준역:이윤건,이한종역:최무인,서장원역:이창직,기성군역:윤박"
20200604,O tvN,150134,161034,왕이된남자,,15회,전국,010900,드라마&영화,드라마,미니시리즈,0,0,0.07724,0.00234,0.12213,0.20104,0.13411,0,0,0.10952,0.07814,0.22565,0.24828,0.28954,"하선역:여진구,이헌역:여진구,유소운역:이세영,이규역:김상경,운심역:정혜영,조내관역:장광,신치수역:권해효,대비역:장영남,주호걸역:이규한,갑수역:윤경호,진평군역:이무생,김상궁역:민지아,정생역:장성원,박상궁역:김수진,선화당역:서윤아,장무영역:윤종석,애영역:오하늬,신이겸역:최규진,계환역:시은,달래역:신수연,장상궁역:이미은,유호준역:이윤건,이한종역:최무인,서장원역:이창직,기성군역:윤박"
20200604,O tvN,162732,174447,왕이된남자,,16회,전국,011715,드라마&영화,드라마,미니시리즈,0,0.04868,0.08997,0.00228,0.1899,0.13946,0.40201,0,0.00852,0.13019,0.2089,0.32108,0.15623,0.56884,"하선역:여진구,이헌역:여진구,유소운역:이세영,이규역:김상경,운심역:정혜영,조내관역:장광,신치수역:권해효,대비역:장영남,주호걸역:이규한,갑수역:윤경호,진평군역:이무생,김상궁역:민지아,정생역:장성원,박상궁역:김수진,선화당역:서윤아,장무영역:윤종석,애영역:오하늬,신이겸역:최규진,계환역:시은,달래역:신수연,장상궁역:이미은,유호준역:이윤건,이한종역:최무인,서장원역:이창직,기성군역:윤박"
20200604,O tvN,175947,191850,아는건별로없지만가족입니다,,1회,전국,011903,드라마&영화,드라마,미니시리즈,0,0,0.00098,0.00179,0,0.08464,0.02579,0,0.0083,0.0184,0.05448,0.31611,0.07937,0.01281,"김은희역:한예리,박찬혁역:김지석,김은주역:추자현,김상식역:정진영,이진숙역:원미경,김지우역:신재하,임건주역:신동욱,윤태형역:김태훈,젊은상식역:한준우,젊은진숙역:조아영,유선일역:서상원,안효석역:이종원,서경옥역:가득희,윤서영역:혜정,전하라역:배윤경,유민우역:권율"
20200604,O tvN,193110,204420,아는건별로없지만가족입니다,,2회,전국,011310,드라마&영화,드라마,미니시리즈,0,0.05167,0,0.04901,0.03235,0.1086,0.16081,0,0,0.08131,0.20006,0.93315,0.12034,0.16995,"김은희역:한예리,박찬혁역:김지석,김은주역:추자현,김상식역:정진영,이진숙역:원미경,김지우역:신재하,임건주역:신동욱,윤태형역:김태훈,젊은상식역:한준우,젊은진숙역:조아영,유선일역:서상원,안효석역:이종원,서경옥역:가득희,윤서영역:혜정,전하라역:배윤경,유민우역:권율"
20200604,O tvN,243807,254647,이번생은처음이라,,14회,전국,010840,드라마&영화,드라마,미니시리즈,0,0,0.00621,0,0.02102,0.21721,0.011,0,0,0.0173,0.02568,0.00097,0.05048,0.03016,"남세희역:이민기,윤지호역:정소민,우수지역:이솜,양호랑역:김가은,마상구역:박병은,심원석역:김민석,조명자역:문희경,윤종수역:김병옥,김현자역:김선영,윤지석역:노종현,이은솔역:전혜원,연복남역:김민규,윤보미역:윤보미,오스카역:윤두준,수희역:윤소희,고정민역:이청아"
20200604,O tvN,255913,255959,이번생은처음이라,,15회,전국,000046,드라마&영화,드라마,미니시리즈,0,0,0.21418,0,0,0,0,0,0,0,0,0.16873,0,0,"남세희역:이민기,윤지호역:정소민,우수지역:이솜,양호랑역:김가은,마상구역:박병은,심원석역:김민석,조명자역:문희경,윤종수역:김병옥,김현자역:김선영,윤지석역:노종현,이은솔역:전혜원,연복남역:김민규,윤보미역:윤보미,오스카역:윤두준,수희역:윤소희,고정민역:이청아"
20200604,On Style,132520,142927,그녀의사생활,,10회,전국,010407,드라마&영화,드라마,미니시리즈,0,0,0,0,0.08684,0.00516,0.00212,0,0,0.10889,0.01673,0,0.00526,0.08337,"성덕미역:박민영,라이언골드역:김재욱,남은기역:안보현,이선주역:박진주,차시안역:정제원,최다인역:홍서영,신디역:김보라,고영숙역:김미경,성근호역:맹상훈,엄소혜역:김선영,유경아역:서예화,김유섭역:정원창,강승민역:임지규,주혁역:유용민,남세연역:박명신,공은영역:이일화"
20200604,On Style,143044,153920,그녀의사생활,,11회,전국,010836,드라마&영화,드라마,미니시리즈,0.02854,0,0,0.13053,0,0.0062,0.00441,0,0.14258,0.07104,0.05459,0.01157,0.00895,0.13394,"성덕미역:박민영,라이언골드역:김재욱,남은기역:안보현,이선주역:박진주,차시안역:정제원,최다인역:홍서영,신디역:김보라,고영숙역:김미경,성근호역:맹상훈,엄소혜역:김선영,유경아역:서예화,김유섭역:정원창,강승민역:임지규,주혁역:유용민,남세연역:박명신,공은영역:이일화"
20200604,On Style,154034,164955,그녀의사생활,,12회,전국,010921,드라마&영화,드라마,미니시리즈,0,0,0,0.00939,0.01113,0.00561,0.01922,0,0.08587,0.04955,0.01313,0.00153,0.00942,0.14554,"성덕미역:박민영,라이언골드역:김재욱,남은기역:안보현,이선주역:박진주,차시안역:정제원,최다인역:홍서영,신디역:김보라,고영숙역:김미경,성근호역:맹상훈,엄소혜역:김선영,유경아역:서예화,김유섭역:정원창,강승민역:임지규,주혁역:유용민,남세연역:박명신,공은영역:이일화"
20200604,SBS플러스,020000,022217,굿캐스팅,,9회,전국,002217,드라마&영화,드라마,미니시리즈,0,0,0,0.00803,0,0,0,0,0,0,0,0,0.17426,0.02897,"백찬미역:최강희,윤석호역:이상엽,임예은역:유인영,황미순역:김지영,강우원역:이준영,동관수역:이종혁,서국환역:정인기,배무혁역:박경순,간태희역:황보미,명계철역:우현,탁상기역:이상훈,옥철역:김용희,변우석역:허재호,구비서역:한수진,설영훈역:조영훈,심화란역:차수연,남봉만역:이승형,남주연역:김보윤,피철웅역:배진웅,권민석역:성혁,권소희역:노하연"
20200604,SBS플러스,023238,033517,굿캐스팅,,10회,전국,010239,드라마&영화,드라마,미니시리즈,0,0,0,0,0,0.06389,0.00738,0,0,0,0.09538,0,0.39562,0.10907,"백찬미역:최강희,윤석호역:이상엽,임예은역:유인영,황미순역:김지영,강우원역:이준영,동관수역:이종혁,서국환역:정인기,배무혁역:박경순,간태희역:황보미,명계철역:우현,탁상기역:이상훈,옥철역:김용희,변우석역:허재호,구비서역:한수진,설영훈역:조영훈,심화란역:차수연,남봉만역:이승형,남주연역:김보윤,피철웅역:배진웅,권민석역:성혁,권소희역:노하연"
20200604,SBS플러스,063917,070855,엄마가바람났다,,22회,전국,002938,드라마&영화,드라마,아침드라마,0,0.42932,0.03018,0,0.1608,0.29545,0.41497,0,0,0,0,0.38027,0.57667,0.53132,"오필정역:현쥬니,강석준역:이재황,이은주역:문보령,강석환역:김형범,오순정역:남이안,김복순역:박순천,박민호역:길정우,박민지역:홍제이,김해정역:양금석,강태수역:이원재,이태우역:서현석,최동석역:김동균,최은자역:이진아,최유경역:이영은,최미영역:전은채,왕기범역:차승우,하열도역:김영훈,홍수경역:노정명,박태섭역:강서준,박혜진역:박지수"
20200604,SBS플러스,071006,073941,엄마가바람났다,,23회,전국,002935,드라마&영화,드라마,아침드라마,0.62188,0.1288,0.07325,0.03347,0.3614,0.36144,0.52744,0,0,0.01043,0.42614,0.41282,0.67932,0.80222,"오필정역:현쥬니,강석준역:이재황,이은주역:문보령,강석환역:김형범,오순정역:남이안,김복순역:박순천,박민호역:길정우,박민지역:홍제이,김해정역:양금석,강태수역:이원재,이태우역:서현석,최동석역:김동균,최은자역:이진아,최유경역:이영은,최미영역:전은채,왕기범역:차승우,하열도역:김영훈,홍수경역:노정명,박태섭역:강서준,박혜진역:박지수"
20200604,SBS플러스,075511,085923,너의목소리가들려,,17회,전국,010412,드라마&영화,드라마,미니시리즈,0.04164,0,0.04242,0.02958,0.08971,0.03024,0.0842,0,0,0.09158,0.16691,0.11708,0.0831,0.08464,"장혜성역:이보영,박수하역:이종석,차관우역:윤상현,서도연역:이다희,어춘심역:김해숙,민준국역:정웅인,신상덕역:윤주상,서대석역:정동환,김공숙역:김광규,황달중역:김병옥,고성빈역:김가은,최유창역:최성준,김충기역:박두식,박주혁역:조덕현,도연엄마역:장희수,어린장혜성역:김소현,어린박수하역:구승현,어린서도연역:정민아,정필재역:한기원,정필승역:한기웅,변호사역:소이현,형사역:김성균,문동희역:김수연,최윤역:김민종,고아원입양담당자역:안문숙,엄기준역:엄기준,백화점손님역:안영미,경찰역:정만식,소매치기역:강남"
20200604,SBS플러스,185615,200926,더킹영원의군주,,13회,전국,011311,드라마&영화,드라마,미니시리즈,0,0.04705,0.38642,0.13707,0.01762,0.41254,0.12264,0,0.07146,0.03923,0.62357,0.33261,0.46671,0.02828,"이곤역:이민호,정태을역:김고은,조은섭역:우도환,조영역:우도환,강신재역:김경남,구서령역:정은채,이림역:이정진,루나역:김고은,노옥남역:김영옥,정도인역:전배수,송정혜역:서정연,박문식역:박원상,장미카엘역:강홍석,이종인역:전무송,명나리역:김용지,명승아역:김용지,유경무역:이해영,민화연역:황영희,박지영역:박지연,모비서역:백현주,석호필역:이홍내"
20200604,SKY,030423,033306,열혈사제,,5회,전국,002843,드라마&영화,드라마,미니시리즈,0,0,0.02388,0.06661,0.39137,0,0,0,0,0.0174,0.05476,0,0.01599,0,"김해일역:김남길,구대영역:김성균,박경선역:이하늬,황철범역:고준,서승아역:금새록,정동자역:정영주,강석태역:김형묵,남석구역:정인기,박원무역:한기중,기용문역:이문식,블라디미르고자예프역:김원해,이영준역:정동환,한성규역:전성우,김인경역:백지원,쏭삭테카라타나푸라서트역:안창환,오요한역:고규필,배희정역:윤주희,이명수역:신담수,허익구역:전정관,나대길역:지찬,이중권역:김민재,김훈석역:이제연,장룡역:음문석"
20200604,SKY,033418,040551,열혈사제,,6회,전국,003133,드라마&영화,드라마,미니시리즈,0,0,0,0.00755,0.34664,0.01209,0,0,0,0,0,0,0,0,"김해일역:김남길,구대영역:김성균,박경선역:이하늬,황철범역:고준,서승아역:금새록,정동자역:정영주,강석태역:김형묵,남석구역:정인기,박원무역:한기중,기용문역:이문식,블라디미르고자예프역:김원해,이영준역:정동환,한성규역:전성우,김인경역:백지원,쏭삭테카라타나푸라서트역:안창환,오요한역:고규필,배희정역:윤주희,이명수역:신담수,허익구역:전정관,나대길역:지찬,이중권역:김민재,김훈석역:이제연,장룡역:음문석"
20200604,SKY,041515,044415,열혈사제,,7회,전국,002900,드라마&영화,드라마,미니시리즈,0,0,0,0,0.28027,0.01601,0.07385,0,0,0,0.0612,0.11266,0.01343,0.01508,"김해일역:김남길,구대영역:김성균,박경선역:이하늬,황철범역:고준,서승아역:금새록,정동자역:정영주,강석태역:김형묵,남석구역:정인기,박원무역:한기중,기용문역:이문식,블라디미르고자예프역:김원해,이영준역:정동환,한성규역:전성우,김인경역:백지원,쏭삭테카라타나푸라서트역:안창환,오요한역:고규필,배희정역:윤주희,이명수역:신담수,허익구역:전정관,나대길역:지찬,이중권역:김민재,김훈석역:이제연,장룡역:음문석"
20200604,SKY,044527,051610,열혈사제,,8회,전국,003043,드라마&영화,드라마,미니시리즈,0,0,0,0,0.13663,0,0.04657,0,0,0,0.11451,0.08385,0.10275,0.00241,"김해일역:김남길,구대영역:김성균,박경선역:이하늬,황철범역:고준,서승아역:금새록,정동자역:정영주,강석태역:김형묵,남석구역:정인기,박원무역:한기중,기용문역:이문식,블라디미르고자예프역:김원해,이영준역:정동환,한성규역:전성우,김인경역:백지원,쏭삭테카라타나푸라서트역:안창환,오요한역:고규필,배희정역:윤주희,이명수역:신담수,허익구역:전정관,나대길역:지찬,이중권역:김민재,김훈석역:이제연,장룡역:음문석"
20200604,SKY,064857,075152,야식남녀,,3회,전국,010255,드라마&영화,드라마,미니시리즈,0,0,0,0,0.05092,0,0.00761,0,0,0,0,0.00167,0.00241,0.00098,"박진성역:정일우,김아진역:강지영,강태완역:이학주,이상영역:김승수,차주희역:김수진,남규장역:양대혁,유성은역:공민정,노재수역:박성준,박진우역:최재현"
20200604,SKY,080217,090516,야식남녀,,4회,전국,010259,드라마&영화,드라마,미니시리즈,0,0,0,0,0,0,0,0,0,0,0,0.00318,0.00428,0.00079,"박진성역:정일우,김아진역:강지영,강태완역:이학주,이상영역:김승수,차주희역:김수진,남규장역:양대혁,유성은역:공민정,노재수역:박성준,박진우역:최재현"
20200604,ONCE,020000,024429,동이,,43회,전국,004429,드라마&영화,드라마,주간연속극,0,0,0,0,0.1596,0.00704,0.0265,0,0,0,0,0,0.00409,0.01419,"동이역:한효주,숙종역:지진희,희빈장씨역:이소연,차천수역:배수빈,서용기역:정진영,인현왕후역:박하선,오태석역:정동환,이종욱역:이정훈,홍태윤역:손일권,박도식역:최재호,도승지역:신국,오호양역:여호민,황주식역:이희도,정인국역:나성균,최효원역:천호진,장익헌역:이재용,김환역:정인기,은금역:한다민,오태풍역:이계인,태풍처역:이숙,장희재역:김유석,설희역:김혜진,게둬라부역:정은표,오윤역:최철호,게둬라역:최수한,심운택역:김동윤,동이어린시절역:김유정,봉상궁역:김소이,조상궁역:안여진,유상궁역:임성민,정임역:정유미,애종역:강유미,시비역:오은호,미지역:최하나,대전내관역:정선일,명성대비역:박정수,정상궁역:김혜선,영달역:이광수,최동주역:정성운,장무열역:최종환,이금역:이형석,경종역:윤찬,김구선역:맹상훈,인원왕후역:오연서"
20200604,ONCE,025533,040036,동이,,44회,전국,010503,드라마&영화,드라마,주간연속극,0,0,0,0,0.27177,0,0.0114,0,0,0,0.00639,0,0,0.01998,"동이역:한효주,숙종역:지진희,희빈장씨역:이소연,차천수역:배수빈,서용기역:정진영,인현왕후역:박하선,오태석역:정동환,이종욱역:이정훈,홍태윤역:손일권,박도식역:최재호,도승지역:신국,오호양역:여호민,황주식역:이희도,정인국역:나성균,최효원역:천호진,장익헌역:이재용,김환역:정인기,은금역:한다민,오태풍역:이계인,태풍처역:이숙,장희재역:김유석,설희역:김혜진,게둬라부역:정은표,오윤역:최철호,게둬라역:최수한,심운택역:김동윤,동이어린시절역:김유정,봉상궁역:김소이,조상궁역:안여진,유상궁역:임성민,정임역:정유미,애종역:강유미,시비역:오은호,미지역:최하나,대전내관역:정선일,명성대비역:박정수,정상궁역:김혜선,영달역:이광수,최동주역:정성운,장무열역:최종환,이금역:이형석,경종역:윤찬,김구선역:맹상훈,인원왕후역:오연서"
20200604,ONCE,054247,062421,전원일기,,417회,전국,004134,드라마&영화,드라마,주말연속극,0,0.18274,0,0,0.01468,0.04113,0.01525,0.75754,0,0,0,0,0.18439,0.03275,"최불암,김혜자,김용건,김수미,고두심,유인촌,정대홍"
20200604,ONCE,062851,070904,전원일기,,418회,전국,004013,드라마&영화,드라마,주말연속극,0,0.00914,0,0,0,0,0.01427,0.03788,0,0,0.01282,0.0068,0.09973,0.00699,"최불암,김혜자,김용건,김수미,고두심,유인촌,정대홍"
20200604,ONCE,072315,082723,동이,,43회,전국,010408,드라마&영화,드라마,주간연속극,0.02174,0,0.00439,0.07127,0.00743,0.00397,0.02688,0.0191,0,0.00333,0.0061,0.00858,0,0.01998,"동이역:한효주,숙종역:지진희,희빈장씨역:이소연,차천수역:배수빈,서용기역:정진영,인현왕후역:박하선,오태석역:정동환,이종욱역:이정훈,홍태윤역:손일권,박도식역:최재호,도승지역:신국,오호양역:여호민,황주식역:이희도,정인국역:나성균,최효원역:천호진,장익헌역:이재용,김환역:정인기,은금역:한다민,오태풍역:이계인,태풍처역:이숙,장희재역:김유석,설희역:김혜진,게둬라부역:정은표,오윤역:최철호,게둬라역:최수한,심운택역:김동윤,동이어린시절역:김유정,봉상궁역:김소이,조상궁역:안여진,유상궁역:임성민,정임역:정유미,애종역:강유미,시비역:오은호,미지역:최하나,대전내관역:정선일,명성대비역:박정수,정상궁역:김혜선,영달역:이광수,최동주역:정성운,장무열역:최종환,이금역:이형석,경종역:윤찬,김구선역:맹상훈,인원왕후역:오연서"
20200604,ONCE,083910,094411,동이,,44회,전국,010501,드라마&영화,드라마,주간연속극,0,0,0,0,0.00143,0.16803,0.03739,0,0,0,0.00206,0,0,0.0139,"동이역:한효주,숙종역:지진희,희빈장씨역:이소연,차천수역:배수빈,서용기역:정진영,인현왕후역:박하선,오태석역:정동환,이종욱역:이정훈,홍태윤역:손일권,박도식역:최재호,도승지역:신국,오호양역:여호민,황주식역:이희도,정인국역:나성균,최효원역:천호진,장익헌역:이재용,김환역:정인기,은금역:한다민,오태풍역:이계인,태풍처역:이숙,장희재역:김유석,설희역:김혜진,게둬라부역:정은표,오윤역:최철호,게둬라역:최수한,심운택역:김동윤,동이어린시절역:김유정,봉상궁역:김소이,조상궁역:안여진,유상궁역:임성민,정임역:정유미,애종역:강유미,시비역:오은호,미지역:최하나,대전내관역:정선일,명성대비역:박정수,정상궁역:김혜선,영달역:이광수,최동주역:정성운,장무열역:최종환,이금역:이형석,경종역:윤찬,김구선역:맹상훈,인원왕후역:오연서"
20200604,ONCE,095351,103325,전원일기,,419회,전국,003934,드라마&영화,드라마,주말연속극,0,0,0,0,0,0.10409,0.02936,0,0,0,0.06245,0,0.21673,0.02215,"최불암,김혜자,김용건,김수미,고두심,유인촌,정대홍"
20200604,ONCE,104329,112329,전원일기,,420회,전국,004000,드라마&영화,드라마,주말연속극,0,0,0.01071,0,0,0.04589,0.11338,0,0.03481,0.00438,0,0.04039,0.08941,0.03051,"최불암,김혜자,김용건,김수미,고두심,유인촌,정대홍"
20200604,ONCE,113444,123143,대조영,,46회,전국,005659,드라마&영화,드라마,주말연속극,0,0,0,0,0,0.00562,0.10383,0,0,0.00978,0,0.00613,0.05848,0.01109,"대조영역:최수종,이해고역:정보석,설인귀역:이덕화,초린역:박예진,검이역:정태우,숙영역:홍수현,양만춘역:임동진,흑수돌역:김학철,연남생역:임호,대중상역:임혁,걸사비우역:최철호,검모잠역:김명수,당태종역:송용태,부지광역:박지일,미모사역:김정현,금란역:심은진,부기원역:김하균,보장왕역:길용우,이진충역:김동현,손만영역:조인표,신홍역:김규철,계필사문역:윤용현,퉁소역:방형주,홍패역:유태술,이문역:남성진,팔보역:우봉식"
20200604,ONCE,165335,175034,대조영,,46회,전국,005659,드라마&영화,드라마,주말연속극,0.28974,0,0.10941,0.0083,0.24881,0.2179,0.06385,0,0,0.03099,0.14809,0,0.18839,0.09518,"대조영역:최수종,이해고역:정보석,설인귀역:이덕화,초린역:박예진,검이역:정태우,숙영역:홍수현,양만춘역:임동진,흑수돌역:김학철,연남생역:임호,대중상역:임혁,걸사비우역:최철호,검모잠역:김명수,당태종역:송용태,부지광역:박지일,미모사역:김정현,금란역:심은진,부기원역:김하균,보장왕역:길용우,이진충역:김동현,손만영역:조인표,신홍역:김규철,계필사문역:윤용현,퉁소역:방형주,홍패역:유태술,이문역:남성진,팔보역:우봉식"
20200604,ONCE,180449,190702,동이,,45회,전국,010213,드라마&영화,드라마,주간연속극,0,0.0224,0.03803,0.01086,0.00694,0.00312,0.0289,0,0,0.03544,0.01112,0.31553,0.02867,0.01618,"동이역:한효주,숙종역:지진희,희빈장씨역:이소연,차천수역:배수빈,서용기역:정진영,인현왕후역:박하선,오태석역:정동환,이종욱역:이정훈,홍태윤역:손일권,박도식역:최재호,도승지역:신국,오호양역:여호민,황주식역:이희도,정인국역:나성균,최효원역:천호진,장익헌역:이재용,김환역:정인기,은금역:한다민,오태풍역:이계인,태풍처역:이숙,장희재역:김유석,설희역:김혜진,게둬라부역:정은표,오윤역:최철호,게둬라역:최수한,심운택역:김동윤,동이어린시절역:김유정,봉상궁역:김소이,조상궁역:안여진,유상궁역:임성민,정임역:정유미,애종역:강유미,시비역:오은호,미지역:최하나,대전내관역:정선일,명성대비역:박정수,정상궁역:김혜선,영달역:이광수,최동주역:정성운,장무열역:최종환,이금역:이형석,경종역:윤찬,김구선역:맹상훈,인원왕후역:오연서"
20200604,ONCE,192118,202454,동이,,46회,전국,010336,드라마&영화,드라마,주간연속극,0,0.00466,0.08019,0,0.25397,0.153,0.08051,0,0.08463,0.07473,0.01179,0.12831,0.05609,0.03204,"동이역:한효주,숙종역:지진희,희빈장씨역:이소연,차천수역:배수빈,서용기역:정진영,인현왕후역:박하선,오태석역:정동환,이종욱역:이정훈,홍태윤역:손일권,박도식역:최재호,도승지역:신국,오호양역:여호민,황주식역:이희도,정인국역:나성균,최효원역:천호진,장익헌역:이재용,김환역:정인기,은금역:한다민,오태풍역:이계인,태풍처역:이숙,장희재역:김유석,설희역:김혜진,게둬라부역:정은표,오윤역:최철호,게둬라역:최수한,심운택역:김동윤,동이어린시절역:김유정,봉상궁역:김소이,조상궁역:안여진,유상궁역:임성민,정임역:정유미,애종역:강유미,시비역:오은호,미지역:최하나,대전내관역:정선일,명성대비역:박정수,정상궁역:김혜선,영달역:이광수,최동주역:정성운,장무열역:최종환,이금역:이형석,경종역:윤찬,김구선역:맹상훈,인원왕후역:오연서"
20200604,ONCE,223800,231734,전원일기,,419회,전국,003934,드라마&영화,드라마,주말연속극,0,0,0.45716,0.28741,0,0.19999,0.10033,0,0.01669,0,0,0.01693,0.36783,0,"최불암,김혜자,김용건,김수미,고두심,유인촌,정대홍"
20200604,ONCE,232508,240508,전원일기,,420회,전국,004000,드라마&영화,드라마,주말연속극,0,0.01492,0.4478,0,0,0.18963,0.1278,0,0,0,0,0,0.37513,0,"최불암,김혜자,김용건,김수미,고두심,유인촌,정대홍"
20200604,ONCE,241818,251517,대조영,,46회,전국,005659,드라마&영화,드라마,주말연속극,0.01614,0,0,0,0.00894,0.17648,0.02211,0,0,0,0,0.00452,0,0.00762,"대조영역:최수종,이해고역:정보석,설인귀역:이덕화,초린역:박예진,검이역:정태우,숙영역:홍수현,양만춘역:임동진,흑수돌역:김학철,연남생역:임호,대중상역:임혁,걸사비우역:최철호,검모잠역:김명수,당태종역:송용태,부지광역:박지일,미모사역:김정현,금란역:심은진,부기원역:김하균,보장왕역:길용우,이진충역:김동현,손만영역:조인표,신홍역:김규철,계필사문역:윤용현,퉁소역:방형주,홍패역:유태술,이문역:남성진,팔보역:우봉식"
20200604,ONCE,252832,255959,동이,,43회,전국,003127,드라마&영화,드라마,주간연속극,0,0,0,0,0.00656,0.14976,0,0,0.01413,0,0.00292,0.00434,0,0.00618,"동이역:한효주,숙종역:지진희,희빈장씨역:이소연,차천수역:배수빈,서용기역:정진영,인현왕후역:박하선,오태석역:정동환,이종욱역:이정훈,홍태윤역:손일권,박도식역:최재호,도승지역:신국,오호양역:여호민,황주식역:이희도,정인국역:나성균,최효원역:천호진,장익헌역:이재용,김환역:정인기,은금역:한다민,오태풍역:이계인,태풍처역:이숙,장희재역:김유석,설희역:김혜진,게둬라부역:정은표,오윤역:최철호,게둬라역:최수한,심운택역:김동윤,동이어린시절역:김유정,봉상궁역:김소이,조상궁역:안여진,유상궁역:임성민,정임역:정유미,애종역:강유미,시비역:오은호,미지역:최하나,대전내관역:정선일,명성대비역:박정수,정상궁역:김혜선,영달역:이광수,최동주역:정성운,장무열역:최종환,이금역:이형석,경종역:윤찬,김구선역:맹상훈,인원왕후역:오연서"
20200604,SKYUHD,104642,115041,야식남녀,,1회,전국,010359,드라마&영화,드라마,미니시리즈,0,0,0,0,0,0,0,0,0,0.01616,0,0.01835,0,0,"박진성역:정일우,김아진역:강지영,강태완역:이학주,이상영역:김승수,차주희역:김수진,남규장역:양대혁,유성은역:공민정,노재수역:박성준,박진우역:최재현"
20200604,SKYUHD,163814,174213,야식남녀,,1회,전국,010359,드라마&영화,드라마,미니시리즈,0,0,0,0,0,0,0,0,0,0,0,0,0,0,"박진성역:정일우,김아진역:강지영,강태완역:이학주,이상영역:김승수,차주희역:김수진,남규장역:양대혁,유성은역:공민정,노재수역:박성준,박진우역:최재현"
20200604,SKYUHD,204354,215010,야식남녀,,2회,전국,010616,드라마&영화,드라마,미니시리즈,0,0,0,0,0,0,0,0,0,0,0,0,0,0,"박진성역:정일우,김아진역:강지영,강태완역:이학주,이상영역:김승수,차주희역:김수진,남규장역:양대혁,유성은역:공민정,노재수역:박성준,박진우역:최재현"
20200604,SKYUHD,241331,255959,야식남녀,,1회/2회,전국,014628,드라마&영화,드라마,미니시리즈,0,0,0,0,0,0,0,0,0,0,0,0,0,0,"박진성역:정일우,김아진역:강지영,강태완역:이학주,이상영역:김승수,차주희역:김수진,남규장역:양대혁,유성은역:공민정,노재수역:박성준,박진우역:최재현"
20200604,OCN Thrills,162529,172709,번외수사,,3회,전국,010140,드라마&영화,드라마,미니시리즈,0,0,0.00319,0,0.094,0.05626,0.08701,0,0,0.27403,0,0,0.11641,0.13032,"진강호역:차태현,강무영역:이선빈,이반석역:정상훈,테디정역:윤경호,탁원역:지승현,민대진역:박정우,맨손역:박태산,연장역:장진희,지수철역:이영석,노순이역:민경옥"
20200604,OCN Thrills,173623,183754,번외수사,,4회,전국,010131,드라마&영화,드라마,미니시리즈,0,0.00589,0.10058,0.05877,0.17227,0.13236,0.22734,0,0.00202,0.49119,0.00527,0.12374,0.11475,0.35289,"진강호역:차태현,강무영역:이선빈,이반석역:정상훈,테디정역:윤경호,탁원역:지승현,민대진역:박정우,맨손역:박태산,연장역:장진희,지수철역:이영석,노순이역:민경옥"
20200604,TRENDY,064907,075557,부부클리닉사랑과전쟁2,,15회,전국,010650,드라마&영화,드라마,단막극,0,0,0,0,0,0,0.00518,0,0,0.02272,0.00208,0,0.01537,0.01114,"이재만,민지영,최영완,이정수,장가현,손유경,이준우"
20200604,TRENDY,080648,091735,부부클리닉사랑과전쟁2,,16회,전국,011047,드라마&영화,드라마,단막극,0,0,0,0.08764,0,0.00361,0.09417,0,0,0,0,0.11424,0.00455,0.01904,"이재만,민지영,최영완,이정수,장가현,손유경,이준우"
20200604,TRENDY,134411,145101,부부클리닉사랑과전쟁2,,15회,전국,010650,드라마&영화,드라마,단막극,0.04344,0,0,0.00706,0.01107,0,0.00613,0,0,0.01884,0,0.0148,0.1092,0.05502,"이재만,민지영,최영완,이정수,장가현,손유경,이준우"
20200604,TRENDY,150450,161541,부부클리닉사랑과전쟁2,,16회,전국,011051,드라마&영화,드라마,단막극,0,0.00642,0.00488,0.00587,0.02852,0.0403,0.00182,0,0.00565,0.00355,0.05399,0.00611,0.24175,0.14831,"이재만,민지영,최영완,이정수,장가현,손유경,이준우"
20200604,TRENDY,223918,234610,부부클리닉사랑과전쟁2,,15회,전국,010652,드라마&영화,드라마,단막극,0,0,0,0,0,0.29967,0.01437,0,0.01486,0.36527,0.22721,0.01163,0.17049,0.09228,"이재만,민지영,최영완,이정수,장가현,손유경,이준우"
20200604,TRENDY,240123,251215,부부클리닉사랑과전쟁2,,16회,전국,011052,드라마&영화,드라마,단막극,0,0,0,0.12668,0.01788,0.00817,0.17912,0,0,0.1452,0,0.01664,0,0.19685,"이재만,민지영,최영완,이정수,장가현,손유경,이준우"
20200604,WeLike,060730,065936,징비록,,47회,전국,005206,드라마&영화,드라마,주말연속극,0,0,0,0,0,0,0,0,0,0,0,0,0,0,"서애류성룡역:김상중,선조역:김태우,오음윤두수역:임동진,아계이산해역:이재용,귀인김씨역:김혜은,도요토미히데요시역:김규철,고니시유키나가역:이광기,가토기요마사역:이정용,한음이덕형역:남성진,백사이항복역:최철호,이천리역:정태우,광해군역:노영학,우계성혼역:김효원,송강정철역:선동혁,심유경역:이기열,송응창역:최일화,신립역:김형일,구봉송익필역:박지일,학봉김성일역:박철호,현소역:박유승,이여송역:정흥채,우송당황윤길역:김종수,의인왕후박씨역:황인영,소오요시토시역:조재완,신명철역:이관훈,한설희역:한지완,동동역:한가림,임해군역:윤홍빈,사신홍여순역:김민상,오리이원익역:김정학,두암김응남역:홍일권,나암정언신역:박칠용,연부정언지역:허기호,신성군,우희다수가역:김리우,전전리가역:조상구,석전삼성역:강신조,네네역:오지영,사야가역:길상,요도역:손승우,만력제역:장태성,석성역:이원발,정귀비역:서윤아,이순신역:김석훈,이일역:서현철,권율역:김영기,정운역:조순창,송희립역:전승빈,곽재우역:임혁,정탁역:이대로,조승훈역:손호균,장세작역:박선우,낙상지역:공정환,범애유조인역:고인범,순화군역:김태용,김명원역:임병기,배흥립역:나주석"
20200604,WeLike,071154,075849,징비록,,48회,전국,004655,드라마&영화,드라마,주말연속극,0,0,0,0,0,0.00659,0.00334,0,0,0,0,0,0,0.00402,"서애류성룡역:김상중,선조역:김태우,오음윤두수역:임동진,아계이산해역:이재용,귀인김씨역:김혜은,도요토미히데요시역:김규철,고니시유키나가역:이광기,가토기요마사역:이정용,한음이덕형역:남성진,백사이항복역:최철호,이천리역:정태우,광해군역:노영학,우계성혼역:김효원,송강정철역:선동혁,심유경역:이기열,송응창역:최일화,신립역:김형일,구봉송익필역:박지일,학봉김성일역:박철호,현소역:박유승,이여송역:정흥채,우송당황윤길역:김종수,의인왕후박씨역:황인영,소오요시토시역:조재완,신명철역:이관훈,한설희역:한지완,동동역:한가림,임해군역:윤홍빈,사신홍여순역:김민상,오리이원익역:김정학,두암김응남역:홍일권,나암정언신역:박칠용,연부정언지역:허기호,신성군,우희다수가역:김리우,전전리가역:조상구,석전삼성역:강신조,네네역:오지영,사야가역:길상,요도역:손승우,만력제역:장태성,석성역:이원발,정귀비역:서윤아,이순신역:김석훈,이일역:서현철,권율역:김영기,정운역:조순창,송희립역:전승빈,곽재우역:임혁,정탁역:이대로,조승훈역:손호균,장세작역:박선우,낙상지역:공정환,범애유조인역:고인범,순화군역:김태용,김명원역:임병기,배흥립역:나주석"
20200605,KBS1,203115,205920,기막힌유산,,35회,전국,002805,드라마&영화,드라마,일일연속극,4.3102,2.41977,2.12561,3.46855,2.95039,9.81155,22.69865,5.98637,3.06757,2.25127,4.47496,4.48644,14.02307,27.54132,"부영배역:박인환,공계옥역:강세정,부설악역:신정윤,부백두역:강신조,윤민주역:이아현,부금강역:남성진,신애리역:김가연,정미희역:박순천,김용미역:이응경,부한라역:박신우,성판금역:조양자,부가온역:김비주,부태희역:김연지,부혜교역:김효경,부지현역:강유라,공소영역:김난주,이장원역:이일준,김수민역:조서후,김종두역:이춘식,차정건역:조순창,이청아역:정서하,손보미역:박민지,김영지역:주민하,강선희역:박현정,천호식역:백신,이정태역:노상보,고향숙역:박소정"
20200605,KBS2,090518,093333,기막힌유산,,34회,전국,002815,드라마&영화,드라마,일일연속극,2.97144,1.51536,0.56278,0.78814,1.61581,2.83415,3.06889,0.66592,0.42117,0.16302,1.45669,2.12332,3.10071,4.31791,"부영배역:박인환,공계옥역:강세정,부설악역:신정윤,부백두역:강신조,윤민주역:이아현,부금강역:남성진,신애리역:김가연,정미희역:박순천,김용미역:이응경,부한라역:박신우,성판금역:조양자,부가온역:김비주,부태희역:김연지,부혜교역:김효경,부지현역:강유라,공소영역:김난주,이장원역:이일준,김수민역:조서후,김종두역:이춘식,차정건역:조순창,이청아역:정서하,손보미역:박민지,김영지역:주민하,강선희역:박현정,천호식역:백신,이정태역:노상보,고향숙역:박소정"
20200605,KBS2,110534,121441,한번다녀왔습니다,<37회/38회>,37회/38회,전국,010907,드라마&영화,드라마,주말연속극,0.15502,0.2653,0.24262,0.20128,0.4643,0.3197,1.0603,0.01469,0.1783,0.14658,0.06881,0.30642,0.72479,1.21425,"송영달역:천호진,장옥분역:차화연,최윤정역:김보연,강초연역:이정은,송나희역:이민정,윤규진역:이상엽,송준선역:오대환,송가희역:오윤아,송다희역:이초희,양치수역:안길강,장옥자역:백지원,성현경역:임정은,윤재석역:이상이,박효신역:기도훈,김지훈역:문우진,이주리역:김소라,김가연역:송다은,건어물역:신미영,꽈배기역:김가영,송서영역:이가연,송서진역:안서연,이정록역:알렉스,유보영역:손성윤,유시후역:송민재,박지연역:신수정,한기영역:강유석,홍성우역:김현목,신혜정역:김미은,심정희역:이상경,오연지역:한봄,오정봉역:오의식,이종수역:장원혁,김승현역:배호근,송이역:김주영,지원역:찬희,이현역:이필모"
20200605,KBS2,122626,133543,한번다녀왔습니다,<39회/40회>,39회/40회,전국,010917,드라마&영화,드라마,주말연속극,0.21324,0.41106,0.18862,0.13719,0.71426,0.49122,1.4761,0,0.61348,0.30319,0.76628,1.08938,0.83214,1.92209,"송영달역:천호진,장옥분역:차화연,최윤정역:김보연,강초연역:이정은,송나희역:이민정,윤규진역:이상엽,송준선역:오대환,송가희역:오윤아,송다희역:이초희,양치수역:안길강,장옥자역:백지원,성현경역:임정은,윤재석역:이상이,박효신역:기도훈,김지훈역:문우진,이주리역:김소라,김가연역:송다은,건어물역:신미영,꽈배기역:김가영,송서영역:이가연,송서진역:안서연,이정록역:알렉스,유보영역:손성윤,유시후역:송민재,박지연역:신수정,한기영역:강유석,홍성우역:김현목,신혜정역:김미은,심정희역:이상경,오연지역:한봄,오정봉역:오의식,이종수역:장원혁,김승현역:배호근,송이역:김주영,지원역:찬희,이현역:이필모"
20200605,SBS,083624,090710,엄마가바람났다,,25회,전국,003046,드라마&영화,드라마,아침드라마,3.08718,1.78745,1.15637,1.43488,2.25966,2.88914,4.84402,0.76669,0.66076,0.51975,2.59288,2.68595,3.37925,6.65249,"오필정역:현쥬니,강석준역:이재황,이은주역:문보령,강석환역:김형범,오순정역:남이안,김복순역:박순천,박민호역:길정우,박민지역:홍제이,김해정역:양금석,강태수역:이원재,이태우역:서현석,최동석역:김동균,최은자역:이진아,최유경역:이영은,최미영역:전은채,왕기범역:차승우,하열도역:김영훈,홍수경역:노정명,박태섭역:강서준,박혜진역:박지수"
20200605,SBS,123958,130723,더킹영원의군주,<1부>,13회,전국,002725,드라마&영화,드라마,미니시리즈,0.05955,0.39496,0.0578,0.07214,0.7555,0.29774,0.87524,0.51113,0,0.09506,0.33956,0.84033,0.68932,0.63724,"이곤역:이민호,정태을역:김고은,조은섭역:우도환,조영역:우도환,강신재역:김경남,구서령역:정은채,이림역:이정진,루나역:김고은,노옥남역:김영옥,정도인역:전배수,송정혜역:서정연,박문식역:박원상,장미카엘역:강홍석,이종인역:전무송,명나리역:김용지,명승아역:김용지,유경무역:이해영,민화연역:황영희,박지영역:박지연,모비서역:백현주,석호필역:이홍내"
20200605,SBS,130805,135214,더킹영원의군주,<2부>,13회,전국,004409,드라마&영화,드라마,미니시리즈,0,0.20485,0.11126,0.25824,0.28624,0.71336,0.91298,0.01742,0,0.37935,0.2562,0.93198,0.90316,0.74254,"이곤역:이민호,정태을역:김고은,조은섭역:우도환,조영역:우도환,강신재역:김경남,구서령역:정은채,이림역:이정진,루나역:김고은,노옥남역:김영옥,정도인역:전배수,송정혜역:서정연,박문식역:박원상,장미카엘역:강홍석,이종인역:전무송,명나리역:김용지,명승아역:김용지,유경무역:이해영,민화연역:황영희,박지영역:박지연,모비서역:백현주,석호필역:이홍내"
20200605,SBS,220117,222809,더킹영원의군주,<1부>,14회,전국,002652,드라마&영화,드라마,미니시리즈,0.47017,1.15426,0.6789,2.36743,2.01913,3.72689,3.31641,0.94531,1.34772,1.16332,3.24622,3.42012,5.01815,2.81144,"이곤역:이민호,정태을역:김고은,조은섭역:우도환,조영역:우도환,강신재역:김경남,구서령역:정은채,이림역:이정진,루나역:김고은,노옥남역:김영옥,정도인역:전배수,송정혜역:서정연,박문식역:박원상,장미카엘역:강홍석,이종인역:전무송,명나리역:김용지,명승아역:김용지,유경무역:이해영,민화연역:황영희,박지영역:박지연,모비서역:백현주,석호필역:이홍내"
20200605,SBS,222919,231320,더킹영원의군주,<2부>,14회,전국,004401,드라마&영화,드라마,미니시리즈,3.12312,2.055,1.65465,3.37343,4.33315,5.2658,3.26962,3.9164,2.63943,1.75357,5.56994,6.11174,6.7232,3.71792,"이곤역:이민호,정태을역:김고은,조은섭역:우도환,조영역:우도환,강신재역:김경남,구서령역:정은채,이림역:이정진,루나역:김고은,노옥남역:김영옥,정도인역:전배수,송정혜역:서정연,박문식역:박원상,장미카엘역:강홍석,이종인역:전무송,명나리역:김용지,명승아역:김용지,유경무역:이해영,민화연역:황영희,박지영역:박지연,모비서역:백현주,석호필역:이홍내"
20200605,OBS,094004,104255,구가의서,,4회,전국,010251,드라마&영화,드라마,주간연속극,0,0,0,0,0,0,0.07148,0,0,0,0,0.02819,0,0.23353,"최강치역:이승기,담여울역:수지,조관웅역:이성재,담평준역:조성하,박태서역:유연석,박청조역:이유비,곤역:성준,구월령역:최진혁,윤서화역:이연희,소정법사역:김희원,천수련역:정혜영,자홍명역:윤세아,박무솔역:엄효섭,월선역:손승우,이순신역:유동근,마봉출역:조재윤,카게시마역:데이비드맥기니스,한노역:박주형,윤씨역:김희정,억만역:김기방,윤정윤역:이다윗,담이역:김보미,필목역:송영규,공달선생역:이도경"
20200605,OBS,182009,192314,구가의서,,5회,전국,010305,드라마&영화,드라마,주간연속극,0,0.29323,0.01207,0.00367,0.00245,0.06851,0.06231,0,0.00773,0.00995,0,0.18598,0.14812,0.03035,"최강치역:이승기,담여울역:수지,조관웅역:이성재,담평준역:조성하,박태서역:유연석,박청조역:이유비,곤역:성준,구월령역:최진혁,윤서화역:이연희,소정법사역:김희원,천수련역:정혜영,자홍명역:윤세아,박무솔역:엄효섭,월선역:손승우,이순신역:유동근,마봉출역:조재윤,카게시마역:데이비드맥기니스,한노역:박주형,윤씨역:김희정,억만역:김기방,윤정윤역:이다윗,담이역:김보미,필목역:송영규,공달선생역:이도경"
20200605,JTBC,124249,134958,쌍갑포차,,6회,전국,010709,드라마&영화,드라마,미니시리즈,0.67074,0,0.20857,0.19685,0.29013,0.58444,0.21348,0,0.01565,0.61025,0.18728,0.12144,0.92269,0.59421,"월주역:황정음,한강배역:육성재,귀반장역:최원영,염부장역:이준혁,강여린역:정다은,최진동역:안태환,송미란역:박하나,박대리역:박주형,김원형역:나인우"
20200605,TV CHOSUN,103202,113247,바람과구름과비,,4회,전국,010045,드라마&영화,드라마,미니시리즈,0,0.29444,0.09431,0.26002,0.32148,0.55238,1.24135,0,0.00658,0.15642,0.0247,0.742,0.84496,0.82944,"최천중역:박시후,봉련역:고성희,흥선대원군이하응역:전광렬,채인규역:성혁,김병운역:김승수,김좌근역:차광수,나합역:윤아정,김병학역:한재영,조대비역:김보연,철종역:정욱,이하전역:이루,명성황후민자영역:박정연,고종이재황역:박상훈,용팔룡역:조복래,주모역:김주령,적도사진상역:한동규,팽구철역:노형욱,만석역:박노식,연치성역:임현수,반달역:왕빛나,임종사관역:허태희,최천중어린시절역:강태우,봉련어린시절역:홍승희,채인규어린시절역:최정우,상복역:허성태,민승호역:이해우,저자이병주,출판그림같은세상2020.08.28.,e북무료판매처 1건"
20200605,TV CHOSUN,114506,124526,바람과구름과비,,5회,전국,010020,드라마&영화,드라마,미니시리즈,0.05784,0.31303,0.38631,0.51349,0.32756,0.42992,1.20753,0,0.03075,0.42559,0.21159,0.72914,1.16275,1.22056,"최천중역:박시후,봉련역:고성희,흥선대원군이하응역:전광렬,채인규역:성혁,김병운역:김승수,김좌근역:차광수,나합역:윤아정,김병학역:한재영,조대비역:김보연,철종역:정욱,이하전역:이루,명성황후민자영역:박정연,고종이재황역:박상훈,용팔룡역:조복래,주모역:김주령,적도사진상역:한동규,팽구철역:노형욱,만석역:박노식,연치성역:임현수,반달역:왕빛나,임종사관역:허태희,최천중어린시절역:강태우,봉련어린시절역:홍승희,채인규어린시절역:최정우,상복역:허성태,민승호역:이해우,저자이병주,출판그림같은세상2020.08.28.,e북무료판매처 1건"
20200605,tvN,020000,032137,슬기로운감빵생활,,7회,전국,012137,드라마&영화,드라마,미니시리즈,0.01961,0.01502,0,0.10283,0.27933,0.14493,0.01558,0,0.02473,0.00607,0.22775,0.09674,0.0113,0.03397,"제혁역:박해수,준호역:정경호,지호역:정수정,제희역:임화영,준돌역:김경남,조주임역:성동일,법자역:김성철,명교수역:정재성,건달역:이호철,똘마니역:안창환,장기수역:최무성,문래동카이스트역:박호산,장발장역:강승윤,고박사역:정민성,한양역:이규형,유대위역:정해인,팽부장역:정웅인,점박이역:최성원,교도소장역:안상우,나과장역:박형수,송담당역:강기둥,한양엄마역:염혜란,유정민역:정문성,김은수역:김지민,송지원역:김준한"
20200605,tvN,033631,050525,슬기로운감빵생활,,8회,전국,012854,드라마&영화,드라마,미니시리즈,0,0.03484,0,0.08353,0.23544,0.20691,0.03652,0,0.01556,0.00741,0.40263,0.01816,0.03291,0.10098,"제혁역:박해수,준호역:정경호,지호역:정수정,제희역:임화영,준돌역:김경남,조주임역:성동일,법자역:김성철,명교수역:정재성,건달역:이호철,똘마니역:안창환,장기수역:최무성,문래동카이스트역:박호산,장발장역:강승윤,고박사역:정민성,한양역:이규형,유대위역:정해인,팽부장역:정웅인,점박이역:최성원,교도소장역:안상우,나과장역:박형수,송담당역:강기둥,한양엄마역:염혜란,유정민역:정문성,김은수역:김지민,송지원역:김준한"
20200605,tvN,073907,085828,아는건별로없지만가족입니다,,1회,전국,011921,드라마&영화,드라마,미니시리즈,0,0.2707,0,0.36255,0.14096,0.54154,0.41695,0.08777,0.04669,0.00081,0.15836,0.2257,0.55198,0.16019,"김은희역:한예리,박찬혁역:김지석,김은주역:추자현,김상식역:정진영,이진숙역:원미경,김지우역:신재하,임건주역:신동욱,윤태형역:김태훈,젊은상식역:한준우,젊은진숙역:조아영,유선일역:서상원,안효석역:이종원,서경옥역:가득희,윤서영역:혜정,전하라역:배윤경,유민우역:권율"
20200605,tvN,091746,103114,아는건별로없지만가족입니다,,2회,전국,011328,드라마&영화,드라마,미니시리즈,0,0.2982,0,0.58662,0.77757,0.61103,0.37242,1.34464,0.08123,0.02057,0.34208,0.50244,0.51646,0.46995,"김은희역:한예리,박찬혁역:김지석,김은주역:추자현,김상식역:정진영,이진숙역:원미경,김지우역:신재하,임건주역:신동욱,윤태형역:김태훈,젊은상식역:한준우,젊은진숙역:조아영,유선일역:서상원,안효석역:이종원,서경옥역:가득희,윤서영역:혜정,전하라역:배윤경,유민우역:권율"
20200605,tvN,130454,141615,오마이베이비,,7회,전국,011121,드라마&영화,드라마,미니시리즈,0.15938,0.02202,0.00352,0.17402,0.07712,0.44499,0.22265,0.66165,0.04097,0.26876,0.29259,0.3058,0.55316,0.26685,"장하리역:장나라,한이상역:고준,윤재영역:박병은,최강으뜸역:정건주,이옥란역:김혜옥,남수철역:조희봉,김은영역:이미도,김철중역:유승목,주승태역:전진기,박연호역:백승희,최효주역:박수영,주선생역:문현정,심정화역:김재화,이소윤역:정라엘,이옥희역:김예령,박재한역:이한위,김상희역:손화령,순남역:이주실,조회장역:장광,조아저씨역:최홍일,강효주역:전혜빈"
20200605,tvN,143347,153950,오마이베이비,,8회,전국,010603,드라마&영화,드라마,미니시리즈,0.02388,0.04596,0.08071,0.22183,0.11779,0.19186,0.23239,0.03485,0.00322,0.25143,0.5443,0.27658,1.05972,0.34587,"장하리역:장나라,한이상역:고준,윤재영역:박병은,최강으뜸역:정건주,이옥란역:김혜옥,남수철역:조희봉,김은영역:이미도,김철중역:유승목,주승태역:전진기,박연호역:백승희,최효주역:박수영,주선생역:문현정,심정화역:김재화,이소윤역:정라엘,이옥희역:김예령,박재한역:이한위,김상희역:손화령,순남역:이주실,조회장역:장광,조아저씨역:최홍일,강효주역:전혜빈"
20200605,tvN,155733,171342,슬기로운의사생활,,,전국,011609,드라마&영화,드라마,미니시리즈,0.28,0.65895,0.08949,0.52075,1.15446,0.62886,0.11968,1.34156,0.46924,0.43048,0.72771,1.22978,0.72481,0.31685,"이익준역:조정석,안정원역:유연석,김준완역:정경호,양석형역:김대명,채송화역:전미도,정로사역:김해숙,주종수역:김갑수,도재학역:정문성,용석민역:문태유,장겨울역:신현빈,안치홍역:김준한,봉광현역:최영준,추민하역:안은진,허선빈역:하윤경,명은원역:김혜인,장윤복역:조이현,장홍도역:배현성,송수빈역:김수진,소이현역:윤혜리,배준희역:신도현,주전역:조승연,황재신역:양조아,이우주역:김준,민기준역:서진원,종세혁역:전광진,이영하역:이노아,김재환역:이달,국해성역:이혜은,함덕주역:김비비,한현희역:이지원,한승주역:김지성,은선진역:설유진,이익순역:곽선영,조영혜역:문희경,양태양역:남명렬,김태연역:이소윤,천명태역:최영우,선우희수역:박한솔,장겨울남동생역:박정우,고아라역:고아라"
20200605,tvN,231409,243018,슬기로운의사생활,,,전국,011609,드라마&영화,드라마,미니시리즈,0.88474,1.05343,0.53568,1.74671,3.20822,2.42658,0.48459,1.06546,1.67766,1.09065,1.93792,3.22101,2.79981,0.62195,"이익준역:조정석,안정원역:유연석,김준완역:정경호,양석형역:김대명,채송화역:전미도,정로사역:김해숙,주종수역:김갑수,도재학역:정문성,용석민역:문태유,장겨울역:신현빈,안치홍역:김준한,봉광현역:최영준,추민하역:안은진,허선빈역:하윤경,명은원역:김혜인,장윤복역:조이현,장홍도역:배현성,송수빈역:김수진,소이현역:윤혜리,배준희역:신도현,주전역:조승연,황재신역:양조아,이우주역:김준,민기준역:서진원,종세혁역:전광진,이영하역:이노아,김재환역:이달,국해성역:이혜은,함덕주역:김비비,한현희역:이지원,한승주역:김지성,은선진역:설유진,이익순역:곽선영,조영혜역:문희경,양태양역:남명렬,김태연역:이소윤,천명태역:최영우,선우희수역:박한솔,장겨울남동생역:박정우,고아라역:고아라"
20200605,국방TV,210035,212429,바람은불어도,,81회,전국,002354,드라마&영화,드라마,미니시리즈,0,0,0,0,0,0,0,0,0,0,0,0,0,0,"최수종,유호정,윤손하,송나영,송기윤,나문희"
20200605,국방TV,213034,215810,바람은불어도,,82회,전국,002736,드라마&영화,드라마,미니시리즈,0,0,0,0.02717,0,0.01457,0.0022,0,0,0,0.04195,0,0.01186,0,"최수종,유호정,윤손하,송나영,송기윤,나문희"
20200605,국방TV,240035,242429,바람은불어도,,81회,전국,002354,드라마&영화,드라마,미니시리즈,0,0,0,0,0,0.00394,0,0,0,0,0,0,0,0,"최수종,유호정,윤손하,송나영,송기윤,나문희"
20200605,국방TV,243035,245811,바람은불어도,,82회,전국,002736,드라마&영화,드라마,미니시리즈,0,0,0.01103,0,0.01068,0,0,0,0,0,0,0.01935,0,0,"최수종,유호정,윤손하,송나영,송기윤,나문희"
20200605,국방TV,250035,252741,바람은불어도,,83회,전국,002706,드라마&영화,드라마,미니시리즈,0,0,0,0,0,0.00672,0,0,0,0,0,0,0,0,"최수종,유호정,윤손하,송나영,송기윤,나문희"
20200605,국방TV,253035,255333,바람은불어도,,84회,전국,002258,드라마&영화,드라마,미니시리즈,0,0,0,0,0,0,0,0,0,0,0,0,0,0,"최수종,유호정,윤손하,송나영,송기윤,나문희"
20200605,AXN,073840,084156,내딸서영이,,41회,전국,010316,드라마&영화,드라마,주말연속극,0.04537,0.00724,0.00248,0,0.00269,0.00516,0.12435,0,0,0.00573,0.08658,0.0677,0,0.16688,"이서영역:이보영,강우재역:이상윤,이삼재역:천호진,이상우역:박해진,강미경역:박정아,최호정역:최윤영,강기범역:최정우,차지선역:김혜옥,강성재역:이정신,최민석역:홍요섭,김강순역:송옥숙,최경호역:심형탁,윤소미역:조은숙,정선우역:장희진,이연희역:민영원,고승찬역:곽승남,재희역:주아성,서은수역:설현,서영모역:김민경,만세역:권율,방심덕역:이일화,아이돌배우역:양요섭,호태역:남태부,배영택역:전노민,음악학원원장역:전태관,성태역:조동혁"
20200605,AXN,085938,100138,내딸서영이,,42회,전국,010200,드라마&영화,드라마,주말연속극,0,0,0,0,0,0.01024,0.26555,0,0,0,0.09635,0.149,0,0.34941,"이서영역:이보영,강우재역:이상윤,이삼재역:천호진,이상우역:박해진,강미경역:박정아,최호정역:최윤영,강기범역:최정우,차지선역:김혜옥,강성재역:이정신,최민석역:홍요섭,김강순역:송옥숙,최경호역:심형탁,윤소미역:조은숙,정선우역:장희진,이연희역:민영원,고승찬역:곽승남,재희역:주아성,서은수역:설현,서영모역:김민경,만세역:권율,방심덕역:이일화,아이돌배우역:양요섭,호태역:남태부,배영택역:전노민,음악학원원장역:전태관,성태역:조동혁"
20200605,AXN,133405,143804,내딸서영이,,41회,전국,010359,드라마&영화,드라마,주말연속극,0.13761,0,0.04697,0,0.01235,0.00922,0.28208,0.08386,0,0,0.06152,0.02966,0,0.35473,"이서영역:이보영,강우재역:이상윤,이삼재역:천호진,이상우역:박해진,강미경역:박정아,최호정역:최윤영,강기범역:최정우,차지선역:김혜옥,강성재역:이정신,최민석역:홍요섭,김강순역:송옥숙,최경호역:심형탁,윤소미역:조은숙,정선우역:장희진,이연희역:민영원,고승찬역:곽승남,재희역:주아성,서은수역:설현,서영모역:김민경,만세역:권율,방심덕역:이일화,아이돌배우역:양요섭,호태역:남태부,배영택역:전노민,음악학원원장역:전태관,성태역:조동혁"
20200605,AXN,145234,155521,내딸서영이,,42회,전국,010247,드라마&영화,드라마,주말연속극,0.75616,0,0,0.00285,0.11772,0.04951,0.23766,0,0,0.03619,0.02514,0.08607,0.01422,0.2144,"이서영역:이보영,강우재역:이상윤,이삼재역:천호진,이상우역:박해진,강미경역:박정아,최호정역:최윤영,강기범역:최정우,차지선역:김혜옥,강성재역:이정신,최민석역:홍요섭,김강순역:송옥숙,최경호역:심형탁,윤소미역:조은숙,정선우역:장희진,이연희역:민영원,고승찬역:곽승남,재희역:주아성,서은수역:설현,서영모역:김민경,만세역:권율,방심덕역:이일화,아이돌배우역:양요섭,호태역:남태부,배영택역:전노민,음악학원원장역:전태관,성태역:조동혁"
20200605,AXN,213019,223420,내딸서영이,,41회,전국,010401,드라마&영화,드라마,주말연속극,0.01576,0,0,0.02083,0,0.00655,0.2095,0,0,0.00751,0.00902,0.00578,0.00651,0.27127,"이서영역:이보영,강우재역:이상윤,이삼재역:천호진,이상우역:박해진,강미경역:박정아,최호정역:최윤영,강기범역:최정우,차지선역:김혜옥,강성재역:이정신,최민석역:홍요섭,김강순역:송옥숙,최경호역:심형탁,윤소미역:조은숙,정선우역:장희진,이연희역:민영원,고승찬역:곽승남,재희역:주아성,서은수역:설현,서영모역:김민경,만세역:권율,방심덕역:이일화,아이돌배우역:양요섭,호태역:남태부,배영택역:전노민,음악학원원장역:전태관,성태역:조동혁"
20200605,AXN,224851,235153,내딸서영이,,42회,전국,010302,드라마&영화,드라마,주말연속극,0,0,0.00704,0,0.00123,0.05174,0.37494,0,0,0,0.24575,0.00113,0.25044,0.37495,"이서영역:이보영,강우재역:이상윤,이삼재역:천호진,이상우역:박해진,강미경역:박정아,최호정역:최윤영,강기범역:최정우,차지선역:김혜옥,강성재역:이정신,최민석역:홍요섭,김강순역:송옥숙,최경호역:심형탁,윤소미역:조은숙,정선우역:장희진,이연희역:민영원,고승찬역:곽승남,재희역:주아성,서은수역:설현,서영모역:김민경,만세역:권율,방심덕역:이일화,아이돌배우역:양요섭,호태역:남태부,배영택역:전노민,음악학원원장역:전태관,성태역:조동혁"
20200605,CHING,020000,023140,이산,,5회,전국,003140,드라마&영화,드라마,주간연속극,0,0,0,0,0,0,0,0,0,0,0.01712,0,0,0.03328,"정조이산역:이서진,성송연역:한지민,영조역:이순재,정순왕후역:김여진,화완옹주역:성현아,정후겸역:조연우,박대수역:이종수,효의왕후역:박은혜,혜경궁홍씨역:견미리,사도세자역:이창훈,홍국영역:한상진,최석주역:조경환,채제공역:한인수,정약용역:송창의,장태우역:이재용,민주식역:정호근,박제가역:정재곤,남사초역:맹상훈,박달호역:이희도,김정금상궁역:김소이,강미비상궁역:이숙,원빈홍씨역:지성원,화빈윤씨역:유연지,박영문역:신국,초비역:이도은,이천역:지상렬,탁지수역:유민혁,이산어린시절역:박지빈,성송연어린시절역:이한나,박대수어린시절역:권오민,정후겸어린시절역:이인성"
20200605,CHING,024041,034412,이산,,6회,전국,010331,드라마&영화,드라마,주간연속극,0,0,0,0,0.01368,0,0.00647,0,0,0,0,0,0,0.00122,"정조이산역:이서진,성송연역:한지민,영조역:이순재,정순왕후역:김여진,화완옹주역:성현아,정후겸역:조연우,박대수역:이종수,효의왕후역:박은혜,혜경궁홍씨역:견미리,사도세자역:이창훈,홍국영역:한상진,최석주역:조경환,채제공역:한인수,정약용역:송창의,장태우역:이재용,민주식역:정호근,박제가역:정재곤,남사초역:맹상훈,박달호역:이희도,김정금상궁역:김소이,강미비상궁역:이숙,원빈홍씨역:지성원,화빈윤씨역:유연지,박영문역:신국,초비역:이도은,이천역:지상렬,탁지수역:유민혁,이산어린시절역:박지빈,성송연어린시절역:이한나,박대수어린시절역:권오민,정후겸어린시절역:이인성"
20200605,CHING,084006,094553,이산,,7회,전국,010547,드라마&영화,드라마,주간연속극,0,0.21071,0,0,0,0,0.23189,0,0,0,0.19844,0,0.17381,0.01321,"정조이산역:이서진,성송연역:한지민,영조역:이순재,정순왕후역:김여진,화완옹주역:성현아,정후겸역:조연우,박대수역:이종수,효의왕후역:박은혜,혜경궁홍씨역:견미리,사도세자역:이창훈,홍국영역:한상진,최석주역:조경환,채제공역:한인수,정약용역:송창의,장태우역:이재용,민주식역:정호근,박제가역:정재곤,남사초역:맹상훈,박달호역:이희도,김정금상궁역:김소이,강미비상궁역:이숙,원빈홍씨역:지성원,화빈윤씨역:유연지,박영문역:신국,초비역:이도은,이천역:지상렬,탁지수역:유민혁,이산어린시절역:박지빈,성송연어린시절역:이한나,박대수어린시절역:권오민,정후겸어린시절역:이인성"
20200605,CHING,095726,110245,이산,,8회,전국,010519,드라마&영화,드라마,주간연속극,0,0,0,0.00104,0,0.0052,0.24257,0,0,0,0.10634,0,0.2263,0,"정조이산역:이서진,성송연역:한지민,영조역:이순재,정순왕후역:김여진,화완옹주역:성현아,정후겸역:조연우,박대수역:이종수,효의왕후역:박은혜,혜경궁홍씨역:견미리,사도세자역:이창훈,홍국영역:한상진,최석주역:조경환,채제공역:한인수,정약용역:송창의,장태우역:이재용,민주식역:정호근,박제가역:정재곤,남사초역:맹상훈,박달호역:이희도,김정금상궁역:김소이,강미비상궁역:이숙,원빈홍씨역:지성원,화빈윤씨역:유연지,박영문역:신국,초비역:이도은,이천역:지상렬,탁지수역:유민혁,이산어린시절역:박지빈,성송연어린시절역:이한나,박대수어린시절역:권오민,정후겸어린시절역:이인성"
20200605,CHING,143404,150420,인어아가씨,,57회,전국,003016,드라마&영화,드라마,주간연속극,0,0,0,0.01985,0,0,0.02945,0,0,0,0,0.01555,0,0.03946,"은아리영역:장서희,한경혜역:정영숙,은진섭역:박근형,심수정역:한혜숙,은예영역:우희진,이주왕역:김성민,이성수역:김병기,금옥선역:사미자,금실라역:김용림,조수아역:고두심,마마준역:정보석,마마린역:이재은"
20200605,CHING,150532,153726,인어아가씨,,58회,전국,003154,드라마&영화,드라마,주간연속극,0,0,0,0,0,0,0,0,0,0,0,0,0,0.01309,"은아리영역:장서희,한경혜역:정영숙,은진섭역:박근형,심수정역:한혜숙,은예영역:우희진,이주왕역:김성민,이성수역:김병기,금옥선역:사미자,금실라역:김용림,조수아역:고두심,마마준역:정보석,마마린역:이재은"
20200605,CHING,155012,162102,인어아가씨,,59회,전국,003050,드라마&영화,드라마,주간연속극,0,0,0,0,0,0,0.04985,0,0,0,0,0,0.03629,0.00415,"은아리영역:장서희,한경혜역:정영숙,은진섭역:박근형,심수정역:한혜숙,은예영역:우희진,이주왕역:김성민,이성수역:김병기,금옥선역:사미자,금실라역:김용림,조수아역:고두심,마마준역:정보석,마마린역:이재은"
20200605,CHING,162213,165206,인어아가씨,,60회,전국,002953,드라마&영화,드라마,주간연속극,0,0,0,0,0,0.00926,0,0,0,0,0,0,0.00959,0,"은아리영역:장서희,한경혜역:정영숙,은진섭역:박근형,심수정역:한혜숙,은예영역:우희진,이주왕역:김성민,이성수역:김병기,금옥선역:사미자,금실라역:김용림,조수아역:고두심,마마준역:정보석,마마린역:이재은"
20200605,CHING,170702,181249,이산,,7회,전국,010547,드라마&영화,드라마,주간연속극,0,0,0,0,0,0.02624,0.01385,0,0,0,0,0,0,0.02436,"정조이산역:이서진,성송연역:한지민,영조역:이순재,정순왕후역:김여진,화완옹주역:성현아,정후겸역:조연우,박대수역:이종수,효의왕후역:박은혜,혜경궁홍씨역:견미리,사도세자역:이창훈,홍국영역:한상진,최석주역:조경환,채제공역:한인수,정약용역:송창의,장태우역:이재용,민주식역:정호근,박제가역:정재곤,남사초역:맹상훈,박달호역:이희도,김정금상궁역:김소이,강미비상궁역:이숙,원빈홍씨역:지성원,화빈윤씨역:유연지,박영문역:신국,초비역:이도은,이천역:지상렬,탁지수역:유민혁,이산어린시절역:박지빈,성송연어린시절역:이한나,박대수어린시절역:권오민,정후겸어린시절역:이인성"
20200605,CHING,182447,193005,이산,,8회,전국,010518,드라마&영화,드라마,주간연속극,0,0,0,0,0,0.01948,0.11874,0,0,0,0,0,0,0.00308,"정조이산역:이서진,성송연역:한지민,영조역:이순재,정순왕후역:김여진,화완옹주역:성현아,정후겸역:조연우,박대수역:이종수,효의왕후역:박은혜,혜경궁홍씨역:견미리,사도세자역:이창훈,홍국영역:한상진,최석주역:조경환,채제공역:한인수,정약용역:송창의,장태우역:이재용,민주식역:정호근,박제가역:정재곤,남사초역:맹상훈,박달호역:이희도,김정금상궁역:김소이,강미비상궁역:이숙,원빈홍씨역:지성원,화빈윤씨역:유연지,박영문역:신국,초비역:이도은,이천역:지상렬,탁지수역:유민혁,이산어린시절역:박지빈,성송연어린시절역:이한나,박대수어린시절역:권오민,정후겸어린시절역:이인성"
20200605,CHING,230124,233143,인어아가씨,,57회,전국,003019,드라마&영화,드라마,주간연속극,0,0,0,0,0,0,0,0,0,0,0,0.09145,0.04956,0,"은아리영역:장서희,한경혜역:정영숙,은진섭역:박근형,심수정역:한혜숙,은예영역:우희진,이주왕역:김성민,이성수역:김병기,금옥선역:사미자,금실라역:김용림,조수아역:고두심,마마준역:정보석,마마린역:이재은"
20200605,CHING,233254,240448,인어아가씨,,58회,전국,003154,드라마&영화,드라마,주간연속극,0,0,0,0,0,0.00447,0.00575,0,0,0,0,0.08149,0.00533,0.00485,"은아리영역:장서희,한경혜역:정영숙,은진섭역:박근형,심수정역:한혜숙,은예영역:우희진,이주왕역:김성민,이성수역:김병기,금옥선역:사미자,금실라역:김용림,조수아역:고두심,마마준역:정보석,마마린역:이재은"
20200605,CHING,241444,244534,인어아가씨,,59회,전국,003050,드라마&영화,드라마,주간연속극,0,0,0,0.02031,0,0,0.03728,0,0,0,0,0.23329,0,0.05899,"은아리영역:장서희,한경혜역:정영숙,은진섭역:박근형,심수정역:한혜숙,은예영역:우희진,이주왕역:김성민,이성수역:김병기,금옥선역:사미자,금실라역:김용림,조수아역:고두심,마마준역:정보석,마마린역:이재은"
20200605,CHING,244645,251638,인어아가씨,,60회,전국,002953,드라마&영화,드라마,주간연속극,0,0,0,0,0,0,0.08581,0,0,0,0,0.12442,0.01707,0,"은아리영역:장서희,한경혜역:정영숙,은진섭역:박근형,심수정역:한혜숙,은예영역:우희진,이주왕역:김성민,이성수역:김병기,금옥선역:사미자,금실라역:김용림,조수아역:고두심,마마준역:정보석,마마린역:이재은"
20200605,CHING,252615,255959,이산,,7회,전국,003344,드라마&영화,드라마,주간연속극,0,0,0,0.00717,0.02977,0.1165,0.06759,0,0.01475,0.01475,0,0,0.01536,0.00537,"정조이산역:이서진,성송연역:한지민,영조역:이순재,정순왕후역:김여진,화완옹주역:성현아,정후겸역:조연우,박대수역:이종수,효의왕후역:박은혜,혜경궁홍씨역:견미리,사도세자역:이창훈,홍국영역:한상진,최석주역:조경환,채제공역:한인수,정약용역:송창의,장태우역:이재용,민주식역:정호근,박제가역:정재곤,남사초역:맹상훈,박달호역:이희도,김정금상궁역:김소이,강미비상궁역:이숙,원빈홍씨역:지성원,화빈윤씨역:유연지,박영문역:신국,초비역:이도은,이천역:지상렬,탁지수역:유민혁,이산어린시절역:박지빈,성송연어린시절역:이한나,박대수어린시절역:권오민,정후겸어린시절역:이인성"
20200605,CNTV,024009,031021,해치,,41회,전국,003012,드라마&영화,드라마,미니시리즈,0,0,0,0,0.03959,0.04931,0.18133,0,0,0.09653,0,0.1472,0.01866,0.09298,"연잉군이금역:정일우,박문수역:권율,여지역:고아라,달문역:박훈,민진헌역:이경영,밀풍군이탄역:정문성,천윤영역:배정화,위병주역:한상진,주영한역:정순원,윤혁역:최민철,장달역:전배수,아봉역:안승균,이이겸역:김종수,한정석역:이필모,경종역:한승현,인원왕후역:남기애,연령군역:노영학,세자빈역:송지인,서씨역:최수임,초홍역:박지연,자동역:하성광,개돌역:도기석,한준재역:서은율,김창중역:이원재,이광좌역:임호,도지광역:한지상,군태역:홍진기,이인좌역:고주원"
20200605,CNTV,031047,033952,해치,,42회,전국,002905,드라마&영화,드라마,미니시리즈,0,0,0,0.03373,0,0.10429,0.02264,0,0,0,0,0,0.12142,0.05844,"연잉군이금역:정일우,박문수역:권율,여지역:고아라,달문역:박훈,민진헌역:이경영,밀풍군이탄역:정문성,천윤영역:배정화,위병주역:한상진,주영한역:정순원,윤혁역:최민철,장달역:전배수,아봉역:안승균,이이겸역:김종수,한정석역:이필모,경종역:한승현,인원왕후역:남기애,연령군역:노영학,세자빈역:송지인,서씨역:최수임,초홍역:박지연,자동역:하성광,개돌역:도기석,한준재역:서은율,김창중역:이원재,이광좌역:임호,도지광역:한지상,군태역:홍진기,이인좌역:고주원"
20200605,CNTV,035243,042207,해치,,43회,전국,002924,드라마&영화,드라마,미니시리즈,0,0,0,0,0.06942,0,0.0063,0,0,0,0.06498,0.05239,0.05335,0.0738,"연잉군이금역:정일우,박문수역:권율,여지역:고아라,달문역:박훈,민진헌역:이경영,밀풍군이탄역:정문성,천윤영역:배정화,위병주역:한상진,주영한역:정순원,윤혁역:최민철,장달역:전배수,아봉역:안승균,이이겸역:김종수,한정석역:이필모,경종역:한승현,인원왕후역:남기애,연령군역:노영학,세자빈역:송지인,서씨역:최수임,초홍역:박지연,자동역:하성광,개돌역:도기석,한준재역:서은율,김창중역:이원재,이광좌역:임호,도지광역:한지상,군태역:홍진기,이인좌역:고주원"
20200605,CNTV,042233,045247,해치,,44회,전국,003014,드라마&영화,드라마,미니시리즈,0,0,0,0.07112,0.04101,0.01279,0.04219,0,0,0,0.02792,0.06423,0,0.1271,"연잉군이금역:정일우,박문수역:권율,여지역:고아라,달문역:박훈,민진헌역:이경영,밀풍군이탄역:정문성,천윤영역:배정화,위병주역:한상진,주영한역:정순원,윤혁역:최민철,장달역:전배수,아봉역:안승균,이이겸역:김종수,한정석역:이필모,경종역:한승현,인원왕후역:남기애,연령군역:노영학,세자빈역:송지인,서씨역:최수임,초홍역:박지연,자동역:하성광,개돌역:도기석,한준재역:서은율,김창중역:이원재,이광좌역:임호,도지광역:한지상,군태역:홍진기,이인좌역:고주원"
20200605,CNTV,060715,065410,용의눈물,,63회,전국,004655,드라마&영화,드라마,주간연속극,0,0,0.0143,0,0.03199,0.21583,0.02767,0,0,0,0.05911,0.09312,0.01145,0.01044,"유동근,최명길,이민우,안재모,김무생,김혜리"
20200605,CNTV,070722,075341,용의눈물,,64회,전국,004619,드라마&영화,드라마,주간연속극,0,0.00314,0,0,0.00213,0.24112,0.04949,0,0.00306,0.01027,0,0.06639,0.00276,0.07045,"유동근,최명길,이민우,안재모,김무생,김혜리"
20200605,CNTV,092123,102527,자이언트,,40회,전국,010404,드라마&영화,드라마,주간연속극,0,0.01196,0.00938,0,0.0258,0.0234,0.19561,0,0,0,0,0.07293,0.138,0.22276,"이강모역:이범수,황정연역:박진희,조민우역:주상욱,이성모역:박상민,이미주역:황정음,조필연역:정보석,황태섭역:이덕화,박소태역:이문식,유경옥역:김서형,염재수역:유형관,황정식역:김정현,한명석역:이효정,오병탁역:김학철,이성모어린시절역:김수현,조민우어린시절역:노영학,이미주어린시절역:박하영,황정연어린시절역:남지현,이강모어린시절역:여진구,민홍기역:이기영,백파역:임혁,말죽거리파두목역:최민,홍기표역:손병호,염시덕역:신승환,이복자역:한경선,염경자역:최하나,남영출역:송경철,오남숙역:문희경,주영국역:장순국,문성중역:이승형,양명자역:홍여진,고재춘역:윤용현,유찬성역:황택하,윤기훈역:임종윤,지연수역:유호린,천수연역:한다민,차부철역:김성오"
20200605,CNTV,104813,114945,바람과구름과비,,4회,전국,010132,드라마&영화,드라마,미니시리즈,0,0,0,0.02928,0.14947,0.02554,0.18675,0,0,0,0,0.02216,0.01877,0.30383,"최천중역:박시후,봉련역:고성희,흥선대원군이하응역:전광렬,채인규역:성혁,김병운역:김승수,김좌근역:차광수,나합역:윤아정,김병학역:한재영,조대비역:김보연,철종역:정욱,이하전역:이루,명성황후민자영역:박정연,고종이재황역:박상훈,용팔룡역:조복래,주모역:김주령,적도사진상역:한동규,팽구철역:노형욱,만석역:박노식,연치성역:임현수,반달역:왕빛나,임종사관역:허태희,최천중어린시절역:강태우,봉련어린시절역:홍승희,채인규어린시절역:최정우,상복역:허성태,민승호역:이해우,저자이병주,출판그림같은세상2020.08.28.,e북무료판매처 1건"
20200605,CNTV,121109,131130,바람과구름과비,,5회,전국,010021,드라마&영화,드라마,미니시리즈,0.53103,0.04281,0.1391,0.21419,0.1707,0.0398,0.36754,0.08798,0,0.14479,0.09613,0.07023,0.27234,0.70667,"최천중역:박시후,봉련역:고성희,흥선대원군이하응역:전광렬,채인규역:성혁,김병운역:김승수,김좌근역:차광수,나합역:윤아정,김병학역:한재영,조대비역:김보연,철종역:정욱,이하전역:이루,명성황후민자영역:박정연,고종이재황역:박상훈,용팔룡역:조복래,주모역:김주령,적도사진상역:한동규,팽구철역:노형욱,만석역:박노식,연치성역:임현수,반달역:왕빛나,임종사관역:허태희,최천중어린시절역:강태우,봉련어린시절역:홍승희,채인규어린시절역:최정우,상복역:허성태,민승호역:이해우,저자이병주,출판그림같은세상2020.08.28.,e북무료판매처 1건"
20200605,CNTV,132903,141624,용의눈물,,63회,전국,004721,드라마&영화,드라마,주간연속극,0.14769,0,0,0.02285,0,0.00802,0.35597,0,0,0,0.02533,0,0.17793,0.44017,"유동근,최명길,이민우,안재모,김무생,김혜리"
20200605,CNTV,143446,152146,용의눈물,,64회,전국,004700,드라마&영화,드라마,주간연속극,0.12307,0,0,0.03808,0,0.05994,0.35868,0,0,0,0.06438,0.05528,0.19733,0.26918,"유동근,최명길,이민우,안재모,김무생,김혜리"
20200605,CNTV,154447,164951,자이언트,,40회,전국,010504,드라마&영화,드라마,주간연속극,0,0,0.00231,0,0.00165,0.0282,0.1857,0,0,0.01595,0,0.05976,0.02641,0.18647,"이강모역:이범수,황정연역:박진희,조민우역:주상욱,이성모역:박상민,이미주역:황정음,조필연역:정보석,황태섭역:이덕화,박소태역:이문식,유경옥역:김서형,염재수역:유형관,황정식역:김정현,한명석역:이효정,오병탁역:김학철,이성모어린시절역:김수현,조민우어린시절역:노영학,이미주어린시절역:박하영,황정연어린시절역:남지현,이강모어린시절역:여진구,민홍기역:이기영,백파역:임혁,말죽거리파두목역:최민,홍기표역:손병호,염시덕역:신승환,이복자역:한경선,염경자역:최하나,남영출역:송경철,오남숙역:문희경,주영국역:장순국,문성중역:이승형,양명자역:홍여진,고재춘역:윤용현,유찬성역:황택하,윤기훈역:임종윤,지연수역:유호린,천수연역:한다민,차부철역:김성오"
20200605,CNTV,171102,181249,바람과구름과비,,4회,전국,010147,드라마&영화,드라마,미니시리즈,0,0,0.13434,0,0,0.14713,0.16323,0,0,0.14487,0.02902,0.29335,0.15095,0.13112,"최천중역:박시후,봉련역:고성희,흥선대원군이하응역:전광렬,채인규역:성혁,김병운역:김승수,김좌근역:차광수,나합역:윤아정,김병학역:한재영,조대비역:김보연,철종역:정욱,이하전역:이루,명성황후민자영역:박정연,고종이재황역:박상훈,용팔룡역:조복래,주모역:김주령,적도사진상역:한동규,팽구철역:노형욱,만석역:박노식,연치성역:임현수,반달역:왕빛나,임종사관역:허태희,최천중어린시절역:강태우,봉련어린시절역:홍승희,채인규어린시절역:최정우,상복역:허성태,민승호역:이해우,저자이병주,출판그림같은세상2020.08.28.,e북무료판매처 1건"
20200605,CNTV,183210,193232,바람과구름과비,,5회,전국,010022,드라마&영화,드라마,미니시리즈,0,0,0.01119,0.09376,0,0.02649,0.49154,0,0,0.01187,0,0.17415,0.03986,0.42877,"최천중역:박시후,봉련역:고성희,흥선대원군이하응역:전광렬,채인규역:성혁,김병운역:김승수,김좌근역:차광수,나합역:윤아정,김병학역:한재영,조대비역:김보연,철종역:정욱,이하전역:이루,명성황후민자영역:박정연,고종이재황역:박상훈,용팔룡역:조복래,주모역:김주령,적도사진상역:한동규,팽구철역:노형욱,만석역:박노식,연치성역:임현수,반달역:왕빛나,임종사관역:허태희,최천중어린시절역:강태우,봉련어린시절역:홍승희,채인규어린시절역:최정우,상복역:허성태,민승호역:이해우,저자이병주,출판그림같은세상2020.08.28.,e북무료판매처 1건"
20200605,CNTV,195108,203827,용의눈물,,63회,전국,004719,드라마&영화,드라마,주간연속극,0,0.31513,0,0.0228,0.00592,0,0.0948,0.33589,0,0.03904,0.00204,0,0.00478,0.2923,"유동근,최명길,이민우,안재모,김무생,김혜리"
20200605,CNTV,205656,214355,용의눈물,,64회,전국,004659,드라마&영화,드라마,주간연속극,0,0,0,0.04446,0.00628,0.00961,0.22518,0,0,0.07619,0,0.08001,0.00326,0.27674,"유동근,최명길,이민우,안재모,김무생,김혜리"
20200605,CNTV,220124,230542,자이언트,,40회,전국,010418,드라마&영화,드라마,주간연속극,0,0.02397,0.45048,0.04117,0.02027,0.0269,0.14167,0,0,0.00223,0.03607,0.20931,0.05006,0.26694,"이강모역:이범수,황정연역:박진희,조민우역:주상욱,이성모역:박상민,이미주역:황정음,조필연역:정보석,황태섭역:이덕화,박소태역:이문식,유경옥역:김서형,염재수역:유형관,황정식역:김정현,한명석역:이효정,오병탁역:김학철,이성모어린시절역:김수현,조민우어린시절역:노영학,이미주어린시절역:박하영,황정연어린시절역:남지현,이강모어린시절역:여진구,민홍기역:이기영,백파역:임혁,말죽거리파두목역:최민,홍기표역:손병호,염시덕역:신승환,이복자역:한경선,염경자역:최하나,남영출역:송경철,오남숙역:문희경,주영국역:장순국,문성중역:이승형,양명자역:홍여진,고재춘역:윤용현,유찬성역:황택하,윤기훈역:임종윤,지연수역:유호린,천수연역:한다민,차부철역:김성오"
20200605,CNTV,232323,242425,바람과구름과비,,4회,전국,010102,드라마&영화,드라마,미니시리즈,0,0.03649,0.61897,0.00994,0.0037,0.45406,0.16586,0,0.00486,0.02292,0.04694,0.25707,0.26122,0.23118,"최천중역:박시후,봉련역:고성희,흥선대원군이하응역:전광렬,채인규역:성혁,김병운역:김승수,김좌근역:차광수,나합역:윤아정,김병학역:한재영,조대비역:김보연,철종역:정욱,이하전역:이루,명성황후민자영역:박정연,고종이재황역:박상훈,용팔룡역:조복래,주모역:김주령,적도사진상역:한동규,팽구철역:노형욱,만석역:박노식,연치성역:임현수,반달역:왕빛나,임종사관역:허태희,최천중어린시절역:강태우,봉련어린시절역:홍승희,채인규어린시절역:최정우,상복역:허성태,민승호역:이해우,저자이병주,출판그림같은세상2020.08.28.,e북무료판매처 1건"
20200605,CNTV,243734,253743,바람과구름과비,,5회,전국,010009,드라마&영화,드라마,미니시리즈,0.01314,0.00513,0.05134,0.00815,0.06931,0.22105,0.39781,0,0.00552,0.07277,0.0104,0,0.2236,0.19186,"최천중역:박시후,봉련역:고성희,흥선대원군이하응역:전광렬,채인규역:성혁,김병운역:김승수,김좌근역:차광수,나합역:윤아정,김병학역:한재영,조대비역:김보연,철종역:정욱,이하전역:이루,명성황후민자영역:박정연,고종이재황역:박상훈,용팔룡역:조복래,주모역:김주령,적도사진상역:한동규,팽구철역:노형욱,만석역:박노식,연치성역:임현수,반달역:왕빛나,임종사관역:허태희,최천중어린시절역:강태우,봉련어린시절역:홍승희,채인규어린시절역:최정우,상복역:허성태,민승호역:이해우,저자이병주,출판그림같은세상2020.08.28.,e북무료판매처 1건"
20200605,DRAMAcube,051514,061524,시크릿부티크,,7회,전국,010010,드라마&영화,드라마,미니시리즈,0,0,0,0,0.0048,0.00195,0.00416,0,0,0.00216,0.00812,0.21029,0,0.0044,"제니장역:김선아,김여옥역:장미희,위예남역:박희본,이현지역:고민시,윤선우역:김재영,위정혁역:김태훈,위예은역:류원,차승재역:류승수,황집사역:한정수,미세스왕역:김영아,위동섭역:여무영,운산스님역:박병호,도준섭역:김법래,오태석역:주석태,이주호역:장률,박주현역:장영남,김미진역:윤지인,예준역:최동화,조양오역:임철형,이상훈역:정욱진,윤혜라역:송지우,장도윤역:박재준,우선정역:박성연,어린도영역:박서경,18세도영역:정다은,18세예남역:조민아,20세정혁역:김성현,어린선우역:이시우"
20200605,DRAMAcube,061936,065152,내뒤에테리우스,,31회,전국,003216,드라마&영화,드라마,미니시리즈,0,0.04139,0,0,0,0.02235,0.08978,0,0.00923,0,0,0.30816,0.011,0.00166,"김본역:소지섭,고애린역:정인선,진용태역:손호준,유지연역:임세미,심은하역:김여진,봉선미역:정시아,김상렬역:강기영,권영실역:서이숙,심우철역:엄효섭,라도우역:성주,차준수역:김건우,차준희역:옥예린,차정일역:양동근,조서현역:황지아,한유라역:김단우,케이역:조태관,박수일역:이현걸,윤춘상역:김병옥,최연경역:남규리,이지숙역:박순천"
20200605,DRAMAcube,065201,072137,내뒤에테리우스,,32회,전국,002936,드라마&영화,드라마,미니시리즈,0,0.02053,0.07316,0.00815,0.04339,0.0114,0.17328,0,0,0.05291,0.00913,0.33176,0.01394,0.03782,"김본역:소지섭,고애린역:정인선,진용태역:손호준,유지연역:임세미,심은하역:김여진,봉선미역:정시아,김상렬역:강기영,권영실역:서이숙,심우철역:엄효섭,라도우역:성주,차준수역:김건우,차준희역:옥예린,차정일역:양동근,조서현역:황지아,한유라역:김단우,케이역:조태관,박수일역:이현걸,윤춘상역:김병옥,최연경역:남규리,이지숙역:박순천"
20200605,DRAMAcube,104543,115215,굿캐스팅,,9회,전국,010632,드라마&영화,드라마,미니시리즈,0.00879,0,0,0,0.00142,0.02073,0.04049,0,0,0.00132,0.02076,0.00651,0,0.10776,"백찬미역:최강희,윤석호역:이상엽,임예은역:유인영,황미순역:김지영,강우원역:이준영,동관수역:이종혁,서국환역:정인기,배무혁역:박경순,간태희역:황보미,명계철역:우현,탁상기역:이상훈,옥철역:김용희,변우석역:허재호,구비서역:한수진,설영훈역:조영훈,심화란역:차수연,남봉만역:이승형,남주연역:김보윤,피철웅역:배진웅,권민석역:성혁,권소희역:노하연"
20200605,DRAMAcube,120631,131056,굿캐스팅,,10회,전국,010425,드라마&영화,드라마,미니시리즈,0.01813,0,0.07853,0.03056,0.00292,0,0.03218,0,0,0.00273,0.06932,0.06288,0.04365,0.01252,"백찬미역:최강희,윤석호역:이상엽,임예은역:유인영,황미순역:김지영,강우원역:이준영,동관수역:이종혁,서국환역:정인기,배무혁역:박경순,간태희역:황보미,명계철역:우현,탁상기역:이상훈,옥철역:김용희,변우석역:허재호,구비서역:한수진,설영훈역:조영훈,심화란역:차수연,남봉만역:이승형,남주연역:김보윤,피철웅역:배진웅,권민석역:성혁,권소희역:노하연"
20200605,DramaH,020000,025028,바람과구름과비,,5회,전국,005028,드라마&영화,드라마,미니시리즈,0,0.03973,0,0.00923,0.00441,0.07219,0.01302,0,0,0.00128,0.0163,0.07976,0.29469,0.00857,"최천중역:박시후,봉련역:고성희,흥선대원군이하응역:전광렬,채인규역:성혁,김병운역:김승수,김좌근역:차광수,나합역:윤아정,김병학역:한재영,조대비역:김보연,철종역:정욱,이하전역:이루,명성황후민자영역:박정연,고종이재황역:박상훈,용팔룡역:조복래,주모역:김주령,적도사진상역:한동규,팽구철역:노형욱,만석역:박노식,연치성역:임현수,반달역:왕빛나,임종사관역:허태희,최천중어린시절역:강태우,봉련어린시절역:홍승희,채인규어린시절역:최정우,상복역:허성태,민승호역:이해우,저자이병주,출판그림같은세상2020.08.28.,e북무료판매처 1건"
20200605,DramaH,100723,111152,영혼수선공,,9회,전국,010429,드라마&영화,드라마,미니시리즈,0,0,0,0,0,0,0.01374,0,0,0,0,0.00273,0,0.01853,"이시준역:신하균,한우주역:정소민,인동혁역:태인호,지영원역:박예진,공지선역:주민경,조인혜역:조경숙,오기태역:박수영,박대하역:정해균,이택경역:최정우,노우정역:안동구,강누리역:하영,임세찬역:장유상,공지희역:박한솔,장유미역:김가란,김영석역:김강민,송민수역:류시원"
20200605,DramaH,112650,122948,영혼수선공,,10회,전국,010258,드라마&영화,드라마,미니시리즈,0,0,0,0.00274,0,0,0.00406,0,0,0,0.00108,0,0.0055,0.00512,"이시준역:신하균,한우주역:정소민,인동혁역:태인호,지영원역:박예진,공지선역:주민경,조인혜역:조경숙,오기태역:박수영,박대하역:정해균,이택경역:최정우,노우정역:안동구,강누리역:하영,임세찬역:장유상,공지희역:박한솔,장유미역:김가란,김영석역:김강민,송민수역:류시원"
20200605,DramaH,143905,153932,바람과구름과비,,4회,전국,010027,드라마&영화,드라마,미니시리즈,0,0,0,0.01981,0.0037,0.00307,0.22707,0,0.00486,0,0.18234,0.35763,0.14832,0.33245,"최천중역:박시후,봉련역:고성희,흥선대원군이하응역:전광렬,채인규역:성혁,김병운역:김승수,김좌근역:차광수,나합역:윤아정,김병학역:한재영,조대비역:김보연,철종역:정욱,이하전역:이루,명성황후민자영역:박정연,고종이재황역:박상훈,용팔룡역:조복래,주모역:김주령,적도사진상역:한동규,팽구철역:노형욱,만석역:박노식,연치성역:임현수,반달역:왕빛나,임종사관역:허태희,최천중어린시절역:강태우,봉련어린시절역:홍승희,채인규어린시절역:최정우,상복역:허성태,민승호역:이해우,저자이병주,출판그림같은세상2020.08.28.,e북무료판매처 1건"
20200605,DramaH,155814,165919,바람과구름과비,,5회,전국,010105,드라마&영화,드라마,미니시리즈,0,0,0.00797,0,0,0.01631,0.33328,0,0,0.01051,0.22191,0.29685,0.15461,0.4003,"최천중역:박시후,봉련역:고성희,흥선대원군이하응역:전광렬,채인규역:성혁,김병운역:김승수,김좌근역:차광수,나합역:윤아정,김병학역:한재영,조대비역:김보연,철종역:정욱,이하전역:이루,명성황후민자영역:박정연,고종이재황역:박상훈,용팔룡역:조복래,주모역:김주령,적도사진상역:한동규,팽구철역:노형욱,만석역:박노식,연치성역:임현수,반달역:왕빛나,임종사관역:허태희,최천중어린시절역:강태우,봉련어린시절역:홍승희,채인규어린시절역:최정우,상복역:허성태,민승호역:이해우,저자이병주,출판그림같은세상2020.08.28.,e북무료판매처 1건"
20200605,DramaH,222843,233809,번외수사,,1회,전국,010926,드라마&영화,드라마,미니시리즈,0,0,0,0.00412,0.01307,0.01023,0.01942,0,0.01735,0,0,0.02593,0.00991,0.00602,"진강호역:차태현,강무영역:이선빈,이반석역:정상훈,테디정역:윤경호,탁원역:지승현,민대진역:박정우,맨손역:박태산,연장역:장진희,지수철역:이영석,노순이역:민경옥"
20200605,DramaH,235549,245602,번외수사,,2회,전국,010013,드라마&영화,드라마,미니시리즈,0,0,0,0.00711,0.01219,0.13869,0.08263,0,0.00347,0.00582,0,0.00517,0.0145,0.08041,"진강호역:차태현,강무영역:이선빈,이반석역:정상훈,테디정역:윤경호,탁원역:지승현,민대진역:박정우,맨손역:박태산,연장역:장진희,지수철역:이영석,노순이역:민경옥"
20200605,Dramax,021114,031206,VIP,,5회,전국,010052,드라마&영화,드라마,미니시리즈,0.08671,0,0.02014,0.01434,0.03414,0.01725,0.07752,0.0654,0,0.04806,0.01178,0.01702,0.05903,0.04626,"나정선역:장나라,박성준역:이상윤,이현아역:이청아,송미나역:곽선영,온유리역:표예진,마상우역:신재하,이병훈역:이재원,차진호역:정준원,하재웅역:박성근,배도일역:장혁진,하영웅역:조승연,강지영역:이진희,계미옥역:김미경,나영철역:최홍일,한숙영역:정애리,한숙자역:김서라,장진철역:장현성,이명은역:전혜진,하태영역:박지영"
20200605,Dramax,031953,042647,VIP,,6회,전국,010654,드라마&영화,드라마,미니시리즈,0.01176,0,0.01965,0.00365,0,0.00816,0.01773,0.01144,0,0.05834,0.00409,0.00348,0.06567,0.01266,"나정선역:장나라,박성준역:이상윤,이현아역:이청아,송미나역:곽선영,온유리역:표예진,마상우역:신재하,이병훈역:이재원,차진호역:정준원,하재웅역:박성근,배도일역:장혁진,하영웅역:조승연,강지영역:이진희,계미옥역:김미경,나영철역:최홍일,한숙영역:정애리,한숙자역:김서라,장진철역:장현성,이명은역:전혜진,하태영역:박지영"
20200605,Dramax,043634,053735,VIP,,7회,전국,010101,드라마&영화,드라마,미니시리즈,0,0.00201,0,0,0,0.00482,0.0531,0,0,0,0.01968,0,0.00133,0.01419,"나정선역:장나라,박성준역:이상윤,이현아역:이청아,송미나역:곽선영,온유리역:표예진,마상우역:신재하,이병훈역:이재원,차진호역:정준원,하재웅역:박성근,배도일역:장혁진,하영웅역:조승연,강지영역:이진희,계미옥역:김미경,나영철역:최홍일,한숙영역:정애리,한숙자역:김서라,장진철역:장현성,이명은역:전혜진,하태영역:박지영"
20200605,Dramax,054824,064907,VIP,,8회,전국,010043,드라마&영화,드라마,미니시리즈,0,0,0.02203,0,0.02179,0.05523,0.02581,0,0,0.00801,0,0.04106,0.05266,0.01157,"나정선역:장나라,박성준역:이상윤,이현아역:이청아,송미나역:곽선영,온유리역:표예진,마상우역:신재하,이병훈역:이재원,차진호역:정준원,하재웅역:박성근,배도일역:장혁진,하영웅역:조승연,강지영역:이진희,계미옥역:김미경,나영철역:최홍일,한숙영역:정애리,한숙자역:김서라,장진철역:장현성,이명은역:전혜진,하태영역:박지영"
20200605,E채널,020000,024735,야식남녀,,4회,전국,004735,드라마&영화,드라마,미니시리즈,0,0,0,0.01134,0,0.00779,0.00583,0,0,0,0.24926,0.00467,0.00461,0.00814,"박진성역:정일우,김아진역:강지영,강태완역:이학주,이상영역:김승수,차주희역:김수진,남규장역:양대혁,유성은역:공민정,노재수역:박성준,박진우역:최재현"
20200605,E채널,075039,082107,닥터프리즈너,,13회,전국,003028,드라마&영화,드라마,미니시리즈,0,0,0,0,0,0.01919,0.0555,0,0,0.01245,0,0.09565,0.02234,0.00713,"나이제역:남궁민,한소금역:권나라,선민식역:김병철,이재준역:최원영,이재인역:이다인,이재환역:박은석,복혜수역:이민영,오정희역:김정난,정의식역:장현성,모이라역:진희경,김상춘역:강신일,고영철역:이준혁,오철민역:박수영,김만철역:박성근,태춘호역:장준녕,신현상역:강홍석,현재민역:이용준,함길선역:이현균,나이현역:하영,한빛역:려운,최정우역:김대령,선민중역:정인겸,최동훈역:채동현,정민제역:남경읍,정세진역:배윤경,김영선역:우미화,장민석역:최덕문,김석우역:이주승,오민정역:김지은"
20200605,E채널,082218,084925,닥터프리즈너,,14회,전국,002707,드라마&영화,드라마,미니시리즈,0,0,0,0,0.03579,0.01389,0.0744,0,0,0,0.03151,0.13665,0.04973,0,"나이제역:남궁민,한소금역:권나라,선민식역:김병철,이재준역:최원영,이재인역:이다인,이재환역:박은석,복혜수역:이민영,오정희역:김정난,정의식역:장현성,모이라역:진희경,김상춘역:강신일,고영철역:이준혁,오철민역:박수영,김만철역:박성근,태춘호역:장준녕,신현상역:강홍석,현재민역:이용준,함길선역:이현균,나이현역:하영,한빛역:려운,최정우역:김대령,선민중역:정인겸,최동훈역:채동현,정민제역:남경읍,정세진역:배윤경,김영선역:우미화,장민석역:최덕문,김석우역:이주승,오민정역:김지은"
20200605,E채널,090326,093142,닥터프리즈너,,15회,전국,002816,드라마&영화,드라마,미니시리즈,0.04993,0,0,0,0.06244,0.00319,0.11535,0,0.02763,0,0,0.14163,0.00772,0.04348,"나이제역:남궁민,한소금역:권나라,선민식역:김병철,이재준역:최원영,이재인역:이다인,이재환역:박은석,복혜수역:이민영,오정희역:김정난,정의식역:장현성,모이라역:진희경,김상춘역:강신일,고영철역:이준혁,오철민역:박수영,김만철역:박성근,태춘호역:장준녕,신현상역:강홍석,현재민역:이용준,함길선역:이현균,나이현역:하영,한빛역:려운,최정우역:김대령,선민중역:정인겸,최동훈역:채동현,정민제역:남경읍,정세진역:배윤경,김영선역:우미화,장민석역:최덕문,김석우역:이주승,오민정역:김지은"
20200605,E채널,093253,100414,닥터프리즈너,,16회,전국,003121,드라마&영화,드라마,미니시리즈,0,0.01305,0,0.01328,0.01457,0.00203,0.07992,0.49464,0.00956,0,0.0395,0.21061,0.02988,0.0115,"나이제역:남궁민,한소금역:권나라,선민식역:김병철,이재준역:최원영,이재인역:이다인,이재환역:박은석,복혜수역:이민영,오정희역:김정난,정의식역:장현성,모이라역:진희경,김상춘역:강신일,고영철역:이준혁,오철민역:박수영,김만철역:박성근,태춘호역:장준녕,신현상역:강홍석,현재민역:이용준,함길선역:이현균,나이현역:하영,한빛역:려운,최정우역:김대령,선민중역:정인겸,최동훈역:채동현,정민제역:남경읍,정세진역:배윤경,김영선역:우미화,장민석역:최덕문,김석우역:이주승,오민정역:김지은"
20200605,FOX채널,171105,182159,뷰티인사이드,,3회,전국,011054,드라마&영화,드라마,미니시리즈,0,0.00375,0.09311,0,0.00342,0.01584,0.01865,0,0.00388,0,0.01006,0.00316,0.08104,0.00162,"한세계역:서현진,서도재역:이민기,강사라역:이다희,류은호역:안재현,정주환역:이태리,유우미역:문지인,임정연역:나영희,임회장역:이문수,강대식역:강남길,한숙희역:김희정,채유리역:류화영,이희섭역:김승욱,은호부역:이한위,은호모역:김예령,김이사역:이철민"
20200605,FOX채널,255152,255959,뷰티인사이드,,3회,전국,000807,드라마&영화,드라마,미니시리즈,0,0,0,0,0,0,0,0,0,0,0,0,0,0,"한세계역:서현진,서도재역:이민기,강사라역:이다희,류은호역:안재현,정주환역:이태리,유우미역:문지인,임정연역:나영희,임회장역:이문수,강대식역:강남길,한숙희역:김희정,채유리역:류화영,이희섭역:김승욱,은호부역:이한위,은호모역:김예령,김이사역:이철민"
20200605,FX,084755,094102,허준,,29회,전국,005307,드라마&영화,드라마,주간연속극,0,0,0,0.18607,0,0,0.04152,0,0,0,0,0.01132,0,0.0433,"허준역:전광렬,유의태역:이순재,유도지역:김병세,예진역:황수정,임오근역:임현식,구일서역:이희도"
20200605,FX,095249,104521,허준,,30회,전국,005232,드라마&영화,드라마,주간연속극,0,0,0,0,0.07297,0,0.01513,0,0,0,0,0,0,0,"허준역:전광렬,유의태역:이순재,유도지역:김병세,예진역:황수정,임오근역:임현식,구일서역:이희도"
20200605,JTBC2,020000,024421,쌍갑포차,,6회,전국,004421,드라마&영화,드라마,미니시리즈,0.5924,0,0,0,0.31487,0.16764,0.00496,0,0.00307,0.13348,0.14063,0.12617,0.31621,0.00667,"월주역:황정음,한강배역:육성재,귀반장역:최원영,염부장역:이준혁,강여린역:정다은,최진동역:안태환,송미란역:박하나,박대리역:박주형,김원형역:나인우"
20200605,JTBC2,090357,101013,쌍갑포차,,5회,전국,010616,드라마&영화,드라마,미니시리즈,0.24813,0,0.07965,0.01011,0.07766,0.00849,0.36664,0,0.04043,0.10606,0.04312,0.15196,0.08794,0.39141,"월주역:황정음,한강배역:육성재,귀반장역:최원영,염부장역:이준혁,강여린역:정다은,최진동역:안태환,송미란역:박하나,박대리역:박주형,김원형역:나인우"
20200605,JTBC2,102424,112957,쌍갑포차,,6회,전국,010533,드라마&영화,드라마,미니시리즈,0.48098,0,0.05754,0.13874,0.06893,0.10899,0.43046,0.36011,0.04941,0.22536,0.12799,0.06499,0.33825,0.34783,"월주역:황정음,한강배역:육성재,귀반장역:최원영,염부장역:이준혁,강여린역:정다은,최진동역:안태환,송미란역:박하나,박대리역:박주형,김원형역:나인우"
20200605,JTBC2,135940,150555,쌍갑포차,,5회,전국,010615,드라마&영화,드라마,미니시리즈,0,0.0243,0.1744,0,0.29731,0.09467,0.3104,0,0.06952,0.15451,0.06252,1.095,0.3875,0.28874,"월주역:황정음,한강배역:육성재,귀반장역:최원영,염부장역:이준혁,강여린역:정다은,최진동역:안태환,송미란역:박하나,박대리역:박주형,김원형역:나인우"
20200605,JTBC2,152337,162911,쌍갑포차,,6회,전국,010534,드라마&영화,드라마,미니시리즈,0,0.34909,0,0.10114,0.62124,0.09174,0.32046,0.12975,0.68038,0.09859,0.05007,0.94714,0.2889,0.26423,"월주역:황정음,한강배역:육성재,귀반장역:최원영,염부장역:이준혁,강여린역:정다은,최진동역:안태환,송미란역:박하나,박대리역:박주형,김원형역:나인우"
20200605,JTBC2,222536,233152,쌍갑포차,,5회,전국,010616,드라마&영화,드라마,미니시리즈,0,0,0.02488,0.22104,0.14122,0.10515,0.16044,0,0,0.00286,0.16574,0.22894,0.16682,0.2132,"월주역:황정음,한강배역:육성재,귀반장역:최원영,염부장역:이준혁,강여린역:정다은,최진동역:안태환,송미란역:박하나,박대리역:박주형,김원형역:나인우"
20200605,JTBC2,235033,245607,쌍갑포차,,6회,전국,010534,드라마&영화,드라마,미니시리즈,0,0,0,0.09818,0,0.2449,0.07566,0,0,0,0.07815,0.20083,0.83059,0.15366,"월주역:황정음,한강배역:육성재,귀반장역:최원영,염부장역:이준혁,강여린역:정다은,최진동역:안태환,송미란역:박하나,박대리역:박주형,김원형역:나인우"
20200605,JTBC2,251309,255959,부부의세계,,1회,전국,004650,드라마&영화,드라마,미니시리즈,0.02461,0.2897,0,0.11259,0.14813,0.08897,0.12998,0,0.15885,0.09512,0.02726,0.14269,0.12405,0.09734,"지선우역:김희애,이태오역:박해준,여다경역:한소희,고예림역:박선영,손제혁역:김영민,설명숙역:채국희,여병규역:이경영,엄효정역:김선경,이준영역:전진서,민현서역:심은우,박인규역:이학주,마강석역:박충선,공지철역:정재성,김윤기역:이무생,하동식역:김종태,윤노을역:신수연,차해강역:정준원,최회장아내역:서이숙,공지철아내역:박미현,차도철아내역:윤인조"
20200605,KBS DRAMA,044353,051145,기막힌유산,,33회,전국,002752,드라마&영화,드라마,일일연속극,0,0,0,0,0,0.00396,0.52514,0,0,0,0,0.1029,0.61363,0.17285,"부영배역:박인환,공계옥역:강세정,부설악역:신정윤,부백두역:강신조,윤민주역:이아현,부금강역:남성진,신애리역:김가연,정미희역:박순천,김용미역:이응경,부한라역:박신우,성판금역:조양자,부가온역:김비주,부태희역:김연지,부혜교역:김효경,부지현역:강유라,공소영역:김난주,이장원역:이일준,김수민역:조서후,김종두역:이춘식,차정건역:조순창,이청아역:정서하,손보미역:박민지,김영지역:주민하,강선희역:박현정,천호식역:백신,이정태역:노상보,고향숙역:박소정"
20200605,KBS DRAMA,051152,053937,기막힌유산,,34회,전국,002745,드라마&영화,드라마,일일연속극,0,0,0,0,0,0,0.75488,0,0,0,0,0,0.67333,0.4716,"부영배역:박인환,공계옥역:강세정,부설악역:신정윤,부백두역:강신조,윤민주역:이아현,부금강역:남성진,신애리역:김가연,정미희역:박순천,김용미역:이응경,부한라역:박신우,성판금역:조양자,부가온역:김비주,부태희역:김연지,부혜교역:김효경,부지현역:강유라,공소영역:김난주,이장원역:이일준,김수민역:조서후,김종두역:이춘식,차정건역:조순창,이청아역:정서하,손보미역:박민지,김영지역:주민하,강선희역:박현정,천호식역:백신,이정태역:노상보,고향숙역:박소정"
20200605,KBS DRAMA,054322,061725,위험한약속,,43회,전국,003403,드라마&영화,드라마,일일연속극,0,0,0,0,0.09144,0.04096,0.71455,0,0,0.12782,0,0.13779,0.71787,0.43372,"차은동역:박하나,강태인역:고세원,최준혁역:강성민,오혜원역:박영린,한지훈역:이창욱,차만종역:이대연,차은찬역:유준서,공영심역:유지연,봉석구역:현우섭,강일섭역:강신일,연두심역:이칸희,한광훈역:길용우,한서주역:김혜지,최명희역:김나운,고재숙역:윤복인,최영국역:송민형,민주란역:오영실,최준경역:이효나,이창욱역:김정운"
20200605,KBS DRAMA,061732,065128,위험한약속,,44회,전국,003356,드라마&영화,드라마,일일연속극,0,0.01382,0,0.00741,0.11698,0.12659,0.70022,0,0,0.48289,0,0.38757,0.5089,0.91407,"차은동역:박하나,강태인역:고세원,최준혁역:강성민,오혜원역:박영린,한지훈역:이창욱,차만종역:이대연,차은찬역:유준서,공영심역:유지연,봉석구역:현우섭,강일섭역:강신일,연두심역:이칸희,한광훈역:길용우,한서주역:김혜지,최명희역:김나운,고재숙역:윤복인,최영국역:송민형,민주란역:오영실,최준경역:이효나,이창욱역:김정운"
20200605,KBS DRAMA,070214,073614,위험한약속,,45회,전국,003400,드라마&영화,드라마,일일연속극,0,0.01725,0,0.24951,0.14236,0.22057,0.47068,0.28286,0,0.39508,0.12855,0.75163,0.37956,1.04855,"차은동역:박하나,강태인역:고세원,최준혁역:강성민,오혜원역:박영린,한지훈역:이창욱,차만종역:이대연,차은찬역:유준서,공영심역:유지연,봉석구역:현우섭,강일섭역:강신일,연두심역:이칸희,한광훈역:길용우,한서주역:김혜지,최명희역:김나운,고재숙역:윤복인,최영국역:송민형,민주란역:오영실,최준경역:이효나,이창욱역:김정운"
20200605,KBS DRAMA,073621,081010,위험한약속,,46회,전국,003349,드라마&영화,드라마,일일연속극,0,0,0.11343,0.44659,0.21562,0.21225,0.82437,0.41814,0.08082,0.2254,0.25001,0.64662,0.53871,1.5992,"차은동역:박하나,강태인역:고세원,최준혁역:강성민,오혜원역:박영린,한지훈역:이창욱,차만종역:이대연,차은찬역:유준서,공영심역:유지연,봉석구역:현우섭,강일섭역:강신일,연두심역:이칸희,한광훈역:길용우,한서주역:김혜지,최명희역:김나운,고재숙역:윤복인,최영국역:송민형,민주란역:오영실,최준경역:이효나,이창욱역:김정운"
20200605,KBS DRAMA,081017,084402,위험한약속,,47회,전국,003345,드라마&영화,드라마,일일연속극,0.43924,0.15338,0.39544,0.37702,0.53408,0.18828,1.21137,0.08609,0.03658,0.31011,0.26996,0.66769,0.6483,1.98113,"차은동역:박하나,강태인역:고세원,최준혁역:강성민,오혜원역:박영린,한지훈역:이창욱,차만종역:이대연,차은찬역:유준서,공영심역:유지연,봉석구역:현우섭,강일섭역:강신일,연두심역:이칸희,한광훈역:길용우,한서주역:김혜지,최명희역:김나운,고재숙역:윤복인,최영국역:송민형,민주란역:오영실,최준경역:이효나,이창욱역:김정운"
20200605,KBS DRAMA,090213,093825,한번다녀왔습니다,,37회,전국,003612,드라마&영화,드라마,주말연속극,0,0,0.18615,0,0.12026,0.33004,0.08529,0,0.0092,0.27383,0.18036,0.38938,0.20822,0.61855,"송영달역:천호진,장옥분역:차화연,최윤정역:김보연,강초연역:이정은,송나희역:이민정,윤규진역:이상엽,송준선역:오대환,송가희역:오윤아,송다희역:이초희,양치수역:안길강,장옥자역:백지원,성현경역:임정은,윤재석역:이상이,박효신역:기도훈,김지훈역:문우진,이주리역:김소라,김가연역:송다은,건어물역:신미영,꽈배기역:김가영,송서영역:이가연,송서진역:안서연,이정록역:알렉스,유보영역:손성윤,유시후역:송민재,박지연역:신수정,한기영역:강유석,홍성우역:김현목,신혜정역:김미은,심정희역:이상경,오연지역:한봄,오정봉역:오의식,이종수역:장원혁,김승현역:배호근,송이역:김주영,지원역:찬희,이현역:이필모"
20200605,KBS DRAMA,093936,101231,한번다녀왔습니다,,38회,전국,003255,드라마&영화,드라마,주말연속극,0,0.09196,0.34069,0,0.14043,0.46463,0.18631,0,0.09278,0.26346,0.25808,0.23603,0.24644,0.6039,"송영달역:천호진,장옥분역:차화연,최윤정역:김보연,강초연역:이정은,송나희역:이민정,윤규진역:이상엽,송준선역:오대환,송가희역:오윤아,송다희역:이초희,양치수역:안길강,장옥자역:백지원,성현경역:임정은,윤재석역:이상이,박효신역:기도훈,김지훈역:문우진,이주리역:김소라,김가연역:송다은,건어물역:신미영,꽈배기역:김가영,송서영역:이가연,송서진역:안서연,이정록역:알렉스,유보영역:손성윤,유시후역:송민재,박지연역:신수정,한기영역:강유석,홍성우역:김현목,신혜정역:김미은,심정희역:이상경,오연지역:한봄,오정봉역:오의식,이종수역:장원혁,김승현역:배호근,송이역:김주영,지원역:찬희,이현역:이필모"
20200605,KBS DRAMA,102611,110203,한번다녀왔습니다,,39회,전국,003552,드라마&영화,드라마,주말연속극,0,0.01853,0,0,0.11184,0.002,0.22804,0,0.00383,0.25386,0.12705,0.28572,0.10594,0.73236,"송영달역:천호진,장옥분역:차화연,최윤정역:김보연,강초연역:이정은,송나희역:이민정,윤규진역:이상엽,송준선역:오대환,송가희역:오윤아,송다희역:이초희,양치수역:안길강,장옥자역:백지원,성현경역:임정은,윤재석역:이상이,박효신역:기도훈,김지훈역:문우진,이주리역:김소라,김가연역:송다은,건어물역:신미영,꽈배기역:김가영,송서영역:이가연,송서진역:안서연,이정록역:알렉스,유보영역:손성윤,유시후역:송민재,박지연역:신수정,한기영역:강유석,홍성우역:김현목,신혜정역:김미은,심정희역:이상경,오연지역:한봄,오정봉역:오의식,이종수역:장원혁,김승현역:배호근,송이역:김주영,지원역:찬희,이현역:이필모"
20200605,KBS DRAMA,110313,113637,한번다녀왔습니다,,40회,전국,003324,드라마&영화,드라마,주말연속극,0,0.03925,0,0.09349,0.04605,0.07111,0.33937,0,0,0.325,0.2637,0.49295,0.48659,0.85665,"송영달역:천호진,장옥분역:차화연,최윤정역:김보연,강초연역:이정은,송나희역:이민정,윤규진역:이상엽,송준선역:오대환,송가희역:오윤아,송다희역:이초희,양치수역:안길강,장옥자역:백지원,성현경역:임정은,윤재석역:이상이,박효신역:기도훈,김지훈역:문우진,이주리역:김소라,김가연역:송다은,건어물역:신미영,꽈배기역:김가영,송서영역:이가연,송서진역:안서연,이정록역:알렉스,유보영역:손성윤,유시후역:송민재,박지연역:신수정,한기영역:강유석,홍성우역:김현목,신혜정역:김미은,심정희역:이상경,오연지역:한봄,오정봉역:오의식,이종수역:장원혁,김승현역:배호근,송이역:김주영,지원역:찬희,이현역:이필모"
20200605,KBS DRAMA,255123,255959,본어게인,,25회,전국,000836,드라마&영화,드라마,미니시리즈,0,0,0,0,0,0.17259,0.01026,0,0,0,0,0,0,0.01101,"공지철역:장기용,천종범역:장기용,정하은역:진세연,정사빈역:진세연,차형빈역:이수혁,김수혁역:이수혁,장혜미역:김정난,천석태역:최광일,주인도역:장원영,백상아역:이서엘,서태하역:최대철,서영역:한해림,제이역:차민지,공인우역:정인겸,장혜미역:위지연,천석태역:조덕회"
20200605,KBS W,020149,023550,위험한약속,,45회,전국,003401,드라마&영화,드라마,일일연속극,0,0,0,0,0.0034,0,0.08223,0,0,0,0.08058,0.00443,0,0.20706,"차은동역:박하나,강태인역:고세원,최준혁역:강성민,오혜원역:박영린,한지훈역:이창욱,차만종역:이대연,차은찬역:유준서,공영심역:유지연,봉석구역:현우섭,강일섭역:강신일,연두심역:이칸희,한광훈역:길용우,한서주역:김혜지,최명희역:김나운,고재숙역:윤복인,최영국역:송민형,민주란역:오영실,최준경역:이효나,이창욱역:김정운"
20200605,KBS W,023557,030945,위험한약속,,46회,전국,003348,드라마&영화,드라마,일일연속극,0,0.07791,0,0,0,0,0.25558,0,0,0,0,0.04286,0,0.586,"차은동역:박하나,강태인역:고세원,최준혁역:강성민,오혜원역:박영린,한지훈역:이창욱,차만종역:이대연,차은찬역:유준서,공영심역:유지연,봉석구역:현우섭,강일섭역:강신일,연두심역:이칸희,한광훈역:길용우,한서주역:김혜지,최명희역:김나운,고재숙역:윤복인,최영국역:송민형,민주란역:오영실,최준경역:이효나,이창욱역:김정운"
20200605,KBS W,060832,064257,뻐꾸기둥지,,73회,전국,003425,드라마&영화,드라마,일일연속극,0,0,0,0,0.00649,0,0.1819,0,0,0,0.00842,0,0.00192,0.11346,"백연희역:장서희,정병국역:황동주,이화영역:이채영,유성빈역:김경남,백철역:임채무,홍금옥역:엄유신,백준희역:손승우,정진우역:정지훈,이명운역:현우성,곽희자역:서권순,정진숙역:지수원,정유미역:김민좌,오기섭역:이정훈,배추자역:박준금,배찬식역:전노민,이공희역:한경선,이소라역:전민서,최상두역:이창욱,직원역:이하나,이동현역:정민진,소진역:김리원,순남역:허인영,이상순역:이숙,사기꾼역:지상렬,이소라어린시절역:박지소"
20200605,KBS W,064304,071704,뻐꾸기둥지,,74회,전국,003400,드라마&영화,드라마,일일연속극,0,0,0.00883,0,0,0.00386,0.06427,0,0,0,0,0.00344,0,0.09495,"백연희역:장서희,정병국역:황동주,이화영역:이채영,유성빈역:김경남,백철역:임채무,홍금옥역:엄유신,백준희역:손승우,정진우역:정지훈,이명운역:현우성,곽희자역:서권순,정진숙역:지수원,정유미역:김민좌,오기섭역:이정훈,배추자역:박준금,배찬식역:전노민,이공희역:한경선,이소라역:전민서,최상두역:이창욱,직원역:이하나,이동현역:정민진,소진역:김리원,순남역:허인영,이상순역:이숙,사기꾼역:지상렬,이소라어린시절역:박지소"
20200605,KBS W,072803,080223,뻐꾸기둥지,,75회,전국,003420,드라마&영화,드라마,일일연속극,0,0,0,0,0.02326,0,0.02257,0,0,0.0042,0,0.00301,0,0.0309,"백연희역:장서희,정병국역:황동주,이화영역:이채영,유성빈역:김경남,백철역:임채무,홍금옥역:엄유신,백준희역:손승우,정진우역:정지훈,이명운역:현우성,곽희자역:서권순,정진숙역:지수원,정유미역:김민좌,오기섭역:이정훈,배추자역:박준금,배찬식역:전노민,이공희역:한경선,이소라역:전민서,최상두역:이창욱,직원역:이하나,이동현역:정민진,소진역:김리원,순남역:허인영,이상순역:이숙,사기꾼역:지상렬,이소라어린시절역:박지소"
20200605,KBS W,080230,083642,뻐꾸기둥지,,76회,전국,003412,드라마&영화,드라마,일일연속극,0,0,0,0,0.1696,0.00267,0.07031,0,0,0.05012,0,0,0,0.10685,"백연희역:장서희,정병국역:황동주,이화영역:이채영,유성빈역:김경남,백철역:임채무,홍금옥역:엄유신,백준희역:손승우,정진우역:정지훈,이명운역:현우성,곽희자역:서권순,정진숙역:지수원,정유미역:김민좌,오기섭역:이정훈,배추자역:박준금,배찬식역:전노민,이공희역:한경선,이소라역:전민서,최상두역:이창욱,직원역:이하나,이동현역:정민진,소진역:김리원,순남역:허인영,이상순역:이숙,사기꾼역:지상렬,이소라어린시절역:박지소"
20200605,KBS W,095526,105602,부부클리닉사랑과전쟁,,392회,전국,010036,드라마&영화,드라마,단막극,0.05092,0.00314,0,0.07881,0,0.0123,0.00798,0,0,0.02391,0,0.00653,0.01659,0.00931,"이재만,민지영,최영완,이정수,장가현,손유경,이준우"
20200605,KBS W,110700,120606,부부클리닉사랑과전쟁,,393회,전국,005906,드라마&영화,드라마,단막극,0,0.02245,0,0.14139,0,0,0.00086,0,0,0.01244,0,0.14,0.01807,0.008,"이재만,민지영,최영완,이정수,장가현,손유경,이준우"
20200605,KBS W,122043,132132,넝쿨째굴러온당신,,1회,전국,010049,드라마&영화,드라마,주말연속극,0,0,0,0,0.01515,0,0.00094,0,0,0,0,0.0471,0,0.00245,"차윤희역:김남주,방귀남역:유준상,엄청애역:윤여정,방장수역:장용,전막례역:강부자,한만희역:김영란,차세중역:김용희,민지영역:진경,차세광역:강민혁,엄보애역:유지인,엄순애역:양희경,방일숙역:양정아,방이숙역:조윤희,방말숙역:오연서,장양실역:나영희,방정배역:김상호,고옥역:심이영,방장군역:곽동연,천재용역:이희준,윤빈역:김원준,남남구역:김형범,고시생역:김승우,예능국PD역:김준현,라디오DJ역:양희은,홍은희역:홍은희,송수지역:박수진,매니저역:이수근,목사역:지진희,차태봉역:차태현,성시갱역:성시경,노래강사역:이종박,한규현역:강동호,태영역:김형진,지피디역:곽민석,강혜수역:최윤소,동대문옷가게상인역:탁재훈,소개팅남역:이정신,유신혜역:유인영,지환역:이도현,김장훈역:김장훈,뚱보아버지역:유민상,뚱보아들역:김수영,인기여배우역:이혜영,인기남배우역:송준근,심사위원역:김종민,막장모녀엄마역:정경미,막장모녀딸역:박소영,신세경역:신세경,재용첫째누나역:김서형,재용둘째누나역:조민아,재용막내누나역:이제인,호들갑남역:공형진,라디오DJ역:박소현,귀남의양아버지역:길용우,귀남의양어머니역:김창숙,천재용아버지역:이재용,배PD역:이지영,방귀남어린시절역:홍현택"
20200605,KBS W,133229,143316,넝쿨째굴러온당신,,2회,전국,010047,드라마&영화,드라마,주말연속극,0.04979,0,0.01346,0,0,0.10873,0.0455,0,0,0.08424,0,0,0.04072,0.01943,"차윤희역:김남주,방귀남역:유준상,엄청애역:윤여정,방장수역:장용,전막례역:강부자,한만희역:김영란,차세중역:김용희,민지영역:진경,차세광역:강민혁,엄보애역:유지인,엄순애역:양희경,방일숙역:양정아,방이숙역:조윤희,방말숙역:오연서,장양실역:나영희,방정배역:김상호,고옥역:심이영,방장군역:곽동연,천재용역:이희준,윤빈역:김원준,남남구역:김형범,고시생역:김승우,예능국PD역:김준현,라디오DJ역:양희은,홍은희역:홍은희,송수지역:박수진,매니저역:이수근,목사역:지진희,차태봉역:차태현,성시갱역:성시경,노래강사역:이종박,한규현역:강동호,태영역:김형진,지피디역:곽민석,강혜수역:최윤소,동대문옷가게상인역:탁재훈,소개팅남역:이정신,유신혜역:유인영,지환역:이도현,김장훈역:김장훈,뚱보아버지역:유민상,뚱보아들역:김수영,인기여배우역:이혜영,인기남배우역:송준근,심사위원역:김종민,막장모녀엄마역:정경미,막장모녀딸역:박소영,신세경역:신세경,재용첫째누나역:김서형,재용둘째누나역:조민아,재용막내누나역:이제인,호들갑남역:공형진,라디오DJ역:박소현,귀남의양아버지역:길용우,귀남의양어머니역:김창숙,천재용아버지역:이재용,배PD역:이지영,방귀남어린시절역:홍현택"
20200605,KBS W,144748,151536,기막힌유산,,31회,전국,002748,드라마&영화,드라마,일일연속극,0.04338,0,0,0,0,0.01605,0.06466,0,0,0.01522,0,0.00634,0.00259,0.04783,"부영배역:박인환,공계옥역:강세정,부설악역:신정윤,부백두역:강신조,윤민주역:이아현,부금강역:남성진,신애리역:김가연,정미희역:박순천,김용미역:이응경,부한라역:박신우,성판금역:조양자,부가온역:김비주,부태희역:김연지,부혜교역:김효경,부지현역:강유라,공소영역:김난주,이장원역:이일준,김수민역:조서후,김종두역:이춘식,차정건역:조순창,이청아역:정서하,손보미역:박민지,김영지역:주민하,강선희역:박현정,천호식역:백신,이정태역:노상보,고향숙역:박소정"
20200605,KBS W,151543,154328,기막힌유산,,32회,전국,002745,드라마&영화,드라마,일일연속극,0,0,0,0,0,0,0.06963,0,0,0,0,0,0.04784,0.06746,"부영배역:박인환,공계옥역:강세정,부설악역:신정윤,부백두역:강신조,윤민주역:이아현,부금강역:남성진,신애리역:김가연,정미희역:박순천,김용미역:이응경,부한라역:박신우,성판금역:조양자,부가온역:김비주,부태희역:김연지,부혜교역:김효경,부지현역:강유라,공소영역:김난주,이장원역:이일준,김수민역:조서후,김종두역:이춘식,차정건역:조순창,이청아역:정서하,손보미역:박민지,김영지역:주민하,강선희역:박현정,천호식역:백신,이정태역:노상보,고향숙역:박소정"
20200605,KBS W,155425,162216,기막힌유산,,33회,전국,002751,드라마&영화,드라마,일일연속극,0,0,0.01835,0,0,0,0.05127,0,0,0.00895,0,0,0.00521,0.06064,"부영배역:박인환,공계옥역:강세정,부설악역:신정윤,부백두역:강신조,윤민주역:이아현,부금강역:남성진,신애리역:김가연,정미희역:박순천,김용미역:이응경,부한라역:박신우,성판금역:조양자,부가온역:김비주,부태희역:김연지,부혜교역:김효경,부지현역:강유라,공소영역:김난주,이장원역:이일준,김수민역:조서후,김종두역:이춘식,차정건역:조순창,이청아역:정서하,손보미역:박민지,김영지역:주민하,강선희역:박현정,천호식역:백신,이정태역:노상보,고향숙역:박소정"
20200605,KBS W,162223,165005,기막힌유산,,34회,전국,002742,드라마&영화,드라마,일일연속극,0,0,0,0,0,0.01985,0.00497,0,0,0,0,0,0.02055,0.06116,"부영배역:박인환,공계옥역:강세정,부설악역:신정윤,부백두역:강신조,윤민주역:이아현,부금강역:남성진,신애리역:김가연,정미희역:박순천,김용미역:이응경,부한라역:박신우,성판금역:조양자,부가온역:김비주,부태희역:김연지,부혜교역:김효경,부지현역:강유라,공소영역:김난주,이장원역:이일준,김수민역:조서후,김종두역:이춘식,차정건역:조순창,이청아역:정서하,손보미역:박민지,김영지역:주민하,강선희역:박현정,천호식역:백신,이정태역:노상보,고향숙역:박소정"
20200605,KBS W,170439,173844,위험한약속,,44회,전국,003405,드라마&영화,드라마,일일연속극,0,0,0,0,0,0,0.21394,0,0,0,0.02634,0.01045,0.11405,0.01051,"차은동역:박하나,강태인역:고세원,최준혁역:강성민,오혜원역:박영린,한지훈역:이창욱,차만종역:이대연,차은찬역:유준서,공영심역:유지연,봉석구역:현우섭,강일섭역:강신일,연두심역:이칸희,한광훈역:길용우,한서주역:김혜지,최명희역:김나운,고재숙역:윤복인,최영국역:송민형,민주란역:오영실,최준경역:이효나,이창욱역:김정운"
20200605,KBS W,173851,181242,위험한약속,,45회,전국,003351,드라마&영화,드라마,일일연속극,0,0,0,0,0,0,0.39452,0,0,0,0.19964,0,0.19453,0.15514,"차은동역:박하나,강태인역:고세원,최준혁역:강성민,오혜원역:박영린,한지훈역:이창욱,차만종역:이대연,차은찬역:유준서,공영심역:유지연,봉석구역:현우섭,강일섭역:강신일,연두심역:이칸희,한광훈역:길용우,한서주역:김혜지,최명희역:김나운,고재숙역:윤복인,최영국역:송민형,민주란역:오영실,최준경역:이효나,이창욱역:김정운"
20200605,KBS W,182340,185737,위험한약속,,46회,전국,003357,드라마&영화,드라마,일일연속극,0.07094,0.0206,0,0,0.0234,0.01907,0.20017,0,0,0,0.08342,0.01377,0.1082,0.1786,"차은동역:박하나,강태인역:고세원,최준혁역:강성민,오혜원역:박영린,한지훈역:이창욱,차만종역:이대연,차은찬역:유준서,공영심역:유지연,봉석구역:현우섭,강일섭역:강신일,연두심역:이칸희,한광훈역:길용우,한서주역:김혜지,최명희역:김나운,고재숙역:윤복인,최영국역:송민형,민주란역:오영실,최준경역:이효나,이창욱역:김정운"
20200605,KBS W,185744,193130,위험한약속,,47회,전국,003346,드라마&영화,드라마,일일연속극,0,0,0,0,0.00726,0.15483,0.38695,0,0,0,0.00428,0,0.2211,0.33501,"차은동역:박하나,강태인역:고세원,최준혁역:강성민,오혜원역:박영린,한지훈역:이창욱,차만종역:이대연,차은찬역:유준서,공영심역:유지연,봉석구역:현우섭,강일섭역:강신일,연두심역:이칸희,한광훈역:길용우,한서주역:김혜지,최명희역:김나운,고재숙역:윤복인,최영국역:송민형,민주란역:오영실,최준경역:이효나,이창욱역:김정운"
20200605,KBS W,194425,201939,한번다녀왔습니다,,37회,전국,003514,드라마&영화,드라마,주말연속극,0,0,0.09873,0.11008,0.02108,0.09172,0.03249,0.31361,0,0,0.16502,0,0.12212,0.06974,"송영달역:천호진,장옥분역:차화연,최윤정역:김보연,강초연역:이정은,송나희역:이민정,윤규진역:이상엽,송준선역:오대환,송가희역:오윤아,송다희역:이초희,양치수역:안길강,장옥자역:백지원,성현경역:임정은,윤재석역:이상이,박효신역:기도훈,김지훈역:문우진,이주리역:김소라,김가연역:송다은,건어물역:신미영,꽈배기역:김가영,송서영역:이가연,송서진역:안서연,이정록역:알렉스,유보영역:손성윤,유시후역:송민재,박지연역:신수정,한기영역:강유석,홍성우역:김현목,신혜정역:김미은,심정희역:이상경,오연지역:한봄,오정봉역:오의식,이종수역:장원혁,김승현역:배호근,송이역:김주영,지원역:찬희,이현역:이필모"
20200605,KBS W,201946,205244,한번다녀왔습니다,,38회,전국,003258,드라마&영화,드라마,주말연속극,0,0,0.00411,0.22036,0.04028,0.09249,0.03469,0.41814,0.20088,0.00566,0.38636,0.11661,0.07593,0.10002,"송영달역:천호진,장옥분역:차화연,최윤정역:김보연,강초연역:이정은,송나희역:이민정,윤규진역:이상엽,송준선역:오대환,송가희역:오윤아,송다희역:이초희,양치수역:안길강,장옥자역:백지원,성현경역:임정은,윤재석역:이상이,박효신역:기도훈,김지훈역:문우진,이주리역:김소라,김가연역:송다은,건어물역:신미영,꽈배기역:김가영,송서영역:이가연,송서진역:안서연,이정록역:알렉스,유보영역:손성윤,유시후역:송민재,박지연역:신수정,한기영역:강유석,홍성우역:김현목,신혜정역:김미은,심정희역:이상경,오연지역:한봄,오정봉역:오의식,이종수역:장원혁,김승현역:배호근,송이역:김주영,지원역:찬희,이현역:이필모"
20200605,KBS W,210409,213903,한번다녀왔습니다,,39회,전국,003454,드라마&영화,드라마,주말연속극,0,0,0,0,0,0.08731,0.03273,0,0,0,0,0,0.03053,0.08297,"송영달역:천호진,장옥분역:차화연,최윤정역:김보연,강초연역:이정은,송나희역:이민정,윤규진역:이상엽,송준선역:오대환,송가희역:오윤아,송다희역:이초희,양치수역:안길강,장옥자역:백지원,성현경역:임정은,윤재석역:이상이,박효신역:기도훈,김지훈역:문우진,이주리역:김소라,김가연역:송다은,건어물역:신미영,꽈배기역:김가영,송서영역:이가연,송서진역:안서연,이정록역:알렉스,유보영역:손성윤,유시후역:송민재,박지연역:신수정,한기영역:강유석,홍성우역:김현목,신혜정역:김미은,심정희역:이상경,오연지역:한봄,오정봉역:오의식,이종수역:장원혁,김승현역:배호근,송이역:김주영,지원역:찬희,이현역:이필모"
20200605,KBS W,213910,221237,한번다녀왔습니다,,40회,전국,003327,드라마&영화,드라마,주말연속극,0,0,0,0,0,0.10936,0.0638,0.02255,0,0,0.00469,0,0.09853,0.15667,"송영달역:천호진,장옥분역:차화연,최윤정역:김보연,강초연역:이정은,송나희역:이민정,윤규진역:이상엽,송준선역:오대환,송가희역:오윤아,송다희역:이초희,양치수역:안길강,장옥자역:백지원,성현경역:임정은,윤재석역:이상이,박효신역:기도훈,김지훈역:문우진,이주리역:김소라,김가연역:송다은,건어물역:신미영,꽈배기역:김가영,송서영역:이가연,송서진역:안서연,이정록역:알렉스,유보영역:손성윤,유시후역:송민재,박지연역:신수정,한기영역:강유석,홍성우역:김현목,신혜정역:김미은,심정희역:이상경,오연지역:한봄,오정봉역:오의식,이종수역:장원혁,김승현역:배호근,송이역:김주영,지원역:찬희,이현역:이필모"
20200605,KBS W,222529,233132,부부클리닉사랑과전쟁2,,119회,전국,010603,드라마&영화,드라마,단막극,0,0.05878,0,0,0.02809,0.01654,0.06233,0,0,0.07546,0.03095,0.03321,0.06666,0.19675,"이재만,민지영,최영완,이정수,장가현,손유경,이준우"
20200605,KBS W,234229,244513,부부클리닉사랑과전쟁2,,120회,전국,010244,드라마&영화,드라마,단막극,0,0.01955,0,0.01867,0,0.02816,0.12669,0,0,0,0.06284,0.03367,0.01381,0.23293,"이재만,민지영,최영완,이정수,장가현,손유경,이준우"
20200605,KBS W,245614,252406,기막힌유산,,34회,전국,002752,드라마&영화,드라마,일일연속극,0,0,0,0.00396,0,0,0.19693,0,0,0,0,0,0,0.07407,"부영배역:박인환,공계옥역:강세정,부설악역:신정윤,부백두역:강신조,윤민주역:이아현,부금강역:남성진,신애리역:김가연,정미희역:박순천,김용미역:이응경,부한라역:박신우,성판금역:조양자,부가온역:김비주,부태희역:김연지,부혜교역:김효경,부지현역:강유라,공소영역:김난주,이장원역:이일준,김수민역:조서후,김종두역:이춘식,차정건역:조순창,이청아역:정서하,손보미역:박민지,김영지역:주민하,강선희역:박현정,천호식역:백신,이정태역:노상보,고향숙역:박소정"
20200605,KBS W,252413,255147,기막힌유산,,35회,전국,002734,드라마&영화,드라마,일일연속극,0,0,0,0,0,0.07,0.13868,0,0,0,0,0,0.26145,0.02677,"부영배역:박인환,공계옥역:강세정,부설악역:신정윤,부백두역:강신조,윤민주역:이아현,부금강역:남성진,신애리역:김가연,정미희역:박순천,김용미역:이응경,부한라역:박신우,성판금역:조양자,부가온역:김비주,부태희역:김연지,부혜교역:김효경,부지현역:강유라,공소영역:김난주,이장원역:이일준,김수민역:조서후,김종두역:이춘식,차정건역:조순창,이청아역:정서하,손보미역:박민지,김영지역:주민하,강선희역:박현정,천호식역:백신,이정태역:노상보,고향숙역:박소정"
20200605,K-STAR,023146,033312,궁중잔혹사꽃들의전쟁,,33회,전국,010126,드라마&영화,드라마,주말연속극,0,0,0,0.00592,0,0.00944,0.08285,0,0,0,0.17504,0,0.06836,0.35582,"소용조씨역:김현주,인조역:이덕화,민회빈강씨역:송선미,김자점역:정성모,소현세자역:정성운,봉림대군역:김주영,장렬왕후조씨역:고원희,남혁역:전태수,설죽역:서이숙,박숙의역:이서연,유덕역:이설희,소용조씨어린시절역:이채미,이형익역:손병호,심기원역:김규철,김인역:우현,한옥역:정선경,장귀인역:이혜은,이상궁역:연미주,김상궁역:엄유신,언년역:정유민"
20200605,K-STAR,110720,120844,부부클리닉사랑과전쟁,,411회,전국,010124,드라마&영화,드라마,주간연속극,0,0,0.02319,0,0.10842,0.17737,0.04787,0,0.00343,0.03878,0,0.03049,0.0505,0.11968,"이재만,민지영,최영완,이정수,장가현,손유경,이준우"
20200605,K-STAR,122218,132441,부부클리닉사랑과전쟁,,412회,전국,010223,드라마&영화,드라마,주간연속극,0.13743,0,0.20537,0.00388,0.0413,0.03161,0.0432,0,0.05364,0.25394,0.0451,0.07492,0.23375,0.08679,"이재만,민지영,최영완,이정수,장가현,손유경,이준우"
20200605,K-STAR,133759,145903,부부의세계,,4회,전국,012104,드라마&영화,드라마,미니시리즈,0.0075,0.01648,0,0,0,0.01277,0.06216,0,0.00732,0.0119,0.00615,0.02376,0.09419,0.24422,"지선우역:김희애,이태오역:박해준,여다경역:한소희,고예림역:박선영,손제혁역:김영민,설명숙역:채국희,여병규역:이경영,엄효정역:김선경,이준영역:전진서,민현서역:심은우,박인규역:이학주,마강석역:박충선,공지철역:정재성,김윤기역:이무생,하동식역:김종태,윤노을역:신수연,차해강역:정준원,최회장아내역:서이숙,공지철아내역:박미현,차도철아내역:윤인조"
20200605,K-STAR,221635,231900,부부클리닉사랑과전쟁,,412회,전국,010225,드라마&영화,드라마,주간연속극,0,0.01077,0,0.01692,0.03406,0.2557,0.00165,0.00707,0.0052,0,0.01766,0.06804,0.18038,0.00353,"이재만,민지영,최영완,이정수,장가현,손유경,이준우"
20200605,KTV,021617,025754,전원일기,,391회,전국,004137,드라마&영화,드라마,주말연속극,0,0,0.18581,0,0,0.16961,0.04271,0,0,0,0,0.02928,0.20315,0.29914,"최불암,김혜자,김용건,김수미,고두심,유인촌,정대홍"
20200605,KTV,061003,065852,전원일기,,768회,전국,004849,드라마&영화,드라마,주말연속극,0,0.00931,0.00318,0,0.00346,0.01751,0.13397,0,0,0,0,0.00302,0.02565,0.14824,"최불암,김혜자,김용건,김수미,고두심,유인촌,정대홍"
20200605,KTV,210414,213130,파랑새는있다,<1부>,18회,전국,002716,드라마&영화,드라마,주간연속극,0,0,0,0,0,0,0.15256,0,0,0,0,0,0,0.1814,"이상인,정선경,백윤식,송경철,박남현,한진희,동방우,양금석"
20200605,KTV,213225,215643,파랑새는있다,<2부>,18회,전국,002418,드라마&영화,드라마,주간연속극,0,0,0,0.01643,0.009,0,0.27447,0,0,0,0.01149,0,0.0065,0.34246,"이상인,정선경,백윤식,송경철,박남현,한진희,동방우,양금석"
20200605,KTV,215828,221939,전원일기,<1부>,392회,전국,002111,드라마&영화,드라마,주말연속극,0,0,0.08314,0,0,0.03969,0.26517,0,0,0,0,0,0.01388,0.48749,"최불암,김혜자,김용건,김수미,고두심,유인촌,정대홍"
20200605,KTV,222039,224159,전원일기,<2부>,392회,전국,002120,드라마&영화,드라마,주말연속극,0,0,0.15677,0,0,0.08086,0.41555,0,0,0,0,0,0.02956,0.61709,"최불암,김혜자,김용건,김수미,고두심,유인촌,정대홍"
20200605,KTV,224238,231208,바람은불어도,,117회,전국,002930,드라마&영화,드라마,주간연속극,0,0,0.13245,0,0,0.06322,0.1477,0,0,0,0,0,0.02211,0.22211,"최수종,유호정,윤손하,송나영,송기윤,나문희"
20200605,KTV,231247,234139,바람은불어도,,118회,전국,002852,드라마&영화,드라마,주간연속극,0.24344,0,0,0.20398,0,0,0.18122,0,0,0,0.12822,0,0,0.19145,"최수종,유호정,윤손하,송나영,송기윤,나문희"
20200605,KTV,243542,252712,파랑새는있다,,18회,전국,005130,드라마&영화,드라마,주간연속극,0,0,0,0,0.00221,0,0.01338,0,0,0,0,0,0,0.01484,"이상인,정선경,백윤식,송경철,박남현,한진희,동방우,양금석"
20200605,KTV,255829,255959,전원일기,,392회,전국,000130,드라마&영화,드라마,주말연속극,0,0,0,0,0,0,0,0,0,0,0,0,0,0,"최불암,김혜자,김용건,김수미,고두심,유인촌,정대홍"
20200605,MBC M,100411,110445,그녀는예뻤다,,9회,전국,010034,드라마&영화,드라마,미니시리즈,0,0,0,0,0,0.0116,0.01557,0,0,0.09422,0,0.07991,0.03921,0,"김혜진역:황정음,지성준역:박서준,민하리역:고준희,김신혁역:시원,차혜정역:윤유선,나지선역:서정연,민용길역:이병준,김혜린역:정다빈,김중섭역:박충선,한정혜역:이일화,김라라역:황석정,김풍호역:안세하,차주영역:신동미,김준우역:박유환,주아름역:신주연,한설역:신혜선,선민역:차정원,이경역:배민정,은영역:임세주,부중만역:김하균,이슬비역:진혜원,광희역:조창근,발등남역:임강성,마트직원역:안상태,김혜진어린시절역:정다빈,지성준어린시절역:양한열"
20200605,MBC M,111259,121219,그녀는예뻤다,,10회,전국,005920,드라마&영화,드라마,미니시리즈,0.08774,0,0.09237,0,0.00764,0.05422,0.00269,0,0.04444,0.06248,0,0.12933,0.04726,0,"김혜진역:황정음,지성준역:박서준,민하리역:고준희,김신혁역:시원,차혜정역:윤유선,나지선역:서정연,민용길역:이병준,김혜린역:정다빈,김중섭역:박충선,한정혜역:이일화,김라라역:황석정,김풍호역:안세하,차주영역:신동미,김준우역:박유환,주아름역:신주연,한설역:신혜선,선민역:차정원,이경역:배민정,은영역:임세주,부중만역:김하균,이슬비역:진혜원,광희역:조창근,발등남역:임강성,마트직원역:안상태,김혜진어린시절역:정다빈,지성준어린시절역:양한열"
20200605,O tvN,020000,031434,이번생은처음이라,,15회,전국,011434,드라마&영화,드라마,미니시리즈,0,0,0,0,0,0,0.00388,0,0,0,0,0.19181,0.00325,0.01208,"남세희역:이민기,윤지호역:정소민,우수지역:이솜,양호랑역:김가은,마상구역:박병은,심원석역:김민석,조명자역:문희경,윤종수역:김병옥,김현자역:김선영,윤지석역:노종현,이은솔역:전혜원,연복남역:김민규,윤보미역:윤보미,오스카역:윤두준,수희역:윤소희,고정민역:이청아"
20200605,O tvN,032855,045014,이번생은처음이라,,16회,전국,012119,드라마&영화,드라마,미니시리즈,0,0.03657,0,0.02601,0,0.03679,0.00966,0.01893,0,0.0069,0,0.02361,0.01468,0.0495,"남세희역:이민기,윤지호역:정소민,우수지역:이솜,양호랑역:김가은,마상구역:박병은,심원석역:김민석,조명자역:문희경,윤종수역:김병옥,김현자역:김선영,윤지석역:노종현,이은솔역:전혜원,연복남역:김민규,윤보미역:윤보미,오스카역:윤두준,수희역:윤소희,고정민역:이청아"
20200605,O tvN,085036,100433,미스터션샤인,,1회,전국,011357,드라마&영화,드라마,미니시리즈,0.05054,0.12898,0.09858,0.03257,0.1335,0.19088,0.07774,0.01166,0.01992,0.09961,0.02706,0.28679,0.18577,0.02176,"유진초이역:이병헌,고애신역:김태리,구동매역:유연석,김희성역:변요한,쿠도히나역:김민정,황은산역:김갑수,장승구역:최무성,고사홍역:이호재,이완익역:김의성,모리타카시역:김남희,김안평역:김동균,윤호선역:김혜은,고애순역:박아인,일식이역:김병철,춘식이역:배정남,조씨부인역:김나운,행랑아범역:신정근,함안댁역:이정은,고종역:이승준,정문역:강신일,카일무어역:데이비드맥기니스,홍파역:서유정,임관수역:조우진,이세훈역:최진호,윤남종역:박보미,유죠역:윤주만,츠다역:이정현,소아역:오아연,도미역:고우림,유진엄마역:이시아,호타루역:김용지,스즈키역:정태야,준영역:장동윤,귀단역:김시은,유진초이어린시절역:김강훈,고상완역:진구,희진역:김지원,김판서역:김응수"
20200605,O tvN,101944,113104,미스터션샤인,,2회,전국,011120,드라마&영화,드라마,미니시리즈,0,0,0.17546,0.2529,0.12866,0.17787,0.07438,0,0.0073,0.24766,0.45513,0.26063,0.35376,0.15771,"유진초이역:이병헌,고애신역:김태리,구동매역:유연석,김희성역:변요한,쿠도히나역:김민정,황은산역:김갑수,장승구역:최무성,고사홍역:이호재,이완익역:김의성,모리타카시역:김남희,김안평역:김동균,윤호선역:김혜은,고애순역:박아인,일식이역:김병철,춘식이역:배정남,조씨부인역:김나운,행랑아범역:신정근,함안댁역:이정은,고종역:이승준,정문역:강신일,카일무어역:데이비드맥기니스,홍파역:서유정,임관수역:조우진,이세훈역:최진호,윤남종역:박보미,유죠역:윤주만,츠다역:이정현,소아역:오아연,도미역:고우림,유진엄마역:이시아,호타루역:김용지,스즈키역:정태야,준영역:장동윤,귀단역:김시은,유진초이어린시절역:김강훈,고상완역:진구,희진역:김지원,김판서역:김응수"
20200605,O tvN,114615,125544,미스터션샤인,,3회,전국,010929,드라마&영화,드라마,미니시리즈,0.00603,0.00211,0.07876,0.05308,0.0344,0.10866,0.14463,0.00616,0.00411,0.17539,0.01745,0.32741,0.68475,0.18289,"유진초이역:이병헌,고애신역:김태리,구동매역:유연석,김희성역:변요한,쿠도히나역:김민정,황은산역:김갑수,장승구역:최무성,고사홍역:이호재,이완익역:김의성,모리타카시역:김남희,김안평역:김동균,윤호선역:김혜은,고애순역:박아인,일식이역:김병철,춘식이역:배정남,조씨부인역:김나운,행랑아범역:신정근,함안댁역:이정은,고종역:이승준,정문역:강신일,카일무어역:데이비드맥기니스,홍파역:서유정,임관수역:조우진,이세훈역:최진호,윤남종역:박보미,유죠역:윤주만,츠다역:이정현,소아역:오아연,도미역:고우림,유진엄마역:이시아,호타루역:김용지,스즈키역:정태야,준영역:장동윤,귀단역:김시은,유진초이어린시절역:김강훈,고상완역:진구,희진역:김지원,김판서역:김응수"
20200605,O tvN,131103,142049,미스터션샤인,,4회,전국,010946,드라마&영화,드라마,미니시리즈,0,0.00211,0.05185,0.19141,0.0151,0.0788,0.37539,0,0.01053,0.13117,0.3857,0.6588,0.40262,0.39243,"유진초이역:이병헌,고애신역:김태리,구동매역:유연석,김희성역:변요한,쿠도히나역:김민정,황은산역:김갑수,장승구역:최무성,고사홍역:이호재,이완익역:김의성,모리타카시역:김남희,김안평역:김동균,윤호선역:김혜은,고애순역:박아인,일식이역:김병철,춘식이역:배정남,조씨부인역:김나운,행랑아범역:신정근,함안댁역:이정은,고종역:이승준,정문역:강신일,카일무어역:데이비드맥기니스,홍파역:서유정,임관수역:조우진,이세훈역:최진호,윤남종역:박보미,유죠역:윤주만,츠다역:이정현,소아역:오아연,도미역:고우림,유진엄마역:이시아,호타루역:김용지,스즈키역:정태야,준영역:장동윤,귀단역:김시은,유진초이어린시절역:김강훈,고상완역:진구,희진역:김지원,김판서역:김응수"
20200605,O tvN,143645,155113,미스터션샤인,,5회,전국,011428,드라마&영화,드라마,미니시리즈,0,0,0.13071,0.45801,0,0.18623,0.38977,0.01036,0.03361,0.31158,0.51145,0.69226,0.43425,0.55514,"유진초이역:이병헌,고애신역:김태리,구동매역:유연석,김희성역:변요한,쿠도히나역:김민정,황은산역:김갑수,장승구역:최무성,고사홍역:이호재,이완익역:김의성,모리타카시역:김남희,김안평역:김동균,윤호선역:김혜은,고애순역:박아인,일식이역:김병철,춘식이역:배정남,조씨부인역:김나운,행랑아범역:신정근,함안댁역:이정은,고종역:이승준,정문역:강신일,카일무어역:데이비드맥기니스,홍파역:서유정,임관수역:조우진,이세훈역:최진호,윤남종역:박보미,유죠역:윤주만,츠다역:이정현,소아역:오아연,도미역:고우림,유진엄마역:이시아,호타루역:김용지,스즈키역:정태야,준영역:장동윤,귀단역:김시은,유진초이어린시절역:김강훈,고상완역:진구,희진역:김지원,김판서역:김응수"
20200605,O tvN,160809,171822,미스터션샤인,,6회,전국,011013,드라마&영화,드라마,미니시리즈,0,0,0.07876,0.26736,0,0.49296,0.26537,0,0,0.10916,0.0468,0.56762,0.40901,0.273,"유진초이역:이병헌,고애신역:김태리,구동매역:유연석,김희성역:변요한,쿠도히나역:김민정,황은산역:김갑수,장승구역:최무성,고사홍역:이호재,이완익역:김의성,모리타카시역:김남희,김안평역:김동균,윤호선역:김혜은,고애순역:박아인,일식이역:김병철,춘식이역:배정남,조씨부인역:김나운,행랑아범역:신정근,함안댁역:이정은,고종역:이승준,정문역:강신일,카일무어역:데이비드맥기니스,홍파역:서유정,임관수역:조우진,이세훈역:최진호,윤남종역:박보미,유죠역:윤주만,츠다역:이정현,소아역:오아연,도미역:고우림,유진엄마역:이시아,호타루역:김용지,스즈키역:정태야,준영역:장동윤,귀단역:김시은,유진초이어린시절역:김강훈,고상완역:진구,희진역:김지원,김판서역:김응수"
20200605,O tvN,173343,184749,미스터션샤인,,7회,전국,011406,드라마&영화,드라마,미니시리즈,0,0,0.08107,0.16718,0,0.43516,0.33868,0,0,0.10682,0.03995,0.19197,0.74949,0.36209,"유진초이역:이병헌,고애신역:김태리,구동매역:유연석,김희성역:변요한,쿠도히나역:김민정,황은산역:김갑수,장승구역:최무성,고사홍역:이호재,이완익역:김의성,모리타카시역:김남희,김안평역:김동균,윤호선역:김혜은,고애순역:박아인,일식이역:김병철,춘식이역:배정남,조씨부인역:김나운,행랑아범역:신정근,함안댁역:이정은,고종역:이승준,정문역:강신일,카일무어역:데이비드맥기니스,홍파역:서유정,임관수역:조우진,이세훈역:최진호,윤남종역:박보미,유죠역:윤주만,츠다역:이정현,소아역:오아연,도미역:고우림,유진엄마역:이시아,호타루역:김용지,스즈키역:정태야,준영역:장동윤,귀단역:김시은,유진초이어린시절역:김강훈,고상완역:진구,희진역:김지원,김판서역:김응수"
20200605,O tvN,190729,201629,미스터션샤인,,8회,전국,010900,드라마&영화,드라마,미니시리즈,0.29185,0.01339,0.07872,0.02635,0,0.37759,0.27171,0.00625,0.15011,0.14282,0.10241,0.2461,0.61822,0.38704,"유진초이역:이병헌,고애신역:김태리,구동매역:유연석,김희성역:변요한,쿠도히나역:김민정,황은산역:김갑수,장승구역:최무성,고사홍역:이호재,이완익역:김의성,모리타카시역:김남희,김안평역:김동균,윤호선역:김혜은,고애순역:박아인,일식이역:김병철,춘식이역:배정남,조씨부인역:김나운,행랑아범역:신정근,함안댁역:이정은,고종역:이승준,정문역:강신일,카일무어역:데이비드맥기니스,홍파역:서유정,임관수역:조우진,이세훈역:최진호,윤남종역:박보미,유죠역:윤주만,츠다역:이정현,소아역:오아연,도미역:고우림,유진엄마역:이시아,호타루역:김용지,스즈키역:정태야,준영역:장동윤,귀단역:김시은,유진초이어린시절역:김강훈,고상완역:진구,희진역:김지원,김판서역:김응수"
20200605,O tvN,213414,224346,오마이베이비,,6회,전국,010932,드라마&영화,드라마,미니시리즈,0.0096,0,0.09189,0,0.00451,0.03186,0.04344,0.00557,0.17789,0.07226,0.04102,0.14452,0,0.00498,"장하리역:장나라,한이상역:고준,윤재영역:박병은,최강으뜸역:정건주,이옥란역:김혜옥,남수철역:조희봉,김은영역:이미도,김철중역:유승목,주승태역:전진기,박연호역:백승희,최효주역:박수영,주선생역:문현정,심정화역:김재화,이소윤역:정라엘,이옥희역:김예령,박재한역:이한위,김상희역:손화령,순남역:이주실,조회장역:장광,조아저씨역:최홍일,강효주역:전혜빈"
20200605,O tvN,225947,241050,오마이베이비,,7회,전국,011103,드라마&영화,드라마,미니시리즈,0,0,0.00815,0.33575,0,0.1852,0.0013,0,0.06309,0.24836,0.37424,0.04639,0.00612,0.07982,"장하리역:장나라,한이상역:고준,윤재영역:박병은,최강으뜸역:정건주,이옥란역:김혜옥,남수철역:조희봉,김은영역:이미도,김철중역:유승목,주승태역:전진기,박연호역:백승희,최효주역:박수영,주선생역:문현정,심정화역:김재화,이소윤역:정라엘,이옥희역:김예령,박재한역:이한위,김상희역:손화령,순남역:이주실,조회장역:장광,조아저씨역:최홍일,강효주역:전혜빈"
20200605,O tvN,241920,253548,시카고타자기,,1회,전국,011628,드라마&영화,드라마,미니시리즈,0.02047,0.008,0,0.1468,0.0551,0.03061,0.00732,0,0.04175,0,0.07737,0.08216,0.00834,0.00363,"한세주역:유아인,전설역:임수정,유진오역:고경표,백태민역:곽시양,갈지석역:조우진,마방진역:양진성,왕방울역:전수경,원대한역:강홍석,원만해역:지대한,백도하역:천호진,홍소희역:조경숙,강비서역:오나라,송기자역:이규복,전설모역:전미선"
20200605,O tvN,254814,255959,시카고타자기,,2회,전국,001145,드라마&영화,드라마,미니시리즈,0,0.02566,0,0.17278,0,0,0.12492,0,0,0,0.05654,0.06282,0,0,"한세주역:유아인,전설역:임수정,유진오역:고경표,백태민역:곽시양,갈지석역:조우진,마방진역:양진성,왕방울역:전수경,원대한역:강홍석,원만해역:지대한,백도하역:천호진,홍소희역:조경숙,강비서역:오나라,송기자역:이규복,전설모역:전미선"
20200605,OCN,110156,120421,번외수사,,3회,전국,010225,드라마&영화,드라마,미니시리즈,0,0,0.03165,0.15808,0.0866,0.16613,0.21775,0,0,0.01516,0.17053,0.39684,0.29442,0.30167,"진강호역:차태현,강무영역:이선빈,이반석역:정상훈,테디정역:윤경호,탁원역:지승현,민대진역:박정우,맨손역:박태산,연장역:장진희,지수철역:이영석,노순이역:민경옥"
20200605,OCN,121803,132004,번외수사,,4회,전국,010201,드라마&영화,드라마,미니시리즈,0.01033,0,0.05783,0.24954,0.34563,0.09634,0.1585,0,0.00218,0.08895,0.18534,0.46454,0.21831,0.18351,"진강호역:차태현,강무영역:이선빈,이반석역:정상훈,테디정역:윤경호,탁원역:지승현,민대진역:박정우,맨손역:박태산,연장역:장진희,지수철역:이영석,노순이역:민경옥"
20200605,On Style,024346,035929,뷰티학개론,,1회,전국,011543,드라마&영화,드라마,미니시리즈,0,0,0.0075,0,0.0065,0.00354,0.00085,0,0.0071,0,0,0,0.00222,0.00106,"저자조판래,출판예북2013"
20200605,On Style,124050,134850,그녀의사생활,,13회,전국,010800,드라마&영화,드라마,미니시리즈,0,0.0815,0.00722,0.0539,0.07422,0.07175,0.01472,0.20295,0,0,0.07481,0.13435,0.00944,0.0719,"성덕미역:박민영,라이언골드역:김재욱,남은기역:안보현,이선주역:박진주,차시안역:정제원,최다인역:홍서영,신디역:김보라,고영숙역:김미경,성근호역:맹상훈,엄소혜역:김선영,유경아역:서예화,김유섭역:정원창,강승민역:임지규,주혁역:유용민,남세연역:박명신,공은영역:이일화"
20200605,On Style,135210,150126,그녀의사생활,,14회,전국,010916,드라마&영화,드라마,미니시리즈,0,0.01339,0.05953,0.02024,0.00733,0.00606,0.04046,0.08061,0.0036,0.00448,0.16401,0.03126,0.06318,0.0602,"성덕미역:박민영,라이언골드역:김재욱,남은기역:안보현,이선주역:박진주,차시안역:정제원,최다인역:홍서영,신디역:김보라,고영숙역:김미경,성근호역:맹상훈,엄소혜역:김선영,유경아역:서예화,김유섭역:정원창,강승민역:임지규,주혁역:유용민,남세연역:박명신,공은영역:이일화"
20200605,SBS플러스,064726,071712,엄마가바람났다,,23회,전국,002946,드라마&영화,드라마,아침드라마,0,0.00793,0.21701,0.04075,0.00396,0.12136,0.12158,0,0.00884,0.01083,0.14202,0.00315,0.50779,0.17039,"오필정역:현쥬니,강석준역:이재황,이은주역:문보령,강석환역:김형범,오순정역:남이안,김복순역:박순천,박민호역:길정우,박민지역:홍제이,김해정역:양금석,강태수역:이원재,이태우역:서현석,최동석역:김동균,최은자역:이진아,최유경역:이영은,최미영역:전은채,왕기범역:차승우,하열도역:김영훈,홍수경역:노정명,박태섭역:강서준,박혜진역:박지수"
20200605,SBS플러스,071823,074844,엄마가바람났다,,24회,전국,003021,드라마&영화,드라마,아침드라마,0,0.03608,0.01227,0.00789,0.00547,0.30927,0.42666,0,0,0,0.1052,0.10603,0.90395,0.37199,"오필정역:현쥬니,강석준역:이재황,이은주역:문보령,강석환역:김형범,오순정역:남이안,김복순역:박순천,박민호역:길정우,박민지역:홍제이,김해정역:양금석,강태수역:이원재,이태우역:서현석,최동석역:김동균,최은자역:이진아,최유경역:이영은,최미영역:전은채,왕기범역:차승우,하열도역:김영훈,홍수경역:노정명,박태섭역:강서준,박혜진역:박지수"
20200605,SBS플러스,080241,090729,너의목소리가들려,,18회,전국,010448,드라마&영화,드라마,미니시리즈,0.0255,0,0,0.07316,0.04182,0.03137,0.1739,0,0,0,0.11198,0.08166,0.11329,0.09089,"장혜성역:이보영,박수하역:이종석,차관우역:윤상현,서도연역:이다희,어춘심역:김해숙,민준국역:정웅인,신상덕역:윤주상,서대석역:정동환,김공숙역:김광규,황달중역:김병옥,고성빈역:김가은,최유창역:최성준,김충기역:박두식,박주혁역:조덕현,도연엄마역:장희수,어린장혜성역:김소현,어린박수하역:구승현,어린서도연역:정민아,정필재역:한기원,정필승역:한기웅,변호사역:소이현,형사역:김성균,문동희역:김수연,최윤역:김민종,고아원입양담당자역:안문숙,엄기준역:엄기준,백화점손님역:안영미,경찰역:정만식,소매치기역:강남"
20200605,SBS플러스,152230,163541,더킹영원의군주,,13회,전국,011311,드라마&영화,드라마,미니시리즈,0.0874,0,0.00333,0.14315,0.28915,0.0875,0.17091,0,0.32425,0.11824,0.12535,0.31029,0.54064,0.28552,"이곤역:이민호,정태을역:김고은,조은섭역:우도환,조영역:우도환,강신재역:김경남,구서령역:정은채,이림역:이정진,루나역:김고은,노옥남역:김영옥,정도인역:전배수,송정혜역:서정연,박문식역:박원상,장미카엘역:강홍석,이종인역:전무송,명나리역:김용지,명승아역:김용지,유경무역:이해영,민화연역:황영희,박지영역:박지연,모비서역:백현주,석호필역:이홍내"
20200605,SBS플러스,165208,175715,주군의태양,,1회,전국,010507,드라마&영화,드라마,미니시리즈,0.73256,0.05094,0.04217,0.10754,0.11457,0.26177,0.11387,1.7457,0.40495,0.05104,0.15188,0.20894,0.48533,0.46351,"주중원역:소지섭,태공실역:공효진,강우역:서인국,태이령역:김유리,김귀도역:최정우,주성란역:김미경,도석철역:이종원,태공리역:박희본,이한주역:이재원,안진주역:정가은,주중원어린시절역:김명수,TV프로그램자역:김상중,미경역:송채윤,하유진역:김보라,가영역:방민아,이은설역:이혜인,차희주역:한보름,주중원아버지역:김용건,이승모역:이도현,이승준역:홍은택,선영역:김보미,지우역:유민규,강길자역:김희정,루이장역:정찬,박서현역:서효림,이재석역:이종혁,이회장역:이재용,한나브라운역:황선희,유진우역:이천희,고여사역:이용녀,유혜성역:진이한"
20200605,SBS플러스,181227,191701,주군의태양,,2회,전국,010434,드라마&영화,드라마,미니시리즈,1.65051,0.07093,0.15941,0.30094,0.16354,0.31582,0.03865,0.76669,0.12857,0.15064,0.50015,0.2521,0.49718,0.23767,"주중원역:소지섭,태공실역:공효진,강우역:서인국,태이령역:김유리,김귀도역:최정우,주성란역:김미경,도석철역:이종원,태공리역:박희본,이한주역:이재원,안진주역:정가은,주중원어린시절역:김명수,TV프로그램자역:김상중,미경역:송채윤,하유진역:김보라,가영역:방민아,이은설역:이혜인,차희주역:한보름,주중원아버지역:김용건,이승모역:이도현,이승준역:홍은택,선영역:김보미,지우역:유민규,강길자역:김희정,루이장역:정찬,박서현역:서효림,이재석역:이종혁,이회장역:이재용,한나브라운역:황선희,유진우역:이천희,고여사역:이용녀,유혜성역:진이한"
20200605,SBS플러스,192948,203451,주군의태양,,3회,전국,010503,드라마&영화,드라마,미니시리즈,1.60087,0.06635,0.24012,0.35527,0.34672,0.32401,0.08929,0.76669,0.17009,0.15571,0.81539,0.95788,0.66168,0.17379,"주중원역:소지섭,태공실역:공효진,강우역:서인국,태이령역:김유리,김귀도역:최정우,주성란역:김미경,도석철역:이종원,태공리역:박희본,이한주역:이재원,안진주역:정가은,주중원어린시절역:김명수,TV프로그램자역:김상중,미경역:송채윤,하유진역:김보라,가영역:방민아,이은설역:이혜인,차희주역:한보름,주중원아버지역:김용건,이승모역:이도현,이승준역:홍은택,선영역:김보미,지우역:유민규,강길자역:김희정,루이장역:정찬,박서현역:서효림,이재석역:이종혁,이회장역:이재용,한나브라운역:황선희,유진우역:이천희,고여사역:이용녀,유혜성역:진이한"
20200605,SBS플러스,204913,215342,주군의태양,,4회,전국,010429,드라마&영화,드라마,미니시리즈,1.5763,0.01867,0.33956,0.54117,0.17587,0.59281,0.05191,0.82354,0.29109,0.14444,0.51113,0.76596,0.65687,0.02877,"주중원역:소지섭,태공실역:공효진,강우역:서인국,태이령역:김유리,김귀도역:최정우,주성란역:김미경,도석철역:이종원,태공리역:박희본,이한주역:이재원,안진주역:정가은,주중원어린시절역:김명수,TV프로그램자역:김상중,미경역:송채윤,하유진역:김보라,가영역:방민아,이은설역:이혜인,차희주역:한보름,주중원아버지역:김용건,이승모역:이도현,이승준역:홍은택,선영역:김보미,지우역:유민규,강길자역:김희정,루이장역:정찬,박서현역:서효림,이재석역:이종혁,이회장역:이재용,한나브라운역:황선희,유진우역:이천희,고여사역:이용녀,유혜성역:진이한"
20200605,SBS플러스,220535,231053,주군의태양,,5회,전국,010518,드라마&영화,드라마,미니시리즈,1.58174,0.14338,0,0.48846,0.29031,0.47815,0.03926,1.23844,0.16969,0,0.52775,1.27642,0.70437,0.00581,"주중원역:소지섭,태공실역:공효진,강우역:서인국,태이령역:김유리,김귀도역:최정우,주성란역:김미경,도석철역:이종원,태공리역:박희본,이한주역:이재원,안진주역:정가은,주중원어린시절역:김명수,TV프로그램자역:김상중,미경역:송채윤,하유진역:김보라,가영역:방민아,이은설역:이혜인,차희주역:한보름,주중원아버지역:김용건,이승모역:이도현,이승준역:홍은택,선영역:김보미,지우역:유민규,강길자역:김희정,루이장역:정찬,박서현역:서효림,이재석역:이종혁,이회장역:이재용,한나브라운역:황선희,유진우역:이천희,고여사역:이용녀,유혜성역:진이한"
20200605,SBS플러스,232636,243806,더킹영원의군주,,14회,전국,011130,드라마&영화,드라마,미니시리즈,0,0.09107,0.06698,0.0201,0.07482,0.331,0.17787,0.80496,0.28667,0.05326,0.14434,0.55787,0.89216,0.20548,"이곤역:이민호,정태을역:김고은,조은섭역:우도환,조영역:우도환,강신재역:김경남,구서령역:정은채,이림역:이정진,루나역:김고은,노옥남역:김영옥,정도인역:전배수,송정혜역:서정연,박문식역:박원상,장미카엘역:강홍석,이종인역:전무송,명나리역:김용지,명승아역:김용지,유경무역:이해영,민화연역:황영희,박지영역:박지연,모비서역:백현주,석호필역:이홍내"
20200605,ONCE,020000,023047,동이,,43회,전국,003047,드라마&영화,드라마,주간연속극,0,0,0.00875,0,0,0.19938,0,0,0,0,0,0.0083,0,0,"동이역:한효주,숙종역:지진희,희빈장씨역:이소연,차천수역:배수빈,서용기역:정진영,인현왕후역:박하선,오태석역:정동환,이종욱역:이정훈,홍태윤역:손일권,박도식역:최재호,도승지역:신국,오호양역:여호민,황주식역:이희도,정인국역:나성균,최효원역:천호진,장익헌역:이재용,김환역:정인기,은금역:한다민,오태풍역:이계인,태풍처역:이숙,장희재역:김유석,설희역:김혜진,게둬라부역:정은표,오윤역:최철호,게둬라역:최수한,심운택역:김동윤,동이어린시절역:김유정,봉상궁역:김소이,조상궁역:안여진,유상궁역:임성민,정임역:정유미,애종역:강유미,시비역:오은호,미지역:최하나,대전내관역:정선일,명성대비역:박정수,정상궁역:김혜선,영달역:이광수,최동주역:정성운,장무열역:최종환,이금역:이형석,경종역:윤찬,김구선역:맹상훈,인원왕후역:오연서"
20200605,ONCE,024152,034528,동이,,44회,전국,010336,드라마&영화,드라마,주간연속극,0,0,0,0.00964,0,0.19187,0.01492,0,0,0,0.00152,0,0.00262,0,"동이역:한효주,숙종역:지진희,희빈장씨역:이소연,차천수역:배수빈,서용기역:정진영,인현왕후역:박하선,오태석역:정동환,이종욱역:이정훈,홍태윤역:손일권,박도식역:최재호,도승지역:신국,오호양역:여호민,황주식역:이희도,정인국역:나성균,최효원역:천호진,장익헌역:이재용,김환역:정인기,은금역:한다민,오태풍역:이계인,태풍처역:이숙,장희재역:김유석,설희역:김혜진,게둬라부역:정은표,오윤역:최철호,게둬라역:최수한,심운택역:김동윤,동이어린시절역:김유정,봉상궁역:김소이,조상궁역:안여진,유상궁역:임성민,정임역:정유미,애종역:강유미,시비역:오은호,미지역:최하나,대전내관역:정선일,명성대비역:박정수,정상궁역:김혜선,영달역:이광수,최동주역:정성운,장무열역:최종환,이금역:이형석,경종역:윤찬,김구선역:맹상훈,인원왕후역:오연서"
20200605,ONCE,051301,055236,전원일기,,419회,전국,003935,드라마&영화,드라마,주말연속극,0,0,0,0,0,0,0.11006,0,0,0,0,0,0,0.02944,"최불암,김혜자,김용건,김수미,고두심,유인촌,정대홍"
20200605,ONCE,055705,063704,전원일기,,420회,전국,003959,드라마&영화,드라마,주말연속극,0,0,0,0,0,0,0,0,0,0,0,0,0.01047,0,"최불암,김혜자,김용건,김수미,고두심,유인촌,정대홍"
20200605,ONCE,065144,075358,동이,,45회,전국,010214,드라마&영화,드라마,주간연속극,0,0,0,0,0,0.02065,0.17293,0,0,0,0,0.07734,0.02104,0.15838,"동이역:한효주,숙종역:지진희,희빈장씨역:이소연,차천수역:배수빈,서용기역:정진영,인현왕후역:박하선,오태석역:정동환,이종욱역:이정훈,홍태윤역:손일권,박도식역:최재호,도승지역:신국,오호양역:여호민,황주식역:이희도,정인국역:나성균,최효원역:천호진,장익헌역:이재용,김환역:정인기,은금역:한다민,오태풍역:이계인,태풍처역:이숙,장희재역:김유석,설희역:김혜진,게둬라부역:정은표,오윤역:최철호,게둬라역:최수한,심운택역:김동윤,동이어린시절역:김유정,봉상궁역:김소이,조상궁역:안여진,유상궁역:임성민,정임역:정유미,애종역:강유미,시비역:오은호,미지역:최하나,대전내관역:정선일,명성대비역:박정수,정상궁역:김혜선,영달역:이광수,최동주역:정성운,장무열역:최종환,이금역:이형석,경종역:윤찬,김구선역:맹상훈,인원왕후역:오연서"
20200605,ONCE,080434,090810,동이,,46회,전국,010336,드라마&영화,드라마,주간연속극,0.02535,0.01958,0,0.0039,0.241,0.11639,0.26913,0,0,0.01365,0.1535,0.00846,0.17132,0.46066,"동이역:한효주,숙종역:지진희,희빈장씨역:이소연,차천수역:배수빈,서용기역:정진영,인현왕후역:박하선,오태석역:정동환,이종욱역:이정훈,홍태윤역:손일권,박도식역:최재호,도승지역:신국,오호양역:여호민,황주식역:이희도,정인국역:나성균,최효원역:천호진,장익헌역:이재용,김환역:정인기,은금역:한다민,오태풍역:이계인,태풍처역:이숙,장희재역:김유석,설희역:김혜진,게둬라부역:정은표,오윤역:최철호,게둬라역:최수한,심운택역:김동윤,동이어린시절역:김유정,봉상궁역:김소이,조상궁역:안여진,유상궁역:임성민,정임역:정유미,애종역:강유미,시비역:오은호,미지역:최하나,대전내관역:정선일,명성대비역:박정수,정상궁역:김혜선,영달역:이광수,최동주역:정성운,장무열역:최종환,이금역:이형석,경종역:윤찬,김구선역:맹상훈,인원왕후역:오연서"
20200605,ONCE,101957,114734,부부의세계,,1회,전국,012737,드라마&영화,드라마,미니시리즈,0,0.00177,0,0.09878,0.01122,0.07131,0.03719,0.00434,0.02021,0,0.22152,0,0.07848,0.04415,"지선우역:김희애,이태오역:박해준,여다경역:한소희,고예림역:박선영,손제혁역:김영민,설명숙역:채국희,여병규역:이경영,엄효정역:김선경,이준영역:전진서,민현서역:심은우,박인규역:이학주,마강석역:박충선,공지철역:정재성,김윤기역:이무생,하동식역:김종태,윤노을역:신수연,차해강역:정준원,최회장아내역:서이숙,공지철아내역:박미현,차도철아내역:윤인조"
20200605,ONCE,120035,132512,부부의세계,,2회,전국,012437,드라마&영화,드라마,미니시리즈,0,0,0.08806,0.06082,0.00367,0.0106,0.01071,0,0,0.07255,0.15943,0.00844,0.01008,0.10225,"지선우역:김희애,이태오역:박해준,여다경역:한소희,고예림역:박선영,손제혁역:김영민,설명숙역:채국희,여병규역:이경영,엄효정역:김선경,이준영역:전진서,민현서역:심은우,박인규역:이학주,마강석역:박충선,공지철역:정재성,김윤기역:이무생,하동식역:김종태,윤노을역:신수연,차해강역:정준원,최회장아내역:서이숙,공지철아내역:박미현,차도철아내역:윤인조"
20200605,ONCE,162030,170206,전원일기,,417회,전국,004136,드라마&영화,드라마,주말연속극,0,0,0.2733,0,0.25297,0.15026,0.16639,0,0,0,0.01507,0.00813,0.28027,0.1093,"최불암,김혜자,김용건,김수미,고두심,유인촌,정대홍"
20200605,ONCE,171210,175223,전원일기,,418회,전국,004013,드라마&영화,드라마,주말연속극,0.02521,0,0.08808,0.02113,0.25297,0.13292,0.18167,0,0,0,0.011,0,0.13132,0.18019,"최불암,김혜자,김용건,김수미,고두심,유인촌,정대홍"
20200605,ONCE,180633,191042,동이,,43회,전국,010409,드라마&영화,드라마,주간연속극,0,0,0,0.01211,0,0,0.15521,0,0,0,0,0.11188,0.02578,0.04172,"동이역:한효주,숙종역:지진희,희빈장씨역:이소연,차천수역:배수빈,서용기역:정진영,인현왕후역:박하선,오태석역:정동환,이종욱역:이정훈,홍태윤역:손일권,박도식역:최재호,도승지역:신국,오호양역:여호민,황주식역:이희도,정인국역:나성균,최효원역:천호진,장익헌역:이재용,김환역:정인기,은금역:한다민,오태풍역:이계인,태풍처역:이숙,장희재역:김유석,설희역:김혜진,게둬라부역:정은표,오윤역:최철호,게둬라역:최수한,심운택역:김동윤,동이어린시절역:김유정,봉상궁역:김소이,조상궁역:안여진,유상궁역:임성민,정임역:정유미,애종역:강유미,시비역:오은호,미지역:최하나,대전내관역:정선일,명성대비역:박정수,정상궁역:김혜선,영달역:이광수,최동주역:정성운,장무열역:최종환,이금역:이형석,경종역:윤찬,김구선역:맹상훈,인원왕후역:오연서"
20200605,ONCE,192427,202929,동이,,44회,전국,010502,드라마&영화,드라마,주간연속극,0,0.1309,0.02302,0.14849,0.04888,0.07496,0.15401,0,0,0.03937,0,0.21596,0.16511,0.11504,"동이역:한효주,숙종역:지진희,희빈장씨역:이소연,차천수역:배수빈,서용기역:정진영,인현왕후역:박하선,오태석역:정동환,이종욱역:이정훈,홍태윤역:손일권,박도식역:최재호,도승지역:신국,오호양역:여호민,황주식역:이희도,정인국역:나성균,최효원역:천호진,장익헌역:이재용,김환역:정인기,은금역:한다민,오태풍역:이계인,태풍처역:이숙,장희재역:김유석,설희역:김혜진,게둬라부역:정은표,오윤역:최철호,게둬라역:최수한,심운택역:김동윤,동이어린시절역:김유정,봉상궁역:김소이,조상궁역:안여진,유상궁역:임성민,정임역:정유미,애종역:강유미,시비역:오은호,미지역:최하나,대전내관역:정선일,명성대비역:박정수,정상궁역:김혜선,영달역:이광수,최동주역:정성운,장무열역:최종환,이금역:이형석,경종역:윤찬,김구선역:맹상훈,인원왕후역:오연서"
20200605,ONCE,253624,255959,부부의세계,,1회,전국,002335,드라마&영화,드라마,미니시리즈,0,0,0,0.11207,0.04806,0.28887,0.0239,0,0,0,0,0.04454,0.11881,0.05014,"지선우역:김희애,이태오역:박해준,여다경역:한소희,고예림역:박선영,손제혁역:김영민,설명숙역:채국희,여병규역:이경영,엄효정역:김선경,이준영역:전진서,민현서역:심은우,박인규역:이학주,마강석역:박충선,공지철역:정재성,김윤기역:이무생,하동식역:김종태,윤노을역:신수연,차해강역:정준원,최회장아내역:서이숙,공지철아내역:박미현,차도철아내역:윤인조"
20200605,SKYUHD,020000,022338,야식남녀,,1회/2회,전국,002338,드라마&영화,드라마,미니시리즈,0,0,0,0,0,0,0,0,0,0,0,0,0,0,"박진성역:정일우,김아진역:강지영,강태완역:이학주,이상영역:김승수,차주희역:김수진,남규장역:양대혁,유성은역:공민정,노재수역:박성준,박진우역:최재현"
20200605,SKYUHD,092420,113427,야식남녀,,1회/2회,전국,021007,드라마&영화,드라마,미니시리즈,0,0,0,0,0,0,0,0,0,0,0,0,0,0,"박진성역:정일우,김아진역:강지영,강태완역:이학주,이상영역:김승수,차주희역:김수진,남규장역:양대혁,유성은역:공민정,노재수역:박성준,박진우역:최재현"
20200605,SKYUHD,163002,184009,야식남녀,,1회/2회,전국,021007,드라마&영화,드라마,미니시리즈,0,0,0,0,0,0,0,0,0,0,0,0,0,0,"박진성역:정일우,김아진역:강지영,강태완역:이학주,이상영역:김승수,차주희역:김수진,남규장역:양대혁,유성은역:공민정,노재수역:박성준,박진우역:최재현"
20200605,SKYUHD,233745,254752,야식남녀,,1회/2회,전국,021007,드라마&영화,드라마,미니시리즈,0,0,0,0,0,0,0,0,0,0,0,0,0,0,"박진성역:정일우,김아진역:강지영,강태완역:이학주,이상영역:김승수,차주희역:김수진,남규장역:양대혁,유성은역:공민정,노재수역:박성준,박진우역:최재현"
20200605,OCN Thrills,225958,240234,38사기동대,,9회,전국,010236,드라마&영화,드라마,주간연속극,0,0.25414,0.14735,0.00613,0.14356,0.02218,0.0106,0.02866,0,0,0.08859,0.21477,0.09987,0.01184,"백성일역:마동석,양정도역:서인국,천성희역:최수영,노방실역:송옥숙,장학주역:허재호,정자왕역:고규필,조미주역:이선빈,최지연역:김주리,천갑수역:안내상,안태욱역:조우진,강노승역:김병춘,안창호역:이학주,박조사관역:김주헌,김조사관역:정도원,박덕배역:오만석,사재성역:정인기,최철우역:이호재,방필규역:김홍파,마진석역:오대환,왕회장역:이덕화,대포폰업자두목역:박성웅,방호석역:임현성,노덕기역:권태원,대포폰업자역:김성오,김민식역:송영규,백지은역:오유진,방미나역:김지성,백성일아내역:조연희,조상진역:김응수,차명수역:조덕현"
20200605,OCN Thrills,241313,252519,38사기동대,,10회,전국,011206,드라마&영화,드라마,주간연속극,0,0.04372,0.13956,0,0.01093,0.02558,0.05319,0,0.02439,0.0411,0,0.03481,0.01509,0.16854,"백성일역:마동석,양정도역:서인국,천성희역:최수영,노방실역:송옥숙,장학주역:허재호,정자왕역:고규필,조미주역:이선빈,최지연역:김주리,천갑수역:안내상,안태욱역:조우진,강노승역:김병춘,안창호역:이학주,박조사관역:김주헌,김조사관역:정도원,박덕배역:오만석,사재성역:정인기,최철우역:이호재,방필규역:김홍파,마진석역:오대환,왕회장역:이덕화,대포폰업자두목역:박성웅,방호석역:임현성,노덕기역:권태원,대포폰업자역:김성오,김민식역:송영규,백지은역:오유진,방미나역:김지성,백성일아내역:조연희,조상진역:김응수,차명수역:조덕현"
20200605,OCN Thrills,253154,255959,38사기동대,,11회,전국,002805,드라마&영화,드라마,주간연속극,0,0,0,0,0,0.14577,0.00995,0,0,0,0,0.14618,0.00276,0.16825,"백성일역:마동석,양정도역:서인국,천성희역:최수영,노방실역:송옥숙,장학주역:허재호,정자왕역:고규필,조미주역:이선빈,최지연역:김주리,천갑수역:안내상,안태욱역:조우진,강노승역:김병춘,안창호역:이학주,박조사관역:김주헌,김조사관역:정도원,박덕배역:오만석,사재성역:정인기,최철우역:이호재,방필규역:김홍파,마진석역:오대환,왕회장역:이덕화,대포폰업자두목역:박성웅,방호석역:임현성,노덕기역:권태원,대포폰업자역:김성오,김민식역:송영규,백지은역:오유진,방미나역:김지성,백성일아내역:조연희,조상진역:김응수,차명수역:조덕현"
20200605,TRENDY,065251,080224,부부클리닉사랑과전쟁2,,17회,전국,010933,드라마&영화,드라마,단막극,0,0,0,0.01406,0.04358,0.01507,0.00899,0,0,0,0,0.00342,0.00968,0.02212,"이재만,민지영,최영완,이정수,장가현,손유경,이준우"
20200605,TRENDY,081259,092148,부부클리닉사랑과전쟁2,,18회,전국,010849,드라마&영화,드라마,단막극,0,0,0,0,0.05811,0.01058,0.06999,0,0,0.00617,0.07117,0.15186,0.13194,0.07709,"이재만,민지영,최영완,이정수,장가현,손유경,이준우"
20200605,TRENDY,135840,150815,부부클리닉사랑과전쟁2,,17회,전국,010935,드라마&영화,드라마,단막극,0,0,0,0,0,0,0.00317,0,0.00395,0,0,0.00353,0.05785,0.01842,"이재만,민지영,최영완,이정수,장가현,손유경,이준우"
20200605,TRENDY,152147,163039,부부클리닉사랑과전쟁2,,18회,전국,010852,드라마&영화,드라마,단막극,0,0,0.00643,0.00669,0.00482,0.01695,0.05455,0,0,0.00471,0.00303,0.06596,0.03133,0.09889,"이재만,민지영,최영완,이정수,장가현,손유경,이준우"
20200605,TRENDY,230733,241710,부부클리닉사랑과전쟁2,,17회,전국,010937,드라마&영화,드라마,단막극,0,0,0.0075,0,0.00881,0.00646,0.02279,0,0,0,0,0.00815,0.00669,0.13366,"이재만,민지영,최영완,이정수,장가현,손유경,이준우"
20200605,TRENDY,243036,253929,부부클리닉사랑과전쟁2,,18회,전국,010853,드라마&영화,드라마,단막극,0.11823,0.05886,0,0.00606,0.00331,0,0.08438,0,0,0,0.20915,0.04129,0,0.11945,"이재만,민지영,최영완,이정수,장가현,손유경,이준우"
20200606,KBS2,143511,153341,본어게인,<25회/26회>,25회/26회,전국,005830,드라마&영화,드라마,미니시리즈,0.40339,0.64172,0.12861,0.37097,0.41456,0.34515,1.03185,1.26748,0.33597,0.30362,0.39954,0.30062,0.89189,1.46866,"공지철역:장기용,천종범역:장기용,정하은역:진세연,정사빈역:진세연,차형빈역:이수혁,김수혁역:이수혁,장혜미역:김정난,천석태역:최광일,주인도역:장원영,백상아역:이서엘,서태하역:최대철,서영역:한해림,제이역:차민지,공인우역:정인겸,장혜미역:위지연,천석태역:조덕회"
20200606,KBS2,154050,163900,본어게인,<27회/28회>,27회/28회,전국,005810,드라마&영화,드라마,미니시리즈,0,0.20507,0.1081,0.58604,0.17194,0.42544,1.11023,0.21853,0.51129,0.82014,0.56963,0.76844,1.05827,1.34702,"공지철역:장기용,천종범역:장기용,정하은역:진세연,정사빈역:진세연,차형빈역:이수혁,김수혁역:이수혁,장혜미역:김정난,천석태역:최광일,주인도역:장원영,백상아역:이서엘,서태하역:최대철,서영역:한해림,제이역:차민지,공인우역:정인겸,장혜미역:위지연,천석태역:조덕회"
20200606,KBS2,164834,172336,한번다녀왔습니다,<39회>,39회,전국,003502,드라마&영화,드라마,주말연속극,0.53053,0.04295,0.33688,0.5649,0.70093,1.54037,2.1206,0.10493,0.40108,0.78556,1.36131,1.20449,1.85557,2.83259,"송영달역:천호진,장옥분역:차화연,최윤정역:김보연,강초연역:이정은,송나희역:이민정,윤규진역:이상엽,송준선역:오대환,송가희역:오윤아,송다희역:이초희,양치수역:안길강,장옥자역:백지원,성현경역:임정은,윤재석역:이상이,박효신역:기도훈,김지훈역:문우진,이주리역:김소라,김가연역:송다은,건어물역:신미영,꽈배기역:김가영,송서영역:이가연,송서진역:안서연,이정록역:알렉스,유보영역:손성윤,유시후역:송민재,박지연역:신수정,한기영역:강유석,홍성우역:김현목,신혜정역:김미은,심정희역:이상경,오연지역:한봄,오정봉역:오의식,이종수역:장원혁,김승현역:배호근,송이역:김주영,지원역:찬희,이현역:이필모"
20200606,KBS2,172450,175911,한번다녀왔습니다,<40회>,40회,전국,003421,드라마&영화,드라마,주말연속극,0.63724,0.05698,0.51846,0.64936,1.19919,2.27131,2.29189,0,0.2394,0.5902,1.58177,1.6114,2.17482,3.40011,"송영달역:천호진,장옥분역:차화연,최윤정역:김보연,강초연역:이정은,송나희역:이민정,윤규진역:이상엽,송준선역:오대환,송가희역:오윤아,송다희역:이초희,양치수역:안길강,장옥자역:백지원,성현경역:임정은,윤재석역:이상이,박효신역:기도훈,김지훈역:문우진,이주리역:김소라,김가연역:송다은,건어물역:신미영,꽈배기역:김가영,송서영역:이가연,송서진역:안서연,이정록역:알렉스,유보영역:손성윤,유시후역:송민재,박지연역:신수정,한기영역:강유석,홍성우역:김현목,신혜정역:김미은,심정희역:이상경,오연지역:한봄,오정봉역:오의식,이종수역:장원혁,김승현역:배호근,송이역:김주영,지원역:찬희,이현역:이필모"
20200606,KBS2,200000,203737,한번다녀왔습니다,<41회>,41회,전국,003737,드라마&영화,드라마,주말연속극,4.77439,3.40256,5.29692,4.66849,7.68285,12.54633,21.75686,7.71052,4.21417,6.58343,8.52305,11.61542,20.60984,25.25653,"송영달역:천호진,장옥분역:차화연,최윤정역:김보연,강초연역:이정은,송나희역:이민정,윤규진역:이상엽,송준선역:오대환,송가희역:오윤아,송다희역:이초희,양치수역:안길강,장옥자역:백지원,성현경역:임정은,윤재석역:이상이,박효신역:기도훈,김지훈역:문우진,이주리역:김소라,김가연역:송다은,건어물역:신미영,꽈배기역:김가영,송서영역:이가연,송서진역:안서연,이정록역:알렉스,유보영역:손성윤,유시후역:송민재,박지연역:신수정,한기영역:강유석,홍성우역:김현목,신혜정역:김미은,심정희역:이상경,오연지역:한봄,오정봉역:오의식,이종수역:장원혁,김승현역:배호근,송이역:김주영,지원역:찬희,이현역:이필모"
20200606,KBS2,204006,211150,한번다녀왔습니다,<42회>,42회,전국,003144,드라마&영화,드라마,주말연속극,6.88849,5.59237,7.2897,6.32553,9.65605,16.08028,26.83899,8.77553,4.71962,7.98461,10.48497,14.17918,26.82486,30.1324,"송영달역:천호진,장옥분역:차화연,최윤정역:김보연,강초연역:이정은,송나희역:이민정,윤규진역:이상엽,송준선역:오대환,송가희역:오윤아,송다희역:이초희,양치수역:안길강,장옥자역:백지원,성현경역:임정은,윤재석역:이상이,박효신역:기도훈,김지훈역:문우진,이주리역:김소라,김가연역:송다은,건어물역:신미영,꽈배기역:김가영,송서영역:이가연,송서진역:안서연,이정록역:알렉스,유보영역:손성윤,유시후역:송민재,박지연역:신수정,한기영역:강유석,홍성우역:김현목,신혜정역:김미은,심정희역:이상경,오연지역:한봄,오정봉역:오의식,이종수역:장원혁,김승현역:배호근,송이역:김주영,지원역:찬희,이현역:이필모"
20200606,MBC,171304,174830,저녁같이드실래요,<7회>,7회,서울/경기/부산/대전/대구/광주/울산/강원/충북/충남/전남/경북/경남/제주,003526,드라마&영화,드라마,미니시리즈,0.5958,0.77443,0.39739,0.72473,0.72923,1.26063,0.772,1.03816,0.49726,0.37968,1.95835,1.7393,1.00004,0.85496,"김해경역:송승헌,우도희역:서지혜,정재혁역:이지훈,진노을역:손나은,남아영역:예지원,키에누역:박호산,박진규역:고규필,강건우역:이현진,이병진역:김서경,임소라역:오혜원,김정환역:안태환,이문정역:전국향,전성자역:윤복인,이영동역:김정현,이은서역:서은수,푸드트럭총각역:이시언,태진아역:태진아,환자역:박산다라"
20200606,MBC,174944,182317,저녁같이드실래요,<8회>,8회,서울/경기/부산/대전/대구/광주/울산/강원/충북/충남/전남/경북/경남/제주,003333,드라마&영화,드라마,미니시리즈,1.61851,1.00467,0.35765,0.93176,1.17608,1.19442,1.42253,0.17713,0.17493,1.02438,2.71965,1.87798,1.60304,1.44895,"김해경역:송승헌,우도희역:서지혜,정재혁역:이지훈,진노을역:손나은,남아영역:예지원,키에누역:박호산,박진규역:고규필,강건우역:이현진,이병진역:김서경,임소라역:오혜원,김정환역:안태환,이문정역:전국향,전성자역:윤복인,이영동역:김정현,이은서역:서은수,푸드트럭총각역:이시언,태진아역:태진아,환자역:박산다라"
20200606,SBS,122243,125213,굿캐스팅,<1부>,11회,전국,002930,드라마&영화,드라마,미니시리즈,0.30239,0.01269,0.43723,0.02443,0.91892,0.98531,1.11301,0.13192,0.41355,0.20475,0.45754,0.64782,0.97841,1.52893,"백찬미역:최강희,윤석호역:이상엽,임예은역:유인영,황미순역:김지영,강우원역:이준영,동관수역:이종혁,서국환역:정인기,배무혁역:박경순,간태희역:황보미,명계철역:우현,탁상기역:이상훈,옥철역:김용희,변우석역:허재호,구비서역:한수진,설영훈역:조영훈,심화란역:차수연,남봉만역:이승형,남주연역:김보윤,피철웅역:배진웅,권민석역:성혁,권소희역:노하연"
20200606,SBS,125356,132751,굿캐스팅,<2부>,11회,전국,003355,드라마&영화,드라마,미니시리즈,1.09836,0.0643,0.06391,0.16193,0.86369,1.64825,1.30251,0.83029,0.57351,0.14836,0.96153,1.67544,1.79366,1.49782,"백찬미역:최강희,윤석호역:이상엽,임예은역:유인영,황미순역:김지영,강우원역:이준영,동관수역:이종혁,서국환역:정인기,배무혁역:박경순,간태희역:황보미,명계철역:우현,탁상기역:이상훈,옥철역:김용희,변우석역:허재호,구비서역:한수진,설영훈역:조영훈,심화란역:차수연,남봉만역:이승형,남주연역:김보윤,피철웅역:배진웅,권민석역:성혁,권소희역:노하연"
20200606,SBS,183300,185952,더킹영원의군주,<1부>,14회,전국,002652,드라마&영화,드라마,미니시리즈,1.18965,0.71545,0.12498,0.66675,1.66056,1.15125,0.73911,0.75289,0.41309,0.97692,0.6597,1.43368,1.6875,1.10158,"이곤역:이민호,정태을역:김고은,조은섭역:우도환,조영역:우도환,강신재역:김경남,구서령역:정은채,이림역:이정진,루나역:김고은,노옥남역:김영옥,정도인역:전배수,송정혜역:서정연,박문식역:박원상,장미카엘역:강홍석,이종인역:전무송,명나리역:김용지,명승아역:김용지,유경무역:이해영,민화연역:황영희,박지영역:박지연,모비서역:백현주,석호필역:이홍내"
20200606,SBS,190202,194533,더킹영원의군주,<2부>,14회,전국,004331,드라마&영화,드라마,미니시리즈,0.69328,0.20811,0.16675,1.39633,1.30535,1.4187,0.97605,0.29868,0.24098,0.69264,1.45493,1.68304,1.92477,1.41973,"이곤역:이민호,정태을역:김고은,조은섭역:우도환,조영역:우도환,강신재역:김경남,구서령역:정은채,이림역:이정진,루나역:김고은,노옥남역:김영옥,정도인역:전배수,송정혜역:서정연,박문식역:박원상,장미카엘역:강홍석,이종인역:전무송,명나리역:김용지,명승아역:김용지,유경무역:이해영,민화연역:황영희,박지영역:박지연,모비서역:백현주,석호필역:이홍내"
20200606,SBS,215730,223127,더킹영원의군주,<1부>,15회,전국,003357,드라마&영화,드라마,미니시리즈,2.79867,2.27404,1.54532,3.17778,4.21671,3.94587,3.36844,2.39667,3.05104,1.64539,3.68374,5.86673,6.21622,3.63102,"이곤역:이민호,정태을역:김고은,조은섭역:우도환,조영역:우도환,강신재역:김경남,구서령역:정은채,이림역:이정진,루나역:김고은,노옥남역:김영옥,정도인역:전배수,송정혜역:서정연,박문식역:박원상,장미카엘역:강홍석,이종인역:전무송,명나리역:김용지,명승아역:김용지,유경무역:이해영,민화연역:황영희,박지영역:박지연,모비서역:백현주,석호필역:이홍내"
20200606,SBS,223323,231925,더킹영원의군주,<2부>,15회,전국,004602,드라마&영화,드라마,미니시리즈,2.02105,3.10622,2.30293,3.08801,5.04582,5.27757,4.20824,2.57972,3.63724,2.97942,4.43671,8.28906,8.30401,4.17069,"이곤역:이민호,정태을역:김고은,조은섭역:우도환,조영역:우도환,강신재역:김경남,구서령역:정은채,이림역:이정진,루나역:김고은,노옥남역:김영옥,정도인역:전배수,송정혜역:서정연,박문식역:박원상,장미카엘역:강홍석,이종인역:전무송,명나리역:김용지,명승아역:김용지,유경무역:이해영,민화연역:황영희,박지영역:박지연,모비서역:백현주,석호필역:이홍내"
20200606,JTBC,143131,153836,쌍갑포차,,5회,전국,010705,드라마&영화,드라마,미니시리즈,0.88152,0.09283,0.60594,0.52103,1.8838,1.0002,0.55985,0,0.09895,0.79887,0.79036,2.41059,1.19308,1.1539,"월주역:황정음,한강배역:육성재,귀반장역:최원영,염부장역:이준혁,강여린역:정다은,최진동역:안태환,송미란역:박하나,박대리역:박주형,김원형역:나인우"
20200606,JTBC,155316,170122,쌍갑포차,,6회,전국,010806,드라마&영화,드라마,미니시리즈,0.98584,0.42592,0.72777,0.51642,1.77474,1.41373,0.90486,1.23863,0.3623,0.84654,1.40229,1.95311,1.04884,1.27793,"월주역:황정음,한강배역:육성재,귀반장역:최원영,염부장역:이준혁,강여린역:정다은,최진동역:안태환,송미란역:박하나,박대리역:박주형,김원형역:나인우"
20200606,TV CHOSUN,152501,162125,바람과구름과비,,4회,전국,005624,드라마&영화,드라마,미니시리즈,0.31899,0.25316,0.19634,0.15147,0.60538,0.41981,1.1267,0,0.03457,0.73889,0.22377,0.37489,1.06085,1.40019,"최천중역:박시후,봉련역:고성희,흥선대원군이하응역:전광렬,채인규역:성혁,김병운역:김승수,김좌근역:차광수,나합역:윤아정,김병학역:한재영,조대비역:김보연,철종역:정욱,이하전역:이루,명성황후민자영역:박정연,고종이재황역:박상훈,용팔룡역:조복래,주모역:김주령,적도사진상역:한동규,팽구철역:노형욱,만석역:박노식,연치성역:임현수,반달역:왕빛나,임종사관역:허태희,최천중어린시절역:강태우,봉련어린시절역:홍승희,채인규어린시절역:최정우,상복역:허성태,민승호역:이해우,저자이병주,출판그림같은세상2020.08.28.,e북무료판매처 1건"
20200606,TV CHOSUN,163338,173023,바람과구름과비,,5회,전국,005645,드라마&영화,드라마,미니시리즈,0.54362,0.24128,0.52345,0,0.58047,0.6614,1.36697,0,0.23667,0.23715,0.38831,0.42225,1.36986,2.1099,"최천중역:박시후,봉련역:고성희,흥선대원군이하응역:전광렬,채인규역:성혁,김병운역:김승수,김좌근역:차광수,나합역:윤아정,김병학역:한재영,조대비역:김보연,철종역:정욱,이하전역:이루,명성황후민자영역:박정연,고종이재황역:박상훈,용팔룡역:조복래,주모역:김주령,적도사진상역:한동규,팽구철역:노형욱,만석역:박노식,연치성역:임현수,반달역:왕빛나,임종사관역:허태희,최천중어린시절역:강태우,봉련어린시절역:홍승희,채인규어린시절역:최정우,상복역:허성태,민승호역:이해우,저자이병주,출판그림같은세상2020.08.28.,e북무료판매처 1건"
20200606,TV CHOSUN,225217,235826,바람과구름과비,,6회,전국,010609,드라마&영화,드라마,미니시리즈,0.64646,0.3306,1.09202,0.85592,0.7872,3.15027,2.93131,0.09468,0.24869,0.37509,1.32485,1.19617,4.3147,2.92493,"최천중역:박시후,봉련역:고성희,흥선대원군이하응역:전광렬,채인규역:성혁,김병운역:김승수,김좌근역:차광수,나합역:윤아정,김병학역:한재영,조대비역:김보연,철종역:정욱,이하전역:이루,명성황후민자영역:박정연,고종이재황역:박상훈,용팔룡역:조복래,주모역:김주령,적도사진상역:한동규,팽구철역:노형욱,만석역:박노식,연치성역:임현수,반달역:왕빛나,임종사관역:허태희,최천중어린시절역:강태우,봉련어린시절역:홍승희,채인규어린시절역:최정우,상복역:허성태,민승호역:이해우,저자이병주,출판그림같은세상2020.08.28.,e북무료판매처 1건"
20200606,tvN,025427,041348,아는건별로없지만가족입니다,,1회,전국,011921,드라마&영화,드라마,미니시리즈,0,0.52118,0.00817,0.02981,0.49048,0.1875,0.20309,0,0.26523,0.02246,0.17897,0.82031,0.54491,0.34907,"김은희역:한예리,박찬혁역:김지석,김은주역:추자현,김상식역:정진영,이진숙역:원미경,김지우역:신재하,임건주역:신동욱,윤태형역:김태훈,젊은상식역:한준우,젊은진숙역:조아영,유선일역:서상원,안효석역:이종원,서경옥역:가득희,윤서영역:혜정,전하라역:배윤경,유민우역:권율"
20200606,tvN,043305,054633,아는건별로없지만가족입니다,,2회,전국,011328,드라마&영화,드라마,미니시리즈,0.00449,0.19627,0.0069,0.0639,0.41738,0.18794,0.18081,0.00251,0.23178,0,0.05096,0.40953,0.39271,0.13121,"김은희역:한예리,박찬혁역:김지석,김은주역:추자현,김상식역:정진영,이진숙역:원미경,김지우역:신재하,임건주역:신동욱,윤태형역:김태훈,젊은상식역:한준우,젊은진숙역:조아영,유선일역:서상원,안효석역:이종원,서경옥역:가득희,윤서영역:혜정,전하라역:배윤경,유민우역:권율"
20200606,tvN,130431,141552,오마이베이비,,7회,전국,011121,드라마&영화,드라마,미니시리즈,0.0118,0.54675,0.18552,0.23541,1.32632,0.52208,0.22512,0.05029,0.25697,0.28243,0.52896,1.45569,1.08995,0.39912,"장하리역:장나라,한이상역:고준,윤재영역:박병은,최강으뜸역:정건주,이옥란역:김혜옥,남수철역:조희봉,김은영역:이미도,김철중역:유승목,주승태역:전진기,박연호역:백승희,최효주역:박수영,주선생역:문현정,심정화역:김재화,이소윤역:정라엘,이옥희역:김예령,박재한역:이한위,김상희역:손화령,순남역:이주실,조회장역:장광,조아저씨역:최홍일,강효주역:전혜빈"
20200606,tvN,143558,154201,오마이베이비,,8회,전국,010603,드라마&영화,드라마,미니시리즈,0.75092,0.31504,0.12641,0.86775,0.88594,0.75136,0.32978,0.05208,0,0.15431,0.70909,1.16055,1.24934,0.46766,"장하리역:장나라,한이상역:고준,윤재영역:박병은,최강으뜸역:정건주,이옥란역:김혜옥,남수철역:조희봉,김은영역:이미도,김철중역:유승목,주승태역:전진기,박연호역:백승희,최효주역:박수영,주선생역:문현정,심정화역:김재화,이소윤역:정라엘,이옥희역:김예령,박재한역:이한위,김상희역:손화령,순남역:이주실,조회장역:장광,조아저씨역:최홍일,강효주역:전혜빈"
20200606,tvN,180654,192303,슬기로운의사생활,,,전국,011609,드라마&영화,드라마,미니시리즈,1.47461,0.98153,0.30184,0.78877,1.92356,1.15807,0.51799,0.65545,0.37217,0.88712,1.57712,4.1177,1.1834,0.77299,"이익준역:조정석,안정원역:유연석,김준완역:정경호,양석형역:김대명,채송화역:전미도,정로사역:김해숙,주종수역:김갑수,도재학역:정문성,용석민역:문태유,장겨울역:신현빈,안치홍역:김준한,봉광현역:최영준,추민하역:안은진,허선빈역:하윤경,명은원역:김혜인,장윤복역:조이현,장홍도역:배현성,송수빈역:김수진,소이현역:윤혜리,배준희역:신도현,주전역:조승연,황재신역:양조아,이우주역:김준,민기준역:서진원,종세혁역:전광진,이영하역:이노아,김재환역:이달,국해성역:이혜은,함덕주역:김비비,한현희역:이지원,한승주역:김지성,은선진역:설유진,이익순역:곽선영,조영혜역:문희경,양태양역:남명렬,김태연역:이소윤,천명태역:최영우,선우희수역:박한솔,장겨울남동생역:박정우,고아라역:고아라"
20200606,tvN,211119,221231,화양연화삶이꽃이되는순간,,13회,전국,010112,드라마&영화,드라마,미니시리즈,1.29418,1.05234,2.27344,1.16772,1.56736,2.69208,2.70701,0.26148,0.94148,1.66018,1.46141,3.84763,4.4475,2.06834,"한재현역:유지태,윤지수역:이보영,과거재현역:진영,과거지수역:전소니,장서경역:박시연,장산역:문성근,한준서역:박민수,한인호역:남명렬,이경자역:손숙,윤형구역:장광,이영민역:고우림,정숙희역:이종남,윤지영역:채원빈,이동진역:민성욱,과거동진역:은해성,성화진역:김주령,과거화진역:한지원,강준우역:강영석,정윤기역:김호창,이세훈역:김영훈,주영우역:이태성,과거영우역:병헌,양혜정역:우정원,과거혜정역:박한솔,최선희역:김영아"
20200606,tvN,243227,253332,화양연화삶이꽃이되는순간,,13회,전국,010105,드라마&영화,드라마,미니시리즈,0,0.15461,0,0.50075,0.09646,0.63348,0.5302,0.01095,0.00441,0.16661,0.54389,0.84492,0.84276,0.31855,"한재현역:유지태,윤지수역:이보영,과거재현역:진영,과거지수역:전소니,장서경역:박시연,장산역:문성근,한준서역:박민수,한인호역:남명렬,이경자역:손숙,윤형구역:장광,이영민역:고우림,정숙희역:이종남,윤지영역:채원빈,이동진역:민성욱,과거동진역:은해성,성화진역:김주령,과거화진역:한지원,강준우역:강영석,정윤기역:김호창,이세훈역:김영훈,주영우역:이태성,과거영우역:병헌,양혜정역:우정원,과거혜정역:박한솔,최선희역:김영아"
20200606,국방TV,210035,212744,바람은불어도,,83회,전국,002709,드라마&영화,드라마,미니시리즈,0,0,0,0,0,0,0,0,0,0,0,0,0,0,"최수종,유호정,윤손하,송나영,송기윤,나문희"
20200606,국방TV,213035,215336,바람은불어도,,84회,전국,002301,드라마&영화,드라마,미니시리즈,0,0,0.02254,0,0,0.00516,0,0,0,0.01399,0,0,0.00529,0,"최수종,유호정,윤손하,송나영,송기윤,나문희"
20200606,국방TV,240035,242744,바람은불어도,,83회,전국,002709,드라마&영화,드라마,미니시리즈,0,0,0,0,0.006,0.02265,0,0,0,0.00594,0,0.00527,0.00478,0,"최수종,유호정,윤손하,송나영,송기윤,나문희"
20200606,국방TV,243035,245337,바람은불어도,,84회,전국,002302,드라마&영화,드라마,미니시리즈,0,0,0,0,0,0.02697,0,0,0,0,0,0,0.00365,0,"최수종,유호정,윤손하,송나영,송기윤,나문희"
20200606,국방TV,250035,252437,바람은불어도,,85회,전국,002402,드라마&영화,드라마,미니시리즈,0,0,0.01732,0,0,0,0.00474,0,0,0,0,0,0.0076,0,"최수종,유호정,윤손하,송나영,송기윤,나문희"
20200606,국방TV,253035,255555,바람은불어도,,86회,전국,002520,드라마&영화,드라마,미니시리즈,0,0,0,0,0.00859,0,0,0,0,0,0,0,0,0,"최수종,유호정,윤손하,송나영,송기윤,나문희"
20200606,OCN Movies,080249,090428,번외수사,,3회,전국,010139,드라마&영화,드라마,미니시리즈,0,0.59443,0,0.08512,0.60914,0.16211,0.02177,0,0.04954,0.06338,0.00531,0.33967,0.20658,0.09869,"진강호역:차태현,강무영역:이선빈,이반석역:정상훈,테디정역:윤경호,탁원역:지승현,민대진역:박정우,맨손역:박태산,연장역:장진희,지수철역:이영석,노순이역:민경옥"
20200606,OCN Movies,092301,102415,번외수사,,4회,전국,010114,드라마&영화,드라마,미니시리즈,0,0,0.09764,0.18914,0.57704,0.3358,0.02369,0,0.18557,0,0.08555,0.39655,0.17208,0.37179,"진강호역:차태현,강무영역:이선빈,이반석역:정상훈,테디정역:윤경호,탁원역:지승현,민대진역:박정우,맨손역:박태산,연장역:장진희,지수철역:이영석,노순이역:민경옥"
20200606,AXN,062004,072154,완전한사랑,,7회,전국,010150,드라마&영화,드라마,주간연속극,0,0,0,0,0,0,0.05555,0,0,0,0,0,0,0.06553,"박시우역:차인표,하영애역:김희애,문지나역:이승연,박회장역:김성원,장혜자역:강부자"
20200606,AXN,073849,084149,완전한사랑,,8회,전국,010300,드라마&영화,드라마,주간연속극,0,0,0,0,0.1039,0,0.03654,0,0,0,0.06632,0.00063,0.00998,0.10953,"박시우역:차인표,하영애역:김희애,문지나역:이승연,박회장역:김성원,장혜자역:강부자"
20200606,AXN,134051,144324,완전한사랑,,7회,전국,010233,드라마&영화,드라마,주간연속극,0,0,0.00298,0.03676,0,0.00143,0.01749,0,0,0.0357,0,0.00128,0.0293,0.04509,"박시우역:차인표,하영애역:김희애,문지나역:이승연,박회장역:김성원,장혜자역:강부자"
20200606,AXN,150004,160358,완전한사랑,,8회,전국,010354,드라마&영화,드라마,주간연속극,0.02151,0,0,0.00681,0,0.05968,0.0207,0.01613,0,0.00275,0.00634,0,0.08232,0.02016,"박시우역:차인표,하영애역:김희애,문지나역:이승연,박회장역:김성원,장혜자역:강부자"
20200606,AXN,212505,222718,완전한사랑,,7회,전국,010213,드라마&영화,드라마,주간연속극,0,0,0,0,0,0.06891,0.13738,0,0.0119,0.05177,0.01234,0.02778,0.04828,0.00289,"박시우역:차인표,하영애역:김희애,문지나역:이승연,박회장역:김성원,장혜자역:강부자"
20200606,AXN,224445,234753,완전한사랑,,8회,전국,010308,드라마&영화,드라마,주간연속극,0,0,0,0,0,0.0031,0.00645,0,0,0,0,0,0.00828,0.06525,"박시우역:차인표,하영애역:김희애,문지나역:이승연,박회장역:김성원,장혜자역:강부자"
20200606,CHING,020000,023203,이산,,7회,전국,003203,드라마&영화,드라마,주간연속극,0,0,0,0,0,0.01189,0.02384,0,0,0,0,0,0.00758,0,"정조이산역:이서진,성송연역:한지민,영조역:이순재,정순왕후역:김여진,화완옹주역:성현아,정후겸역:조연우,박대수역:이종수,효의왕후역:박은혜,혜경궁홍씨역:견미리,사도세자역:이창훈,홍국영역:한상진,최석주역:조경환,채제공역:한인수,정약용역:송창의,장태우역:이재용,민주식역:정호근,박제가역:정재곤,남사초역:맹상훈,박달호역:이희도,김정금상궁역:김소이,강미비상궁역:이숙,원빈홍씨역:지성원,화빈윤씨역:유연지,박영문역:신국,초비역:이도은,이천역:지상렬,탁지수역:유민혁,이산어린시절역:박지빈,성송연어린시절역:이한나,박대수어린시절역:권오민,정후겸어린시절역:이인성"
20200606,CHING,024203,034722,이산,,8회,전국,010519,드라마&영화,드라마,주간연속극,0,0,0,0.03861,0,0,0,0,0,0,0,0,0,0,"정조이산역:이서진,성송연역:한지민,영조역:이순재,정순왕후역:김여진,화완옹주역:성현아,정후겸역:조연우,박대수역:이종수,효의왕후역:박은혜,혜경궁홍씨역:견미리,사도세자역:이창훈,홍국영역:한상진,최석주역:조경환,채제공역:한인수,정약용역:송창의,장태우역:이재용,민주식역:정호근,박제가역:정재곤,남사초역:맹상훈,박달호역:이희도,김정금상궁역:김소이,강미비상궁역:이숙,원빈홍씨역:지성원,화빈윤씨역:유연지,박영문역:신국,초비역:이도은,이천역:지상렬,탁지수역:유민혁,이산어린시절역:박지빈,성송연어린시절역:이한나,박대수어린시절역:권오민,정후겸어린시절역:이인성"
20200606,CNTV,024739,032131,해치,,45회,전국,003352,드라마&영화,드라마,미니시리즈,0,0,0.51831,0.00382,0.00965,0.01461,0.02519,0,0.00999,0,0.02032,0,0.0468,0.17665,"연잉군이금역:정일우,박문수역:권율,여지역:고아라,달문역:박훈,민진헌역:이경영,밀풍군이탄역:정문성,천윤영역:배정화,위병주역:한상진,주영한역:정순원,윤혁역:최민철,장달역:전배수,아봉역:안승균,이이겸역:김종수,한정석역:이필모,경종역:한승현,인원왕후역:남기애,연령군역:노영학,세자빈역:송지인,서씨역:최수임,초홍역:박지연,자동역:하성광,개돌역:도기석,한준재역:서은율,김창중역:이원재,이광좌역:임호,도지광역:한지상,군태역:홍진기,이인좌역:고주원"
20200606,CNTV,032156,034728,해치,,46회,전국,002532,드라마&영화,드라마,미니시리즈,0,0.05166,0.51831,0,0.09183,0.0104,0.22834,0,0.09507,0,0.09745,0,0.02653,0.1987,"연잉군이금역:정일우,박문수역:권율,여지역:고아라,달문역:박훈,민진헌역:이경영,밀풍군이탄역:정문성,천윤영역:배정화,위병주역:한상진,주영한역:정순원,윤혁역:최민철,장달역:전배수,아봉역:안승균,이이겸역:김종수,한정석역:이필모,경종역:한승현,인원왕후역:남기애,연령군역:노영학,세자빈역:송지인,서씨역:최수임,초홍역:박지연,자동역:하성광,개돌역:도기석,한준재역:서은율,김창중역:이원재,이광좌역:임호,도지광역:한지상,군태역:홍진기,이인좌역:고주원"
20200606,CNTV,035823,043108,해치,,47회,전국,003245,드라마&영화,드라마,미니시리즈,0,0.31311,0.03141,0,0.03548,0.07785,0.00906,0,0,0,0.00575,0.04569,0.01997,0.00198,"연잉군이금역:정일우,박문수역:권율,여지역:고아라,달문역:박훈,민진헌역:이경영,밀풍군이탄역:정문성,천윤영역:배정화,위병주역:한상진,주영한역:정순원,윤혁역:최민철,장달역:전배수,아봉역:안승균,이이겸역:김종수,한정석역:이필모,경종역:한승현,인원왕후역:남기애,연령군역:노영학,세자빈역:송지인,서씨역:최수임,초홍역:박지연,자동역:하성광,개돌역:도기석,한준재역:서은율,김창중역:이원재,이광좌역:임호,도지광역:한지상,군태역:홍진기,이인좌역:고주원"
20200606,CNTV,043134,045726,해치,,48회,전국,002552,드라마&영화,드라마,미니시리즈,0,0.06137,0.0158,0,0,0,0.08451,0.22026,0,0.02262,0,0.01491,0.01661,0.2315,"연잉군이금역:정일우,박문수역:권율,여지역:고아라,달문역:박훈,민진헌역:이경영,밀풍군이탄역:정문성,천윤영역:배정화,위병주역:한상진,주영한역:정순원,윤혁역:최민철,장달역:전배수,아봉역:안승균,이이겸역:김종수,한정석역:이필모,경종역:한승현,인원왕후역:남기애,연령군역:노영학,세자빈역:송지인,서씨역:최수임,초홍역:박지연,자동역:하성광,개돌역:도기석,한준재역:서은율,김창중역:이원재,이광좌역:임호,도지광역:한지상,군태역:홍진기,이인좌역:고주원"
20200606,CNTV,070615,075541,광개토태왕,,71회,전국,004926,드라마&영화,드라마,주말연속극,0,0.01453,0,0.00716,0.00962,0.03352,0.06734,0,0.01188,0.00266,0.00754,0,0.28729,0.0231,"담덕역:이태곤,고운역:김승수,모용보역:임호,도영역:오지은,연살타역:홍경인,약연역:이인혜,고무역:김진태,고창역:남성진,모두영역:이원발,모두루역:임대호,모용수역:김동현,풍발역:정호근,개연수역:최동준,가라지역:오욱철,연도부역:반석진,계필역:선동혁,이영역:최상훈,담망역:정태우,이련역:송용태,고야역:이보희,담주역:조안,설도안역:김규철,설지역:김정화,마수역:고인범,여소이역:임병기,돌비수역:김정현,갈사무역:강신조,도광역:박승호,소모역:강지후,여문역:나주석,모용희역:조인표,거보역:김덕현,무갑역:유종근,여석개역:방형주,황회역:김명수,원봉역:박유승,하무지역:윤승원,사갈현역:김철기,아신역:박정철"
20200606,CNTV,080558,085823,광개토태왕,,72회,전국,005225,드라마&영화,드라마,주말연속극,0,0.02344,0,0,0.04163,0.04407,0.11698,0.01513,0,0,0,0.07421,0.25927,0.08066,"담덕역:이태곤,고운역:김승수,모용보역:임호,도영역:오지은,연살타역:홍경인,약연역:이인혜,고무역:김진태,고창역:남성진,모두영역:이원발,모두루역:임대호,모용수역:김동현,풍발역:정호근,개연수역:최동준,가라지역:오욱철,연도부역:반석진,계필역:선동혁,이영역:최상훈,담망역:정태우,이련역:송용태,고야역:이보희,담주역:조안,설도안역:김규철,설지역:김정화,마수역:고인범,여소이역:임병기,돌비수역:김정현,갈사무역:강신조,도광역:박승호,소모역:강지후,여문역:나주석,모용희역:조인표,거보역:김덕현,무갑역:유종근,여석개역:방형주,황회역:김명수,원봉역:박유승,하무지역:윤승원,사갈현역:김철기,아신역:박정철"
20200606,CNTV,102340,112842,에덴의동쪽,,49회,전국,010502,드라마&영화,드라마,주간연속극,0,0,0,0.03192,0.05803,0.01587,0.36184,0,0,0.00839,0,0.02524,0.01324,0.28314,"이동철역:송승헌,이동욱역:연정훈,민혜린역:이다해,지현역:한지혜,신명훈역:박해진,국영란역:이연희,기순역:전소민,혜령역:정소영,제니스역:정혜영,마이크역:데니스오,백성현역:박성웅,미애역:신은정,신태환역:조민기,지현어린시절역:남지현"
20200606,CNTV,114737,125245,각시탈,,21회,전국,010508,드라마&영화,드라마,미니시리즈,0,0.02166,0.02551,0.01615,0.02965,0.11881,0.36722,0,0,0.00516,0.2778,0.0162,0.28282,0.17572,"이강토역:주원,목단역:진세연,기무라슌지역:박기웅,채홍주역:한채아,이강산역:신현준,한씨역:송옥숙,이선역:이일재,백건역:전현,담사리역:전노민,조단장역:손병호,오동년역:이경실,신난다역:이병준,선화역:손여은,계순역:서윤아,기무라타로역:천호진,기무라켄지역:박주형,우에노히데키역:전국환,가츠야마준역:안형준,이화경역:김정난,미나미타마오역:최대훈,콘노고지역:김응수,아베신지역:윤봉길,고이소타다노부역:윤진호,타샤역:지서윤,봉실장역:백재진,메리역:장준유,노상엽역:이재원,최명섭역:권태원,우병준역:김규철,이시용역:안석환,박인삼역:김태영,조영근역:고인범,긴페이가토역:브루스칸,박성모역:방중현,수지역:오은호,제니역:양희윤,안나역:반민정,득수역:김방원,진홍역:정은별,무라야마요시오역:김명수,양백역:김명곤,동진역:박성웅,심순이역:이슬비,송기자역:최대철,카카와역:최웅,안섭역:지민,타케다산상역:이주현,민규역:박보검,카네코역:한수아"
20200606,CNTV,130928,141116,바람과구름과비,,4회,전국,010148,드라마&영화,드라마,미니시리즈,0.00535,0,0,0.12303,0.00128,0.03929,0.18097,0.003,0,0.03624,0.00171,0.06256,0.11221,0.10513,"최천중역:박시후,봉련역:고성희,흥선대원군이하응역:전광렬,채인규역:성혁,김병운역:김승수,김좌근역:차광수,나합역:윤아정,김병학역:한재영,조대비역:김보연,철종역:정욱,이하전역:이루,명성황후민자영역:박정연,고종이재황역:박상훈,용팔룡역:조복래,주모역:김주령,적도사진상역:한동규,팽구철역:노형욱,만석역:박노식,연치성역:임현수,반달역:왕빛나,임종사관역:허태희,최천중어린시절역:강태우,봉련어린시절역:홍승희,채인규어린시절역:최정우,상복역:허성태,민승호역:이해우,저자이병주,출판그림같은세상2020.08.28.,e북무료판매처 1건"
20200606,CNTV,164404,173410,광개토태왕,,71회,전국,005006,드라마&영화,드라마,주말연속극,0,0,0.11203,0.01564,0.0037,0.11611,0.22445,0,0,0,0.09625,0.02503,0.0798,0.02532,"담덕역:이태곤,고운역:김승수,모용보역:임호,도영역:오지은,연살타역:홍경인,약연역:이인혜,고무역:김진태,고창역:남성진,모두영역:이원발,모두루역:임대호,모용수역:김동현,풍발역:정호근,개연수역:최동준,가라지역:오욱철,연도부역:반석진,계필역:선동혁,이영역:최상훈,담망역:정태우,이련역:송용태,고야역:이보희,담주역:조안,설도안역:김규철,설지역:김정화,마수역:고인범,여소이역:임병기,돌비수역:김정현,갈사무역:강신조,도광역:박승호,소모역:강지후,여문역:나주석,모용희역:조인표,거보역:김덕현,무갑역:유종근,여석개역:방형주,황회역:김명수,원봉역:박유승,하무지역:윤승원,사갈현역:김철기,아신역:박정철"
20200606,CNTV,175126,184421,광개토태왕,,72회,전국,005255,드라마&영화,드라마,주말연속극,0,0.14431,0,0,0.09582,0.26173,0.48516,0,0.0147,0.0207,0.40414,0.11997,0.21155,0.01718,"담덕역:이태곤,고운역:김승수,모용보역:임호,도영역:오지은,연살타역:홍경인,약연역:이인혜,고무역:김진태,고창역:남성진,모두영역:이원발,모두루역:임대호,모용수역:김동현,풍발역:정호근,개연수역:최동준,가라지역:오욱철,연도부역:반석진,계필역:선동혁,이영역:최상훈,담망역:정태우,이련역:송용태,고야역:이보희,담주역:조안,설도안역:김규철,설지역:김정화,마수역:고인범,여소이역:임병기,돌비수역:김정현,갈사무역:강신조,도광역:박승호,소모역:강지후,여문역:나주석,모용희역:조인표,거보역:김덕현,무갑역:유종근,여석개역:방형주,황회역:김명수,원봉역:박유승,하무지역:윤승원,사갈현역:김철기,아신역:박정철"
20200606,CNTV,190301,200819,에덴의동쪽,,49회,전국,010518,드라마&영화,드라마,주간연속극,0,0.02777,0,0,0,0.04487,0.18479,0,0,0.01013,0.06478,0,0.0402,0.11177,"이동철역:송승헌,이동욱역:연정훈,민혜린역:이다해,지현역:한지혜,신명훈역:박해진,국영란역:이연희,기순역:전소민,혜령역:정소영,제니스역:정혜영,마이크역:데니스오,백성현역:박성웅,미애역:신은정,신태환역:조민기,지현어린시절역:남지현"
20200606,CNTV,202638,213130,각시탈,,21회,전국,010452,드라마&영화,드라마,미니시리즈,0,0.06351,0.00796,0.02478,0.05365,0.02529,0.08632,0,0,0.00995,0.02008,0.062,0.01782,0.06661,"이강토역:주원,목단역:진세연,기무라슌지역:박기웅,채홍주역:한채아,이강산역:신현준,한씨역:송옥숙,이선역:이일재,백건역:전현,담사리역:전노민,조단장역:손병호,오동년역:이경실,신난다역:이병준,선화역:손여은,계순역:서윤아,기무라타로역:천호진,기무라켄지역:박주형,우에노히데키역:전국환,가츠야마준역:안형준,이화경역:김정난,미나미타마오역:최대훈,콘노고지역:김응수,아베신지역:윤봉길,고이소타다노부역:윤진호,타샤역:지서윤,봉실장역:백재진,메리역:장준유,노상엽역:이재원,최명섭역:권태원,우병준역:김규철,이시용역:안석환,박인삼역:김태영,조영근역:고인범,긴페이가토역:브루스칸,박성모역:방중현,수지역:오은호,제니역:양희윤,안나역:반민정,득수역:김방원,진홍역:정은별,무라야마요시오역:김명수,양백역:김명곤,동진역:박성웅,심순이역:이슬비,송기자역:최대철,카카와역:최웅,안섭역:지민,타케다산상역:이주현,민규역:박보검,카네코역:한수아"
20200606,CNTV,214756,224942,바람과구름과비,,4회,전국,010146,드라마&영화,드라마,미니시리즈,0,0.01178,0,0.00368,0.0194,0.22835,0.28034,0,0,0.05504,0.01343,0.03411,0.08833,0.27719,"최천중역:박시후,봉련역:고성희,흥선대원군이하응역:전광렬,채인규역:성혁,김병운역:김승수,김좌근역:차광수,나합역:윤아정,김병학역:한재영,조대비역:김보연,철종역:정욱,이하전역:이루,명성황후민자영역:박정연,고종이재황역:박상훈,용팔룡역:조복래,주모역:김주령,적도사진상역:한동규,팽구철역:노형욱,만석역:박노식,연치성역:임현수,반달역:왕빛나,임종사관역:허태희,최천중어린시절역:강태우,봉련어린시절역:홍승희,채인규어린시절역:최정우,상복역:허성태,민승호역:이해우,저자이병주,출판그림같은세상2020.08.28.,e북무료판매처 1건"
20200606,CNTV,250627,255552,광개토태왕,,71회,전국,004925,드라마&영화,드라마,주말연속극,0,0,0,0.03766,0.04623,0.30719,0.11627,0,0,0,0.11843,0.07927,0.09711,0.04865,"담덕역:이태곤,고운역:김승수,모용보역:임호,도영역:오지은,연살타역:홍경인,약연역:이인혜,고무역:김진태,고창역:남성진,모두영역:이원발,모두루역:임대호,모용수역:김동현,풍발역:정호근,개연수역:최동준,가라지역:오욱철,연도부역:반석진,계필역:선동혁,이영역:최상훈,담망역:정태우,이련역:송용태,고야역:이보희,담주역:조안,설도안역:김규철,설지역:김정화,마수역:고인범,여소이역:임병기,돌비수역:김정현,갈사무역:강신조,도광역:박승호,소모역:강지후,여문역:나주석,모용희역:조인표,거보역:김덕현,무갑역:유종근,여석개역:방형주,황회역:김명수,원봉역:박유승,하무지역:윤승원,사갈현역:김철기,아신역:박정철"
20200606,DRAMAcube,170151,180606,굿캐스팅,,11회,전국,010415,드라마&영화,드라마,미니시리즈,0,0,0,0.1269,0.26402,0.02614,0.08896,0,0,0.07662,0.02447,0.02752,0.00684,0.09778,"백찬미역:최강희,윤석호역:이상엽,임예은역:유인영,황미순역:김지영,강우원역:이준영,동관수역:이종혁,서국환역:정인기,배무혁역:박경순,간태희역:황보미,명계철역:우현,탁상기역:이상훈,옥철역:김용희,변우석역:허재호,구비서역:한수진,설영훈역:조영훈,심화란역:차수연,남봉만역:이승형,남주연역:김보윤,피철웅역:배진웅,권민석역:성혁,권소희역:노하연"
20200606,DramaH,085542,100507,번외수사,,1회,전국,010925,드라마&영화,드라마,미니시리즈,0,0,0,0.03504,0,0,0.19505,0,0,0.04289,0.547,0.0183,0.02572,0.11859,"진강호역:차태현,강무영역:이선빈,이반석역:정상훈,테디정역:윤경호,탁원역:지승현,민대진역:박정우,맨손역:박태산,연장역:장진희,지수철역:이영석,노순이역:민경옥"
20200606,DramaH,102220,112232,번외수사,,2회,전국,010012,드라마&영화,드라마,미니시리즈,0,0,0.00419,0.00213,0.0771,0.00674,0.00139,0,0.01125,0.00526,0.39622,0.25938,0.00553,0.01238,"진강호역:차태현,강무영역:이선빈,이반석역:정상훈,테디정역:윤경호,탁원역:지승현,민대진역:박정우,맨손역:박태산,연장역:장진희,지수철역:이영석,노순이역:민경옥"
20200606,DramaH,114045,124354,라이프온마스,,13회,전국,010309,드라마&영화,드라마,미니시리즈,0.16893,0.03604,0,0.00526,0.06923,0.00413,0.01992,0,0.02583,0,0.01262,0.01356,0.03785,0.00459,"한태주역:정경호,강동철역:박성웅,윤나영역:고아성,이용기역:오대환,조남식역:노종현,한충호역:전석호,김미연역:유지연,한말숙역:김재경,한태주어린시절역:김민호,박소장역:김기천,김경세역:김영필,김민석어린시절역:오한결,김민석역:최승윤,정서현역:전혜빈"
20200606,DramaH,130149,140604,라이프온마스,,14회,전국,010415,드라마&영화,드라마,미니시리즈,0.01109,0.08072,0.13262,0.18432,0.01445,0.02003,0.09708,0.01009,0,0.08429,0.00408,0.00388,0.09744,0.04035,"한태주역:정경호,강동철역:박성웅,윤나영역:고아성,이용기역:오대환,조남식역:노종현,한충호역:전석호,김미연역:유지연,한말숙역:김재경,한태주어린시절역:김민호,박소장역:김기천,김경세역:김영필,김민석어린시절역:오한결,김민석역:최승윤,정서현역:전혜빈"
20200606,DramaH,142413,152452,라이프온마스,,15회,전국,010039,드라마&영화,드라마,미니시리즈,0.01445,0,0,0.04224,0.01576,0.04736,0.15876,0.01812,0,0,0.00311,0.04321,0.02438,0.21524,"한태주역:정경호,강동철역:박성웅,윤나영역:고아성,이용기역:오대환,조남식역:노종현,한충호역:전석호,김미연역:유지연,한말숙역:김재경,한태주어린시절역:김민호,박소장역:김기천,김경세역:김영필,김민석어린시절역:오한결,김민석역:최승윤,정서현역:전혜빈"
20200606,DramaH,154630,164512,라이프온마스,,16회,전국,005842,드라마&영화,드라마,미니시리즈,0,0.01037,0.00121,0.00149,0.00686,0.05332,0.11046,0,0.00848,0.0061,0.009,0.02977,0.03335,0.19482,"한태주역:정경호,강동철역:박성웅,윤나영역:고아성,이용기역:오대환,조남식역:노종현,한충호역:전석호,김미연역:유지연,한말숙역:김재경,한태주어린시절역:김민호,박소장역:김기천,김경세역:김영필,김민석어린시절역:오한결,김민석역:최승윤,정서현역:전혜빈"
20200606,DramaH,225541,235950,굿캐스팅,,11회,전국,010409,드라마&영화,드라마,미니시리즈,0,0,0.00317,0.00501,0.01219,0.00445,0.07181,0,0.0804,0.04012,0,0.05604,0.00416,0.00509,"백찬미역:최강희,윤석호역:이상엽,임예은역:유인영,황미순역:김지영,강우원역:이준영,동관수역:이종혁,서국환역:정인기,배무혁역:박경순,간태희역:황보미,명계철역:우현,탁상기역:이상훈,옥철역:김용희,변우석역:허재호,구비서역:한수진,설영훈역:조영훈,심화란역:차수연,남봉만역:이승형,남주연역:김보윤,피철웅역:배진웅,권민석역:성혁,권소희역:노하연"
20200606,DramaH,241956,252011,번외수사,,2회,전국,010015,드라마&영화,드라마,미니시리즈,0,0,0.00693,0.00418,0.0034,0.0886,0.03859,0,0,0.00458,0,0.01494,0.1442,0.01359,"진강호역:차태현,강무영역:이선빈,이반석역:정상훈,테디정역:윤경호,탁원역:지승현,민대진역:박정우,맨손역:박태산,연장역:장진희,지수철역:이영석,노순이역:민경옥"
20200606,DramaH,253313,255959,번외수사,,3회,전국,002646,드라마&영화,드라마,미니시리즈,0,0,0,0,0,0.03834,0.00555,0,0,0,0.07073,0,0.05032,0.01466,"진강호역:차태현,강무영역:이선빈,이반석역:정상훈,테디정역:윤경호,탁원역:지승현,민대진역:박정우,맨손역:박태산,연장역:장진희,지수철역:이영석,노순이역:민경옥"
20200606,Dramax,020043,030212,궁중잔혹사꽃들의전쟁,,9회,전국,010129,드라마&영화,드라마,주말연속극,0,0,0,0.01133,0,0,0.00222,0,0,0.00604,0.21007,0.00267,0,0.05951,"소용조씨역:김현주,인조역:이덕화,민회빈강씨역:송선미,김자점역:정성모,소현세자역:정성운,봉림대군역:김주영,장렬왕후조씨역:고원희,남혁역:전태수,설죽역:서이숙,박숙의역:이서연,유덕역:이설희,소용조씨어린시절역:이채미,이형익역:손병호,심기원역:김규철,김인역:우현,한옥역:정선경,장귀인역:이혜은,이상궁역:연미주,김상궁역:엄유신,언년역:정유민"
20200606,Dramax,031420,041726,궁중잔혹사꽃들의전쟁,,10회,전국,010306,드라마&영화,드라마,주말연속극,0.03321,0,0,0.00222,0.00341,0.01787,0.01721,0,0,0,0.21441,0.00566,0.00533,0.04547,"소용조씨역:김현주,인조역:이덕화,민회빈강씨역:송선미,김자점역:정성모,소현세자역:정성운,봉림대군역:김주영,장렬왕후조씨역:고원희,남혁역:전태수,설죽역:서이숙,박숙의역:이서연,유덕역:이설희,소용조씨어린시절역:이채미,이형익역:손병호,심기원역:김규철,김인역:우현,한옥역:정선경,장귀인역:이혜은,이상궁역:연미주,김상궁역:엄유신,언년역:정유민"
20200606,Dramax,231349,241901,너의목소리가들려,,9회,전국,010512,드라마&영화,드라마,미니시리즈,0.00704,0.01135,0.19652,0.004,0.01506,0.04184,0.04048,0,0.06355,0,0.06329,0.03552,0.03203,0.01842,"장혜성역:이보영,박수하역:이종석,차관우역:윤상현,서도연역:이다희,어춘심역:김해숙,민준국역:정웅인,신상덕역:윤주상,서대석역:정동환,김공숙역:김광규,황달중역:김병옥,고성빈역:김가은,최유창역:최성준,김충기역:박두식,박주혁역:조덕현,도연엄마역:장희수,어린장혜성역:김소현,어린박수하역:구승현,어린서도연역:정민아,정필재역:한기원,정필승역:한기웅,변호사역:소이현,형사역:김성균,문동희역:김수연,최윤역:김민종,고아원입양담당자역:안문숙,엄기준역:엄기준,백화점손님역:안영미,경찰역:정만식,소매치기역:강남"
20200606,Dramax,243123,253700,너의목소리가들려,,10회,전국,010537,드라마&영화,드라마,미니시리즈,0,0,0,0.00897,0,0.00739,0,0,0,0,0,0.25369,0,0.08833,"장혜성역:이보영,박수하역:이종석,차관우역:윤상현,서도연역:이다희,어춘심역:김해숙,민준국역:정웅인,신상덕역:윤주상,서대석역:정동환,김공숙역:김광규,황달중역:김병옥,고성빈역:김가은,최유창역:최성준,김충기역:박두식,박주혁역:조덕현,도연엄마역:장희수,어린장혜성역:김소현,어린박수하역:구승현,어린서도연역:정민아,정필재역:한기원,정필승역:한기웅,변호사역:소이현,형사역:김성균,문동희역:김수연,최윤역:김민종,고아원입양담당자역:안문숙,엄기준역:엄기준,백화점손님역:안영미,경찰역:정만식,소매치기역:강남"
20200606,Dramax,255352,255959,궁중잔혹사꽃들의전쟁,,11회,전국,000607,드라마&영화,드라마,주말연속극,0,0,0,0,0,0,0,0,0,0,0.21007,0,0,0.16237,"소용조씨역:김현주,인조역:이덕화,민회빈강씨역:송선미,김자점역:정성모,소현세자역:정성운,봉림대군역:김주영,장렬왕후조씨역:고원희,남혁역:전태수,설죽역:서이숙,박숙의역:이서연,유덕역:이설희,소용조씨어린시절역:이채미,이형익역:손병호,심기원역:김규철,김인역:우현,한옥역:정선경,장귀인역:이혜은,이상궁역:연미주,김상궁역:엄유신,언년역:정유민"
20200606,FOX채널,020000,030246,뷰티인사이드,,3회,전국,010246,드라마&영화,드라마,미니시리즈,0,0,0,0,0,0,0,0,0,0,0,0,0,0,"한세계역:서현진,서도재역:이민기,강사라역:이다희,류은호역:안재현,정주환역:이태리,유우미역:문지인,임정연역:나영희,임회장역:이문수,강대식역:강남길,한숙희역:김희정,채유리역:류화영,이희섭역:김승욱,은호부역:이한위,은호모역:김예령,김이사역:이철민"
20200606,FOX채널,102403,113457,뷰티인사이드,,3회,전국,011054,드라마&영화,드라마,미니시리즈,0,0.02474,0,0.00593,0.0123,0.00374,0.00386,0.0425,0,0,0.01271,0.08839,0.01713,0.01611,"한세계역:서현진,서도재역:이민기,강사라역:이다희,류은호역:안재현,정주환역:이태리,유우미역:문지인,임정연역:나영희,임회장역:이문수,강대식역:강남길,한숙희역:김희정,채유리역:류화영,이희섭역:김승욱,은호부역:이한위,은호모역:김예령,김이사역:이철민"
20200606,FOX채널,140450,151544,뷰티인사이드,,3회,전국,011054,드라마&영화,드라마,미니시리즈,0.17705,0.04329,0,0,0.07457,0.00131,0.02287,0.07438,0,0.08364,0,0.04016,0,0.00248,"한세계역:서현진,서도재역:이민기,강사라역:이다희,류은호역:안재현,정주환역:이태리,유우미역:문지인,임정연역:나영희,임회장역:이문수,강대식역:강남길,한숙희역:김희정,채유리역:류화영,이희섭역:김승욱,은호부역:이한위,은호모역:김예령,김이사역:이철민"
20200606,FOX채널,165449,181026,뷰티인사이드,,4회,전국,011537,드라마&영화,드라마,미니시리즈,0,0.00585,0,0,0.08594,0.00072,0.00687,0.01006,0,0,0.00664,0.0102,0.00108,0.00753,"한세계역:서현진,서도재역:이민기,강사라역:이다희,류은호역:안재현,정주환역:이태리,유우미역:문지인,임정연역:나영희,임회장역:이문수,강대식역:강남길,한숙희역:김희정,채유리역:류화영,이희섭역:김승욱,은호부역:이한위,은호모역:김예령,김이사역:이철민"
20200606,FOX채널,253748,255959,뷰티인사이드,,4회,전국,002211,드라마&영화,드라마,미니시리즈,0,0,0,0,0,0.09723,0.04144,0,0,0,0,0,0,0.0506,"한세계역:서현진,서도재역:이민기,강사라역:이다희,류은호역:안재현,정주환역:이태리,유우미역:문지인,임정연역:나영희,임회장역:이문수,강대식역:강남길,한숙희역:김희정,채유리역:류화영,이희섭역:김승욱,은호부역:이한위,은호모역:김예령,김이사역:이철민"
20200606,JTBC2,020000,024205,부부의세계,,1회,전국,004205,드라마&영화,드라마,미니시리즈,0,0.14758,0,0.28063,0.09955,0,0.11145,0,0.13431,0,0,0.01527,0.03206,0.36828,"지선우역:김희애,이태오역:박해준,여다경역:한소희,고예림역:박선영,손제혁역:김영민,설명숙역:채국희,여병규역:이경영,엄효정역:김선경,이준영역:전진서,민현서역:심은우,박인규역:이학주,마강석역:박충선,공지철역:정재성,김윤기역:이무생,하동식역:김종태,윤노을역:신수연,차해강역:정준원,최회장아내역:서이숙,공지철아내역:박미현,차도철아내역:윤인조"
20200606,JTBC2,055219,065813,쌍갑포차,,5회,전국,010554,드라마&영화,드라마,미니시리즈,0,0,0,0.00602,0,0.11941,0.0125,0,0.23492,0,0,0.00659,0.37475,0.00178,"월주역:황정음,한강배역:육성재,귀반장역:최원영,염부장역:이준혁,강여린역:정다은,최진동역:안태환,송미란역:박하나,박대리역:박주형,김원형역:나인우"
20200606,JTBC2,071107,081823,쌍갑포차,,6회,전국,010716,드라마&영화,드라마,미니시리즈,0,0,0,0.29307,0.0396,0.19092,0.00293,0,0,0.16236,0.09322,0.22422,0.72876,0.04543,"월주역:황정음,한강배역:육성재,귀반장역:최원영,염부장역:이준혁,강여린역:정다은,최진동역:안태환,송미란역:박하나,박대리역:박주형,김원형역:나인우"
20200606,JTBC2,104803,115418,쌍갑포차,,5회,전국,010615,드라마&영화,드라마,미니시리즈,0,0,0.06292,0,0.08193,0.17524,0.34585,0.12167,0,0.09159,0.05755,0.17351,0.13519,0.25801,"월주역:황정음,한강배역:육성재,귀반장역:최원영,염부장역:이준혁,강여린역:정다은,최진동역:안태환,송미란역:박하나,박대리역:박주형,김원형역:나인우"
20200606,JTBC2,121025,131745,쌍갑포차,,6회,전국,010720,드라마&영화,드라마,미니시리즈,0,0.16695,0.05847,0.09862,0.2756,0.23818,0.32525,0.44612,0.11965,0.00859,0.28686,0.05368,0.13481,0.18817,"월주역:황정음,한강배역:육성재,귀반장역:최원영,염부장역:이준혁,강여린역:정다은,최진동역:안태환,송미란역:박하나,박대리역:박주형,김원형역:나인우"
20200606,JTBC2,201128,211737,쌍갑포차,,5회,전국,010609,드라마&영화,드라마,미니시리즈,0,0.00449,0.00343,0.01453,0.16337,0.01237,0.00205,0,0,0.00368,0.01191,0.02208,0.16192,0.0394,"월주역:황정음,한강배역:육성재,귀반장역:최원영,염부장역:이준혁,강여린역:정다은,최진동역:안태환,송미란역:박하나,박대리역:박주형,김원형역:나인우"
20200606,JTBC2,212940,223655,쌍갑포차,,6회,전국,010715,드라마&영화,드라마,미니시리즈,0,0.02196,0.12281,0.01052,0.16912,0.29568,0.00979,0,0.01604,0.52241,0.00443,0.12149,0.45699,0.13946,"월주역:황정음,한강배역:육성재,귀반장역:최원영,염부장역:이준혁,강여린역:정다은,최진동역:안태환,송미란역:박하나,박대리역:박주형,김원형역:나인우"
20200606,KBS DRAMA,020000,022426,본어게인,,25회,전국,002426,드라마&영화,드라마,미니시리즈,0.47301,0,0,0,0,0,0.01872,0.43054,0,0,0,0.10845,0.1103,0.02208,"공지철역:장기용,천종범역:장기용,정하은역:진세연,정사빈역:진세연,차형빈역:이수혁,김수혁역:이수혁,장혜미역:김정난,천석태역:최광일,주인도역:장원영,백상아역:이서엘,서태하역:최대철,서영역:한해림,제이역:차민지,공인우역:정인겸,장혜미역:위지연,천석태역:조덕회"
20200606,KBS DRAMA,022537,025704,본어게인,,26회,전국,003127,드라마&영화,드라마,미니시리즈,0,0,0.06392,0,0,0.05196,0.06382,0,0,0.01682,0.04901,0.03874,0.26472,0.06511,"공지철역:장기용,천종범역:장기용,정하은역:진세연,정사빈역:진세연,차형빈역:이수혁,김수혁역:이수혁,장혜미역:김정난,천석태역:최광일,주인도역:장원영,백상아역:이서엘,서태하역:최대철,서영역:한해림,제이역:차민지,공인우역:정인겸,장혜미역:위지연,천석태역:조덕회"
20200606,KBS DRAMA,030642,033825,본어게인,,27회,전국,003143,드라마&영화,드라마,미니시리즈,0,0,0,0.2408,0,0.08177,0.18224,0,0,0,0,0.07536,0.63982,0.14181,"공지철역:장기용,천종범역:장기용,정하은역:진세연,정사빈역:진세연,차형빈역:이수혁,김수혁역:이수혁,장혜미역:김정난,천석태역:최광일,주인도역:장원영,백상아역:이서엘,서태하역:최대철,서영역:한해림,제이역:차민지,공인우역:정인겸,장혜미역:위지연,천석태역:조덕회"
20200606,KBS DRAMA,033832,040725,본어게인,,28회,전국,002853,드라마&영화,드라마,미니시리즈,0.53214,0.11826,0.09342,0.40455,0,0.05604,0.16549,0.48436,0.10763,0,0.19575,0,0.3392,0.1042,"공지철역:장기용,천종범역:장기용,정하은역:진세연,정사빈역:진세연,차형빈역:이수혁,김수혁역:이수혁,장혜미역:김정난,천석태역:최광일,주인도역:장원영,백상아역:이서엘,서태하역:최대철,서영역:한해림,제이역:차민지,공인우역:정인겸,장혜미역:위지연,천석태역:조덕회"
20200606,KBS DRAMA,055622,063025,위험한약속,,43회,전국,003403,드라마&영화,드라마,일일연속극,0,0,0,0.07553,0,0.0263,0.2309,0,0,0.0564,0.00768,0.02761,0.14618,0.39797,"차은동역:박하나,강태인역:고세원,최준혁역:강성민,오혜원역:박영린,한지훈역:이창욱,차만종역:이대연,차은찬역:유준서,공영심역:유지연,봉석구역:현우섭,강일섭역:강신일,연두심역:이칸희,한광훈역:길용우,한서주역:김혜지,최명희역:김나운,고재숙역:윤복인,최영국역:송민형,민주란역:오영실,최준경역:이효나,이창욱역:김정운"
20200606,KBS DRAMA,063032,070427,위험한약속,,44회,전국,003355,드라마&영화,드라마,일일연속극,0,0.13204,0.07133,0,0,0.03622,0.45284,0,0,0.02324,0.261,0.31203,0.17059,0.86187,"차은동역:박하나,강태인역:고세원,최준혁역:강성민,오혜원역:박영린,한지훈역:이창욱,차만종역:이대연,차은찬역:유준서,공영심역:유지연,봉석구역:현우섭,강일섭역:강신일,연두심역:이칸희,한광훈역:길용우,한서주역:김혜지,최명희역:김나운,고재숙역:윤복인,최영국역:송민형,민주란역:오영실,최준경역:이효나,이창욱역:김정운"
20200606,KBS DRAMA,071525,074925,위험한약속,,45회,전국,003400,드라마&영화,드라마,일일연속극,0,0.02563,0.0329,0,0.00326,0.24855,0.52102,0,0,0.38353,0.33361,0.48528,0.60698,1.18651,"차은동역:박하나,강태인역:고세원,최준혁역:강성민,오혜원역:박영린,한지훈역:이창욱,차만종역:이대연,차은찬역:유준서,공영심역:유지연,봉석구역:현우섭,강일섭역:강신일,연두심역:이칸희,한광훈역:길용우,한서주역:김혜지,최명희역:김나운,고재숙역:윤복인,최영국역:송민형,민주란역:오영실,최준경역:이효나,이창욱역:김정운"
20200606,KBS DRAMA,074932,082321,위험한약속,,46회,전국,003349,드라마&영화,드라마,일일연속극,0.26961,0.10035,0.13209,0,0.08457,0.22804,1.00857,0.03013,0.03496,0.4988,0.45877,0.36595,1.21943,1.74994,"차은동역:박하나,강태인역:고세원,최준혁역:강성민,오혜원역:박영린,한지훈역:이창욱,차만종역:이대연,차은찬역:유준서,공영심역:유지연,봉석구역:현우섭,강일섭역:강신일,연두심역:이칸희,한광훈역:길용우,한서주역:김혜지,최명희역:김나운,고재숙역:윤복인,최영국역:송민형,민주란역:오영실,최준경역:이효나,이창욱역:김정운"
20200606,KBS DRAMA,082328,085713,위험한약속,,47회,전국,003345,드라마&영화,드라마,일일연속극,0.98856,0.36793,0.44084,0.18947,0.25154,0.47841,0.98671,0,0,0.68588,0.56388,0.69723,1.6014,1.56223,"차은동역:박하나,강태인역:고세원,최준혁역:강성민,오혜원역:박영린,한지훈역:이창욱,차만종역:이대연,차은찬역:유준서,공영심역:유지연,봉석구역:현우섭,강일섭역:강신일,연두심역:이칸희,한광훈역:길용우,한서주역:김혜지,최명희역:김나운,고재숙역:윤복인,최영국역:송민형,민주란역:오영실,최준경역:이효나,이창욱역:김정운"
20200606,KBS DRAMA,123130,130742,한번다녀왔습니다,,37회,전국,003612,드라마&영화,드라마,주말연속극,0,0.03014,0.03193,0.14613,0.60128,0.03006,0.40961,0.37729,0.27699,0.45813,0.24376,0.20619,0.44584,1.10074,"송영달역:천호진,장옥분역:차화연,최윤정역:김보연,강초연역:이정은,송나희역:이민정,윤규진역:이상엽,송준선역:오대환,송가희역:오윤아,송다희역:이초희,양치수역:안길강,장옥자역:백지원,성현경역:임정은,윤재석역:이상이,박효신역:기도훈,김지훈역:문우진,이주리역:김소라,김가연역:송다은,건어물역:신미영,꽈배기역:김가영,송서영역:이가연,송서진역:안서연,이정록역:알렉스,유보영역:손성윤,유시후역:송민재,박지연역:신수정,한기영역:강유석,홍성우역:김현목,신혜정역:김미은,심정희역:이상경,오연지역:한봄,오정봉역:오의식,이종수역:장원혁,김승현역:배호근,송이역:김주영,지원역:찬희,이현역:이필모"
20200606,KBS DRAMA,130853,134147,한번다녀왔습니다,,38회,전국,003254,드라마&영화,드라마,주말연속극,0,0.10621,0.04371,0.05929,0.76738,0.1787,0.84671,0,0.32526,0.09603,0.16327,0.26666,0.2619,1.09997,"송영달역:천호진,장옥분역:차화연,최윤정역:김보연,강초연역:이정은,송나희역:이민정,윤규진역:이상엽,송준선역:오대환,송가희역:오윤아,송다희역:이초희,양치수역:안길강,장옥자역:백지원,성현경역:임정은,윤재석역:이상이,박효신역:기도훈,김지훈역:문우진,이주리역:김소라,김가연역:송다은,건어물역:신미영,꽈배기역:김가영,송서영역:이가연,송서진역:안서연,이정록역:알렉스,유보영역:손성윤,유시후역:송민재,박지연역:신수정,한기영역:강유석,홍성우역:김현목,신혜정역:김미은,심정희역:이상경,오연지역:한봄,오정봉역:오의식,이종수역:장원혁,김승현역:배호근,송이역:김주영,지원역:찬희,이현역:이필모"
20200606,KBS DRAMA,135557,143150,한번다녀왔습니다,,39회,전국,003553,드라마&영화,드라마,주말연속극,0.30859,0.02044,0.05118,0,0.78349,0.42443,0.95592,0.10813,0.30534,0.03981,0.22525,0.22232,0.31091,1.02482,"송영달역:천호진,장옥분역:차화연,최윤정역:김보연,강초연역:이정은,송나희역:이민정,윤규진역:이상엽,송준선역:오대환,송가희역:오윤아,송다희역:이초희,양치수역:안길강,장옥자역:백지원,성현경역:임정은,윤재석역:이상이,박효신역:기도훈,김지훈역:문우진,이주리역:김소라,김가연역:송다은,건어물역:신미영,꽈배기역:김가영,송서영역:이가연,송서진역:안서연,이정록역:알렉스,유보영역:손성윤,유시후역:송민재,박지연역:신수정,한기영역:강유석,홍성우역:김현목,신혜정역:김미은,심정희역:이상경,오연지역:한봄,오정봉역:오의식,이종수역:장원혁,김승현역:배호근,송이역:김주영,지원역:찬희,이현역:이필모"
20200606,KBS DRAMA,143301,150625,한번다녀왔습니다,,40회,전국,003324,드라마&영화,드라마,주말연속극,0.65349,0,0.13659,0.06021,0.83584,0.76951,1.11436,0.15302,0.26929,0.00314,0.56153,0.36698,0.89283,1.55091,"송영달역:천호진,장옥분역:차화연,최윤정역:김보연,강초연역:이정은,송나희역:이민정,윤규진역:이상엽,송준선역:오대환,송가희역:오윤아,송다희역:이초희,양치수역:안길강,장옥자역:백지원,성현경역:임정은,윤재석역:이상이,박효신역:기도훈,김지훈역:문우진,이주리역:김소라,김가연역:송다은,건어물역:신미영,꽈배기역:김가영,송서영역:이가연,송서진역:안서연,이정록역:알렉스,유보영역:손성윤,유시후역:송민재,박지연역:신수정,한기영역:강유석,홍성우역:김현목,신혜정역:김미은,심정희역:이상경,오연지역:한봄,오정봉역:오의식,이종수역:장원혁,김승현역:배호근,송이역:김주영,지원역:찬희,이현역:이필모"
20200606,KBS W,020442,023839,위험한약속,,46회,전국,003357,드라마&영화,드라마,일일연속극,0,0,0,0,0,0.04715,0.11499,0,0,0.07567,0,0,0.04661,0.11248,"차은동역:박하나,강태인역:고세원,최준혁역:강성민,오혜원역:박영린,한지훈역:이창욱,차만종역:이대연,차은찬역:유준서,공영심역:유지연,봉석구역:현우섭,강일섭역:강신일,연두심역:이칸희,한광훈역:길용우,한서주역:김혜지,최명희역:김나운,고재숙역:윤복인,최영국역:송민형,민주란역:오영실,최준경역:이효나,이창욱역:김정운"
20200606,KBS W,023846,031232,위험한약속,,47회,전국,003346,드라마&영화,드라마,일일연속극,0,0,0.00609,0.11534,0,0,0.26976,0,0,0,0,0,0.02381,0.15825,"차은동역:박하나,강태인역:고세원,최준혁역:강성민,오혜원역:박영린,한지훈역:이창욱,차만종역:이대연,차은찬역:유준서,공영심역:유지연,봉석구역:현우섭,강일섭역:강신일,연두심역:이칸희,한광훈역:길용우,한서주역:김혜지,최명희역:김나운,고재숙역:윤복인,최영국역:송민형,민주란역:오영실,최준경역:이효나,이창욱역:김정운"
20200606,KBS W,073418,080212,기막힌유산,,32회,전국,002754,드라마&영화,드라마,일일연속극,0,0,0.03764,0,0,0,0,0,0.06834,0.01838,0.05756,0,0,0.00326,"부영배역:박인환,공계옥역:강세정,부설악역:신정윤,부백두역:강신조,윤민주역:이아현,부금강역:남성진,신애리역:김가연,정미희역:박순천,김용미역:이응경,부한라역:박신우,성판금역:조양자,부가온역:김비주,부태희역:김연지,부혜교역:김효경,부지현역:강유라,공소영역:김난주,이장원역:이일준,김수민역:조서후,김종두역:이춘식,차정건역:조순창,이청아역:정서하,손보미역:박민지,김영지역:주민하,강선희역:박현정,천호식역:백신,이정태역:노상보,고향숙역:박소정"
20200606,KBS W,080219,083000,기막힌유산,,33회,전국,002741,드라마&영화,드라마,일일연속극,0,0,0,0,0,0,0,0,0,0,0,0,0.06118,0.00174,"부영배역:박인환,공계옥역:강세정,부설악역:신정윤,부백두역:강신조,윤민주역:이아현,부금강역:남성진,신애리역:김가연,정미희역:박순천,김용미역:이응경,부한라역:박신우,성판금역:조양자,부가온역:김비주,부태희역:김연지,부혜교역:김효경,부지현역:강유라,공소영역:김난주,이장원역:이일준,김수민역:조서후,김종두역:이춘식,차정건역:조순창,이청아역:정서하,손보미역:박민지,김영지역:주민하,강선희역:박현정,천호식역:백신,이정태역:노상보,고향숙역:박소정"
20200606,KBS W,084100,090851,기막힌유산,,34회,전국,002751,드라마&영화,드라마,일일연속극,0,0,0,0,0,0.01245,0.01205,0,0,0,0,0.01181,0.02353,0.02691,"부영배역:박인환,공계옥역:강세정,부설악역:신정윤,부백두역:강신조,윤민주역:이아현,부금강역:남성진,신애리역:김가연,정미희역:박순천,김용미역:이응경,부한라역:박신우,성판금역:조양자,부가온역:김비주,부태희역:김연지,부혜교역:김효경,부지현역:강유라,공소영역:김난주,이장원역:이일준,김수민역:조서후,김종두역:이춘식,차정건역:조순창,이청아역:정서하,손보미역:박민지,김영지역:주민하,강선희역:박현정,천호식역:백신,이정태역:노상보,고향숙역:박소정"
20200606,KBS W,090858,093633,기막힌유산,,35회,전국,002735,드라마&영화,드라마,일일연속극,0,0,0,0.05247,0,0.00622,0.05787,0,0,0,0,0,0.25305,0.24152,"부영배역:박인환,공계옥역:강세정,부설악역:신정윤,부백두역:강신조,윤민주역:이아현,부금강역:남성진,신애리역:김가연,정미희역:박순천,김용미역:이응경,부한라역:박신우,성판금역:조양자,부가온역:김비주,부태희역:김연지,부혜교역:김효경,부지현역:강유라,공소영역:김난주,이장원역:이일준,김수민역:조서후,김종두역:이춘식,차정건역:조순창,이청아역:정서하,손보미역:박민지,김영지역:주민하,강선희역:박현정,천호식역:백신,이정태역:노상보,고향숙역:박소정"
20200606,KBS W,244639,255357,부부클리닉사랑과전쟁2,,82회,전국,010718,드라마&영화,드라마,단막극,0,0,0,0.06129,0.03481,0.05734,0.03931,0,0,0.21691,0.06485,0.03355,0.023,0.28695,"이재만,민지영,최영완,이정수,장가현,손유경,이준우"
20200606,K-STAR,104246,114512,부부클리닉사랑과전쟁,,412회,전국,010226,드라마&영화,드라마,주간연속극,0,0.02833,0.04667,0,0.01408,0.00281,0.17468,0.04867,0,0.04851,0.06267,0.07709,0.13232,0.27305,"이재만,민지영,최영완,이정수,장가현,손유경,이준우"
20200606,K-STAR,115804,130030,부부클리닉사랑과전쟁,,413회,전국,010226,드라마&영화,드라마,주간연속극,0,0,0,0,0.00509,0,0.12938,0,0,0,0.00248,0.21094,0.01692,0.30306,"이재만,민지영,최영완,이정수,장가현,손유경,이준우"
20200606,K-STAR,202906,213132,부부클리닉사랑과전쟁,,413회,전국,010226,드라마&영화,드라마,주간연속극,0,0,0,0.02173,0.10735,0.02653,0.04469,0.1364,0,0,0,0.13516,0,0.07578,"이재만,민지영,최영완,이정수,장가현,손유경,이준우"
20200606,KTV,020000,024024,전원일기,,392회,전국,004024,드라마&영화,드라마,주말연속극,0,0,0,0,0,0,0.01455,0,0,0.11506,0.0306,0,0,0.07362,"최불암,김혜자,김용건,김수미,고두심,유인촌,정대홍"
20200606,KTV,080016,085046,대추나무사랑걸렸네,,137회,전국,005030,드라마&영화,드라마,시추에이션드라마,0,0,0,0,0,0,0.00471,0,0,0,0,0,0,0.00512,"박덕보역:김성겸,박태민역:백일섭,두심역:윤미라,순자역:송채환,현욱역:심양홍,현숙역:서혜린,만길역:권용운,상훈역:안병경,유분역:은세연"
20200606,KTV,120155,125128,대추나무사랑걸렸네,,138회,전국,004933,드라마&영화,드라마,시추에이션드라마,0,0,0,0,0,0.0022,0.0382,0,0,0,0,0,0.00217,0.03643,"박덕보역:김성겸,박태민역:백일섭,두심역:윤미라,순자역:송채환,현욱역:심양홍,현숙역:서혜린,만길역:권용운,상훈역:안병경,유분역:은세연"
20200606,KTV,144110,152421,전원일기,,298회,전국,004311,드라마&영화,드라마,주말연속극,0,0,0.24355,0.00531,0,0.03677,0.22761,0,0,0,0,0.00284,0.13315,0.40744,"최불암,김혜자,김용건,김수미,고두심,유인촌,정대홍"
20200606,KTV,171339,175315,전원일기,,299회,전국,003936,드라마&영화,드라마,주말연속극,0,0,0,0.01167,0.15411,0.08831,0.09527,0,0,0.12346,0.00879,0,0.18839,0.10652,"최불암,김혜자,김용건,김수미,고두심,유인촌,정대홍"
20200606,KTV,194737,203755,파랑새는있다,,19회,전국,005018,드라마&영화,드라마,주간연속극,0,0,0,0,0.00651,0.00196,0.19324,0,0.00804,0,0,0,0.00232,0.04505,"이상인,정선경,백윤식,송경철,박남현,한진희,동방우,양금석"
20200606,KTV,210705,215016,전원일기,,298회,전국,004311,드라마&영화,드라마,주말연속극,0,0,0.06016,0,0.21849,0.11174,0.257,0,0,0.12142,0,0.1934,0.02696,0.44681,"최불암,김혜자,김용건,김수미,고두심,유인촌,정대홍"
20200606,KTV,215212,224145,대추나무사랑걸렸네,,138회,전국,004933,드라마&영화,드라마,시추에이션드라마,0,0,0.17246,0.0084,0.1977,0.09657,0.16233,0,0,0.1841,0,0.12184,0.03428,0.37365,"박덕보역:김성겸,박태민역:백일섭,두심역:윤미라,순자역:송채환,현욱역:심양홍,현숙역:서혜린,만길역:권용운,상훈역:안병경,유분역:은세연"
20200606,KTV,242424,251442,파랑새는있다,,19회,전국,005018,드라마&영화,드라마,주간연속극,0,0,0.01309,0,0,0.01345,0.07733,0,0,0.1068,0.00372,0,0.02303,0.10934,"이상인,정선경,백윤식,송경철,박남현,한진희,동방우,양금석"
20200606,KTV,251618,255959,전원일기,,300회,전국,004341,드라마&영화,드라마,주말연속극,0,0,0.22256,0,0,0.17425,0.06351,0,0,0.1841,0,0,0.27223,0.15043,"최불암,김혜자,김용건,김수미,고두심,유인촌,정대홍"
20200606,O tvN,020000,030539,시카고타자기,,2회,전국,010539,드라마&영화,드라마,미니시리즈,0,0,0,0.18477,0.02464,0.00305,0.00699,0,0,0,0.05149,0.05855,0.00585,0.00139,"한세주역:유아인,전설역:임수정,유진오역:고경표,백태민역:곽시양,갈지석역:조우진,마방진역:양진성,왕방울역:전수경,원대한역:강홍석,원만해역:지대한,백도하역:천호진,홍소희역:조경숙,강비서역:오나라,송기자역:이규복,전설모역:전미선"
20200606,O tvN,031930,042240,시카고타자기,,3회,전국,010310,드라마&영화,드라마,미니시리즈,0,0,0,0.07836,0.03563,0,0.00238,0,0,0,0.02573,0.05772,0,0.13658,"한세주역:유아인,전설역:임수정,유진오역:고경표,백태민역:곽시양,갈지석역:조우진,마방진역:양진성,왕방울역:전수경,원대한역:강홍석,원만해역:지대한,백도하역:천호진,홍소희역:조경숙,강비서역:오나라,송기자역:이규복,전설모역:전미선"
20200606,O tvN,060812,072715,아는건별로없지만가족입니다,,1회,전국,011903,드라마&영화,드라마,미니시리즈,0,0,0,0.16473,0,0,0.0634,0,0,0.13646,0,0.00907,0.00346,0.10411,"김은희역:한예리,박찬혁역:김지석,김은주역:추자현,김상식역:정진영,이진숙역:원미경,김지우역:신재하,임건주역:신동욱,윤태형역:김태훈,젊은상식역:한준우,젊은진숙역:조아영,유선일역:서상원,안효석역:이종원,서경옥역:가득희,윤서영역:혜정,전하라역:배윤경,유민우역:권율"
20200606,O tvN,074312,085622,아는건별로없지만가족입니다,,2회,전국,011310,드라마&영화,드라마,미니시리즈,0,0,0,0.32442,0,0.03528,0.09619,0,0,0.17967,0.18808,0.10284,0.03566,0.16027,"김은희역:한예리,박찬혁역:김지석,김은주역:추자현,김상식역:정진영,이진숙역:원미경,김지우역:신재하,임건주역:신동욱,윤태형역:김태훈,젊은상식역:한준우,젊은진숙역:조아영,유선일역:서상원,안효석역:이종원,서경옥역:가득희,윤서영역:혜정,전하라역:배윤경,유민우역:권율"
20200606,O tvN,091146,102552,미스터션샤인,,9회,전국,011406,드라마&영화,드라마,미니시리즈,0,0.03656,0.04522,0.03437,0.22116,0,0.15776,0,0,0.05342,0.18476,0.06493,0.19675,0.32154,"유진초이역:이병헌,고애신역:김태리,구동매역:유연석,김희성역:변요한,쿠도히나역:김민정,황은산역:김갑수,장승구역:최무성,고사홍역:이호재,이완익역:김의성,모리타카시역:김남희,김안평역:김동균,윤호선역:김혜은,고애순역:박아인,일식이역:김병철,춘식이역:배정남,조씨부인역:김나운,행랑아범역:신정근,함안댁역:이정은,고종역:이승준,정문역:강신일,카일무어역:데이비드맥기니스,홍파역:서유정,임관수역:조우진,이세훈역:최진호,윤남종역:박보미,유죠역:윤주만,츠다역:이정현,소아역:오아연,도미역:고우림,유진엄마역:이시아,호타루역:김용지,스즈키역:정태야,준영역:장동윤,귀단역:김시은,유진초이어린시절역:김강훈,고상완역:진구,희진역:김지원,김판서역:김응수"
20200606,O tvN,104231,115735,미스터션샤인,,10회,전국,011504,드라마&영화,드라마,미니시리즈,0,0.01171,0.03598,0.052,0.07152,0.02935,0.08637,0.02012,0.03202,0.16805,0.05197,0.30891,0.38787,0.20561,"유진초이역:이병헌,고애신역:김태리,구동매역:유연석,김희성역:변요한,쿠도히나역:김민정,황은산역:김갑수,장승구역:최무성,고사홍역:이호재,이완익역:김의성,모리타카시역:김남희,김안평역:김동균,윤호선역:김혜은,고애순역:박아인,일식이역:김병철,춘식이역:배정남,조씨부인역:김나운,행랑아범역:신정근,함안댁역:이정은,고종역:이승준,정문역:강신일,카일무어역:데이비드맥기니스,홍파역:서유정,임관수역:조우진,이세훈역:최진호,윤남종역:박보미,유죠역:윤주만,츠다역:이정현,소아역:오아연,도미역:고우림,유진엄마역:이시아,호타루역:김용지,스즈키역:정태야,준영역:장동윤,귀단역:김시은,유진초이어린시절역:김강훈,고상완역:진구,희진역:김지원,김판서역:김응수"
20200606,O tvN,121247,132736,미스터션샤인,,11회,전국,011449,드라마&영화,드라마,미니시리즈,0,0.03705,0,0.01157,0.06378,0.00893,0.09567,0.04343,0.00358,0.17818,0.00605,0.26217,0.48225,0.18616,"유진초이역:이병헌,고애신역:김태리,구동매역:유연석,김희성역:변요한,쿠도히나역:김민정,황은산역:김갑수,장승구역:최무성,고사홍역:이호재,이완익역:김의성,모리타카시역:김남희,김안평역:김동균,윤호선역:김혜은,고애순역:박아인,일식이역:김병철,춘식이역:배정남,조씨부인역:김나운,행랑아범역:신정근,함안댁역:이정은,고종역:이승준,정문역:강신일,카일무어역:데이비드맥기니스,홍파역:서유정,임관수역:조우진,이세훈역:최진호,윤남종역:박보미,유죠역:윤주만,츠다역:이정현,소아역:오아연,도미역:고우림,유진엄마역:이시아,호타루역:김용지,스즈키역:정태야,준영역:장동윤,귀단역:김시은,유진초이어린시절역:김강훈,고상완역:진구,희진역:김지원,김판서역:김응수"
20200606,O tvN,134308,145753,미스터션샤인,,12회,전국,011445,드라마&영화,드라마,미니시리즈,0,0.01574,0.05151,0.12393,0.01062,0.21903,0.107,0,0.01433,0.05933,0.10366,0.50325,0.36805,0.2509,"유진초이역:이병헌,고애신역:김태리,구동매역:유연석,김희성역:변요한,쿠도히나역:김민정,황은산역:김갑수,장승구역:최무성,고사홍역:이호재,이완익역:김의성,모리타카시역:김남희,김안평역:김동균,윤호선역:김혜은,고애순역:박아인,일식이역:김병철,춘식이역:배정남,조씨부인역:김나운,행랑아범역:신정근,함안댁역:이정은,고종역:이승준,정문역:강신일,카일무어역:데이비드맥기니스,홍파역:서유정,임관수역:조우진,이세훈역:최진호,윤남종역:박보미,유죠역:윤주만,츠다역:이정현,소아역:오아연,도미역:고우림,유진엄마역:이시아,호타루역:김용지,스즈키역:정태야,준영역:장동윤,귀단역:김시은,유진초이어린시절역:김강훈,고상완역:진구,희진역:김지원,김판서역:김응수"
20200606,O tvN,151732,163724,미스터션샤인,,13회,전국,011952,드라마&영화,드라마,미니시리즈,0.12574,0.12498,0.09685,0.08292,0.12112,0.15183,0.14178,0,0.16087,0.22189,0.06831,0.16118,0.37161,0.36502,"유진초이역:이병헌,고애신역:김태리,구동매역:유연석,김희성역:변요한,쿠도히나역:김민정,황은산역:김갑수,장승구역:최무성,고사홍역:이호재,이완익역:김의성,모리타카시역:김남희,김안평역:김동균,윤호선역:김혜은,고애순역:박아인,일식이역:김병철,춘식이역:배정남,조씨부인역:김나운,행랑아범역:신정근,함안댁역:이정은,고종역:이승준,정문역:강신일,카일무어역:데이비드맥기니스,홍파역:서유정,임관수역:조우진,이세훈역:최진호,윤남종역:박보미,유죠역:윤주만,츠다역:이정현,소아역:오아연,도미역:고우림,유진엄마역:이시아,호타루역:김용지,스즈키역:정태야,준영역:장동윤,귀단역:김시은,유진초이어린시절역:김강훈,고상완역:진구,희진역:김지원,김판서역:김응수"
20200606,O tvN,165043,180603,미스터션샤인,,14회,전국,011520,드라마&영화,드라마,미니시리즈,0,0.00775,0.03002,0.02739,0.02003,0.15957,0.34857,0,0.06796,0.19425,0,0.51628,0.31489,0.31763,"유진초이역:이병헌,고애신역:김태리,구동매역:유연석,김희성역:변요한,쿠도히나역:김민정,황은산역:김갑수,장승구역:최무성,고사홍역:이호재,이완익역:김의성,모리타카시역:김남희,김안평역:김동균,윤호선역:김혜은,고애순역:박아인,일식이역:김병철,춘식이역:배정남,조씨부인역:김나운,행랑아범역:신정근,함안댁역:이정은,고종역:이승준,정문역:강신일,카일무어역:데이비드맥기니스,홍파역:서유정,임관수역:조우진,이세훈역:최진호,윤남종역:박보미,유죠역:윤주만,츠다역:이정현,소아역:오아연,도미역:고우림,유진엄마역:이시아,호타루역:김용지,스즈키역:정태야,준영역:장동윤,귀단역:김시은,유진초이어린시절역:김강훈,고상완역:진구,희진역:김지원,김판서역:김응수"
20200606,O tvN,182030,193945,미스터션샤인,,15회,전국,011915,드라마&영화,드라마,미니시리즈,0,0,0.02246,0.04164,0.04145,0.28826,0.09842,0,0.30702,0.12462,0,0.59581,0.15324,0.2592,"유진초이역:이병헌,고애신역:김태리,구동매역:유연석,김희성역:변요한,쿠도히나역:김민정,황은산역:김갑수,장승구역:최무성,고사홍역:이호재,이완익역:김의성,모리타카시역:김남희,김안평역:김동균,윤호선역:김혜은,고애순역:박아인,일식이역:김병철,춘식이역:배정남,조씨부인역:김나운,행랑아범역:신정근,함안댁역:이정은,고종역:이승준,정문역:강신일,카일무어역:데이비드맥기니스,홍파역:서유정,임관수역:조우진,이세훈역:최진호,윤남종역:박보미,유죠역:윤주만,츠다역:이정현,소아역:오아연,도미역:고우림,유진엄마역:이시아,호타루역:김용지,스즈키역:정태야,준영역:장동윤,귀단역:김시은,유진초이어린시절역:김강훈,고상완역:진구,희진역:김지원,김판서역:김응수"
20200606,O tvN,195724,211522,미스터션샤인,,16회,전국,011758,드라마&영화,드라마,미니시리즈,0.08323,0.00289,0,0.00155,0.00766,0.21367,0.15657,0,0.3845,0.11217,0.00178,0.54159,0.15672,0.22123,"유진초이역:이병헌,고애신역:김태리,구동매역:유연석,김희성역:변요한,쿠도히나역:김민정,황은산역:김갑수,장승구역:최무성,고사홍역:이호재,이완익역:김의성,모리타카시역:김남희,김안평역:김동균,윤호선역:김혜은,고애순역:박아인,일식이역:김병철,춘식이역:배정남,조씨부인역:김나운,행랑아범역:신정근,함안댁역:이정은,고종역:이승준,정문역:강신일,카일무어역:데이비드맥기니스,홍파역:서유정,임관수역:조우진,이세훈역:최진호,윤남종역:박보미,유죠역:윤주만,츠다역:이정현,소아역:오아연,도미역:고우림,유진엄마역:이시아,호타루역:김용지,스즈키역:정태야,준영역:장동윤,귀단역:김시은,유진초이어린시절역:김강훈,고상완역:진구,희진역:김지원,김판서역:김응수"
20200606,O tvN,213417,224520,오마이베이비,,7회,전국,011103,드라마&영화,드라마,미니시리즈,0,0,0,0,0.08622,0.18887,0.0123,0,0,0.02568,0.12866,0.08454,0.46858,0.0625,"장하리역:장나라,한이상역:고준,윤재영역:박병은,최강으뜸역:정건주,이옥란역:김혜옥,남수철역:조희봉,김은영역:이미도,김철중역:유승목,주승태역:전진기,박연호역:백승희,최효주역:박수영,주선생역:문현정,심정화역:김재화,이소윤역:정라엘,이옥희역:김예령,박재한역:이한위,김상희역:손화령,순남역:이주실,조회장역:장광,조아저씨역:최홍일,강효주역:전혜빈"
20200606,O tvN,230036,240619,오마이베이비,,8회,전국,010543,드라마&영화,드라마,미니시리즈,0,0,0.02007,0,0.22527,0.05938,0.04632,0,0,0.08338,0.00429,0.00814,0.0614,0.11885,"장하리역:장나라,한이상역:고준,윤재영역:박병은,최강으뜸역:정건주,이옥란역:김혜옥,남수철역:조희봉,김은영역:이미도,김철중역:유승목,주승태역:전진기,박연호역:백승희,최효주역:박수영,주선생역:문현정,심정화역:김재화,이소윤역:정라엘,이옥희역:김예령,박재한역:이한위,김상희역:손화령,순남역:이주실,조회장역:장광,조아저씨역:최홍일,강효주역:전혜빈"
20200606,O tvN,242110,252939,시카고타자기,,4회,전국,010829,드라마&영화,드라마,미니시리즈,0,0,0.00392,0.09693,0.16333,0.00508,0.01736,0,0,0,0.03733,0.0489,0.02217,0.15857,"한세주역:유아인,전설역:임수정,유진오역:고경표,백태민역:곽시양,갈지석역:조우진,마방진역:양진성,왕방울역:전수경,원대한역:강홍석,원만해역:지대한,백도하역:천호진,홍소희역:조경숙,강비서역:오나라,송기자역:이규복,전설모역:전미선"
20200606,O tvN,254033,255959,시카고타자기,,5회,전국,001926,드라마&영화,드라마,미니시리즈,0,0,0,0.15924,0,0.09448,0.00503,0,0,0,0.14946,0,0,0.15505,"한세주역:유아인,전설역:임수정,유진오역:고경표,백태민역:곽시양,갈지석역:조우진,마방진역:양진성,왕방울역:전수경,원대한역:강홍석,원만해역:지대한,백도하역:천호진,홍소희역:조경숙,강비서역:오나라,송기자역:이규복,전설모역:전미선"
20200606,OCN,214137,224321,번외수사,,4회,전국,010144,드라마&영화,드라마,미니시리즈,0.51086,0.29712,0.03674,0.07079,1.38573,0.61423,0.12935,0.84,0.97082,0.28369,0.43763,1.40351,0.66745,0.5029,"진강호역:차태현,강무영역:이선빈,이반석역:정상훈,테디정역:윤경호,탁원역:지승현,민대진역:박정우,맨손역:박태산,연장역:장진희,지수철역:이영석,노순이역:민경옥"
20200606,OCN,225921,240649,번외수사,,5회,전국,010728,드라마&영화,드라마,미니시리즈,0.08256,0.37806,0.37761,0.6204,2.81539,2.17995,0.49099,2.16607,3.1255,1.36418,0.93305,4.17515,2.03214,0.93693,"진강호역:차태현,강무영역:이선빈,이반석역:정상훈,테디정역:윤경호,탁원역:지승현,민대진역:박정우,맨손역:박태산,연장역:장진희,지수철역:이영석,노순이역:민경옥"
20200606,On Style,030517,041941,뷰티학개론,,2회,전국,011424,드라마&영화,드라마,미니시리즈,0,0,0,0.07304,0,0.00868,0.00108,0,0,0,0,0,0,0,"저자조판래,출판예북2013"
20200606,On Style,124521,135833,그녀의사생활,,15회,전국,011312,드라마&영화,드라마,미니시리즈,0.02876,0,0.04182,0,0.02064,0.03989,0.02502,0.02618,0,0.15535,0.10132,0.1225,0.00091,0.05912,"성덕미역:박민영,라이언골드역:김재욱,남은기역:안보현,이선주역:박진주,차시안역:정제원,최다인역:홍서영,신디역:김보라,고영숙역:김미경,성근호역:맹상훈,엄소혜역:김선영,유경아역:서예화,김유섭역:정원창,강승민역:임지규,주혁역:유용민,남세연역:박명신,공은영역:이일화"
20200606,On Style,140105,151125,그녀의사생활,,16회,전국,011020,드라마&영화,드라마,미니시리즈,0,0,0,0.00237,0.00093,0,0.05418,0,0,0,0.19705,0.16889,0.02781,0.05366,"성덕미역:박민영,라이언골드역:김재욱,남은기역:안보현,이선주역:박진주,차시안역:정제원,최다인역:홍서영,신디역:김보라,고영숙역:김미경,성근호역:맹상훈,엄소혜역:김선영,유경아역:서예화,김유섭역:정원창,강승민역:임지규,주혁역:유용민,남세연역:박명신,공은영역:이일화"
20200606,SBS플러스,133534,143820,굿캐스팅,,11회,전국,010246,드라마&영화,드라마,미니시리즈,0.20599,0,0,0.0552,0.20969,0.40776,0.13145,0.15625,0.1656,0.09561,0.04821,0.1897,0.2336,0.1708,"백찬미역:최강희,윤석호역:이상엽,임예은역:유인영,황미순역:김지영,강우원역:이준영,동관수역:이종혁,서국환역:정인기,배무혁역:박경순,간태희역:황보미,명계철역:우현,탁상기역:이상훈,옥철역:김용희,변우석역:허재호,구비서역:한수진,설영훈역:조영훈,심화란역:차수연,남봉만역:이승형,남주연역:김보윤,피철웅역:배진웅,권민석역:성혁,권소희역:노하연"
20200606,SBS플러스,145331,160642,더킹영원의군주,,13회,전국,011311,드라마&영화,드라마,미니시리즈,0.05504,0.15224,0.10872,0.19066,0.41291,0.19435,0.10923,0,0.29242,0.01113,0.31961,0.57313,0.44958,0.2269,"이곤역:이민호,정태을역:김고은,조은섭역:우도환,조영역:우도환,강신재역:김경남,구서령역:정은채,이림역:이정진,루나역:김고은,노옥남역:김영옥,정도인역:전배수,송정혜역:서정연,박문식역:박원상,장미카엘역:강홍석,이종인역:전무송,명나리역:김용지,명승아역:김용지,유경무역:이해영,민화연역:황영희,박지영역:박지연,모비서역:백현주,석호필역:이홍내"
20200606,SBS플러스,162614,173744,더킹영원의군주,,14회,전국,011130,드라마&영화,드라마,미니시리즈,0.0331,0.17129,0.386,0.06145,0.39255,0.52354,0.29524,0,0.24086,0.18779,0.18538,0.99749,0.85381,0.45853,"이곤역:이민호,정태을역:김고은,조은섭역:우도환,조영역:우도환,강신재역:김경남,구서령역:정은채,이림역:이정진,루나역:김고은,노옥남역:김영옥,정도인역:전배수,송정혜역:서정연,박문식역:박원상,장미카엘역:강홍석,이종인역:전무송,명나리역:김용지,명승아역:김용지,유경무역:이해영,민화연역:황영희,박지영역:박지연,모비서역:백현주,석호필역:이홍내"
20200606,SBS플러스,232041,244143,더킹영원의군주,,15회,전국,012102,드라마&영화,드라마,미니시리즈,0,0.06153,0.07328,0.26908,0.30009,0.21963,0.20377,0.13357,0.04924,0.28654,0.09865,1.36742,0.63065,0.19318,"이곤역:이민호,정태을역:김고은,조은섭역:우도환,조영역:우도환,강신재역:김경남,구서령역:정은채,이림역:이정진,루나역:김고은,노옥남역:김영옥,정도인역:전배수,송정혜역:서정연,박문식역:박원상,장미카엘역:강홍석,이종인역:전무송,명나리역:김용지,명승아역:김용지,유경무역:이해영,민화연역:황영희,박지영역:박지연,모비서역:백현주,석호필역:이홍내"
20200606,SKY,132459,142925,굿캐스팅,,11회,전국,010426,드라마&영화,드라마,미니시리즈,0,0.01816,0.00947,0.01026,0.02177,0.13067,0.18988,0.08368,0,0.05764,0.24415,0.01406,0.18963,0.14355,"백찬미역:최강희,윤석호역:이상엽,임예은역:유인영,황미순역:김지영,강우원역:이준영,동관수역:이종혁,서국환역:정인기,배무혁역:박경순,간태희역:황보미,명계철역:우현,탁상기역:이상훈,옥철역:김용희,변우석역:허재호,구비서역:한수진,설영훈역:조영훈,심화란역:차수연,남봉만역:이승형,남주연역:김보윤,피철웅역:배진웅,권민석역:성혁,권소희역:노하연"
20200606,SKY,180819,191507,굿캐스팅,,12회,전국,010648,드라마&영화,드라마,미니시리즈,0,0,0,0,0.13668,0.13107,0.01244,0,0.03262,0.08712,0,0.02239,0.1204,0.09599,"백찬미역:최강희,윤석호역:이상엽,임예은역:유인영,황미순역:김지영,강우원역:이준영,동관수역:이종혁,서국환역:정인기,배무혁역:박경순,간태희역:황보미,명계철역:우현,탁상기역:이상훈,옥철역:김용희,변우석역:허재호,구비서역:한수진,설영훈역:조영훈,심화란역:차수연,남봉만역:이승형,남주연역:김보윤,피철웅역:배진웅,권민석역:성혁,권소희역:노하연"
20200606,SKY,223638,234326,굿캐스팅,,12회,전국,010648,드라마&영화,드라마,미니시리즈,0.0889,0,0.06768,0,0.32413,0.04969,0.03721,0,0.13047,0.00486,0.01289,0.08154,0.01445,0.04783,"백찬미역:최강희,윤석호역:이상엽,임예은역:유인영,황미순역:김지영,강우원역:이준영,동관수역:이종혁,서국환역:정인기,배무혁역:박경순,간태희역:황보미,명계철역:우현,탁상기역:이상훈,옥철역:김용희,변우석역:허재호,구비서역:한수진,설영훈역:조영훈,심화란역:차수연,남봉만역:이승형,남주연역:김보윤,피철웅역:배진웅,권민석역:성혁,권소희역:노하연"
20200606,ONCE,020000,030402,부부의세계,,1회,전국,010402,드라마&영화,드라마,미니시리즈,0,0,0,0.02139,0,0.05892,0.11025,0,0,0.00755,0,0.12548,0.02176,0.03176,"지선우역:김희애,이태오역:박해준,여다경역:한소희,고예림역:박선영,손제혁역:김영민,설명숙역:채국희,여병규역:이경영,엄효정역:김선경,이준영역:전진서,민현서역:심은우,박인규역:이학주,마강석역:박충선,공지철역:정재성,김윤기역:이무생,하동식역:김종태,윤노을역:신수연,차해강역:정준원,최회장아내역:서이숙,공지철아내역:박미현,차도철아내역:윤인조"
20200606,ONCE,031508,043943,부부의세계,,2회,전국,012435,드라마&영화,드라마,미니시리즈,0,0.00258,0.00311,0.04085,0.03327,0.03354,0.08574,0.00925,0,0.11326,0.00042,0.13693,0.01629,0.10374,"지선우역:김희애,이태오역:박해준,여다경역:한소희,고예림역:박선영,손제혁역:김영민,설명숙역:채국희,여병규역:이경영,엄효정역:김선경,이준영역:전진서,민현서역:심은우,박인규역:이학주,마강석역:박충선,공지철역:정재성,김윤기역:이무생,하동식역:김종태,윤노을역:신수연,차해강역:정준원,최회장아내역:서이숙,공지철아내역:박미현,차도철아내역:윤인조"
20200606,ONCE,045140,055548,동이,,43회,전국,010408,드라마&영화,드라마,주간연속극,0,0,0,0,0.24734,0.05183,0.01855,0,0,0,0.0178,0.04912,0.10414,0.02524,"동이역:한효주,숙종역:지진희,희빈장씨역:이소연,차천수역:배수빈,서용기역:정진영,인현왕후역:박하선,오태석역:정동환,이종욱역:이정훈,홍태윤역:손일권,박도식역:최재호,도승지역:신국,오호양역:여호민,황주식역:이희도,정인국역:나성균,최효원역:천호진,장익헌역:이재용,김환역:정인기,은금역:한다민,오태풍역:이계인,태풍처역:이숙,장희재역:김유석,설희역:김혜진,게둬라부역:정은표,오윤역:최철호,게둬라역:최수한,심운택역:김동윤,동이어린시절역:김유정,봉상궁역:김소이,조상궁역:안여진,유상궁역:임성민,정임역:정유미,애종역:강유미,시비역:오은호,미지역:최하나,대전내관역:정선일,명성대비역:박정수,정상궁역:김혜선,영달역:이광수,최동주역:정성운,장무열역:최종환,이금역:이형석,경종역:윤찬,김구선역:맹상훈,인원왕후역:오연서"
20200606,ONCE,060444,070946,동이,,44회,전국,010502,드라마&영화,드라마,주간연속극,0,0,0,0,0.24734,0.10154,0.00049,0,0,0,0,0,0.1698,0.10717,"동이역:한효주,숙종역:지진희,희빈장씨역:이소연,차천수역:배수빈,서용기역:정진영,인현왕후역:박하선,오태석역:정동환,이종욱역:이정훈,홍태윤역:손일권,박도식역:최재호,도승지역:신국,오호양역:여호민,황주식역:이희도,정인국역:나성균,최효원역:천호진,장익헌역:이재용,김환역:정인기,은금역:한다민,오태풍역:이계인,태풍처역:이숙,장희재역:김유석,설희역:김혜진,게둬라부역:정은표,오윤역:최철호,게둬라역:최수한,심운택역:김동윤,동이어린시절역:김유정,봉상궁역:김소이,조상궁역:안여진,유상궁역:임성민,정임역:정유미,애종역:강유미,시비역:오은호,미지역:최하나,대전내관역:정선일,명성대비역:박정수,정상궁역:김혜선,영달역:이광수,최동주역:정성운,장무열역:최종환,이금역:이형석,경종역:윤찬,김구선역:맹상훈,인원왕후역:오연서"
20200606,ONCE,072126,080300,전원일기,,417회,전국,004134,드라마&영화,드라마,주말연속극,0,0,0.22256,0,0.17078,0.25665,0.03866,0,0,0,0.00086,0.00786,0.30098,0.04002,"최불암,김혜자,김용건,김수미,고두심,유인촌,정대홍"
20200606,ONCE,081035,085047,전원일기,,418회,전국,004012,드라마&영화,드라마,주말연속극,0,0,0.19474,0,0.00774,0.15247,0.02823,0,0,0,0,0.01358,0.19174,0.04718,"최불암,김혜자,김용건,김수미,고두심,유인촌,정대홍"
20200606,ONCE,090458,100906,동이,,43회,전국,010408,드라마&영화,드라마,주간연속극,0,0,0.37214,0.08546,0,0.18011,0.22536,0,0,0.12312,0,0.00335,0.35856,0.27294,"동이역:한효주,숙종역:지진희,희빈장씨역:이소연,차천수역:배수빈,서용기역:정진영,인현왕후역:박하선,오태석역:정동환,이종욱역:이정훈,홍태윤역:손일권,박도식역:최재호,도승지역:신국,오호양역:여호민,황주식역:이희도,정인국역:나성균,최효원역:천호진,장익헌역:이재용,김환역:정인기,은금역:한다민,오태풍역:이계인,태풍처역:이숙,장희재역:김유석,설희역:김혜진,게둬라부역:정은표,오윤역:최철호,게둬라역:최수한,심운택역:김동윤,동이어린시절역:김유정,봉상궁역:김소이,조상궁역:안여진,유상궁역:임성민,정임역:정유미,애종역:강유미,시비역:오은호,미지역:최하나,대전내관역:정선일,명성대비역:박정수,정상궁역:김혜선,영달역:이광수,최동주역:정성운,장무열역:최종환,이금역:이형석,경종역:윤찬,김구선역:맹상훈,인원왕후역:오연서"
20200606,ONCE,102252,112754,동이,,44회,전국,010502,드라마&영화,드라마,주간연속극,0.0264,0.00462,0.14175,0.00769,0.02791,0.13146,0.34634,0.039,0,0.14887,0.00312,0.03877,0.12331,0.52274,"동이역:한효주,숙종역:지진희,희빈장씨역:이소연,차천수역:배수빈,서용기역:정진영,인현왕후역:박하선,오태석역:정동환,이종욱역:이정훈,홍태윤역:손일권,박도식역:최재호,도승지역:신국,오호양역:여호민,황주식역:이희도,정인국역:나성균,최효원역:천호진,장익헌역:이재용,김환역:정인기,은금역:한다민,오태풍역:이계인,태풍처역:이숙,장희재역:김유석,설희역:김혜진,게둬라부역:정은표,오윤역:최철호,게둬라역:최수한,심운택역:김동윤,동이어린시절역:김유정,봉상궁역:김소이,조상궁역:안여진,유상궁역:임성민,정임역:정유미,애종역:강유미,시비역:오은호,미지역:최하나,대전내관역:정선일,명성대비역:박정수,정상궁역:김혜선,영달역:이광수,최동주역:정성운,장무열역:최종환,이금역:이형석,경종역:윤찬,김구선역:맹상훈,인원왕후역:오연서"
20200606,ONCE,142313,150447,전원일기,,417회,전국,004134,드라마&영화,드라마,주말연속극,0,0,0.14852,0,0.00445,0.06638,0.14848,0,0,0,0,0,0.12011,0.14327,"최불암,김혜자,김용건,김수미,고두심,유인촌,정대홍"
20200606,ONCE,151252,155304,전원일기,,418회,전국,004012,드라마&영화,드라마,주말연속극,0,0.01503,0.29596,0,0,0.35072,0.14901,0,0.328,0,0,0.32663,0.29488,0.13454,"최불암,김혜자,김용건,김수미,고두심,유인촌,정대홍"
20200606,ONCE,160539,164513,전원일기,,419회,전국,003934,드라마&영화,드라마,주말연속극,0.05151,0,0.23141,0.09442,0.00116,0.56641,0.16823,0,0.32707,0,0.04431,0.31467,0.42356,0.40383,"최불암,김혜자,김용건,김수미,고두심,유인촌,정대홍"
20200606,ONCE,165318,173316,전원일기,,420회,전국,003958,드라마&영화,드라마,주말연속극,0,0,0.01113,0,0.04271,0.15892,0.40597,0,0.28245,0,0,0.57123,0.03456,0.6032,"최불암,김혜자,김용건,김수미,고두심,유인촌,정대홍"
20200606,ONCE,242412,245712,황후의품격,,1회,전국,003300,드라마&영화,드라마,미니시리즈,0,0,0,0,0.04497,0.01136,0.02018,0,0,0,0,0.01506,0.00782,0.01086,"오써니역:장나라,나왕식역:최진혁,이혁역:신성록,민유라역:이엘리야,태후강씨역:신은경,이윤역:오승윤,서강희역:윤소이,아리역:오아린,태황태후조씨역:박원숙,소진공주역:이희진,소현황후역:신고은,오금모역:윤다훈,오헬로역:스테파니리,변선생역:김명수,마필주역:윤주만,백도희역:황영희,나동식역:오한결,최팀장역:이수련,홍팀장역:김민옥,형사역:조동혁,수상역:고세원,나왕식역:태항호,사군자역:김수미,안형사역:안내상,강주승역:유건"
20200606,ONCE,245822,252536,황후의품격,,2회,전국,002714,드라마&영화,드라마,미니시리즈,0,0,0,0,0.39624,0.03018,0.01604,0,0,0,0.09753,0.02288,0.005,0.01893,"오써니역:장나라,나왕식역:최진혁,이혁역:신성록,민유라역:이엘리야,태후강씨역:신은경,이윤역:오승윤,서강희역:윤소이,아리역:오아린,태황태후조씨역:박원숙,소진공주역:이희진,소현황후역:신고은,오금모역:윤다훈,오헬로역:스테파니리,변선생역:김명수,마필주역:윤주만,백도희역:황영희,나동식역:오한결,최팀장역:이수련,홍팀장역:김민옥,형사역:조동혁,수상역:고세원,나왕식역:태항호,사군자역:김수미,안형사역:안내상,강주승역:유건"
20200606,ONCE,253839,255959,황후의품격,,3회,전국,002120,드라마&영화,드라마,미니시리즈,0,0,0,0,0.24734,0,0,0,0,0,0,0.13602,0,0,"오써니역:장나라,나왕식역:최진혁,이혁역:신성록,민유라역:이엘리야,태후강씨역:신은경,이윤역:오승윤,서강희역:윤소이,아리역:오아린,태황태후조씨역:박원숙,소진공주역:이희진,소현황후역:신고은,오금모역:윤다훈,오헬로역:스테파니리,변선생역:김명수,마필주역:윤주만,백도희역:황영희,나동식역:오한결,최팀장역:이수련,홍팀장역:김민옥,형사역:조동혁,수상역:고세원,나왕식역:태항호,사군자역:김수미,안형사역:안내상,강주승역:유건"
20200606,SKYUHD,101134,122141,야식남녀,,1회/2회,전국,021007,드라마&영화,드라마,미니시리즈,0,0,0,0,0,0,0,0,0,0,0,0,0,0,"박진성역:정일우,김아진역:강지영,강태완역:이학주,이상영역:김승수,차주희역:김수진,남규장역:양대혁,유성은역:공민정,노재수역:박성준,박진우역:최재현"
20200606,SKYUHD,195130,220137,야식남녀,,1회/2회,전국,021007,드라마&영화,드라마,미니시리즈,0,0,0,0,0,0,0,0,0,0,0,0,0,0,"박진성역:정일우,김아진역:강지영,강태완역:이학주,이상영역:김승수,차주희역:김수진,남규장역:양대혁,유성은역:공민정,노재수역:박성준,박진우역:최재현"
20200606,OCN Thrills,020000,023251,38사기동대,,11회,전국,003251,드라마&영화,드라마,주간연속극,0,0.18287,0.00798,0.05147,0.07809,0.23042,0.07406,0,0,0.04558,0.01221,0.18626,0.08527,0.17665,"백성일역:마동석,양정도역:서인국,천성희역:최수영,노방실역:송옥숙,장학주역:허재호,정자왕역:고규필,조미주역:이선빈,최지연역:김주리,천갑수역:안내상,안태욱역:조우진,강노승역:김병춘,안창호역:이학주,박조사관역:김주헌,김조사관역:정도원,박덕배역:오만석,사재성역:정인기,최철우역:이호재,방필규역:김홍파,마진석역:오대환,왕회장역:이덕화,대포폰업자두목역:박성웅,방호석역:임현성,노덕기역:권태원,대포폰업자역:김성오,김민식역:송영규,백지은역:오유진,방미나역:김지성,백성일아내역:조연희,조상진역:김응수,차명수역:조덕현"
20200606,OCN Thrills,024501,035908,38사기동대,,12회,전국,011407,드라마&영화,드라마,주간연속극,0.61817,0.00877,0,0.00895,0.00345,0.00992,0.11152,0,0,0.01556,0.29125,0.02502,0,0.00862,"백성일역:마동석,양정도역:서인국,천성희역:최수영,노방실역:송옥숙,장학주역:허재호,정자왕역:고규필,조미주역:이선빈,최지연역:김주리,천갑수역:안내상,안태욱역:조우진,강노승역:김병춘,안창호역:이학주,박조사관역:김주헌,김조사관역:정도원,박덕배역:오만석,사재성역:정인기,최철우역:이호재,방필규역:김홍파,마진석역:오대환,왕회장역:이덕화,대포폰업자두목역:박성웅,방호석역:임현성,노덕기역:권태원,대포폰업자역:김성오,김민식역:송영규,백지은역:오유진,방미나역:김지성,백성일아내역:조연희,조상진역:김응수,차명수역:조덕현"
20200606,OCN Thrills,040849,050747,38사기동대,,13회,전국,005858,드라마&영화,드라마,주간연속극,0.4652,0,0,0.00929,0.05715,0.02133,0.00943,0,0,0,0.27442,0.05457,0.01247,0.02004,"백성일역:마동석,양정도역:서인국,천성희역:최수영,노방실역:송옥숙,장학주역:허재호,정자왕역:고규필,조미주역:이선빈,최지연역:김주리,천갑수역:안내상,안태욱역:조우진,강노승역:김병춘,안창호역:이학주,박조사관역:김주헌,김조사관역:정도원,박덕배역:오만석,사재성역:정인기,최철우역:이호재,방필규역:김홍파,마진석역:오대환,왕회장역:이덕화,대포폰업자두목역:박성웅,방호석역:임현성,노덕기역:권태원,대포폰업자역:김성오,김민식역:송영규,백지은역:오유진,방미나역:김지성,백성일아내역:조연희,조상진역:김응수,차명수역:조덕현"
20200606,OCN Thrills,051259,061703,38사기동대,,14회,전국,010404,드라마&영화,드라마,주간연속극,0.13182,0,0.03773,0,0.02616,0.08899,0.00891,0,0,0,0,0.13074,0.01916,0.00128,"백성일역:마동석,양정도역:서인국,천성희역:최수영,노방실역:송옥숙,장학주역:허재호,정자왕역:고규필,조미주역:이선빈,최지연역:김주리,천갑수역:안내상,안태욱역:조우진,강노승역:김병춘,안창호역:이학주,박조사관역:김주헌,김조사관역:정도원,박덕배역:오만석,사재성역:정인기,최철우역:이호재,방필규역:김홍파,마진석역:오대환,왕회장역:이덕화,대포폰업자두목역:박성웅,방호석역:임현성,노덕기역:권태원,대포폰업자역:김성오,김민식역:송영규,백지은역:오유진,방미나역:김지성,백성일아내역:조연희,조상진역:김응수,차명수역:조덕현"
20200606,OCN Thrills,062239,072247,38사기동대,,15회,전국,010008,드라마&영화,드라마,주간연속극,0,0,0.00287,0.0076,0,0.09743,0,0,0,0.02148,0,0.09233,0.02646,0.00801,"백성일역:마동석,양정도역:서인국,천성희역:최수영,노방실역:송옥숙,장학주역:허재호,정자왕역:고규필,조미주역:이선빈,최지연역:김주리,천갑수역:안내상,안태욱역:조우진,강노승역:김병춘,안창호역:이학주,박조사관역:김주헌,김조사관역:정도원,박덕배역:오만석,사재성역:정인기,최철우역:이호재,방필규역:김홍파,마진석역:오대환,왕회장역:이덕화,대포폰업자두목역:박성웅,방호석역:임현성,노덕기역:권태원,대포폰업자역:김성오,김민식역:송영규,백지은역:오유진,방미나역:김지성,백성일아내역:조연희,조상진역:김응수,차명수역:조덕현"
20200606,OCN Thrills,073221,084117,38사기동대,,16회,전국,010856,드라마&영화,드라마,주간연속극,0.01501,0,0,0.07946,0,0.11108,0.04315,0,0,0,0.0035,0.15495,0.00725,0.07398,"백성일역:마동석,양정도역:서인국,천성희역:최수영,노방실역:송옥숙,장학주역:허재호,정자왕역:고규필,조미주역:이선빈,최지연역:김주리,천갑수역:안내상,안태욱역:조우진,강노승역:김병춘,안창호역:이학주,박조사관역:김주헌,김조사관역:정도원,박덕배역:오만석,사재성역:정인기,최철우역:이호재,방필규역:김홍파,마진석역:오대환,왕회장역:이덕화,대포폰업자두목역:박성웅,방호석역:임현성,노덕기역:권태원,대포폰업자역:김성오,김민식역:송영규,백지은역:오유진,방미나역:김지성,백성일아내역:조연희,조상진역:김응수,차명수역:조덕현"
20200606,OCN Thrills,153701,163842,번외수사,,3회,전국,010141,드라마&영화,드라마,미니시리즈,0,0,0.1773,0.00267,0.07299,0.20149,0.07319,0,0.08299,0.19997,0.16898,0.33349,0.05199,0.28243,"진강호역:차태현,강무영역:이선빈,이반석역:정상훈,테디정역:윤경호,탁원역:지승현,민대진역:박정우,맨손역:박태산,연장역:장진희,지수철역:이영석,노순이역:민경옥"
20200606,OCN Thrills,164741,174927,번외수사,,4회,전국,010146,드라마&영화,드라마,미니시리즈,0,0,0,0,0.09219,0.21706,0.01572,0,0.31733,0,0.0371,0.17695,0.06713,0.15033,"진강호역:차태현,강무영역:이선빈,이반석역:정상훈,테디정역:윤경호,탁원역:지승현,민대진역:박정우,맨손역:박태산,연장역:장진희,지수철역:이영석,노순이역:민경옥"
20200606,TRENDY,120015,130443,영혼수선공,,9회,전국,010428,드라마&영화,드라마,미니시리즈,0.53053,0,0,0.16558,0,0.00286,0.04958,0,0,0,0.18991,0,0.23001,0.031,"이시준역:신하균,한우주역:정소민,인동혁역:태인호,지영원역:박예진,공지선역:주민경,조인혜역:조경숙,오기태역:박수영,박대하역:정해균,이택경역:최정우,노우정역:안동구,강누리역:하영,임세찬역:장유상,공지희역:박한솔,장유미역:김가란,김영석역:김강민,송민수역:류시원"
20200606,TRENDY,202603,213035,영혼수선공,,9회,전국,010432,드라마&영화,드라마,미니시리즈,0,0,0,0.01053,0,0.0022,0.0317,0,0,0,0,0.00148,0,0.00157,"이시준역:신하균,한우주역:정소민,인동혁역:태인호,지영원역:박예진,공지선역:주민경,조인혜역:조경숙,오기태역:박수영,박대하역:정해균,이택경역:최정우,노우정역:안동구,강누리역:하영,임세찬역:장유상,공지희역:박한솔,장유미역:김가란,김영석역:김강민,송민수역:류시원"
20200607,KBS2,120852,130806,영혼수선공,<17회/18회>,17회/18회,전국,005914,드라마&영화,드라마,미니시리즈,0,0.20552,0.21711,0.48682,0.74851,0.79857,0.33179,1.59371,0.17758,0.20846,0.33872,0.73827,0.55701,0.60112,"이시준역:신하균,한우주역:정소민,인동혁역:태인호,지영원역:박예진,공지선역:주민경,조인혜역:조경숙,오기태역:박수영,박대하역:정해균,이택경역:최정우,노우정역:안동구,강누리역:하영,임세찬역:장유상,공지희역:박한솔,장유미역:김가란,김영석역:김강민,송민수역:류시원"
20200607,KBS2,131742,141714,영혼수선공,<19회/20회>,19회/20회,전국,005932,드라마&영화,드라마,미니시리즈,0.0159,0.42483,0.10947,0.15313,0.42766,0.84122,0.57025,1.60992,0.48534,0.51898,0.42181,0.45657,0.99399,1.06978,"이시준역:신하균,한우주역:정소민,인동혁역:태인호,지영원역:박예진,공지선역:주민경,조인혜역:조경숙,오기태역:박수영,박대하역:정해균,이택경역:최정우,노우정역:안동구,강누리역:하영,임세찬역:장유상,공지희역:박한솔,장유미역:김가란,김영석역:김강민,송민수역:류시원"
20200607,KBS2,154034,161811,한번다녀왔습니다,<41회>,41회,전국,003737,드라마&영화,드라마,주말연속극,0.04777,1.32884,1.13318,1.0988,1.33388,2.98706,2.12849,1.95564,1.65019,1.03671,1.06208,1.9788,3.39079,3.07253,"송영달역:천호진,장옥분역:차화연,최윤정역:김보연,강초연역:이정은,송나희역:이민정,윤규진역:이상엽,송준선역:오대환,송가희역:오윤아,송다희역:이초희,양치수역:안길강,장옥자역:백지원,성현경역:임정은,윤재석역:이상이,박효신역:기도훈,김지훈역:문우진,이주리역:김소라,김가연역:송다은,건어물역:신미영,꽈배기역:김가영,송서영역:이가연,송서진역:안서연,이정록역:알렉스,유보영역:손성윤,유시후역:송민재,박지연역:신수정,한기영역:강유석,홍성우역:김현목,신혜정역:김미은,심정희역:이상경,오연지역:한봄,오정봉역:오의식,이종수역:장원혁,김승현역:배호근,송이역:김주영,지원역:찬희,이현역:이필모"
20200607,KBS2,161925,165109,한번다녀왔습니다,<42회>,42회,전국,003144,드라마&영화,드라마,주말연속극,0.53731,1.84854,1.83319,1.61259,2.30289,3.46977,3.17183,2.22817,1.29337,1.29477,1.80778,2.46947,4.00187,4.2908,"송영달역:천호진,장옥분역:차화연,최윤정역:김보연,강초연역:이정은,송나희역:이민정,윤규진역:이상엽,송준선역:오대환,송가희역:오윤아,송다희역:이초희,양치수역:안길강,장옥자역:백지원,성현경역:임정은,윤재석역:이상이,박효신역:기도훈,김지훈역:문우진,이주리역:김소라,김가연역:송다은,건어물역:신미영,꽈배기역:김가영,송서영역:이가연,송서진역:안서연,이정록역:알렉스,유보영역:손성윤,유시후역:송민재,박지연역:신수정,한기영역:강유석,홍성우역:김현목,신혜정역:김미은,심정희역:이상경,오연지역:한봄,오정봉역:오의식,이종수역:장원혁,김승현역:배호근,송이역:김주영,지원역:찬희,이현역:이필모"
20200607,KBS2,200637,204317,한번다녀왔습니다,<43회>,43회,전국,003640,드라마&영화,드라마,주말연속극,5.64738,5.49199,4.75539,5.90355,8.52692,16.32015,23.01351,6.65368,6.64423,7.08321,10.6128,14.48082,22.82116,29.11712,"송영달역:천호진,장옥분역:차화연,최윤정역:김보연,강초연역:이정은,송나희역:이민정,윤규진역:이상엽,송준선역:오대환,송가희역:오윤아,송다희역:이초희,양치수역:안길강,장옥자역:백지원,성현경역:임정은,윤재석역:이상이,박효신역:기도훈,김지훈역:문우진,이주리역:김소라,김가연역:송다은,건어물역:신미영,꽈배기역:김가영,송서영역:이가연,송서진역:안서연,이정록역:알렉스,유보영역:손성윤,유시후역:송민재,박지연역:신수정,한기영역:강유석,홍성우역:김현목,신혜정역:김미은,심정희역:이상경,오연지역:한봄,오정봉역:오의식,이종수역:장원혁,김승현역:배호근,송이역:김주영,지원역:찬희,이현역:이필모"
20200607,KBS2,204546,211828,한번다녀왔습니다,<44회>,44회,전국,003242,드라마&영화,드라마,주말연속극,8.39008,7.1248,5.63172,7.41074,9.87782,19.87212,27.26335,8.70137,7.08068,8.59088,12.64963,19.24187,27.81546,33.02144,"송영달역:천호진,장옥분역:차화연,최윤정역:김보연,강초연역:이정은,송나희역:이민정,윤규진역:이상엽,송준선역:오대환,송가희역:오윤아,송다희역:이초희,양치수역:안길강,장옥자역:백지원,성현경역:임정은,윤재석역:이상이,박효신역:기도훈,김지훈역:문우진,이주리역:김소라,김가연역:송다은,건어물역:신미영,꽈배기역:김가영,송서영역:이가연,송서진역:안서연,이정록역:알렉스,유보영역:손성윤,유시후역:송민재,박지연역:신수정,한기영역:강유석,홍성우역:김현목,신혜정역:김미은,심정희역:이상경,오연지역:한봄,오정봉역:오의식,이종수역:장원혁,김승현역:배호근,송이역:김주영,지원역:찬희,이현역:이필모"
20200607,MBC,143933,151033,꼰대인턴,<9회>,9회,전국,003100,드라마&영화,드라마,미니시리즈,1.09453,0.63802,0.74471,1.48454,0.57375,2.33694,0.70485,0.63122,0.07503,0.92022,1.4629,1.27165,2.83277,1.45784,"가열찬역:박해진,이만식역:김응수,이태리역:한지은,남궁준수역:박기웅,탁정은역:박아인,주윤수역:노종현,오동근역:고건한,김승진역:홍승범,구자숙역:김선영,안상종역:손종학,남궁표역:고인범,엄한길역:김기천,옥경이역:문숙,고선녀역:정경순,열찬모역:전국향,박범준역:장성규,백범역:정성호,은혜수역:정영주,가열찬친구역:권수현,차형석역:영탁"
20200607,MBC,151130,154237,꼰대인턴,<10회>,10회,전국,003107,드라마&영화,드라마,미니시리즈,0.89795,0.99138,0.90548,1.23246,0.84089,2.2236,1.08706,0.04197,0.44646,0.84201,1.11439,1.66901,2.90217,1.84354,"가열찬역:박해진,이만식역:김응수,이태리역:한지은,남궁준수역:박기웅,탁정은역:박아인,주윤수역:노종현,오동근역:고건한,김승진역:홍승범,구자숙역:김선영,안상종역:손종학,남궁표역:고인범,엄한길역:김기천,옥경이역:문숙,고선녀역:정경순,열찬모역:전국향,박범준역:장성규,백범역:정성호,은혜수역:정영주,가열찬친구역:권수현,차형석역:영탁"
20200607,MBC,154550,161628,꼰대인턴,<11회>,11회,전국,003038,드라마&영화,드라마,미니시리즈,2.21735,1.17978,0.93975,0.86869,0.82934,3.16319,1.45231,0.64255,0.19412,0.72719,1.16033,1.83128,3.1784,1.94267,"가열찬역:박해진,이만식역:김응수,이태리역:한지은,남궁준수역:박기웅,탁정은역:박아인,주윤수역:노종현,오동근역:고건한,김승진역:홍승범,구자숙역:김선영,안상종역:손종학,남궁표역:고인범,엄한길역:김기천,옥경이역:문숙,고선녀역:정경순,열찬모역:전국향,박범준역:장성규,백범역:정성호,은혜수역:정영주,가열찬친구역:권수현,차형석역:영탁"
20200607,MBC,161911,165118,꼰대인턴,<12회>,12회,전국,003207,드라마&영화,드라마,미니시리즈,1.40311,1.45298,0.93528,0.47278,1.74193,3.41827,1.82019,0.65047,0.5939,0.4797,0.8295,2.61102,3.01189,2.12513,"가열찬역:박해진,이만식역:김응수,이태리역:한지은,남궁준수역:박기웅,탁정은역:박아인,주윤수역:노종현,오동근역:고건한,김승진역:홍승범,구자숙역:김선영,안상종역:손종학,남궁표역:고인범,엄한길역:김기천,옥경이역:문숙,고선녀역:정경순,열찬모역:전국향,박범준역:장성규,백범역:정성호,은혜수역:정영주,가열찬친구역:권수현,차형석역:영탁"
20200607,MBC,243808,250937,저녁같이드실래요,<5회>,5회,서울/경기/부산/대전/대구/광주/울산/강원/충북/충남/전북/전남/경북/제주,003129,드라마&영화,드라마,미니시리즈,0.06693,0.25065,0.24689,0.84171,0.76313,1.63742,0.5104,0,0.18853,0.8566,0.58631,1.12835,1.15484,0.41645,"김해경역:송승헌,우도희역:서지혜,정재혁역:이지훈,진노을역:손나은,남아영역:예지원,키에누역:박호산,박진규역:고규필,강건우역:이현진,이병진역:김서경,임소라역:오혜원,김정환역:안태환,이문정역:전국향,전성자역:윤복인,이영동역:김정현,이은서역:서은수,푸드트럭총각역:이시언,태진아역:태진아,환자역:박산다라"
20200607,MBC,251020,254736,저녁같이드실래요,<6회>,6회,서울/경기/부산/대전/대구/광주/울산/강원/충북/충남/전북/전남/경북/제주,003716,드라마&영화,드라마,미니시리즈,0.01004,0.04111,0.1142,0.25574,0.4956,2.02372,0.61146,0.01346,0.01021,0.43616,0.24183,0.89485,1.62627,0.60968,"김해경역:송승헌,우도희역:서지혜,정재혁역:이지훈,진노을역:손나은,남아영역:예지원,키에누역:박호산,박진규역:고규필,강건우역:이현진,이병진역:김서경,임소라역:오혜원,김정환역:안태환,이문정역:전국향,전성자역:윤복인,이영동역:김정현,이은서역:서은수,푸드트럭총각역:이시언,태진아역:태진아,환자역:박산다라"
20200607,MBC,255027,255959,저녁같이드실래요,<7회>,7회,서울/경기/부산/대전/대구/광주/울산/강원/충북/충남/전북/전남/경북/제주,000932,드라마&영화,드라마,미니시리즈,0,0.22811,0.20183,0.30463,0.60027,2.07303,0.53629,0,0,0.35724,0.07842,0.74318,1.30807,0.72978,"김해경역:송승헌,우도희역:서지혜,정재혁역:이지훈,진노을역:손나은,남아영역:예지원,키에누역:박호산,박진규역:고규필,강건우역:이현진,이병진역:김서경,임소라역:오혜원,김정환역:안태환,이문정역:전국향,전성자역:윤복인,이영동역:김정현,이은서역:서은수,푸드트럭총각역:이시언,태진아역:태진아,환자역:박산다라"
20200607,SBS,115605,122842,굿캐스팅,<1부>,12회,전국,003237,드라마&영화,드라마,미니시리즈,1.08442,0.81323,0.24966,0.3361,1.10949,2.28865,1.18782,0.96021,0.69044,0.25584,1.81366,2.63854,1.66882,1.79211,"백찬미역:최강희,윤석호역:이상엽,임예은역:유인영,황미순역:김지영,강우원역:이준영,동관수역:이종혁,서국환역:정인기,배무혁역:박경순,간태희역:황보미,명계철역:우현,탁상기역:이상훈,옥철역:김용희,변우석역:허재호,구비서역:한수진,설영훈역:조영훈,심화란역:차수연,남봉만역:이승형,남주연역:김보윤,피철웅역:배진웅,권민석역:성혁,권소희역:노하연"
20200607,SBS,123024,130304,굿캐스팅,<2부>,12회,전국,003240,드라마&영화,드라마,미니시리즈,1.29694,0.48181,0.18102,0.70696,0.68378,2.6761,1.48997,0.90011,0.28062,0.39385,1.8866,1.72449,2.08032,1.66014,"백찬미역:최강희,윤석호역:이상엽,임예은역:유인영,황미순역:김지영,강우원역:이준영,동관수역:이종혁,서국환역:정인기,배무혁역:박경순,간태희역:황보미,명계철역:우현,탁상기역:이상훈,옥철역:김용희,변우석역:허재호,구비서역:한수진,설영훈역:조영훈,심화란역:차수연,남봉만역:이승형,남주연역:김보윤,피철웅역:배진웅,권민석역:성혁,권소희역:노하연"
20200607,SBS,140530,143928,더킹영원의군주,<1부>,15회,전국,003358,드라마&영화,드라마,미니시리즈,0.16025,0.62885,0.60532,0.63926,1.2748,1.93146,0.86381,0.01971,0.80454,0.33613,0.5576,2.86899,1.58916,1.22005,"이곤역:이민호,정태을역:김고은,조은섭역:우도환,조영역:우도환,강신재역:김경남,구서령역:정은채,이림역:이정진,루나역:김고은,노옥남역:김영옥,정도인역:전배수,송정혜역:서정연,박문식역:박원상,장미카엘역:강홍석,이종인역:전무송,명나리역:김용지,명승아역:김용지,유경무역:이해영,민화연역:황영희,박지영역:박지연,모비서역:백현주,석호필역:이홍내"
20200607,SBS,144108,152640,더킹영원의군주,<2부>,15회,전국,004532,드라마&영화,드라마,미니시리즈,0.70667,0.66921,0.63217,1.04278,2.02378,2.36414,1.15213,1.95659,0.92633,0.53615,0.85024,3.0859,2.4715,1.44971,"이곤역:이민호,정태을역:김고은,조은섭역:우도환,조영역:우도환,강신재역:김경남,구서령역:정은채,이림역:이정진,루나역:김고은,노옥남역:김영옥,정도인역:전배수,송정혜역:서정연,박문식역:박원상,장미카엘역:강홍석,이종인역:전무송,명나리역:김용지,명승아역:김용지,유경무역:이해영,민화연역:황영희,박지영역:박지연,모비서역:백현주,석호필역:이홍내"
20200607,OBS,171952,181641,순정에반하다,<1부>,11회,전국,005649,드라마&영화,드라마,주간연속극,0,0,0,0.00405,0,0,0.07866,0,0.00597,0,0,0.02283,0.03894,0.20853,"강민호역:정경호,김순정역:김소연,이준희역:윤현민,강현철역:박영규,마태석역:안석환,한지현역:공현주,나옥현역:조은지,오우식역:이시언,마동욱역:진구,윤이사역:김정팔,오미루역:이수지,유유미역:정유민,이정구역:남명렬"
20200607,OBS,182406,192247,순정에반하다,<2부>,12회,전국,005841,드라마&영화,드라마,주간연속극,0,0,0,0,0.01253,0,0.0778,0,0,0,0,0.00884,0,0.13556,"강민호역:정경호,김순정역:김소연,이준희역:윤현민,강현철역:박영규,마태석역:안석환,한지현역:공현주,나옥현역:조은지,오우식역:이시언,마동욱역:진구,윤이사역:김정팔,오미루역:이수지,유유미역:정유민,이정구역:남명렬"
20200607,TV CHOSUN,200014,210049,바람과구름과비,,6회,전국,010035,드라마&영화,드라마,미니시리즈,0.72293,0.32939,0.58666,0.10311,0.27105,2.086,1.43958,0,0.02648,0.22662,0.25047,0.61258,2.30634,0.94148,"최천중역:박시후,봉련역:고성희,흥선대원군이하응역:전광렬,채인규역:성혁,김병운역:김승수,김좌근역:차광수,나합역:윤아정,김병학역:한재영,조대비역:김보연,철종역:정욱,이하전역:이루,명성황후민자영역:박정연,고종이재황역:박상훈,용팔룡역:조복래,주모역:김주령,적도사진상역:한동규,팽구철역:노형욱,만석역:박노식,연치성역:임현수,반달역:왕빛나,임종사관역:허태희,최천중어린시절역:강태우,봉련어린시절역:홍승희,채인규어린시절역:최정우,상복역:허성태,민승호역:이해우,저자이병주,출판그림같은세상2020.08.28.,e북무료판매처 1건"
20200607,TV CHOSUN,225724,235854,바람과구름과비,,7회,전국,010130,드라마&영화,드라마,미니시리즈,0.54849,0.47628,1.35235,0.41741,0.52956,4.29696,3.20565,0,0.10487,0.65452,1.20813,1.16344,4.83602,2.98192,"최천중역:박시후,봉련역:고성희,흥선대원군이하응역:전광렬,채인규역:성혁,김병운역:김승수,김좌근역:차광수,나합역:윤아정,김병학역:한재영,조대비역:김보연,철종역:정욱,이하전역:이루,명성황후민자영역:박정연,고종이재황역:박상훈,용팔룡역:조복래,주모역:김주령,적도사진상역:한동규,팽구철역:노형욱,만석역:박노식,연치성역:임현수,반달역:왕빛나,임종사관역:허태희,최천중어린시절역:강태우,봉련어린시절역:홍승희,채인규어린시절역:최정우,상복역:허성태,민승호역:이해우,저자이병주,출판그림같은세상2020.08.28.,e북무료판매처 1건"
20200607,tvN,094244,104347,화양연화삶이꽃이되는순간,,13회,전국,010103,드라마&영화,드라마,미니시리즈,0.02646,0.78592,0.09538,0.94728,0.57161,0.50297,0.4666,0,0.13761,0.05158,0.38688,1.16223,0.5238,0.33276,"한재현역:유지태,윤지수역:이보영,과거재현역:진영,과거지수역:전소니,장서경역:박시연,장산역:문성근,한준서역:박민수,한인호역:남명렬,이경자역:손숙,윤형구역:장광,이영민역:고우림,정숙희역:이종남,윤지영역:채원빈,이동진역:민성욱,과거동진역:은해성,성화진역:김주령,과거화진역:한지원,강준우역:강영석,정윤기역:김호창,이세훈역:김영훈,주영우역:이태성,과거영우역:병헌,양혜정역:우정원,과거혜정역:박한솔,최선희역:김영아"
20200607,tvN,110202,122123,아는건별로없지만가족입니다,,1회,전국,011921,드라마&영화,드라마,미니시리즈,0,0.33987,0.3171,0.27687,0.25379,0.63908,0.44771,0,0.02804,0.1749,0.68188,0.63274,0.93155,0.5983,"김은희역:한예리,박찬혁역:김지석,김은주역:추자현,김상식역:정진영,이진숙역:원미경,김지우역:신재하,임건주역:신동욱,윤태형역:김태훈,젊은상식역:한준우,젊은진숙역:조아영,유선일역:서상원,안효석역:이종원,서경옥역:가득희,윤서영역:혜정,전하라역:배윤경,유민우역:권율"
20200607,tvN,124042,135410,아는건별로없지만가족입니다,,2회,전국,011328,드라마&영화,드라마,미니시리즈,0.16276,0.15583,0.63896,0.57938,0.24392,1.09659,0.3612,0.67292,0.54254,0.59743,1.26787,2.35018,1.43992,0.85957,"김은희역:한예리,박찬혁역:김지석,김은주역:추자현,김상식역:정진영,이진숙역:원미경,김지우역:신재하,임건주역:신동욱,윤태형역:김태훈,젊은상식역:한준우,젊은진숙역:조아영,유선일역:서상원,안효석역:이종원,서경옥역:가득희,윤서영역:혜정,전하라역:배윤경,유민우역:권율"
20200607,tvN,211452,221636,화양연화삶이꽃이되는순간,,14회,전국,010144,드라마&영화,드라마,미니시리즈,2.4519,1.0277,1.41152,1.48249,1.41347,1.7736,2.52759,0.27949,0.96326,1.21444,1.86359,4.4608,3.92986,2.33414,"한재현역:유지태,윤지수역:이보영,과거재현역:진영,과거지수역:전소니,장서경역:박시연,장산역:문성근,한준서역:박민수,한인호역:남명렬,이경자역:손숙,윤형구역:장광,이영민역:고우림,정숙희역:이종남,윤지영역:채원빈,이동진역:민성욱,과거동진역:은해성,성화진역:김주령,과거화진역:한지원,강준우역:강영석,정윤기역:김호창,이세훈역:김영훈,주영우역:이태성,과거영우역:병헌,양혜정역:우정원,과거혜정역:박한솔,최선희역:김영아"
20200607,tvN,243605,255214,슬기로운의사생활,,,전국,011609,드라마&영화,드라마,미니시리즈,0,0.18373,0.08878,0.43881,0.40766,1.19419,0.27492,0,0.17274,0.70326,1.28315,0.78163,0.93358,0.33292,"이익준역:조정석,안정원역:유연석,김준완역:정경호,양석형역:김대명,채송화역:전미도,정로사역:김해숙,주종수역:김갑수,도재학역:정문성,용석민역:문태유,장겨울역:신현빈,안치홍역:김준한,봉광현역:최영준,추민하역:안은진,허선빈역:하윤경,명은원역:김혜인,장윤복역:조이현,장홍도역:배현성,송수빈역:김수진,소이현역:윤혜리,배준희역:신도현,주전역:조승연,황재신역:양조아,이우주역:김준,민기준역:서진원,종세혁역:전광진,이영하역:이노아,김재환역:이달,국해성역:이혜은,함덕주역:김비비,한현희역:이지원,한승주역:김지성,은선진역:설유진,이익순역:곽선영,조영혜역:문희경,양태양역:남명렬,김태연역:이소윤,천명태역:최영우,선우희수역:박한솔,장겨울남동생역:박정우,고아라역:고아라"
20200607,국방TV,210036,212437,바람은불어도,,85회,전국,002401,드라마&영화,드라마,미니시리즈,0,0,0,0,0.00956,0,0.02725,0,0,0,0,0.01103,0,0.02535,"최수종,유호정,윤손하,송나영,송기윤,나문희"
20200607,국방TV,213035,215555,바람은불어도,,86회,전국,002520,드라마&영화,드라마,미니시리즈,0,0,0,0,0,0,0.01394,0,0,0,0.00759,0,0,0.0137,"최수종,유호정,윤손하,송나영,송기윤,나문희"
20200607,국방TV,240035,242437,바람은불어도,,85회,전국,002402,드라마&영화,드라마,미니시리즈,0,0,0,0,0,0,0,0,0,0.03377,0,0,0,0,"최수종,유호정,윤손하,송나영,송기윤,나문희"
20200607,국방TV,243035,245555,바람은불어도,,86회,전국,002520,드라마&영화,드라마,미니시리즈,0,0,0,0,0,0,0,0,0,0,0,0,0,0,"최수종,유호정,윤손하,송나영,송기윤,나문희"
20200607,국방TV,250035,252709,바람은불어도,,87회,전국,002634,드라마&영화,드라마,미니시리즈,0,0,0,0,0,0,0.01187,0,0,0,0,0,0,0.00772,"최수종,유호정,윤손하,송나영,송기윤,나문희"
20200607,국방TV,253036,255709,바람은불어도,,88회,전국,002633,드라마&영화,드라마,미니시리즈,0,0,0,0,0,0,0,0,0,0,0,0,0,0,"최수종,유호정,윤손하,송나영,송기윤,나문희"
20200607,OCN Movies,024111,034813,번외수사,,5회,전국,010702,드라마&영화,드라마,미니시리즈,0,0,0,0.01182,0.00337,0.42182,0,0,0,0.05594,0,0,0.32449,0.00562,"진강호역:차태현,강무영역:이선빈,이반석역:정상훈,테디정역:윤경호,탁원역:지승현,민대진역:박정우,맨손역:박태산,연장역:장진희,지수철역:이영석,노순이역:민경옥"
20200607,AXN,062017,071913,완전한사랑,,9회,전국,005856,드라마&영화,드라마,주간연속극,0,0,0,0.04987,0,0.00831,0.19576,0,0,0,0.07811,0,0.02652,0.03148,"박시우역:차인표,하영애역:김희애,문지나역:이승연,박회장역:김성원,장혜자역:강부자"
20200607,AXN,073733,083810,완전한사랑,,10회,전국,010037,드라마&영화,드라마,주간연속극,0,0,0,0,0.00479,0,0.04641,0,0,0,0,0.00412,0,0.00594,"박시우역:차인표,하영애역:김희애,문지나역:이승연,박회장역:김성원,장혜자역:강부자"
20200607,AXN,134050,144029,완전한사랑,,9회,전국,005939,드라마&영화,드라마,주간연속극,0,0,0,0,0,0.00524,0.02252,0,0,0.04947,0,0.00647,0,0.01208,"박시우역:차인표,하영애역:김희애,문지나역:이승연,박회장역:김성원,장혜자역:강부자"
20200607,AXN,150034,160203,완전한사랑,,10회,전국,010129,드라마&영화,드라마,주간연속극,0,0,0,0,0,0.02774,0.06994,0,0,0.00661,0,0,0.01155,0.06474,"박시우역:차인표,하영애역:김희애,문지나역:이승연,박회장역:김성원,장혜자역:강부자"
20200607,AXN,212416,222336,완전한사랑,,9회,전국,005920,드라마&영화,드라마,주간연속극,0,0.01072,0.00233,0,0.00186,0.09968,0.07101,0,0,0.00291,0,0,0.10422,0.00135,"박시우역:차인표,하영애역:김희애,문지나역:이승연,박회장역:김성원,장혜자역:강부자"
20200607,AXN,224157,234242,완전한사랑,,10회,전국,010045,드라마&영화,드라마,주간연속극,0,0.02109,0,0,0.00183,0.18896,0.00236,0,0,0,0,0,0.12507,0.10245,"박시우역:차인표,하영애역:김희애,문지나역:이승연,박회장역:김성원,장혜자역:강부자"
20200607,CNTV,020503,025719,광개토태왕,,72회,전국,005216,드라마&영화,드라마,주말연속극,0.02009,0,0,0.00166,0.02415,0.15515,0.26027,0,0,0,0.01041,0.11328,0,0.01863,"담덕역:이태곤,고운역:김승수,모용보역:임호,도영역:오지은,연살타역:홍경인,약연역:이인혜,고무역:김진태,고창역:남성진,모두영역:이원발,모두루역:임대호,모용수역:김동현,풍발역:정호근,개연수역:최동준,가라지역:오욱철,연도부역:반석진,계필역:선동혁,이영역:최상훈,담망역:정태우,이련역:송용태,고야역:이보희,담주역:조안,설도안역:김규철,설지역:김정화,마수역:고인범,여소이역:임병기,돌비수역:김정현,갈사무역:강신조,도광역:박승호,소모역:강지후,여문역:나주석,모용희역:조인표,거보역:김덕현,무갑역:유종근,여석개역:방형주,황회역:김명수,원봉역:박유승,하무지역:윤승원,사갈현역:김철기,아신역:박정철"
20200607,CNTV,070848,075908,광개토태왕,,73회,전국,005020,드라마&영화,드라마,주말연속극,0.09009,0.0386,0.02621,0.0738,0.1124,0.06526,0.14097,0.05367,0.02043,0.00971,0.03637,0.0291,0.06191,0.18491,"담덕역:이태곤,고운역:김승수,모용보역:임호,도영역:오지은,연살타역:홍경인,약연역:이인혜,고무역:김진태,고창역:남성진,모두영역:이원발,모두루역:임대호,모용수역:김동현,풍발역:정호근,개연수역:최동준,가라지역:오욱철,연도부역:반석진,계필역:선동혁,이영역:최상훈,담망역:정태우,이련역:송용태,고야역:이보희,담주역:조안,설도안역:김규철,설지역:김정화,마수역:고인범,여소이역:임병기,돌비수역:김정현,갈사무역:강신조,도광역:박승호,소모역:강지후,여문역:나주석,모용희역:조인표,거보역:김덕현,무갑역:유종근,여석개역:방형주,황회역:김명수,원봉역:박유승,하무지역:윤승원,사갈현역:김철기,아신역:박정철"
20200607,CNTV,080905,090105,광개토태왕,,74회,전국,005200,드라마&영화,드라마,주말연속극,0,0.09063,0.04658,0,0.00486,0.08739,0.26989,0,0.01237,0.03734,0.07939,0.01039,0.07792,0.2846,"담덕역:이태곤,고운역:김승수,모용보역:임호,도영역:오지은,연살타역:홍경인,약연역:이인혜,고무역:김진태,고창역:남성진,모두영역:이원발,모두루역:임대호,모용수역:김동현,풍발역:정호근,개연수역:최동준,가라지역:오욱철,연도부역:반석진,계필역:선동혁,이영역:최상훈,담망역:정태우,이련역:송용태,고야역:이보희,담주역:조안,설도안역:김규철,설지역:김정화,마수역:고인범,여소이역:임병기,돌비수역:김정현,갈사무역:강신조,도광역:박승호,소모역:강지후,여문역:나주석,모용희역:조인표,거보역:김덕현,무갑역:유종근,여석개역:방형주,황회역:김명수,원봉역:박유승,하무지역:윤승원,사갈현역:김철기,아신역:박정철"
20200607,CNTV,102043,112647,에덴의동쪽,,50회,전국,010604,드라마&영화,드라마,주간연속극,0,0.00975,0.00191,0,0,0,0.04488,0,0,0.00201,0,0,0.01061,0.04353,"이동철역:송승헌,이동욱역:연정훈,민혜린역:이다해,지현역:한지혜,신명훈역:박해진,국영란역:이연희,기순역:전소민,혜령역:정소영,제니스역:정혜영,마이크역:데니스오,백성현역:박성웅,미애역:신은정,신태환역:조민기,지현어린시절역:남지현"
20200607,CNTV,114356,124926,각시탈,,22회,전국,010530,드라마&영화,드라마,미니시리즈,0,0,0,0.0058,0,0.02157,0.13752,0,0,0,0.00254,0,0.02113,0.15586,"이강토역:주원,목단역:진세연,기무라슌지역:박기웅,채홍주역:한채아,이강산역:신현준,한씨역:송옥숙,이선역:이일재,백건역:전현,담사리역:전노민,조단장역:손병호,오동년역:이경실,신난다역:이병준,선화역:손여은,계순역:서윤아,기무라타로역:천호진,기무라켄지역:박주형,우에노히데키역:전국환,가츠야마준역:안형준,이화경역:김정난,미나미타마오역:최대훈,콘노고지역:김응수,아베신지역:윤봉길,고이소타다노부역:윤진호,타샤역:지서윤,봉실장역:백재진,메리역:장준유,노상엽역:이재원,최명섭역:권태원,우병준역:김규철,이시용역:안석환,박인삼역:김태영,조영근역:고인범,긴페이가토역:브루스칸,박성모역:방중현,수지역:오은호,제니역:양희윤,안나역:반민정,득수역:김방원,진홍역:정은별,무라야마요시오역:김명수,양백역:김명곤,동진역:박성웅,심순이역:이슬비,송기자역:최대철,카카와역:최웅,안섭역:지민,타케다산상역:이주현,민규역:박보검,카네코역:한수아"
20200607,CNTV,130543,140650,바람과구름과비,,5회,전국,010107,드라마&영화,드라마,미니시리즈,0,0,0.32185,0.01503,0,0.32318,0.19946,0,0,0,0.02436,0.0074,0.16416,0.19974,"최천중역:박시후,봉련역:고성희,흥선대원군이하응역:전광렬,채인규역:성혁,김병운역:김승수,김좌근역:차광수,나합역:윤아정,김병학역:한재영,조대비역:김보연,철종역:정욱,이하전역:이루,명성황후민자영역:박정연,고종이재황역:박상훈,용팔룡역:조복래,주모역:김주령,적도사진상역:한동규,팽구철역:노형욱,만석역:박노식,연치성역:임현수,반달역:왕빛나,임종사관역:허태희,최천중어린시절역:강태우,봉련어린시절역:홍승희,채인규어린시절역:최정우,상복역:허성태,민승호역:이해우,저자이병주,출판그림같은세상2020.08.28.,e북무료판매처 1건"
20200607,CNTV,165218,174317,광개토태왕,,73회,전국,005059,드라마&영화,드라마,주말연속극,0.02749,0.03553,0.04256,0.01608,0.00165,0.07327,0.27685,0,0.06008,0.0528,0.01713,0.03452,0.061,0.20177,"담덕역:이태곤,고운역:김승수,모용보역:임호,도영역:오지은,연살타역:홍경인,약연역:이인혜,고무역:김진태,고창역:남성진,모두영역:이원발,모두루역:임대호,모용수역:김동현,풍발역:정호근,개연수역:최동준,가라지역:오욱철,연도부역:반석진,계필역:선동혁,이영역:최상훈,담망역:정태우,이련역:송용태,고야역:이보희,담주역:조안,설도안역:김규철,설지역:김정화,마수역:고인범,여소이역:임병기,돌비수역:김정현,갈사무역:강신조,도광역:박승호,소모역:강지후,여문역:나주석,모용희역:조인표,거보역:김덕현,무갑역:유종근,여석개역:방형주,황회역:김명수,원봉역:박유승,하무지역:윤승원,사갈현역:김철기,아신역:박정철"
20200607,CNTV,180004,185235,광개토태왕,,74회,전국,005231,드라마&영화,드라마,주말연속극,0,0.05109,0,0,0.03282,0.08116,0.29036,0,0,0.11416,0,0.05436,0.08794,0.17956,"담덕역:이태곤,고운역:김승수,모용보역:임호,도영역:오지은,연살타역:홍경인,약연역:이인혜,고무역:김진태,고창역:남성진,모두영역:이원발,모두루역:임대호,모용수역:김동현,풍발역:정호근,개연수역:최동준,가라지역:오욱철,연도부역:반석진,계필역:선동혁,이영역:최상훈,담망역:정태우,이련역:송용태,고야역:이보희,담주역:조안,설도안역:김규철,설지역:김정화,마수역:고인범,여소이역:임병기,돌비수역:김정현,갈사무역:강신조,도광역:박승호,소모역:강지후,여문역:나주석,모용희역:조인표,거보역:김덕현,무갑역:유종근,여석개역:방형주,황회역:김명수,원봉역:박유승,하무지역:윤승원,사갈현역:김철기,아신역:박정철"
20200607,CNTV,190932,201551,에덴의동쪽,,50회,전국,010619,드라마&영화,드라마,주간연속극,0,0.0642,0,0.0174,0.05505,0.01469,0.17536,0.01459,0,0.04495,0,0.09276,0.01606,0.09826,"이동철역:송승헌,이동욱역:연정훈,민혜린역:이다해,지현역:한지혜,신명훈역:박해진,국영란역:이연희,기순역:전소민,혜령역:정소영,제니스역:정혜영,마이크역:데니스오,백성현역:박성웅,미애역:신은정,신태환역:조민기,지현어린시절역:남지현"
20200607,CNTV,203105,213620,각시탈,,22회,전국,010515,드라마&영화,드라마,미니시리즈,0,0,0,0.03972,0,0.10783,0.12352,0,0,0.01882,0,0.02514,0.04896,0.10719,"이강토역:주원,목단역:진세연,기무라슌지역:박기웅,채홍주역:한채아,이강산역:신현준,한씨역:송옥숙,이선역:이일재,백건역:전현,담사리역:전노민,조단장역:손병호,오동년역:이경실,신난다역:이병준,선화역:손여은,계순역:서윤아,기무라타로역:천호진,기무라켄지역:박주형,우에노히데키역:전국환,가츠야마준역:안형준,이화경역:김정난,미나미타마오역:최대훈,콘노고지역:김응수,아베신지역:윤봉길,고이소타다노부역:윤진호,타샤역:지서윤,봉실장역:백재진,메리역:장준유,노상엽역:이재원,최명섭역:권태원,우병준역:김규철,이시용역:안석환,박인삼역:김태영,조영근역:고인범,긴페이가토역:브루스칸,박성모역:방중현,수지역:오은호,제니역:양희윤,안나역:반민정,득수역:김방원,진홍역:정은별,무라야마요시오역:김명수,양백역:김명곤,동진역:박성웅,심순이역:이슬비,송기자역:최대철,카카와역:최웅,안섭역:지민,타케다산상역:이주현,민규역:박보검,카네코역:한수아"
20200607,CNTV,215042,225148,바람과구름과비,,5회,전국,010106,드라마&영화,드라마,미니시리즈,0,0,0.00826,0,0,0.14131,0.18959,0,0,0.00971,0.02094,0.00395,0.01285,0.22977,"최천중역:박시후,봉련역:고성희,흥선대원군이하응역:전광렬,채인규역:성혁,김병운역:김승수,김좌근역:차광수,나합역:윤아정,김병학역:한재영,조대비역:김보연,철종역:정욱,이하전역:이루,명성황후민자영역:박정연,고종이재황역:박상훈,용팔룡역:조복래,주모역:김주령,적도사진상역:한동규,팽구철역:노형욱,만석역:박노식,연치성역:임현수,반달역:왕빛나,임종사관역:허태희,최천중어린시절역:강태우,봉련어린시절역:홍승희,채인규어린시절역:최정우,상복역:허성태,민승호역:이해우,저자이병주,출판그림같은세상2020.08.28.,e북무료판매처 1건"
20200607,CNTV,252112,255959,광개토태왕,,73회,전국,003847,드라마&영화,드라마,주말연속극,0,0.43542,0,0.12171,0.11699,0.14238,0.22004,0,0,0.18015,0.0711,0.16239,0.16051,0.24769,"담덕역:이태곤,고운역:김승수,모용보역:임호,도영역:오지은,연살타역:홍경인,약연역:이인혜,고무역:김진태,고창역:남성진,모두영역:이원발,모두루역:임대호,모용수역:김동현,풍발역:정호근,개연수역:최동준,가라지역:오욱철,연도부역:반석진,계필역:선동혁,이영역:최상훈,담망역:정태우,이련역:송용태,고야역:이보희,담주역:조안,설도안역:김규철,설지역:김정화,마수역:고인범,여소이역:임병기,돌비수역:김정현,갈사무역:강신조,도광역:박승호,소모역:강지후,여문역:나주석,모용희역:조인표,거보역:김덕현,무갑역:유종근,여석개역:방형주,황회역:김명수,원봉역:박유승,하무지역:윤승원,사갈현역:김철기,아신역:박정철"
20200607,DRAMAcube,093518,103932,굿캐스팅,,11회,전국,010414,드라마&영화,드라마,미니시리즈,0,0.04861,0.04837,0.06795,0.03546,0.28211,0.03957,0,0.04702,0.06555,0.03256,0.16408,0.10093,0.05206,"백찬미역:최강희,윤석호역:이상엽,임예은역:유인영,황미순역:김지영,강우원역:이준영,동관수역:이종혁,서국환역:정인기,배무혁역:박경순,간태희역:황보미,명계철역:우현,탁상기역:이상훈,옥철역:김용희,변우석역:허재호,구비서역:한수진,설영훈역:조영훈,심화란역:차수연,남봉만역:이승형,남주연역:김보윤,피철웅역:배진웅,권민석역:성혁,권소희역:노하연"
20200607,DRAMAcube,140704,151325,굿캐스팅,,12회,전국,010621,드라마&영화,드라마,미니시리즈,0,0,0,0.04193,0.18092,0.01705,0.08898,0,0,0,0.23251,0.29608,0.1281,0.21369,"백찬미역:최강희,윤석호역:이상엽,임예은역:유인영,황미순역:김지영,강우원역:이준영,동관수역:이종혁,서국환역:정인기,배무혁역:박경순,간태희역:황보미,명계철역:우현,탁상기역:이상훈,옥철역:김용희,변우석역:허재호,구비서역:한수진,설영훈역:조영훈,심화란역:차수연,남봉만역:이승형,남주연역:김보윤,피철웅역:배진웅,권민석역:성혁,권소희역:노하연"
20200607,DRAMAcube,244122,254529,낭만닥터김사부2,,3회,전국,010407,드라마&영화,드라마,미니시리즈,0,0,0,0.01611,0.12008,0.08478,0.01809,0,0.01596,0,0,0.10868,0.17013,0.10842,"김사부역:한석규,서우진역:안효섭,차은재역:이성경,박민국역:김주헌,배문정역:신동욱,윤아름역:소주연,정인수역:윤나무,여운영역:김홍파,오명심역:진경,장기태역:임원희,남도일역:변우민,박은탁역:김민재,양호준역:고상호,심혜진역:박효주,허영규역:배명진,도윤완역:최진호,엄현정역:정지안,주영미역:윤보라,주지배인역:서영"
20200607,DramaH,020000,023348,번외수사,,3회,전국,003348,드라마&영화,드라마,미니시리즈,0,0,0.15375,0,0,0.1639,0,0,0,0,0.33382,0,0.22008,0,"진강호역:차태현,강무영역:이선빈,이반석역:정상훈,테디정역:윤경호,탁원역:지승현,민대진역:박정우,맨손역:박태산,연장역:장진희,지수철역:이영석,노순이역:민경옥"
20200607,DramaH,024007,034437,영혼수선공,,9회,전국,010430,드라마&영화,드라마,미니시리즈,0.02812,0,0,0.00424,0.00115,0.00492,0.06685,0.02001,0.00104,0,0.09043,0.00551,0,0.00329,"이시준역:신하균,한우주역:정소민,인동혁역:태인호,지영원역:박예진,공지선역:주민경,조인혜역:조경숙,오기태역:박수영,박대하역:정해균,이택경역:최정우,노우정역:안동구,강누리역:하영,임세찬역:장유상,공지희역:박한솔,장유미역:김가란,김영석역:김강민,송민수역:류시원"
20200607,DramaH,070931,081401,영혼수선공,,9회,전국,010430,드라마&영화,드라마,미니시리즈,0,0,0,0.00658,0.03001,0,0.0101,0,0,0,0,0,0,0.00985,"이시준역:신하균,한우주역:정소민,인동혁역:태인호,지영원역:박예진,공지선역:주민경,조인혜역:조경숙,오기태역:박수영,박대하역:정해균,이택경역:최정우,노우정역:안동구,강누리역:하영,임세찬역:장유상,공지희역:박한솔,장유미역:김가란,김영석역:김강민,송민수역:류시원"
20200607,DramaH,082820,093118,영혼수선공,,10회,전국,010258,드라마&영화,드라마,미니시리즈,0,0,0,0,0.23373,0.10546,0.08898,0,0,0,0.01135,0,0.00478,0.06145,"이시준역:신하균,한우주역:정소민,인동혁역:태인호,지영원역:박예진,공지선역:주민경,조인혜역:조경숙,오기태역:박수영,박대하역:정해균,이택경역:최정우,노우정역:안동구,강누리역:하영,임세찬역:장유상,공지희역:박한솔,장유미역:김가란,김영석역:김강민,송민수역:류시원"
20200607,DramaH,095141,105206,바람과구름과비,,4회,전국,010025,드라마&영화,드라마,미니시리즈,0,0,0,0,0.00322,0.10399,0.0632,0,0,0.00103,0,0.00106,0.09368,0.08445,"최천중역:박시후,봉련역:고성희,흥선대원군이하응역:전광렬,채인규역:성혁,김병운역:김승수,김좌근역:차광수,나합역:윤아정,김병학역:한재영,조대비역:김보연,철종역:정욱,이하전역:이루,명성황후민자영역:박정연,고종이재황역:박상훈,용팔룡역:조복래,주모역:김주령,적도사진상역:한동규,팽구철역:노형욱,만석역:박노식,연치성역:임현수,반달역:왕빛나,임종사관역:허태희,최천중어린시절역:강태우,봉련어린시절역:홍승희,채인규어린시절역:최정우,상복역:허성태,민승호역:이해우,저자이병주,출판그림같은세상2020.08.28.,e북무료판매처 1건"
20200607,DramaH,111316,121422,바람과구름과비,,5회,전국,010106,드라마&영화,드라마,미니시리즈,0.03511,0,0.0037,0,0.06657,0.03177,0.0198,0,0,0,0.01931,0.00889,0.0246,0.0592,"최천중역:박시후,봉련역:고성희,흥선대원군이하응역:전광렬,채인규역:성혁,김병운역:김승수,김좌근역:차광수,나합역:윤아정,김병학역:한재영,조대비역:김보연,철종역:정욱,이하전역:이루,명성황후민자영역:박정연,고종이재황역:박상훈,용팔룡역:조복래,주모역:김주령,적도사진상역:한동규,팽구철역:노형욱,만석역:박노식,연치성역:임현수,반달역:왕빛나,임종사관역:허태희,최천중어린시절역:강태우,봉련어린시절역:홍승희,채인규어린시절역:최정우,상복역:허성태,민승호역:이해우,저자이병주,출판그림같은세상2020.08.28.,e북무료판매처 1건"
20200607,DramaH,123523,133535,번외수사,,2회,전국,010012,드라마&영화,드라마,미니시리즈,0,0.01055,0.00458,0.00589,0.08623,0.3267,0.04321,0,0,0.00974,0.08272,0.24688,0.11597,0.10944,"진강호역:차태현,강무영역:이선빈,이반석역:정상훈,테디정역:윤경호,탁원역:지승현,민대진역:박정우,맨손역:박태산,연장역:장진희,지수철역:이영석,노순이역:민경옥"
20200607,DramaH,135607,145643,번외수사,,3회,전국,010036,드라마&영화,드라마,미니시리즈,0.01245,0,0,0.01867,0.1021,0.09653,0.08035,0.01066,0.00375,0,0.02417,0.12767,0.12216,0.01855,"진강호역:차태현,강무영역:이선빈,이반석역:정상훈,테디정역:윤경호,탁원역:지승현,민대진역:박정우,맨손역:박태산,연장역:장진희,지수철역:이영석,노순이역:민경옥"
20200607,DramaH,151812,162221,굿캐스팅,,11회,전국,010409,드라마&영화,드라마,미니시리즈,0,0,0,0,0,0.19125,0.05931,0,0,0,0.12217,0.00621,0.11775,0.06028,"백찬미역:최강희,윤석호역:이상엽,임예은역:유인영,황미순역:김지영,강우원역:이준영,동관수역:이종혁,서국환역:정인기,배무혁역:박경순,간태희역:황보미,명계철역:우현,탁상기역:이상훈,옥철역:김용희,변우석역:허재호,구비서역:한수진,설영훈역:조영훈,심화란역:차수연,남봉만역:이승형,남주연역:김보윤,피철웅역:배진웅,권민석역:성혁,권소희역:노하연"
20200607,DramaH,164512,175127,굿캐스팅,,12회,전국,010615,드라마&영화,드라마,미니시리즈,0,0.18821,0,0,0.07907,0.18006,0.17833,0,0.18922,0,0.12698,0,0.16712,0.16998,"백찬미역:최강희,윤석호역:이상엽,임예은역:유인영,황미순역:김지영,강우원역:이준영,동관수역:이종혁,서국환역:정인기,배무혁역:박경순,간태희역:황보미,명계철역:우현,탁상기역:이상훈,옥철역:김용희,변우석역:허재호,구비서역:한수진,설영훈역:조영훈,심화란역:차수연,남봉만역:이승형,남주연역:김보윤,피철웅역:배진웅,권민석역:성혁,권소희역:노하연"
20200607,DramaH,195901,205929,바람과구름과비,,4회,전국,010028,드라마&영화,드라마,미니시리즈,0,0,0,0.00769,0,0.00263,0.0435,0,0,0,0,0,0,0.02523,"최천중역:박시후,봉련역:고성희,흥선대원군이하응역:전광렬,채인규역:성혁,김병운역:김승수,김좌근역:차광수,나합역:윤아정,김병학역:한재영,조대비역:김보연,철종역:정욱,이하전역:이루,명성황후민자영역:박정연,고종이재황역:박상훈,용팔룡역:조복래,주모역:김주령,적도사진상역:한동규,팽구철역:노형욱,만석역:박노식,연치성역:임현수,반달역:왕빛나,임종사관역:허태희,최천중어린시절역:강태우,봉련어린시절역:홍승희,채인규어린시절역:최정우,상복역:허성태,민승호역:이해우,저자이병주,출판그림같은세상2020.08.28.,e북무료판매처 1건"
20200607,DramaH,212115,222221,바람과구름과비,,5회,전국,010106,드라마&영화,드라마,미니시리즈,0,0,0.03637,0,0,0.21846,0.01582,0,0.00636,0.00435,0,0.00261,0.07104,0.05627,"최천중역:박시후,봉련역:고성희,흥선대원군이하응역:전광렬,채인규역:성혁,김병운역:김승수,김좌근역:차광수,나합역:윤아정,김병학역:한재영,조대비역:김보연,철종역:정욱,이하전역:이루,명성황후민자영역:박정연,고종이재황역:박상훈,용팔룡역:조복래,주모역:김주령,적도사진상역:한동규,팽구철역:노형욱,만석역:박노식,연치성역:임현수,반달역:왕빛나,임종사관역:허태희,최천중어린시절역:강태우,봉련어린시절역:홍승희,채인규어린시절역:최정우,상복역:허성태,민승호역:이해우,저자이병주,출판그림같은세상2020.08.28.,e북무료판매처 1건"
20200607,DramaH,224653,235308,굿캐스팅,,12회,전국,010615,드라마&영화,드라마,미니시리즈,0,0,0.00866,0.0209,0,0.00972,0.1399,0,0,0,0,0,0.00941,0.03638,"백찬미역:최강희,윤석호역:이상엽,임예은역:유인영,황미순역:김지영,강우원역:이준영,동관수역:이종혁,서국환역:정인기,배무혁역:박경순,간태희역:황보미,명계철역:우현,탁상기역:이상훈,옥철역:김용희,변우석역:허재호,구비서역:한수진,설영훈역:조영훈,심화란역:차수연,남봉만역:이승형,남주연역:김보윤,피철웅역:배진웅,권민석역:성혁,권소희역:노하연"
20200607,DramaH,241025,251102,번외수사,,3회,전국,010037,드라마&영화,드라마,미니시리즈,0,0,0,0,0.03163,0.16942,0.15108,0,0,0,0,0,0.11897,0.00726,"진강호역:차태현,강무영역:이선빈,이반석역:정상훈,테디정역:윤경호,탁원역:지승현,민대진역:박정우,맨손역:박태산,연장역:장진희,지수철역:이영석,노순이역:민경옥"
20200607,DramaH,252422,255959,번외수사,,4회,전국,003537,드라마&영화,드라마,미니시리즈,0,0,0,0.01281,0,0.09244,0.00747,0,0,0,0,0,0.14457,0,"진강호역:차태현,강무영역:이선빈,이반석역:정상훈,테디정역:윤경호,탁원역:지승현,민대진역:박정우,맨손역:박태산,연장역:장진희,지수철역:이영석,노순이역:민경옥"
20200607,Dramax,020000,025705,궁중잔혹사꽃들의전쟁,,11회,전국,005705,드라마&영화,드라마,주말연속극,0.03164,0,0,0,0.00429,0,0.03381,0.01141,0,0,0.21138,0.01422,0,0.18584,"소용조씨역:김현주,인조역:이덕화,민회빈강씨역:송선미,김자점역:정성모,소현세자역:정성운,봉림대군역:김주영,장렬왕후조씨역:고원희,남혁역:전태수,설죽역:서이숙,박숙의역:이서연,유덕역:이설희,소용조씨어린시절역:이채미,이형익역:손병호,심기원역:김규철,김인역:우현,한옥역:정선경,장귀인역:이혜은,이상궁역:연미주,김상궁역:엄유신,언년역:정유민"
20200607,Dramax,030714,041017,궁중잔혹사꽃들의전쟁,,12회,전국,010303,드라마&영화,드라마,주말연속극,0,0,0,0.08541,0.00359,0,0.06722,0,0,0,0.20313,0,0.01392,0.20633,"소용조씨역:김현주,인조역:이덕화,민회빈강씨역:송선미,김자점역:정성모,소현세자역:정성운,봉림대군역:김주영,장렬왕후조씨역:고원희,남혁역:전태수,설죽역:서이숙,박숙의역:이서연,유덕역:이설희,소용조씨어린시절역:이채미,이형익역:손병호,심기원역:김규철,김인역:우현,한옥역:정선경,장귀인역:이혜은,이상궁역:연미주,김상궁역:엄유신,언년역:정유민"
20200607,Dramax,053715,064229,너의목소리가들려,,9회,전국,010514,드라마&영화,드라마,미니시리즈,0,0.00689,0.01088,0,0.0357,0.02453,0.08018,0,0.01382,0,0.0094,0.03366,0.00886,0.04428,"장혜성역:이보영,박수하역:이종석,차관우역:윤상현,서도연역:이다희,어춘심역:김해숙,민준국역:정웅인,신상덕역:윤주상,서대석역:정동환,김공숙역:김광규,황달중역:김병옥,고성빈역:김가은,최유창역:최성준,김충기역:박두식,박주혁역:조덕현,도연엄마역:장희수,어린장혜성역:김소현,어린박수하역:구승현,어린서도연역:정민아,정필재역:한기원,정필승역:한기웅,변호사역:소이현,형사역:김성균,문동희역:김수연,최윤역:김민종,고아원입양담당자역:안문숙,엄기준역:엄기준,백화점손님역:안영미,경찰역:정만식,소매치기역:강남"
20200607,Dramax,065023,075605,너의목소리가들려,,10회,전국,010542,드라마&영화,드라마,미니시리즈,0,0,0,0.00397,0.00293,0,0.01365,0,0,0.01069,0,0.01463,0.00842,0.08966,"장혜성역:이보영,박수하역:이종석,차관우역:윤상현,서도연역:이다희,어춘심역:김해숙,민준국역:정웅인,신상덕역:윤주상,서대석역:정동환,김공숙역:김광규,황달중역:김병옥,고성빈역:김가은,최유창역:최성준,김충기역:박두식,박주혁역:조덕현,도연엄마역:장희수,어린장혜성역:김소현,어린박수하역:구승현,어린서도연역:정민아,정필재역:한기원,정필승역:한기웅,변호사역:소이현,형사역:김성균,문동희역:김수연,최윤역:김민종,고아원입양담당자역:안문숙,엄기준역:엄기준,백화점손님역:안영미,경찰역:정만식,소매치기역:강남"
20200607,Dramax,230749,241259,너의목소리가들려,,11회,전국,010510,드라마&영화,드라마,미니시리즈,0,0,0.00342,0.14843,0.01198,0.04804,0.00158,0,0.00374,0.01326,0.18362,0.37292,0.18835,0.02965,"장혜성역:이보영,박수하역:이종석,차관우역:윤상현,서도연역:이다희,어춘심역:김해숙,민준국역:정웅인,신상덕역:윤주상,서대석역:정동환,김공숙역:김광규,황달중역:김병옥,고성빈역:김가은,최유창역:최성준,김충기역:박두식,박주혁역:조덕현,도연엄마역:장희수,어린장혜성역:김소현,어린박수하역:구승현,어린서도연역:정민아,정필재역:한기원,정필승역:한기웅,변호사역:소이현,형사역:김성균,문동희역:김수연,최윤역:김민종,고아원입양담당자역:안문숙,엄기준역:엄기준,백화점손님역:안영미,경찰역:정만식,소매치기역:강남"
20200607,Dramax,242447,252957,너의목소리가들려,,12회,전국,010510,드라마&영화,드라마,미니시리즈,0,0.16228,0,0.18554,0.05414,0.00566,0.05239,0,0,0.04657,0.20313,0.89097,0.18929,0.05485,"장혜성역:이보영,박수하역:이종석,차관우역:윤상현,서도연역:이다희,어춘심역:김해숙,민준국역:정웅인,신상덕역:윤주상,서대석역:정동환,김공숙역:김광규,황달중역:김병옥,고성빈역:김가은,최유창역:최성준,김충기역:박두식,박주혁역:조덕현,도연엄마역:장희수,어린장혜성역:김소현,어린박수하역:구승현,어린서도연역:정민아,정필재역:한기원,정필승역:한기웅,변호사역:소이현,형사역:김성균,문동희역:김수연,최윤역:김민종,고아원입양담당자역:안문숙,엄기준역:엄기준,백화점손님역:안영미,경찰역:정만식,소매치기역:강남"
20200607,FOX채널,020000,025325,뷰티인사이드,,4회,전국,005325,드라마&영화,드라마,미니시리즈,0,0,0,0,0,0.11079,0.04311,0,0,0,0,0,0,0.04744,"한세계역:서현진,서도재역:이민기,강사라역:이다희,류은호역:안재현,정주환역:이태리,유우미역:문지인,임정연역:나영희,임회장역:이문수,강대식역:강남길,한숙희역:김희정,채유리역:류화영,이희섭역:김승욱,은호부역:이한위,은호모역:김예령,김이사역:이철민"
20200607,FOX채널,101149,112726,뷰티인사이드,,4회,전국,011537,드라마&영화,드라마,미니시리즈,0,0,0,0.04099,0,0,0.01742,0,0,0,0.01354,0.03527,0,0.0111,"한세계역:서현진,서도재역:이민기,강사라역:이다희,류은호역:안재현,정주환역:이태리,유우미역:문지인,임정연역:나영희,임회장역:이문수,강대식역:강남길,한숙희역:김희정,채유리역:류화영,이희섭역:김승욱,은호부역:이한위,은호모역:김예령,김이사역:이철민"
20200607,FOX채널,143712,155249,뷰티인사이드,,4회,전국,011537,드라마&영화,드라마,미니시리즈,0.48537,0,0,0,0.11798,0.03844,0.04876,0,0,0,0,0.03507,0.00328,0.02592,"한세계역:서현진,서도재역:이민기,강사라역:이다희,류은호역:안재현,정주환역:이태리,유우미역:문지인,임정연역:나영희,임회장역:이문수,강대식역:강남길,한숙희역:김희정,채유리역:류화영,이희섭역:김승욱,은호부역:이한위,은호모역:김예령,김이사역:이철민"
20200607,JTBC2,122526,133139,쌍갑포차,,5회,전국,010613,드라마&영화,드라마,미니시리즈,0.05035,0,0,0.05547,0.1901,0.18092,0.3329,0,0.07879,0.35686,0.25035,0.54995,0.41824,0.30263,"월주역:황정음,한강배역:육성재,귀반장역:최원영,염부장역:이준혁,강여린역:정다은,최진동역:안태환,송미란역:박하나,박대리역:박주형,김원형역:나인우"
20200607,JTBC2,134811,145423,쌍갑포차,,6회,전국,010612,드라마&영화,드라마,미니시리즈,0.2884,0.02279,0.19803,0,0.38142,0.81699,0.19137,0,0.25585,0.51102,0.29737,0.72479,0.56629,0.28818,"월주역:황정음,한강배역:육성재,귀반장역:최원영,염부장역:이준혁,강여린역:정다은,최진동역:안태환,송미란역:박하나,박대리역:박주형,김원형역:나인우"
20200607,JTBC2,185007,195617,쌍갑포차,,5회,전국,010610,드라마&영화,드라마,미니시리즈,0,0.17819,0.01274,0,0.0228,0.31937,0.01108,0,0.06732,0.02421,0.13918,0.46241,0.01574,0.09443,"월주역:황정음,한강배역:육성재,귀반장역:최원영,염부장역:이준혁,강여린역:정다은,최진동역:안태환,송미란역:박하나,박대리역:박주형,김원형역:나인우"
20200607,JTBC2,200924,211537,쌍갑포차,,6회,전국,010613,드라마&영화,드라마,미니시리즈,0.00923,0.19203,0.12856,0.0183,0.36581,0.00676,0,0,0.00959,0.2663,0.30792,0.48679,0.17853,0.03832,"월주역:황정음,한강배역:육성재,귀반장역:최원영,염부장역:이준혁,강여린역:정다은,최진동역:안태환,송미란역:박하나,박대리역:박주형,김원형역:나인우"
20200607,KBS DRAMA,073047,080639,한번다녀왔습니다,,39회,전국,003552,드라마&영화,드라마,주말연속극,0,0,0.52519,0,0.00319,0.37724,0.23618,0,0,0.14903,0.15276,0.00543,0.24974,0.26678,"송영달역:천호진,장옥분역:차화연,최윤정역:김보연,강초연역:이정은,송나희역:이민정,윤규진역:이상엽,송준선역:오대환,송가희역:오윤아,송다희역:이초희,양치수역:안길강,장옥자역:백지원,성현경역:임정은,윤재석역:이상이,박효신역:기도훈,김지훈역:문우진,이주리역:김소라,김가연역:송다은,건어물역:신미영,꽈배기역:김가영,송서영역:이가연,송서진역:안서연,이정록역:알렉스,유보영역:손성윤,유시후역:송민재,박지연역:신수정,한기영역:강유석,홍성우역:김현목,신혜정역:김미은,심정희역:이상경,오연지역:한봄,오정봉역:오의식,이종수역:장원혁,김승현역:배호근,송이역:김주영,지원역:찬희,이현역:이필모"
20200607,KBS DRAMA,080750,084113,한번다녀왔습니다,,40회,전국,003323,드라마&영화,드라마,주말연속극,0,0.2,0.05594,0.13817,0.1565,0.53426,0.52305,0.12134,0.48808,0.29805,0.39557,0.399,0.5751,0.38191,"송영달역:천호진,장옥분역:차화연,최윤정역:김보연,강초연역:이정은,송나희역:이민정,윤규진역:이상엽,송준선역:오대환,송가희역:오윤아,송다희역:이초희,양치수역:안길강,장옥자역:백지원,성현경역:임정은,윤재석역:이상이,박효신역:기도훈,김지훈역:문우진,이주리역:김소라,김가연역:송다은,건어물역:신미영,꽈배기역:김가영,송서영역:이가연,송서진역:안서연,이정록역:알렉스,유보영역:손성윤,유시후역:송민재,박지연역:신수정,한기영역:강유석,홍성우역:김현목,신혜정역:김미은,심정희역:이상경,오연지역:한봄,오정봉역:오의식,이종수역:장원혁,김승현역:배호근,송이역:김주영,지원역:찬희,이현역:이필모"
20200607,KBS DRAMA,085444,093312,한번다녀왔습니다,,41회,전국,003828,드라마&영화,드라마,주말연속극,0.38333,0.45861,0.16782,0.06104,0.70019,0.57021,1.04723,0,0.05107,0.4096,0.53069,0.29969,1.2123,0.62901,"송영달역:천호진,장옥분역:차화연,최윤정역:김보연,강초연역:이정은,송나희역:이민정,윤규진역:이상엽,송준선역:오대환,송가희역:오윤아,송다희역:이초희,양치수역:안길강,장옥자역:백지원,성현경역:임정은,윤재석역:이상이,박효신역:기도훈,김지훈역:문우진,이주리역:김소라,김가연역:송다은,건어물역:신미영,꽈배기역:김가영,송서영역:이가연,송서진역:안서연,이정록역:알렉스,유보영역:손성윤,유시후역:송민재,박지연역:신수정,한기영역:강유석,홍성우역:김현목,신혜정역:김미은,심정희역:이상경,오연지역:한봄,오정봉역:오의식,이종수역:장원혁,김승현역:배호근,송이역:김주영,지원역:찬희,이현역:이필모"
20200607,KBS DRAMA,093423,100503,한번다녀왔습니다,,42회,전국,003040,드라마&영화,드라마,주말연속극,0.66211,0.45861,0.16782,0.05642,0.48884,0.31642,0.90022,0,0,0.40236,0.78254,0.27594,1.08977,0.5452,"송영달역:천호진,장옥분역:차화연,최윤정역:김보연,강초연역:이정은,송나희역:이민정,윤규진역:이상엽,송준선역:오대환,송가희역:오윤아,송다희역:이초희,양치수역:안길강,장옥자역:백지원,성현경역:임정은,윤재석역:이상이,박효신역:기도훈,김지훈역:문우진,이주리역:김소라,김가연역:송다은,건어물역:신미영,꽈배기역:김가영,송서영역:이가연,송서진역:안서연,이정록역:알렉스,유보영역:손성윤,유시후역:송민재,박지연역:신수정,한기영역:강유석,홍성우역:김현목,신혜정역:김미은,심정희역:이상경,오연지역:한봄,오정봉역:오의식,이종수역:장원혁,김승현역:배호근,송이역:김주영,지원역:찬희,이현역:이필모"
20200607,KBS DRAMA,171933,175527,한번다녀왔습니다,,39회,전국,003554,드라마&영화,드라마,주말연속극,0,0,0.29137,0.01298,0.05942,0.12602,0.34595,0,0.12406,0.03413,0.06333,0.16542,0.13127,0.33765,"송영달역:천호진,장옥분역:차화연,최윤정역:김보연,강초연역:이정은,송나희역:이민정,윤규진역:이상엽,송준선역:오대환,송가희역:오윤아,송다희역:이초희,양치수역:안길강,장옥자역:백지원,성현경역:임정은,윤재석역:이상이,박효신역:기도훈,김지훈역:문우진,이주리역:김소라,김가연역:송다은,건어물역:신미영,꽈배기역:김가영,송서영역:이가연,송서진역:안서연,이정록역:알렉스,유보영역:손성윤,유시후역:송민재,박지연역:신수정,한기영역:강유석,홍성우역:김현목,신혜정역:김미은,심정희역:이상경,오연지역:한봄,오정봉역:오의식,이종수역:장원혁,김승현역:배호근,송이역:김주영,지원역:찬희,이현역:이필모"
20200607,KBS DRAMA,175636,183001,한번다녀왔습니다,,40회,전국,003325,드라마&영화,드라마,주말연속극,0,0.03479,0.54218,0.06778,0,0.15739,0.30489,0,0.2622,0.08116,0.22377,0.20662,0.26278,0.37977,"송영달역:천호진,장옥분역:차화연,최윤정역:김보연,강초연역:이정은,송나희역:이민정,윤규진역:이상엽,송준선역:오대환,송가희역:오윤아,송다희역:이초희,양치수역:안길강,장옥자역:백지원,성현경역:임정은,윤재석역:이상이,박효신역:기도훈,김지훈역:문우진,이주리역:김소라,김가연역:송다은,건어물역:신미영,꽈배기역:김가영,송서영역:이가연,송서진역:안서연,이정록역:알렉스,유보영역:손성윤,유시후역:송민재,박지연역:신수정,한기영역:강유석,홍성우역:김현목,신혜정역:김미은,심정희역:이상경,오연지역:한봄,오정봉역:오의식,이종수역:장원혁,김승현역:배호근,송이역:김주영,지원역:찬희,이현역:이필모"
20200607,KBS DRAMA,184359,192228,한번다녀왔습니다,,41회,전국,003829,드라마&영화,드라마,주말연속극,0.02839,0,0.45329,0.17693,0.13422,0.18787,0.47646,0,0.22854,0.16591,0.10811,0.34819,0.45205,0.45434,"송영달역:천호진,장옥분역:차화연,최윤정역:김보연,강초연역:이정은,송나희역:이민정,윤규진역:이상엽,송준선역:오대환,송가희역:오윤아,송다희역:이초희,양치수역:안길강,장옥자역:백지원,성현경역:임정은,윤재석역:이상이,박효신역:기도훈,김지훈역:문우진,이주리역:김소라,김가연역:송다은,건어물역:신미영,꽈배기역:김가영,송서영역:이가연,송서진역:안서연,이정록역:알렉스,유보영역:손성윤,유시후역:송민재,박지연역:신수정,한기영역:강유석,홍성우역:김현목,신혜정역:김미은,심정희역:이상경,오연지역:한봄,오정봉역:오의식,이종수역:장원혁,김승현역:배호근,송이역:김주영,지원역:찬희,이현역:이필모"
20200607,KBS DRAMA,192338,195420,한번다녀왔습니다,,42회,전국,003042,드라마&영화,드라마,주말연속극,0,0.10078,0.37607,0.17089,0.13696,0.24024,0.59968,0,0.41897,0.26148,0.20322,0.32728,0.49354,0.53163,"송영달역:천호진,장옥분역:차화연,최윤정역:김보연,강초연역:이정은,송나희역:이민정,윤규진역:이상엽,송준선역:오대환,송가희역:오윤아,송다희역:이초희,양치수역:안길강,장옥자역:백지원,성현경역:임정은,윤재석역:이상이,박효신역:기도훈,김지훈역:문우진,이주리역:김소라,김가연역:송다은,건어물역:신미영,꽈배기역:김가영,송서영역:이가연,송서진역:안서연,이정록역:알렉스,유보영역:손성윤,유시후역:송민재,박지연역:신수정,한기영역:강유석,홍성우역:김현목,신혜정역:김미은,심정희역:이상경,오연지역:한봄,오정봉역:오의식,이종수역:장원혁,김승현역:배호근,송이역:김주영,지원역:찬희,이현역:이필모"
20200607,KBS DRAMA,252236,254953,영혼수선공,,17회,전국,002717,드라마&영화,드라마,미니시리즈,0,0,0,0,0.06644,0,0.04961,0,0,0.02988,0,0.06151,0,0.02237,"이시준역:신하균,한우주역:정소민,인동혁역:태인호,지영원역:박예진,공지선역:주민경,조인혜역:조경숙,오기태역:박수영,박대하역:정해균,이택경역:최정우,노우정역:안동구,강누리역:하영,임세찬역:장유상,공지희역:박한솔,장유미역:김가란,김영석역:김강민,송민수역:류시원"
20200607,KBS DRAMA,255102,255959,영혼수선공,,18회,전국,000857,드라마&영화,드라마,미니시리즈,0,0,0,0,0.13083,0,0,0,0,0,0,0.16608,0,0,"이시준역:신하균,한우주역:정소민,인동혁역:태인호,지영원역:박예진,공지선역:주민경,조인혜역:조경숙,오기태역:박수영,박대하역:정해균,이택경역:최정우,노우정역:안동구,강누리역:하영,임세찬역:장유상,공지희역:박한솔,장유미역:김가란,김영석역:김강민,송민수역:류시원"
20200607,KBS W,020813,030120,젊은이의양지,,33회,전국,005307,드라마&영화,드라마,주말연속극,0.00654,0.05639,0.02853,0.00905,0.00377,0.05161,0.03013,0.00389,0.10169,0,0.00204,0.07722,0.00641,0.05124,"저자서,출판하북스2020.11.04.,e북900원판매처 4건,저자시어도어드라이저,출판일신서적출판사1995.06.01.,도서10,800원판매처 5건,저자시어도어드라이저,출판일신서적출판사1995.06.01.,리뷰1건,도서10,800원판매처 2건,저자시어도어드라이저,출판범우사1989.02.01.,저자시어도어드라이저,출판범우사1989.02.01.,저자시어도어드라이저,출판숨은책1995.10.01.,리뷰1건"
20200607,KBS W,031214,040217,젊은이의양지,,34회,전국,005003,드라마&영화,드라마,주말연속극,0,0,0,0,0,0.10327,0.03062,0,0,0,0,0,0,0.02628,"저자서,출판하북스2020.11.04.,e북900원판매처 4건,저자시어도어드라이저,출판일신서적출판사1995.06.01.,도서10,800원판매처 5건,저자시어도어드라이저,출판일신서적출판사1995.06.01.,리뷰1건,도서10,800원판매처 2건,저자시어도어드라이저,출판범우사1989.02.01.,저자시어도어드라이저,출판범우사1989.02.01.,저자시어도어드라이저,출판숨은책1995.10.01.,리뷰1건"
20200607,KBS W,072945,080349,위험한약속,,44회,전국,003404,드라마&영화,드라마,일일연속극,0.02038,0,0,0,0.06578,0.14266,0.06189,0.01214,0,0,0.00635,0,0.12546,0.1404,"차은동역:박하나,강태인역:고세원,최준혁역:강성민,오혜원역:박영린,한지훈역:이창욱,차만종역:이대연,차은찬역:유준서,공영심역:유지연,봉석구역:현우섭,강일섭역:강신일,연두심역:이칸희,한광훈역:길용우,한서주역:김혜지,최명희역:김나운,고재숙역:윤복인,최영국역:송민형,민주란역:오영실,최준경역:이효나,이창욱역:김정운"
20200607,KBS W,080357,083750,위험한약속,,45회,전국,003353,드라마&영화,드라마,일일연속극,0.01019,0,0,0,0.15028,0.00552,0.06333,0.00607,0,0,0.00317,0.00825,0.00596,0.22716,"차은동역:박하나,강태인역:고세원,최준혁역:강성민,오혜원역:박영린,한지훈역:이창욱,차만종역:이대연,차은찬역:유준서,공영심역:유지연,봉석구역:현우섭,강일섭역:강신일,연두심역:이칸희,한광훈역:길용우,한서주역:김혜지,최명희역:김나운,고재숙역:윤복인,최영국역:송민형,민주란역:오영실,최준경역:이효나,이창욱역:김정운"
20200607,KBS W,084846,092243,위험한약속,,46회,전국,003357,드라마&영화,드라마,일일연속극,0,0,0,0,0.14782,0.03124,0.06419,0,0,0.00234,0,0.10979,0.00513,0.32323,"차은동역:박하나,강태인역:고세원,최준혁역:강성민,오혜원역:박영린,한지훈역:이창욱,차만종역:이대연,차은찬역:유준서,공영심역:유지연,봉석구역:현우섭,강일섭역:강신일,연두심역:이칸희,한광훈역:길용우,한서주역:김혜지,최명희역:김나운,고재숙역:윤복인,최영국역:송민형,민주란역:오영실,최준경역:이효나,이창욱역:김정운"
20200607,KBS W,092251,095637,위험한약속,,47회,전국,003346,드라마&영화,드라마,일일연속극,0,0,0.05424,0,0.14782,0.00417,0.08387,0,0,0.0139,0.07361,0.01564,0.0101,0.32239,"차은동역:박하나,강태인역:고세원,최준혁역:강성민,오혜원역:박영린,한지훈역:이창욱,차만종역:이대연,차은찬역:유준서,공영심역:유지연,봉석구역:현우섭,강일섭역:강신일,연두심역:이칸희,한광훈역:길용우,한서주역:김혜지,최명희역:김나운,고재숙역:윤복인,최영국역:송민형,민주란역:오영실,최준경역:이효나,이창욱역:김정운"
20200607,KBS W,245134,255221,부부클리닉사랑과전쟁2,,106회,전국,010047,드라마&영화,드라마,단막극,0.05552,0.03217,0.02327,0,0,0.02213,0.04322,0,0,0.24726,0.04128,0.01814,0.1622,0.1614,"이재만,민지영,최영완,이정수,장가현,손유경,이준우"
20200607,K-STAR,094126,104352,부부클리닉사랑과전쟁,,413회,전국,010226,드라마&영화,드라마,주간연속극,0.01511,0.01823,0,0,0,0,0.08425,0,0.01763,0.00593,0.00216,0.02506,0.0145,0.00551,"이재만,민지영,최영완,이정수,장가현,손유경,이준우"
20200607,KTV,020000,020121,전원일기,,300회,전국,000121,드라마&영화,드라마,주말연속극,0,0,0,0,0,0,0,0,0,0.17453,0,0,0,0.06902,"최불암,김혜자,김용건,김수미,고두심,유인촌,정대홍"
20200607,KTV,075606,084925,대추나무사랑걸렸네,,139회,전국,005319,드라마&영화,드라마,시추에이션드라마,0,0,0,0,0,0,0.13356,0,0,0,0,0,0,0,"박덕보역:김성겸,박태민역:백일섭,두심역:윤미라,순자역:송채환,현욱역:심양홍,현숙역:서혜린,만길역:권용운,상훈역:안병경,유분역:은세연"
20200607,KTV,122152,131608,대추나무사랑걸렸네,,140회,전국,005416,드라마&영화,드라마,시추에이션드라마,0,0,0,0,0.02378,0.00317,0.05656,0,0,0,0,0,0.04066,0.05755,"박덕보역:김성겸,박태민역:백일섭,두심역:윤미라,순자역:송채환,현욱역:심양홍,현숙역:서혜린,만길역:권용운,상훈역:안병경,유분역:은세연"
20200607,KTV,141122,145145,전원일기,,301회,전국,004023,드라마&영화,드라마,주말연속극,0.14367,0.05263,0.02081,0.00809,0.03463,0.00967,0.06756,0.16925,0,0,0,0.04224,0.01178,0.17085,"최불암,김혜자,김용건,김수미,고두심,유인촌,정대홍"
20200607,KTV,173633,182112,전원일기,,302회,전국,004439,드라마&영화,드라마,주말연속극,0,0.04796,0.00842,0,0.00819,0.04347,0.35306,0,0,0,0,0.26104,0.00423,0.50264,"최불암,김혜자,김용건,김수미,고두심,유인촌,정대홍"
20200607,KTV,203345,212025,파랑새는있다,,20회,전국,004640,드라마&영화,드라마,주간연속극,0,0,0.0073,0,0,0.00381,0.10635,0,0,0.17453,0,0,0.00137,0.21335,"이상인,정선경,백윤식,송경철,박남현,한진희,동방우,양금석"
20200607,KTV,212200,220226,전원일기,,301회,전국,004026,드라마&영화,드라마,주말연속극,0,0.10273,0.16782,0,0,0.28472,0.19789,0,0,0.45571,0,0,0.09107,0.3727,"최불암,김혜자,김용건,김수미,고두심,유인촌,정대홍"
20200607,KTV,220423,225838,대추나무사랑걸렸네,,140회,전국,005415,드라마&영화,드라마,시추에이션드라마,0,0.11105,0.16782,0,0,0.25943,0.18595,0,0,0.367,0.12517,0,0.07231,0.37375,"박덕보역:김성겸,박태민역:백일섭,두심역:윤미라,순자역:송채환,현욱역:심양홍,현숙역:서혜린,만길역:권용운,상훈역:안병경,유분역:은세연"
20200607,KTV,234115,242754,파랑새는있다,,20회,전국,004639,드라마&영화,드라마,주간연속극,0,0,0,0,0,0.01197,0.31332,0,0,0.14853,0,0,0,0.15348,"이상인,정선경,백윤식,송경철,박남현,한진희,동방우,양금석"
20200607,KTV,243112,251121,전원일기,,303회,전국,004009,드라마&영화,드라마,주말연속극,0,0,0.21657,0,0.00565,0.16693,0.30383,0,0,0.17453,0.15519,0,0.19771,0.16728,"최불암,김혜자,김용건,김수미,고두심,유인촌,정대홍"
20200607,O tvN,020000,024748,시카고타자기,,5회,전국,004748,드라마&영화,드라마,미니시리즈,0,0,0.1191,0.17095,0.08725,0.11066,0.00144,0,0,0.09548,0.05392,0.04317,0.09392,0.04847,"한세주역:유아인,전설역:임수정,유진오역:고경표,백태민역:곽시양,갈지석역:조우진,마방진역:양진성,왕방울역:전수경,원대한역:강홍석,원만해역:지대한,백도하역:천호진,홍소희역:조경숙,강비서역:오나라,송기자역:이규복,전설모역:전미선"
20200607,O tvN,030156,040446,시카고타자기,,6회,전국,010250,드라마&영화,드라마,미니시리즈,0,0,0.00641,0.05926,0.13738,0,0.00381,0,0,0.00696,0.02108,0.04783,0.05378,0.16953,"한세주역:유아인,전설역:임수정,유진오역:고경표,백태민역:곽시양,갈지석역:조우진,마방진역:양진성,왕방울역:전수경,원대한역:강홍석,원만해역:지대한,백도하역:천호진,홍소희역:조경숙,강비서역:오나라,송기자역:이규복,전설모역:전미선"
20200607,O tvN,082003,093553,슬기로운의사생활,,,전국,011550,드라마&영화,드라마,미니시리즈,0.02061,0.48881,0.19097,0,0.38768,0.49343,0.04526,0.63729,0.05262,0.22443,0.01248,0.6457,0.42125,0.01202,"이익준역:조정석,안정원역:유연석,김준완역:정경호,양석형역:김대명,채송화역:전미도,정로사역:김해숙,주종수역:김갑수,도재학역:정문성,용석민역:문태유,장겨울역:신현빈,안치홍역:김준한,봉광현역:최영준,추민하역:안은진,허선빈역:하윤경,명은원역:김혜인,장윤복역:조이현,장홍도역:배현성,송수빈역:김수진,소이현역:윤혜리,배준희역:신도현,주전역:조승연,황재신역:양조아,이우주역:김준,민기준역:서진원,종세혁역:전광진,이영하역:이노아,김재환역:이달,국해성역:이혜은,함덕주역:김비비,한현희역:이지원,한승주역:김지성,은선진역:설유진,이익순역:곽선영,조영혜역:문희경,양태양역:남명렬,김태연역:이소윤,천명태역:최영우,선우희수역:박한솔,장겨울남동생역:박정우,고아라역:고아라"
20200607,O tvN,095019,110811,미스터션샤인,,17회,전국,011752,드라마&영화,드라마,미니시리즈,0.01339,0.00336,0.11429,0.01158,0.3058,0.04938,0.06126,0.00205,0.05943,0.19598,0.0723,0.82596,0.28535,0.06294,"유진초이역:이병헌,고애신역:김태리,구동매역:유연석,김희성역:변요한,쿠도히나역:김민정,황은산역:김갑수,장승구역:최무성,고사홍역:이호재,이완익역:김의성,모리타카시역:김남희,김안평역:김동균,윤호선역:김혜은,고애순역:박아인,일식이역:김병철,춘식이역:배정남,조씨부인역:김나운,행랑아범역:신정근,함안댁역:이정은,고종역:이승준,정문역:강신일,카일무어역:데이비드맥기니스,홍파역:서유정,임관수역:조우진,이세훈역:최진호,윤남종역:박보미,유죠역:윤주만,츠다역:이정현,소아역:오아연,도미역:고우림,유진엄마역:이시아,호타루역:김용지,스즈키역:정태야,준영역:장동윤,귀단역:김시은,유진초이어린시절역:김강훈,고상완역:진구,희진역:김지원,김판서역:김응수"
20200607,O tvN,112227,124039,미스터션샤인,,18회,전국,011812,드라마&영화,드라마,미니시리즈,0,0.03579,0.12952,0.04086,0.38592,0.1097,0.18179,0,0,0.50648,0.16136,0.31222,0.29372,0.10644,"유진초이역:이병헌,고애신역:김태리,구동매역:유연석,김희성역:변요한,쿠도히나역:김민정,황은산역:김갑수,장승구역:최무성,고사홍역:이호재,이완익역:김의성,모리타카시역:김남희,김안평역:김동균,윤호선역:김혜은,고애순역:박아인,일식이역:김병철,춘식이역:배정남,조씨부인역:김나운,행랑아범역:신정근,함안댁역:이정은,고종역:이승준,정문역:강신일,카일무어역:데이비드맥기니스,홍파역:서유정,임관수역:조우진,이세훈역:최진호,윤남종역:박보미,유죠역:윤주만,츠다역:이정현,소아역:오아연,도미역:고우림,유진엄마역:이시아,호타루역:김용지,스즈키역:정태야,준영역:장동윤,귀단역:김시은,유진초이어린시절역:김강훈,고상완역:진구,희진역:김지원,김판서역:김응수"
20200607,O tvN,125632,141424,미스터션샤인,,19회,전국,011752,드라마&영화,드라마,미니시리즈,0,0.05367,0.02538,0,0.25764,0.09182,0.23235,0,0.14692,0.01368,0.0245,0.4964,0.05083,0.25957,"유진초이역:이병헌,고애신역:김태리,구동매역:유연석,김희성역:변요한,쿠도히나역:김민정,황은산역:김갑수,장승구역:최무성,고사홍역:이호재,이완익역:김의성,모리타카시역:김남희,김안평역:김동균,윤호선역:김혜은,고애순역:박아인,일식이역:김병철,춘식이역:배정남,조씨부인역:김나운,행랑아범역:신정근,함안댁역:이정은,고종역:이승준,정문역:강신일,카일무어역:데이비드맥기니스,홍파역:서유정,임관수역:조우진,이세훈역:최진호,윤남종역:박보미,유죠역:윤주만,츠다역:이정현,소아역:오아연,도미역:고우림,유진엄마역:이시아,호타루역:김용지,스즈키역:정태야,준영역:장동윤,귀단역:김시은,유진초이어린시절역:김강훈,고상완역:진구,희진역:김지원,김판서역:김응수"
20200607,O tvN,143155,155407,미스터션샤인,,20회,전국,012212,드라마&영화,드라마,미니시리즈,0,0,0,0.04949,0.27113,0.00275,0.11596,0.10312,0.39696,0.00838,0.25926,0.56101,0.32261,0.20496,"유진초이역:이병헌,고애신역:김태리,구동매역:유연석,김희성역:변요한,쿠도히나역:김민정,황은산역:김갑수,장승구역:최무성,고사홍역:이호재,이완익역:김의성,모리타카시역:김남희,김안평역:김동균,윤호선역:김혜은,고애순역:박아인,일식이역:김병철,춘식이역:배정남,조씨부인역:김나운,행랑아범역:신정근,함안댁역:이정은,고종역:이승준,정문역:강신일,카일무어역:데이비드맥기니스,홍파역:서유정,임관수역:조우진,이세훈역:최진호,윤남종역:박보미,유죠역:윤주만,츠다역:이정현,소아역:오아연,도미역:고우림,유진엄마역:이시아,호타루역:김용지,스즈키역:정태야,준영역:장동윤,귀단역:김시은,유진초이어린시절역:김강훈,고상완역:진구,희진역:김지원,김판서역:김응수"
20200607,O tvN,161055,172833,미스터션샤인,,21회,전국,011738,드라마&영화,드라마,미니시리즈,0.00888,0.43814,0.1382,0.17743,0.4902,0.07241,0.13594,0.52808,0.32368,0.11635,0.32545,0.74812,0.11003,0.20081,"유진초이역:이병헌,고애신역:김태리,구동매역:유연석,김희성역:변요한,쿠도히나역:김민정,황은산역:김갑수,장승구역:최무성,고사홍역:이호재,이완익역:김의성,모리타카시역:김남희,김안평역:김동균,윤호선역:김혜은,고애순역:박아인,일식이역:김병철,춘식이역:배정남,조씨부인역:김나운,행랑아범역:신정근,함안댁역:이정은,고종역:이승준,정문역:강신일,카일무어역:데이비드맥기니스,홍파역:서유정,임관수역:조우진,이세훈역:최진호,윤남종역:박보미,유죠역:윤주만,츠다역:이정현,소아역:오아연,도미역:고우림,유진엄마역:이시아,호타루역:김용지,스즈키역:정태야,준영역:장동윤,귀단역:김시은,유진초이어린시절역:김강훈,고상완역:진구,희진역:김지원,김판서역:김응수"
20200607,O tvN,174527,190745,미스터션샤인,,22회,전국,012218,드라마&영화,드라마,미니시리즈,0,0,0.32805,0.08799,0.07212,0.21543,0.30454,0,0.00761,0.20409,0.18398,0.44473,0.25878,0.20799,"유진초이역:이병헌,고애신역:김태리,구동매역:유연석,김희성역:변요한,쿠도히나역:김민정,황은산역:김갑수,장승구역:최무성,고사홍역:이호재,이완익역:김의성,모리타카시역:김남희,김안평역:김동균,윤호선역:김혜은,고애순역:박아인,일식이역:김병철,춘식이역:배정남,조씨부인역:김나운,행랑아범역:신정근,함안댁역:이정은,고종역:이승준,정문역:강신일,카일무어역:데이비드맥기니스,홍파역:서유정,임관수역:조우진,이세훈역:최진호,윤남종역:박보미,유죠역:윤주만,츠다역:이정현,소아역:오아연,도미역:고우림,유진엄마역:이시아,호타루역:김용지,스즈키역:정태야,준영역:장동윤,귀단역:김시은,유진초이어린시절역:김강훈,고상완역:진구,희진역:김지원,김판서역:김응수"
20200607,O tvN,192800,205012,미스터션샤인,,23회,전국,012212,드라마&영화,드라마,미니시리즈,0.25592,0,0.08349,0.12066,0.09289,0.12258,0.27848,0,0,0.0831,0.11187,0.41491,0.24925,0.21044,"유진초이역:이병헌,고애신역:김태리,구동매역:유연석,김희성역:변요한,쿠도히나역:김민정,황은산역:김갑수,장승구역:최무성,고사홍역:이호재,이완익역:김의성,모리타카시역:김남희,김안평역:김동균,윤호선역:김혜은,고애순역:박아인,일식이역:김병철,춘식이역:배정남,조씨부인역:김나운,행랑아범역:신정근,함안댁역:이정은,고종역:이승준,정문역:강신일,카일무어역:데이비드맥기니스,홍파역:서유정,임관수역:조우진,이세훈역:최진호,윤남종역:박보미,유죠역:윤주만,츠다역:이정현,소아역:오아연,도미역:고우림,유진엄마역:이시아,호타루역:김용지,스즈키역:정태야,준영역:장동윤,귀단역:김시은,유진초이어린시절역:김강훈,고상완역:진구,희진역:김지원,김판서역:김응수"
20200607,O tvN,210807,224625,미스터션샤인,,24회,전국,013818,드라마&영화,드라마,미니시리즈,0.50536,0,0.08572,0.09103,0.15904,0.04193,0.34366,0,0,0.11835,0.07493,0.50638,0.1736,0.24507,"유진초이역:이병헌,고애신역:김태리,구동매역:유연석,김희성역:변요한,쿠도히나역:김민정,황은산역:김갑수,장승구역:최무성,고사홍역:이호재,이완익역:김의성,모리타카시역:김남희,김안평역:김동균,윤호선역:김혜은,고애순역:박아인,일식이역:김병철,춘식이역:배정남,조씨부인역:김나운,행랑아범역:신정근,함안댁역:이정은,고종역:이승준,정문역:강신일,카일무어역:데이비드맥기니스,홍파역:서유정,임관수역:조우진,이세훈역:최진호,윤남종역:박보미,유죠역:윤주만,츠다역:이정현,소아역:오아연,도미역:고우림,유진엄마역:이시아,호타루역:김용지,스즈키역:정태야,준영역:장동윤,귀단역:김시은,유진초이어린시절역:김강훈,고상완역:진구,희진역:김지원,김판서역:김응수"
20200607,O tvN,230714,242304,슬기로운의사생활,,,전국,011550,드라마&영화,드라마,미니시리즈,0,0,0.10112,0.01008,0.30383,0.10389,0.27454,0,0,0.09935,0.00766,0.30623,0.31507,0.22691,"이익준역:조정석,안정원역:유연석,김준완역:정경호,양석형역:김대명,채송화역:전미도,정로사역:김해숙,주종수역:김갑수,도재학역:정문성,용석민역:문태유,장겨울역:신현빈,안치홍역:김준한,봉광현역:최영준,추민하역:안은진,허선빈역:하윤경,명은원역:김혜인,장윤복역:조이현,장홍도역:배현성,송수빈역:김수진,소이현역:윤혜리,배준희역:신도현,주전역:조승연,황재신역:양조아,이우주역:김준,민기준역:서진원,종세혁역:전광진,이영하역:이노아,김재환역:이달,국해성역:이혜은,함덕주역:김비비,한현희역:이지원,한승주역:김지성,은선진역:설유진,이익순역:곽선영,조영혜역:문희경,양태양역:남명렬,김태연역:이소윤,천명태역:최영우,선우희수역:박한솔,장겨울남동생역:박정우,고아라역:고아라"
20200607,OCN,052425,062957,번외수사,,5회,전국,010532,드라마&영화,드라마,미니시리즈,0,0.30086,0.62429,0,0.24384,0.43712,0.15009,0,0,0,0,0.40658,0.39391,0.1689,"진강호역:차태현,강무영역:이선빈,이반석역:정상훈,테디정역:윤경호,탁원역:지승현,민대진역:박정우,맨손역:박태산,연장역:장진희,지수철역:이영석,노순이역:민경옥"
20200607,OCN,161223,172215,번외수사,,1회,전국,010952,드라마&영화,드라마,미니시리즈,0.04006,0,0.00322,0.72952,0.27817,0.57535,0.15861,0.01777,0.28036,0.23988,0.26202,0.49053,0.15656,0.22251,"진강호역:차태현,강무영역:이선빈,이반석역:정상훈,테디정역:윤경호,탁원역:지승현,민대진역:박정우,맨손역:박태산,연장역:장진희,지수철역:이영석,노순이역:민경옥"
20200607,OCN,174219,184300,번외수사,,2회,전국,010041,드라마&영화,드라마,미니시리즈,0,0.00399,0.20183,0.61228,0.14319,0.56871,0.09241,0.0102,0.01658,0.20611,0.29039,0.46294,0.4877,0.22488,"진강호역:차태현,강무영역:이선빈,이반석역:정상훈,테디정역:윤경호,탁원역:지승현,민대진역:박정우,맨손역:박태산,연장역:장진희,지수철역:이영석,노순이역:민경옥"
20200607,OCN,185756,195931,번외수사,,3회,전국,010135,드라마&영화,드라마,미니시리즈,0,0,0.25398,0.47262,0.4507,0.5776,0.31297,0,0.03166,0.456,0.55943,0.29172,0.58543,0.2146,"진강호역:차태현,강무영역:이선빈,이반석역:정상훈,테디정역:윤경호,탁원역:지승현,민대진역:박정우,맨손역:박태산,연장역:장진희,지수철역:이영석,노순이역:민경옥"
20200607,OCN,201750,211931,번외수사,,4회,전국,010141,드라마&영화,드라마,미니시리즈,0,0.05673,0.42315,0.47292,0.75742,1.13272,0.17706,0.02818,0.04994,0.18486,0.39478,0.6211,0.60126,0.20147,"진강호역:차태현,강무영역:이선빈,이반석역:정상훈,테디정역:윤경호,탁원역:지승현,민대진역:박정우,맨손역:박태산,연장역:장진희,지수철역:이영석,노순이역:민경옥"
20200607,OCN,213536,224302,번외수사,,5회,전국,010726,드라마&영화,드라마,미니시리즈,0.14389,0.07665,0.6057,0.31329,1.75559,2.22143,0.32611,1.85318,2.31112,0.56869,1.30192,2.07401,0.89396,0.47128,"진강호역:차태현,강무영역:이선빈,이반석역:정상훈,테디정역:윤경호,탁원역:지승현,민대진역:박정우,맨손역:박태산,연장역:장진희,지수철역:이영석,노순이역:민경옥"
20200607,OCN,225926,240059,번외수사,,6회,전국,010133,드라마&영화,드라마,미니시리즈,0.53129,0.37255,0.31268,0.90278,2.92838,2.79832,0.82539,1.5241,1.2575,0.42549,1.68957,4.38503,1.69571,0.87,"진강호역:차태현,강무영역:이선빈,이반석역:정상훈,테디정역:윤경호,탁원역:지승현,민대진역:박정우,맨손역:박태산,연장역:장진희,지수철역:이영석,노순이역:민경옥"
20200607,On Style,033008,034514,뷰티학개론,,3회,전국,001506,드라마&영화,드라마,미니시리즈,0,0,0,0.04853,0,0.00462,0,0,0,0,0.03658,0,0,0,"저자조판래,출판예북2013"
20200607,On Style,034822,041157,뷰티학개론,,4회,전국,002335,드라마&영화,드라마,미니시리즈,0,0,0,0.00649,0,0.00699,0.00611,0,0.00936,0,0.00661,0,0.00399,0.00355,"저자조판래,출판예북2013"
20200607,SBS플러스,131432,141800,굿캐스팅,,12회,전국,010328,드라마&영화,드라마,미니시리즈,1.46933,0.29769,0.07845,0.19055,0.44589,0.35119,0.23251,0.4956,0.24293,0,0.30593,0.42851,0.03335,0.10465,"백찬미역:최강희,윤석호역:이상엽,임예은역:유인영,황미순역:김지영,강우원역:이준영,동관수역:이종혁,서국환역:정인기,배무혁역:박경순,간태희역:황보미,명계철역:우현,탁상기역:이상훈,옥철역:김용희,변우석역:허재호,구비서역:한수진,설영훈역:조영훈,심화란역:차수연,남봉만역:이승형,남주연역:김보윤,피철웅역:배진웅,권민석역:성혁,권소희역:노하연"
20200607,SBS플러스,174106,185237,더킹영원의군주,,14회,전국,011131,드라마&영화,드라마,미니시리즈,0,0.01362,0.0778,0.01815,0.20155,0.38135,0.13105,0,0.54966,0.00917,0.1337,0.46782,0.26772,0.21103,"이곤역:이민호,정태을역:김고은,조은섭역:우도환,조영역:우도환,강신재역:김경남,구서령역:정은채,이림역:이정진,루나역:김고은,노옥남역:김영옥,정도인역:전배수,송정혜역:서정연,박문식역:박원상,장미카엘역:강홍석,이종인역:전무송,명나리역:김용지,명승아역:김용지,유경무역:이해영,민화연역:황영희,박지영역:박지연,모비서역:백현주,석호필역:이홍내"
20200607,SBS플러스,190622,202724,더킹영원의군주,,15회,전국,012102,드라마&영화,드라마,미니시리즈,0,0.06757,0.1292,0.14687,0.37038,0.64603,0.12317,0.1152,0.20279,0.02131,0.17289,1.04633,0.39628,0.17576,"이곤역:이민호,정태을역:김고은,조은섭역:우도환,조영역:우도환,강신재역:김경남,구서령역:정은채,이림역:이정진,루나역:김고은,노옥남역:김영옥,정도인역:전배수,송정혜역:서정연,박문식역:박원상,장미카엘역:강홍석,이종인역:전무송,명나리역:김용지,명승아역:김용지,유경무역:이해영,민화연역:황영희,박지영역:박지연,모비서역:백현주,석호필역:이홍내"
20200607,SBS플러스,215828,230114,굿캐스팅,,11회,전국,010246,드라마&영화,드라마,미니시리즈,0.01712,0,0.08379,0.00809,0,0.17758,0.03767,0,0,0.08892,0.32463,0.12883,0.16546,0.00605,"백찬미역:최강희,윤석호역:이상엽,임예은역:유인영,황미순역:김지영,강우원역:이준영,동관수역:이종혁,서국환역:정인기,배무혁역:박경순,간태희역:황보미,명계철역:우현,탁상기역:이상훈,옥철역:김용희,변우석역:허재호,구비서역:한수진,설영훈역:조영훈,심화란역:차수연,남봉만역:이승형,남주연역:김보윤,피철웅역:배진웅,권민석역:성혁,권소희역:노하연"
20200607,SBS플러스,231455,241823,굿캐스팅,,12회,전국,010328,드라마&영화,드라마,미니시리즈,0,0.06672,0,0,0.0365,0.24319,0.02785,0,0.04069,0,0.47043,0.01999,0.07928,0.00941,"백찬미역:최강희,윤석호역:이상엽,임예은역:유인영,황미순역:김지영,강우원역:이준영,동관수역:이종혁,서국환역:정인기,배무혁역:박경순,간태희역:황보미,명계철역:우현,탁상기역:이상훈,옥철역:김용희,변우석역:허재호,구비서역:한수진,설영훈역:조영훈,심화란역:차수연,남봉만역:이승형,남주연역:김보윤,피철웅역:배진웅,권민석역:성혁,권소희역:노하연"
20200607,SKY,131017,141703,굿캐스팅,,12회,전국,010646,드라마&영화,드라마,미니시리즈,0,0,0.01644,0.15237,0.04624,0.17112,0.01999,0,0,0.13534,0.04222,0.13537,0.19374,0.10215,"백찬미역:최강희,윤석호역:이상엽,임예은역:유인영,황미순역:김지영,강우원역:이준영,동관수역:이종혁,서국환역:정인기,배무혁역:박경순,간태희역:황보미,명계철역:우현,탁상기역:이상훈,옥철역:김용희,변우석역:허재호,구비서역:한수진,설영훈역:조영훈,심화란역:차수연,남봉만역:이승형,남주연역:김보윤,피철웅역:배진웅,권민석역:성혁,권소희역:노하연"
20200607,SKY,162015,172442,굿캐스팅,,11회,전국,010427,드라마&영화,드라마,미니시리즈,0,0.04378,0.0043,0.01542,0.00297,0.26328,0.02757,0,0,0.00537,0.09132,0.06961,0.18598,0.012,"백찬미역:최강희,윤석호역:이상엽,임예은역:유인영,황미순역:김지영,강우원역:이준영,동관수역:이종혁,서국환역:정인기,배무혁역:박경순,간태희역:황보미,명계철역:우현,탁상기역:이상훈,옥철역:김용희,변우석역:허재호,구비서역:한수진,설영훈역:조영훈,심화란역:차수연,남봉만역:이승형,남주연역:김보윤,피철웅역:배진웅,권민석역:성혁,권소희역:노하연"
20200607,SKY,173539,184227,굿캐스팅,,12회,전국,010648,드라마&영화,드라마,미니시리즈,0,0,0,0.18441,0.02014,0.00736,0.06918,0,0,0,0,0.02049,0.06969,0.02639,"백찬미역:최강희,윤석호역:이상엽,임예은역:유인영,황미순역:김지영,강우원역:이준영,동관수역:이종혁,서국환역:정인기,배무혁역:박경순,간태희역:황보미,명계철역:우현,탁상기역:이상훈,옥철역:김용희,변우석역:허재호,구비서역:한수진,설영훈역:조영훈,심화란역:차수연,남봉만역:이승형,남주연역:김보윤,피철웅역:배진웅,권민석역:성혁,권소희역:노하연"
20200607,SKY,235618,250045,굿캐스팅,,11회,전국,010427,드라마&영화,드라마,미니시리즈,0.02196,0,0,0.09155,0.0726,0.01501,0.02227,0,0,0.03739,0.12383,0.10624,0.00311,0.07162,"백찬미역:최강희,윤석호역:이상엽,임예은역:유인영,황미순역:김지영,강우원역:이준영,동관수역:이종혁,서국환역:정인기,배무혁역:박경순,간태희역:황보미,명계철역:우현,탁상기역:이상훈,옥철역:김용희,변우석역:허재호,구비서역:한수진,설영훈역:조영훈,심화란역:차수연,남봉만역:이승형,남주연역:김보윤,피철웅역:배진웅,권민석역:성혁,권소희역:노하연"
20200607,SKY,251454,255959,굿캐스팅,,12회,전국,004505,드라마&영화,드라마,미니시리즈,0,0,0,0,0,0.00373,0.01925,0,0,0,0,0.01223,0.00353,0.01858,"백찬미역:최강희,윤석호역:이상엽,임예은역:유인영,황미순역:김지영,강우원역:이준영,동관수역:이종혁,서국환역:정인기,배무혁역:박경순,간태희역:황보미,명계철역:우현,탁상기역:이상훈,옥철역:김용희,변우석역:허재호,구비서역:한수진,설영훈역:조영훈,심화란역:차수연,남봉만역:이승형,남주연역:김보윤,피철웅역:배진웅,권민석역:성혁,권소희역:노하연"
20200607,ONCE,020000,020758,황후의품격,,3회,전국,000758,드라마&영화,드라마,미니시리즈,0,0,0,0,0.21644,0,0,0,0,0,0,0.12302,0,0,"오써니역:장나라,나왕식역:최진혁,이혁역:신성록,민유라역:이엘리야,태후강씨역:신은경,이윤역:오승윤,서강희역:윤소이,아리역:오아린,태황태후조씨역:박원숙,소진공주역:이희진,소현황후역:신고은,오금모역:윤다훈,오헬로역:스테파니리,변선생역:김명수,마필주역:윤주만,백도희역:황영희,나동식역:오한결,최팀장역:이수련,홍팀장역:김민옥,형사역:조동혁,수상역:고세원,나왕식역:태항호,사군자역:김수미,안형사역:안내상,강주승역:유건"
20200607,ONCE,020910,023958,황후의품격,,4회,전국,003048,드라마&영화,드라마,미니시리즈,0,0,0,0,0.21644,0,0.02147,0,0,0,0,0.06356,0,0.0349,"오써니역:장나라,나왕식역:최진혁,이혁역:신성록,민유라역:이엘리야,태후강씨역:신은경,이윤역:오승윤,서강희역:윤소이,아리역:오아린,태황태후조씨역:박원숙,소진공주역:이희진,소현황후역:신고은,오금모역:윤다훈,오헬로역:스테파니리,변선생역:김명수,마필주역:윤주만,백도희역:황영희,나동식역:오한결,최팀장역:이수련,홍팀장역:김민옥,형사역:조동혁,수상역:고세원,나왕식역:태항호,사군자역:김수미,안형사역:안내상,강주승역:유건"
20200607,ONCE,024759,031727,황후의품격,,5회,전국,002928,드라마&영화,드라마,미니시리즈,0,0,0,0,0.05225,0,0,0,0,0,0,0,0,0,"오써니역:장나라,나왕식역:최진혁,이혁역:신성록,민유라역:이엘리야,태후강씨역:신은경,이윤역:오승윤,서강희역:윤소이,아리역:오아린,태황태후조씨역:박원숙,소진공주역:이희진,소현황후역:신고은,오금모역:윤다훈,오헬로역:스테파니리,변선생역:김명수,마필주역:윤주만,백도희역:황영희,나동식역:오한결,최팀장역:이수련,홍팀장역:김민옥,형사역:조동혁,수상역:고세원,나왕식역:태항호,사군자역:김수미,안형사역:안내상,강주승역:유건"
20200607,ONCE,031839,034827,황후의품격,,6회,전국,002948,드라마&영화,드라마,미니시리즈,0,0,0,0,0,0,0.04208,0,0,0,0,0.00273,0.00475,0.00175,"오써니역:장나라,나왕식역:최진혁,이혁역:신성록,민유라역:이엘리야,태후강씨역:신은경,이윤역:오승윤,서강희역:윤소이,아리역:오아린,태황태후조씨역:박원숙,소진공주역:이희진,소현황후역:신고은,오금모역:윤다훈,오헬로역:스테파니리,변선생역:김명수,마필주역:윤주만,백도희역:황영희,나동식역:오한결,최팀장역:이수련,홍팀장역:김민옥,형사역:조동혁,수상역:고세원,나왕식역:태항호,사군자역:김수미,안형사역:안내상,강주승역:유건"
20200607,ONCE,053606,061540,전원일기,,419회,전국,003934,드라마&영화,드라마,주말연속극,0,0,0.21102,0.0173,0,0.18014,0.05805,0,0,0,0.04167,0,0.19265,0.03014,"최불암,김혜자,김용건,김수미,고두심,유인촌,정대홍"
20200607,ONCE,062044,070044,전원일기,,420회,전국,004000,드라마&영화,드라마,주말연속극,0,0,0.15549,0.01051,0.00483,0.11985,0.00168,0,0,0,0.03363,0,0.14195,0.01567,"최불암,김혜자,김용건,김수미,고두심,유인촌,정대홍"
20200607,ONCE,071354,081608,동이,,45회,전국,010214,드라마&영화,드라마,주간연속극,0,0,0,0,0.0037,0.03264,0.0474,0,0,0.00658,0,0.16672,0.0895,0.05554,"동이역:한효주,숙종역:지진희,희빈장씨역:이소연,차천수역:배수빈,서용기역:정진영,인현왕후역:박하선,오태석역:정동환,이종욱역:이정훈,홍태윤역:손일권,박도식역:최재호,도승지역:신국,오호양역:여호민,황주식역:이희도,정인국역:나성균,최효원역:천호진,장익헌역:이재용,김환역:정인기,은금역:한다민,오태풍역:이계인,태풍처역:이숙,장희재역:김유석,설희역:김혜진,게둬라부역:정은표,오윤역:최철호,게둬라역:최수한,심운택역:김동윤,동이어린시절역:김유정,봉상궁역:김소이,조상궁역:안여진,유상궁역:임성민,정임역:정유미,애종역:강유미,시비역:오은호,미지역:최하나,대전내관역:정선일,명성대비역:박정수,정상궁역:김혜선,영달역:이광수,최동주역:정성운,장무열역:최종환,이금역:이형석,경종역:윤찬,김구선역:맹상훈,인원왕후역:오연서"
20200607,ONCE,082923,093259,동이,,46회,전국,010336,드라마&영화,드라마,주간연속극,0,0,0,0.0035,0,0.01052,0.09423,0,0,0,0.00367,0.29538,0.00997,0.08839,"동이역:한효주,숙종역:지진희,희빈장씨역:이소연,차천수역:배수빈,서용기역:정진영,인현왕후역:박하선,오태석역:정동환,이종욱역:이정훈,홍태윤역:손일권,박도식역:최재호,도승지역:신국,오호양역:여호민,황주식역:이희도,정인국역:나성균,최효원역:천호진,장익헌역:이재용,김환역:정인기,은금역:한다민,오태풍역:이계인,태풍처역:이숙,장희재역:김유석,설희역:김혜진,게둬라부역:정은표,오윤역:최철호,게둬라역:최수한,심운택역:김동윤,동이어린시절역:김유정,봉상궁역:김소이,조상궁역:안여진,유상궁역:임성민,정임역:정유미,애종역:강유미,시비역:오은호,미지역:최하나,대전내관역:정선일,명성대비역:박정수,정상궁역:김혜선,영달역:이광수,최동주역:정성운,장무열역:최종환,이금역:이형석,경종역:윤찬,김구선역:맹상훈,인원왕후역:오연서"
20200607,ONCE,140309,144244,전원일기,,419회,전국,003935,드라마&영화,드라마,주말연속극,0,0,0.02777,0.01085,0,0.0214,0.01132,0,0,0,0,0,0.03227,0.00916,"최불암,김혜자,김용건,김수미,고두심,유인촌,정대홍"
20200607,ONCE,145048,153047,전원일기,,420회,전국,003959,드라마&영화,드라마,주말연속극,0,0,0.00555,0.02002,0.0177,0.20074,0.14976,0,0.30032,0,0.0085,0.24643,0.06806,0.27787,"최불암,김혜자,김용건,김수미,고두심,유인촌,정대홍"
20200607,ONCE,154147,164401,동이,,45회,전국,010214,드라마&영화,드라마,주간연속극,0,0.12285,0.06091,0,0.10376,0.00525,0.33948,0.39502,0,0.06009,0,0.14712,0.05792,0.2513,"동이역:한효주,숙종역:지진희,희빈장씨역:이소연,차천수역:배수빈,서용기역:정진영,인현왕후역:박하선,오태석역:정동환,이종욱역:이정훈,홍태윤역:손일권,박도식역:최재호,도승지역:신국,오호양역:여호민,황주식역:이희도,정인국역:나성균,최효원역:천호진,장익헌역:이재용,김환역:정인기,은금역:한다민,오태풍역:이계인,태풍처역:이숙,장희재역:김유석,설희역:김혜진,게둬라부역:정은표,오윤역:최철호,게둬라역:최수한,심운택역:김동윤,동이어린시절역:김유정,봉상궁역:김소이,조상궁역:안여진,유상궁역:임성민,정임역:정유미,애종역:강유미,시비역:오은호,미지역:최하나,대전내관역:정선일,명성대비역:박정수,정상궁역:김혜선,영달역:이광수,최동주역:정성운,장무열역:최종환,이금역:이형석,경종역:윤찬,김구선역:맹상훈,인원왕후역:오연서"
20200607,ONCE,165506,175842,동이,,46회,전국,010336,드라마&영화,드라마,주간연속극,0,0.05355,0,0.07068,0.29373,0.01172,0.2939,0.21108,0,0.00819,0,0.21575,0.01171,0.31703,"동이역:한효주,숙종역:지진희,희빈장씨역:이소연,차천수역:배수빈,서용기역:정진영,인현왕후역:박하선,오태석역:정동환,이종욱역:이정훈,홍태윤역:손일권,박도식역:최재호,도승지역:신국,오호양역:여호민,황주식역:이희도,정인국역:나성균,최효원역:천호진,장익헌역:이재용,김환역:정인기,은금역:한다민,오태풍역:이계인,태풍처역:이숙,장희재역:김유석,설희역:김혜진,게둬라부역:정은표,오윤역:최철호,게둬라역:최수한,심운택역:김동윤,동이어린시절역:김유정,봉상궁역:김소이,조상궁역:안여진,유상궁역:임성민,정임역:정유미,애종역:강유미,시비역:오은호,미지역:최하나,대전내관역:정선일,명성대비역:박정수,정상궁역:김혜선,영달역:이광수,최동주역:정성운,장무열역:최종환,이금역:이형석,경종역:윤찬,김구선역:맹상훈,인원왕후역:오연서"
20200607,ONCE,234909,241829,황후의품격,,3회,전국,002920,드라마&영화,드라마,미니시리즈,0,0,0,0,0,0.00623,0.01849,0,0,0.0652,0,0.03081,0.00759,0.00936,"오써니역:장나라,나왕식역:최진혁,이혁역:신성록,민유라역:이엘리야,태후강씨역:신은경,이윤역:오승윤,서강희역:윤소이,아리역:오아린,태황태후조씨역:박원숙,소진공주역:이희진,소현황후역:신고은,오금모역:윤다훈,오헬로역:스테파니리,변선생역:김명수,마필주역:윤주만,백도희역:황영희,나동식역:오한결,최팀장역:이수련,홍팀장역:김민옥,형사역:조동혁,수상역:고세원,나왕식역:태항호,사군자역:김수미,안형사역:안내상,강주승역:유건"
20200607,ONCE,241940,245029,황후의품격,,4회,전국,003049,드라마&영화,드라마,미니시리즈,0,0,0,0.08456,0.01507,0,0.00736,0,0,0,0,0,0,0.00275,"오써니역:장나라,나왕식역:최진혁,이혁역:신성록,민유라역:이엘리야,태후강씨역:신은경,이윤역:오승윤,서강희역:윤소이,아리역:오아린,태황태후조씨역:박원숙,소진공주역:이희진,소현황후역:신고은,오금모역:윤다훈,오헬로역:스테파니리,변선생역:김명수,마필주역:윤주만,백도희역:황영희,나동식역:오한결,최팀장역:이수련,홍팀장역:김민옥,형사역:조동혁,수상역:고세원,나왕식역:태항호,사군자역:김수미,안형사역:안내상,강주승역:유건"
20200607,ONCE,250229,253157,황후의품격,,5회,전국,002928,드라마&영화,드라마,미니시리즈,0,0,0,0.01401,0,0.00292,0.03421,0,0,0,0.00969,0.2391,0.00105,0.04159,"오써니역:장나라,나왕식역:최진혁,이혁역:신성록,민유라역:이엘리야,태후강씨역:신은경,이윤역:오승윤,서강희역:윤소이,아리역:오아린,태황태후조씨역:박원숙,소진공주역:이희진,소현황후역:신고은,오금모역:윤다훈,오헬로역:스테파니리,변선생역:김명수,마필주역:윤주만,백도희역:황영희,나동식역:오한결,최팀장역:이수련,홍팀장역:김민옥,형사역:조동혁,수상역:고세원,나왕식역:태항호,사군자역:김수미,안형사역:안내상,강주승역:유건"
20200607,ONCE,253309,255959,황후의품격,,6회,전국,002650,드라마&영화,드라마,미니시리즈,0,0,0,0,0,0,0.00249,0,0,0,0,0.23383,0,0,"오써니역:장나라,나왕식역:최진혁,이혁역:신성록,민유라역:이엘리야,태후강씨역:신은경,이윤역:오승윤,서강희역:윤소이,아리역:오아린,태황태후조씨역:박원숙,소진공주역:이희진,소현황후역:신고은,오금모역:윤다훈,오헬로역:스테파니리,변선생역:김명수,마필주역:윤주만,백도희역:황영희,나동식역:오한결,최팀장역:이수련,홍팀장역:김민옥,형사역:조동혁,수상역:고세원,나왕식역:태항호,사군자역:김수미,안형사역:안내상,강주승역:유건"
20200607,SKYUHD,130236,151242,야식남녀,,1회/2회,전국,021006,드라마&영화,드라마,미니시리즈,0,0,0,0,0,0,0,0,0,0,0,0,0,0,"박진성역:정일우,김아진역:강지영,강태완역:이학주,이상영역:김승수,차주희역:김수진,남규장역:양대혁,유성은역:공민정,노재수역:박성준,박진우역:최재현"
20200607,SKYUHD,210102,231108,야식남녀,,1회/2회,전국,021006,드라마&영화,드라마,미니시리즈,0,0.00125,0,0,0.00091,0,0,0,0.00121,0,0.00123,0,0,0,"박진성역:정일우,김아진역:강지영,강태완역:이학주,이상영역:김승수,차주희역:김수진,남규장역:양대혁,유성은역:공민정,노재수역:박성준,박진우역:최재현"
20200607,OCN Thrills,085718,100405,번외수사,,5회,전국,010647,드라마&영화,드라마,미니시리즈,0.01845,0.01041,0.08133,0.12064,0.32219,0.31833,0.03396,0,0,0.0652,0.01369,0.1515,0.28569,0.17759,"진강호역:차태현,강무영역:이선빈,이반석역:정상훈,테디정역:윤경호,탁원역:지승현,민대진역:박정우,맨손역:박태산,연장역:장진희,지수철역:이영석,노순이역:민경옥"
20200607,TRENDY,120026,130324,영혼수선공,,10회,전국,010258,드라마&영화,드라마,미니시리즈,0,0,0,0,0.00291,0,0.00701,0,0,0.00554,0.00228,0,0,0.00603,"이시준역:신하균,한우주역:정소민,인동혁역:태인호,지영원역:박예진,공지선역:주민경,조인혜역:조경숙,오기태역:박수영,박대하역:정해균,이택경역:최정우,노우정역:안동구,강누리역:하영,임세찬역:장유상,공지희역:박한솔,장유미역:김가란,김영석역:김강민,송민수역:류시원"
20200607,TRENDY,202621,212922,영혼수선공,,10회,전국,010301,드라마&영화,드라마,미니시리즈,0,0.0357,0,0,0.00248,0.01728,0.00844,0,0.08816,0,0,0.01893,0.00901,0,"이시준역:신하균,한우주역:정소민,인동혁역:태인호,지영원역:박예진,공지선역:주민경,조인혜역:조경숙,오기태역:박수영,박대하역:정해균,이택경역:최정우,노우정역:안동구,강누리역:하영,임세찬역:장유상,공지희역:박한솔,장유미역:김가란,김영석역:김강민,송민수역:류시원"
20200608,KBS1,203059,205917,기막힌유산,,36회,전국,002818,드라마&영화,드라마,일일연속극,2.36536,2.8657,3.50383,4.06904,2.60764,9.31652,24.59245,5.47556,1.81484,3.16916,5.08343,8.92814,13.00438,28.22422,"부영배역:박인환,공계옥역:강세정,부설악역:신정윤,부백두역:강신조,윤민주역:이아현,부금강역:남성진,신애리역:김가연,정미희역:박순천,김용미역:이응경,부한라역:박신우,성판금역:조양자,부가온역:김비주,부태희역:김연지,부혜교역:김효경,부지현역:강유라,공소영역:김난주,이장원역:이일준,김수민역:조서후,김종두역:이춘식,차정건역:조순창,이청아역:정서하,손보미역:박민지,김영지역:주민하,강선희역:박현정,천호식역:백신,이정태역:노상보,고향숙역:박소정"
20200608,KBS2,090544,093349,기막힌유산,,35회,전국,002805,드라마&영화,드라마,일일연속극,2.09575,1.39776,0.59215,0.93852,0.8883,1.98801,3.78989,0,0.96518,0.15366,1.42776,1.97808,2.26015,4.42358,"부영배역:박인환,공계옥역:강세정,부설악역:신정윤,부백두역:강신조,윤민주역:이아현,부금강역:남성진,신애리역:김가연,정미희역:박순천,김용미역:이응경,부한라역:박신우,성판금역:조양자,부가온역:김비주,부태희역:김연지,부혜교역:김효경,부지현역:강유라,공소영역:김난주,이장원역:이일준,김수민역:조서후,김종두역:이춘식,차정건역:조순창,이청아역:정서하,손보미역:박민지,김영지역:주민하,강선희역:박현정,천호식역:백신,이정태역:노상보,고향숙역:박소정"
20200608,KBS2,110524,120353,본어게인,<25회/26회>,25회/26회,전국,005829,드라마&영화,드라마,미니시리즈,0.78911,0.25231,0.43774,0.11719,0.27878,0.43901,0.94839,0,0,0.01099,0.18986,0.32346,0.36247,1.08386,"공지철역:장기용,천종범역:장기용,정하은역:진세연,정사빈역:진세연,차형빈역:이수혁,김수혁역:이수혁,장혜미역:김정난,천석태역:최광일,주인도역:장원영,백상아역:이서엘,서태하역:최대철,서영역:한해림,제이역:차민지,공인우역:정인겸,장혜미역:위지연,천석태역:조덕회"
20200608,KBS2,121632,131442,본어게인,<27회/28회>,27회/28회,전국,005810,드라마&영화,드라마,미니시리즈,0.74771,0.53075,0.23075,0.12962,0.32712,0.529,0.68478,0.17899,0.01705,0.07769,0.05662,0.63644,0.13784,0.84661,"공지철역:장기용,천종범역:장기용,정하은역:진세연,정사빈역:진세연,차형빈역:이수혁,김수혁역:이수혁,장혜미역:김정난,천석태역:최광일,주인도역:장원영,백상아역:이서엘,서태하역:최대철,서영역:한해림,제이역:차민지,공인우역:정인겸,장혜미역:위지연,천석태역:조덕회"
20200608,KBS2,194932,202408,위험한약속,,48회,전국,003436,드라마&영화,드라마,일일연속극,1.20877,2.28305,1.68301,2.38288,2.96379,5.44055,15.76419,1.59183,2.17048,1.85125,5.77908,5.64195,11.40376,18.93702,"차은동역:박하나,강태인역:고세원,최준혁역:강성민,오혜원역:박영린,한지훈역:이창욱,차만종역:이대연,차은찬역:유준서,공영심역:유지연,봉석구역:현우섭,강일섭역:강신일,연두심역:이칸희,한광훈역:길용우,한서주역:김혜지,최명희역:김나운,고재숙역:윤복인,최영국역:송민형,민주란역:오영실,최준경역:이효나,이창욱역:김정운"
20200608,KBS2,220011,222939,본어게인,<29회>,29회,전국,002928,드라마&영화,드라마,미니시리즈,0,1.79784,1.25651,0.58861,0.66716,0.95553,1.25164,1.95068,1.28175,0.94686,0.91854,1.79206,1.97565,1.91133,"공지철역:장기용,천종범역:장기용,정하은역:진세연,정사빈역:진세연,차형빈역:이수혁,김수혁역:이수혁,장혜미역:김정난,천석태역:최광일,주인도역:장원영,백상아역:이서엘,서태하역:최대철,서영역:한해림,제이역:차민지,공인우역:정인겸,장혜미역:위지연,천석태역:조덕회"
20200608,KBS2,223053,230313,본어게인,<30회>,30회,전국,003220,드라마&영화,드라마,미니시리즈,0.01531,0.95607,1.44745,0.34622,0.53098,1.50626,1.10109,0.0181,0.87219,0.51884,0.78843,1.96979,2.29184,1.66117,"공지철역:장기용,천종범역:장기용,정하은역:진세연,정사빈역:진세연,차형빈역:이수혁,김수혁역:이수혁,장혜미역:김정난,천석태역:최광일,주인도역:장원영,백상아역:이서엘,서태하역:최대철,서영역:한해림,제이역:차민지,공인우역:정인겸,장혜미역:위지연,천석태역:조덕회"
20200608,MBC,020000,022557,저녁같이드실래요,<7회>,7회,서울/경기/부산/대전/대구/광주/울산/강원/충북/충남/전북/전남/경북/제주,002557,드라마&영화,드라마,미니시리즈,0,0,0.00257,0.07539,0.3301,1.25917,0.301,0,0,0,0.0131,0.95126,0.33051,0.46726,"김해경역:송승헌,우도희역:서지혜,정재혁역:이지훈,진노을역:손나은,남아영역:예지원,키에누역:박호산,박진규역:고규필,강건우역:이현진,이병진역:김서경,임소라역:오혜원,김정환역:안태환,이문정역:전국향,전성자역:윤복인,이영동역:김정현,이은서역:서은수,푸드트럭총각역:이시언,태진아역:태진아,환자역:박산다라"
20200608,MBC,022607,025941,저녁같이드실래요,<8회>,8회,서울/경기/부산/대전/대구/광주/울산/강원/충북/충남/전북/전남/경북/제주,003334,드라마&영화,드라마,미니시리즈,0.02345,0.08558,0.20285,0.21077,0.62095,1.16749,0.62886,0.01383,0.00207,0.07734,0.04629,0.99128,0.57725,0.97777,"김해경역:송승헌,우도희역:서지혜,정재혁역:이지훈,진노을역:손나은,남아영역:예지원,키에누역:박호산,박진규역:고규필,강건우역:이현진,이병진역:김서경,임소라역:오혜원,김정환역:안태환,이문정역:전국향,전성자역:윤복인,이영동역:김정현,이은서역:서은수,푸드트럭총각역:이시언,태진아역:태진아,환자역:박산다라"
20200608,MBC,104458,110027,저녁같이드실래요,<7회>,7회,전국,001529,드라마&영화,드라마,미니시리즈,0.74771,0.09894,0,0.06043,0.20711,0.12286,0.60707,0,0,0,0,0.24228,0.77398,0.535,"김해경역:송승헌,우도희역:서지혜,정재혁역:이지훈,진노을역:손나은,남아영역:예지원,키에누역:박호산,박진규역:고규필,강건우역:이현진,이병진역:김서경,임소라역:오혜원,김정환역:안태환,이문정역:전국향,전성자역:윤복인,이영동역:김정현,이은서역:서은수,푸드트럭총각역:이시언,태진아역:태진아,환자역:박산다라"
20200608,MBC,111038,113032,저녁같이드실래요,<7회>,7회,전국,001954,드라마&영화,드라마,미니시리즈,0,0.10622,0.13749,0.02127,0.31282,0.76897,0.69827,0.46334,0,0.01651,0.33508,0.53964,0.99588,0.8246,"김해경역:송승헌,우도희역:서지혜,정재혁역:이지훈,진노을역:손나은,남아영역:예지원,키에누역:박호산,박진규역:고규필,강건우역:이현진,이병진역:김서경,임소라역:오혜원,김정환역:안태환,이문정역:전국향,전성자역:윤복인,이영동역:김정현,이은서역:서은수,푸드트럭총각역:이시언,태진아역:태진아,환자역:박산다라"
20200608,MBC,113042,120416,저녁같이드실래요,<8회>,8회,전국,003334,드라마&영화,드라마,미니시리즈,0.65044,0.10436,0.10115,0.17828,0.29501,0.56683,0.79789,0.05848,0.01572,0.22771,0.4918,0.85832,0.88589,0.77786,"김해경역:송승헌,우도희역:서지혜,정재혁역:이지훈,진노을역:손나은,남아영역:예지원,키에누역:박호산,박진규역:고규필,강건우역:이현진,이병진역:김서경,임소라역:오혜원,김정환역:안태환,이문정역:전국향,전성자역:윤복인,이영동역:김정현,이은서역:서은수,푸드트럭총각역:이시언,태진아역:태진아,환자역:박산다라"
20200608,MBC,205628,212958,저녁같이드실래요,<8회>,8회,전국,003330,드라마&영화,드라마,미니시리즈,0.27207,1.02249,0.78492,0.63236,1.30361,1.54607,1.79805,0.1172,0.55115,0.32877,1.23331,1.63662,1.84192,2.07577,"김해경역:송승헌,우도희역:서지혜,정재혁역:이지훈,진노을역:손나은,남아영역:예지원,키에누역:박호산,박진규역:고규필,강건우역:이현진,이병진역:김서경,임소라역:오혜원,김정환역:안태환,이문정역:전국향,전성자역:윤복인,이영동역:김정현,이은서역:서은수,푸드트럭총각역:이시언,태진아역:태진아,환자역:박산다라"
20200608,MBC,213646,221038,저녁같이드실래요,<9회>,9회,전국,003352,드라마&영화,드라마,미니시리즈,0.75453,0.52824,0.78647,1.05086,1.33,2.91458,2.00286,0.61174,1.02245,1.22902,2.02921,3.27096,3.34412,2.11003,"김해경역:송승헌,우도희역:서지혜,정재혁역:이지훈,진노을역:손나은,남아영역:예지원,키에누역:박호산,박진규역:고규필,강건우역:이현진,이병진역:김서경,임소라역:오혜원,김정환역:안태환,이문정역:전국향,전성자역:윤복인,이영동역:김정현,이은서역:서은수,푸드트럭총각역:이시언,태진아역:태진아,환자역:박산다라"
20200608,MBC,221136,224503,저녁같이드실래요,<10회>,10회,전국,003327,드라마&영화,드라마,미니시리즈,0.10186,0.73054,1.05562,1.58411,1.58661,3.96646,1.62427,0.67117,1.08913,1.67325,2.52094,4.16732,4.27639,2.70956,"김해경역:송승헌,우도희역:서지혜,정재혁역:이지훈,진노을역:손나은,남아영역:예지원,키에누역:박호산,박진규역:고규필,강건우역:이현진,이병진역:김서경,임소라역:오혜원,김정환역:안태환,이문정역:전국향,전성자역:윤복인,이영동역:김정현,이은서역:서은수,푸드트럭총각역:이시언,태진아역:태진아,환자역:박산다라"
20200608,SBS,083659,090729,엄마가바람났다,,26회,전국,003030,드라마&영화,드라마,아침드라마,2.93692,1.18593,1.0196,1.14854,2.0787,3.18125,4.33004,0.05298,1.32114,0.84223,2.5612,2.67471,3.51862,5.75993,"오필정역:현쥬니,강석준역:이재황,이은주역:문보령,강석환역:김형범,오순정역:남이안,김복순역:박순천,박민호역:길정우,박민지역:홍제이,김해정역:양금석,강태수역:이원재,이태우역:서현석,최동석역:김동균,최은자역:이진아,최유경역:이영은,최미영역:전은채,왕기범역:차승우,하열도역:김영훈,홍수경역:노정명,박태섭역:강서준,박혜진역:박지수"
20200608,SBS,214309,221545,굿캐스팅,<1부>,13회,전국,003236,드라마&영화,드라마,미니시리즈,1.6078,1.19598,0.74178,3.2047,2.84731,3.96245,3.99465,2.7689,0.51952,1.86829,2.82827,5.7798,5.19739,4.75547,"백찬미역:최강희,윤석호역:이상엽,임예은역:유인영,황미순역:김지영,강우원역:이준영,동관수역:이종혁,서국환역:정인기,배무혁역:박경순,간태희역:황보미,명계철역:우현,탁상기역:이상훈,옥철역:김용희,변우석역:허재호,구비서역:한수진,설영훈역:조영훈,심화란역:차수연,남봉만역:이승형,남주연역:김보윤,피철웅역:배진웅,권민석역:성혁,권소희역:노하연"
20200608,SBS,221725,225337,굿캐스팅,<2부>,13회,전국,003612,드라마&영화,드라마,미니시리즈,3.57075,1.65057,1.14746,3.6312,4.64198,6.39663,5.26871,8.69697,2.19914,2.86114,4.93231,8.35483,7.15507,6.09755,"백찬미역:최강희,윤석호역:이상엽,임예은역:유인영,황미순역:김지영,강우원역:이준영,동관수역:이종혁,서국환역:정인기,배무혁역:박경순,간태희역:황보미,명계철역:우현,탁상기역:이상훈,옥철역:김용희,변우석역:허재호,구비서역:한수진,설영훈역:조영훈,심화란역:차수연,남봉만역:이승형,남주연역:김보윤,피철웅역:배진웅,권민석역:성혁,권소희역:노하연"
20200608,OBS,093721,104027,구가의서,,5회,전국,010306,드라마&영화,드라마,주간연속극,0,0,0,0.00597,0,0.12066,0.07832,0,0,0.01163,0,0.03657,0.02984,0,"최강치역:이승기,담여울역:수지,조관웅역:이성재,담평준역:조성하,박태서역:유연석,박청조역:이유비,곤역:성준,구월령역:최진혁,윤서화역:이연희,소정법사역:김희원,천수련역:정혜영,자홍명역:윤세아,박무솔역:엄효섭,월선역:손승우,이순신역:유동근,마봉출역:조재윤,카게시마역:데이비드맥기니스,한노역:박주형,윤씨역:김희정,억만역:김기방,윤정윤역:이다윗,담이역:김보미,필목역:송영규,공달선생역:이도경"
20200608,OBS,181810,192118,구가의서,,6회,전국,010308,드라마&영화,드라마,주간연속극,0,0.53281,0,0,0.01525,0.06044,0.12095,0,0,0,0.01332,0.05973,0.07932,0.12102,"최강치역:이승기,담여울역:수지,조관웅역:이성재,담평준역:조성하,박태서역:유연석,박청조역:이유비,곤역:성준,구월령역:최진혁,윤서화역:이연희,소정법사역:김희원,천수련역:정혜영,자홍명역:윤세아,박무솔역:엄효섭,월선역:손승우,이순신역:유동근,마봉출역:조재윤,카게시마역:데이비드맥기니스,한노역:박주형,윤씨역:김희정,억만역:김기방,윤정윤역:이다윗,담이역:김보미,필목역:송영규,공달선생역:이도경"
20200608,JTBC,213404,224305,야식남녀,,5회,전국,010901,드라마&영화,드라마,미니시리즈,0.08314,0.10892,0.14662,0.06053,0.27753,1.048,0.14283,0.05812,0.05343,0.38382,0.62421,0.57736,0.95399,0.38495,"박진성역:정일우,김아진역:강지영,강태완역:이학주,이상영역:김승수,차주희역:김수진,남규장역:양대혁,유성은역:공민정,노재수역:박성준,박진우역:최재현"
20200608,TV CHOSUN,200555,205454,바람과구름과비,,6회,전국,004859,드라마&영화,드라마,미니시리즈,0.19625,0.21553,0.16903,0.17178,0.31441,0.75872,0.79992,0,0.00561,0.57118,0.23871,0.46109,0.82796,1.03659,"최천중역:박시후,봉련역:고성희,흥선대원군이하응역:전광렬,채인규역:성혁,김병운역:김승수,김좌근역:차광수,나합역:윤아정,김병학역:한재영,조대비역:김보연,철종역:정욱,이하전역:이루,명성황후민자영역:박정연,고종이재황역:박상훈,용팔룡역:조복래,주모역:김주령,적도사진상역:한동규,팽구철역:노형욱,만석역:박노식,연치성역:임현수,반달역:왕빛나,임종사관역:허태희,최천중어린시절역:강태우,봉련어린시절역:홍승희,채인규어린시절역:최정우,상복역:허성태,민승호역:이해우,저자이병주,출판그림같은세상2020.08.28.,e북무료판매처 1건"
20200608,tvN,020447,030624,화양연화삶이꽃이되는순간,,14회,전국,010137,드라마&영화,드라마,미니시리즈,0,0,0,0.04311,0.32219,0.31035,0.11302,0,0,0.81348,0.1793,0.16838,0.26321,0.2596,"한재현역:유지태,윤지수역:이보영,과거재현역:진영,과거지수역:전소니,장서경역:박시연,장산역:문성근,한준서역:박민수,한인호역:남명렬,이경자역:손숙,윤형구역:장광,이영민역:고우림,정숙희역:이종남,윤지영역:채원빈,이동진역:민성욱,과거동진역:은해성,성화진역:김주령,과거화진역:한지원,강준우역:강영석,정윤기역:김호창,이세훈역:김영훈,주영우역:이태성,과거영우역:병헌,양혜정역:우정원,과거혜정역:박한솔,최선희역:김영아"
20200608,tvN,071316,083835,슬기로운의사생활,,1회,전국,012519,드라마&영화,드라마,미니시리즈,0.39051,0.94024,0.09167,0.21561,0.68762,0.31928,0.40429,0,0.18254,0.09222,0.49474,1.09596,0.41758,0.30044,"이익준역:조정석,안정원역:유연석,김준완역:정경호,양석형역:김대명,채송화역:전미도,정로사역:김해숙,주종수역:김갑수,도재학역:정문성,용석민역:문태유,장겨울역:신현빈,안치홍역:김준한,봉광현역:최영준,추민하역:안은진,허선빈역:하윤경,명은원역:김혜인,장윤복역:조이현,장홍도역:배현성,송수빈역:김수진,소이현역:윤혜리,배준희역:신도현,주전역:조승연,황재신역:양조아,이우주역:김준,민기준역:서진원,종세혁역:전광진,이영하역:이노아,김재환역:이달,국해성역:이혜은,함덕주역:김비비,한현희역:이지원,한승주역:김지성,은선진역:설유진,이익순역:곽선영,조영혜역:문희경,양태양역:남명렬,김태연역:이소윤,천명태역:최영우,선우희수역:박한솔,장겨울남동생역:박정우,고아라역:고아라"
20200608,tvN,085331,101828,슬기로운의사생활,,2회,전국,012457,드라마&영화,드라마,미니시리즈,0.10804,0.74804,0.09182,0.16227,0.18449,0.60332,0.50277,0.03744,0.17176,0.1687,1.10749,1.32947,0.60605,0.34607,"이익준역:조정석,안정원역:유연석,김준완역:정경호,양석형역:김대명,채송화역:전미도,정로사역:김해숙,주종수역:김갑수,도재학역:정문성,용석민역:문태유,장겨울역:신현빈,안치홍역:김준한,봉광현역:최영준,추민하역:안은진,허선빈역:하윤경,명은원역:김혜인,장윤복역:조이현,장홍도역:배현성,송수빈역:김수진,소이현역:윤혜리,배준희역:신도현,주전역:조승연,황재신역:양조아,이우주역:김준,민기준역:서진원,종세혁역:전광진,이영하역:이노아,김재환역:이달,국해성역:이혜은,함덕주역:김비비,한현희역:이지원,한승주역:김지성,은선진역:설유진,이익순역:곽선영,조영혜역:문희경,양태양역:남명렬,김태연역:이소윤,천명태역:최영우,선우희수역:박한솔,장겨울남동생역:박정우,고아라역:고아라"
20200608,tvN,122743,132848,화양연화삶이꽃이되는순간,,13회,전국,010105,드라마&영화,드라마,미니시리즈,0.01065,0.44201,0.46539,0.026,0.15892,0.51376,0.38937,0.00949,0,0.06838,0.53636,0.68992,0.6541,0.43522,"한재현역:유지태,윤지수역:이보영,과거재현역:진영,과거지수역:전소니,장서경역:박시연,장산역:문성근,한준서역:박민수,한인호역:남명렬,이경자역:손숙,윤형구역:장광,이영민역:고우림,정숙희역:이종남,윤지영역:채원빈,이동진역:민성욱,과거동진역:은해성,성화진역:김주령,과거화진역:한지원,강준우역:강영석,정윤기역:김호창,이세훈역:김영훈,주영우역:이태성,과거영우역:병헌,양혜정역:우정원,과거혜정역:박한솔,최선희역:김영아"
20200608,tvN,134533,144710,화양연화삶이꽃이되는순간,,14회,전국,010137,드라마&영화,드라마,미니시리즈,0,0.25409,0.76939,0.14063,0.04599,0.27734,0.34728,0,0,0.01066,0.68591,0.24384,0.65423,0.73139,"한재현역:유지태,윤지수역:이보영,과거재현역:진영,과거지수역:전소니,장서경역:박시연,장산역:문성근,한준서역:박민수,한인호역:남명렬,이경자역:손숙,윤형구역:장광,이영민역:고우림,정숙희역:이종남,윤지영역:채원빈,이동진역:민성욱,과거동진역:은해성,성화진역:김주령,과거화진역:한지원,강준우역:강영석,정윤기역:김호창,이세훈역:김영훈,주영우역:이태성,과거영우역:병헌,양혜정역:우정원,과거혜정역:박한솔,최선희역:김영아"
20200608,tvN,210330,221847,아는건별로없지만가족입니다,,3회,전국,011517,드라마&영화,드라마,미니시리즈,1.23178,0.52518,1.34527,1.38049,1.19663,1.51371,1.30199,0.61039,0.56337,0.95545,2.36726,2.85099,2.69696,1.5909,"김은희역:한예리,박찬혁역:김지석,김은주역:추자현,김상식역:정진영,이진숙역:원미경,김지우역:신재하,임건주역:신동욱,윤태형역:김태훈,젊은상식역:한준우,젊은진숙역:조아영,유선일역:서상원,안효석역:이종원,서경옥역:가득희,윤서영역:혜정,전하라역:배윤경,유민우역:권율"
20200608,tvN,223356,234127,번외수사,,5회,전국,010731,드라마&영화,드라마,미니시리즈,1.04452,0.36798,1.24825,1.04703,0.81104,1.09244,0.71453,0.23587,0.14496,0.33685,1.80797,1.41043,1.46123,0.87522,"진강호역:차태현,강무영역:이선빈,이반석역:정상훈,테디정역:윤경호,탁원역:지승현,민대진역:박정우,맨손역:박태산,연장역:장진희,지수철역:이영석,노순이역:민경옥"
20200608,tvN,235230,245405,번외수사,,6회,전국,010135,드라마&영화,드라마,미니시리즈,0.05026,0.3632,0.58077,0.42241,0.80405,0.5216,0.42326,1.25776,0.03013,0.14082,1.76874,1.0196,0.6697,0.65007,"진강호역:차태현,강무영역:이선빈,이반석역:정상훈,테디정역:윤경호,탁원역:지승현,민대진역:박정우,맨손역:박태산,연장역:장진희,지수철역:이영석,노순이역:민경옥"
20200608,국방TV,210036,212706,바람은불어도,,87회,전국,002630,드라마&영화,드라마,미니시리즈,0.14739,0,0,0,0.00514,0,0.00457,0,0,0,0.05708,0,0.00235,0.00387,"최수종,유호정,윤손하,송나영,송기윤,나문희"
20200608,국방TV,213036,215707,바람은불어도,,88회,전국,002631,드라마&영화,드라마,미니시리즈,0,0,0,0,0.03332,0,0.00199,0.1107,0,0,0,0,0,0.00233,"최수종,유호정,윤손하,송나영,송기윤,나문희"
20200608,국방TV,240036,242706,바람은불어도,,87회,전국,002630,드라마&영화,드라마,미니시리즈,0,0,0,0,0,0,0,0,0,0,0,0,0,0,"최수종,유호정,윤손하,송나영,송기윤,나문희"
20200608,국방TV,243036,245708,바람은불어도,,88회,전국,002632,드라마&영화,드라마,미니시리즈,0,0,0,0,0,0,0,0,0,0,0,0,0.00465,0,"최수종,유호정,윤손하,송나영,송기윤,나문희"
20200608,국방TV,250036,252630,바람은불어도,,89회,전국,002554,드라마&영화,드라마,미니시리즈,0,0,0,0,0,0,0.00929,0,0,0,0,0,0,0,"최수종,유호정,윤손하,송나영,송기윤,나문희"
20200608,국방TV,252945,255915,바람은불어도,,90회,전국,002930,드라마&영화,드라마,미니시리즈,0,0.01866,0,0,0,0,0.02891,0,0,0,0,0.01097,0.00683,0.0075,"최수종,유호정,윤손하,송나영,송기윤,나문희"
20200608,OCN Movies,023549,033725,번외수사,,6회,전국,010136,드라마&영화,드라마,미니시리즈,0,0,0.03014,0,0.06973,0.34273,0.14311,0,0,0,0,0.13056,0.26204,0.03509,"진강호역:차태현,강무영역:이선빈,이반석역:정상훈,테디정역:윤경호,탁원역:지승현,민대진역:박정우,맨손역:박태산,연장역:장진희,지수철역:이영석,노순이역:민경옥"
20200608,OCN Movies,130055,140755,번외수사,,5회,전국,010700,드라마&영화,드라마,미니시리즈,0,0,0.57031,0.09487,0.1834,0.37643,0.10119,0,0,0.01057,0.26921,0.72187,0.35944,0.18792,"진강호역:차태현,강무영역:이선빈,이반석역:정상훈,테디정역:윤경호,탁원역:지승현,민대진역:박정우,맨손역:박태산,연장역:장진희,지수철역:이영석,노순이역:민경옥"
20200608,OCN Movies,141816,151921,번외수사,,6회,전국,010105,드라마&영화,드라마,미니시리즈,0.05491,0.21607,0.59303,0,0,0.63172,0.11351,0,0.19691,0,0.31324,0.64867,0.62214,0.60331,"진강호역:차태현,강무영역:이선빈,이반석역:정상훈,테디정역:윤경호,탁원역:지승현,민대진역:박정우,맨손역:박태산,연장역:장진희,지수철역:이영석,노순이역:민경옥"
20200608,AsiaUHD,030142,041202,위대한이야기,,1회,전국,011020,드라마&영화,드라마,주말연속극,0,0,0,0,0,0,0,0,0,0,0,0,0,0,"이난영역:소유진,김시스터즈숙자역:정다은,김시스터즈애자역:최배영,김시스터즈민자역:허은정,상준역:김영재,영자역:임수향,경아역:임세미,김일역:문원주,안토니오이노키역:지건우,역:도산역:조경훈,강호역:홍경인,상준역:이유준,박신자역:김단비,이주일역:박영수,최대표역:윤기원,박종환역:백도빈,아내역:김난휘,할매역:이미지,박여사역:전미선,찬영역:도지한,연지역:이가원,근창역:최일화,미영역:김정연,봉순역:임성언,남숙역:황화순,순옥역:박순천,창만역:이영범,민수역:서준영,성철역:손병호,지호역:김수호,아내역:정윤서"
20200608,AsiaUHD,043022,053228,위대한이야기,,2회,전국,010206,드라마&영화,드라마,주말연속극,0,0,0,0,0,0,0,0,0,0,0,0,0,0,"이난영역:소유진,김시스터즈숙자역:정다은,김시스터즈애자역:최배영,김시스터즈민자역:허은정,상준역:김영재,영자역:임수향,경아역:임세미,김일역:문원주,안토니오이노키역:지건우,역:도산역:조경훈,강호역:홍경인,상준역:이유준,박신자역:김단비,이주일역:박영수,최대표역:윤기원,박종환역:백도빈,아내역:김난휘,할매역:이미지,박여사역:전미선,찬영역:도지한,연지역:이가원,근창역:최일화,미영역:김정연,봉순역:임성언,남숙역:황화순,순옥역:박순천,창만역:이영범,민수역:서준영,성철역:손병호,지호역:김수호,아내역:정윤서"
20200608,AXN,074705,084925,내딸서영이,,43회,전국,010220,드라마&영화,드라마,주말연속극,0,0,0.01265,0,0,0.01389,0.14979,0,0,0,0.09652,0.03805,0.16773,0.13593,"이서영역:이보영,강우재역:이상윤,이삼재역:천호진,이상우역:박해진,강미경역:박정아,최호정역:최윤영,강기범역:최정우,차지선역:김혜옥,강성재역:이정신,최민석역:홍요섭,김강순역:송옥숙,최경호역:심형탁,윤소미역:조은숙,정선우역:장희진,이연희역:민영원,고승찬역:곽승남,재희역:주아성,서은수역:설현,서영모역:김민경,만세역:권율,방심덕역:이일화,아이돌배우역:양요섭,호태역:남태부,배영택역:전노민,음악학원원장역:전태관,성태역:조동혁"
20200608,AXN,090947,100948,내딸서영이,,44회,전국,010001,드라마&영화,드라마,주말연속극,0,0,0,0.02903,0,0,0.19226,0,0,0,0.18106,0.0106,0,0.17464,"이서영역:이보영,강우재역:이상윤,이삼재역:천호진,이상우역:박해진,강미경역:박정아,최호정역:최윤영,강기범역:최정우,차지선역:김혜옥,강성재역:이정신,최민석역:홍요섭,김강순역:송옥숙,최경호역:심형탁,윤소미역:조은숙,정선우역:장희진,이연희역:민영원,고승찬역:곽승남,재희역:주아성,서은수역:설현,서영모역:김민경,만세역:권율,방심덕역:이일화,아이돌배우역:양요섭,호태역:남태부,배영택역:전노민,음악학원원장역:전태관,성태역:조동혁"
20200608,AXN,132735,143022,내딸서영이,,43회,전국,010247,드라마&영화,드라마,주말연속극,0,0,0,0,0.01132,0,0.03124,0,0,0.0138,0,0.24526,0,0.03228,"이서영역:이보영,강우재역:이상윤,이삼재역:천호진,이상우역:박해진,강미경역:박정아,최호정역:최윤영,강기범역:최정우,차지선역:김혜옥,강성재역:이정신,최민석역:홍요섭,김강순역:송옥숙,최경호역:심형탁,윤소미역:조은숙,정선우역:장희진,이연희역:민영원,고승찬역:곽승남,재희역:주아성,서은수역:설현,서영모역:김민경,만세역:권율,방심덕역:이일화,아이돌배우역:양요섭,호태역:남태부,배영택역:전노민,음악학원원장역:전태관,성태역:조동혁"
20200608,AXN,144843,154917,내딸서영이,,44회,전국,010034,드라마&영화,드라마,주말연속극,0,0.01685,0,0.01185,0.0039,0.01574,0.06883,0.09753,0,0.00535,0.01411,0.30139,0.01086,0.13914,"이서영역:이보영,강우재역:이상윤,이삼재역:천호진,이상우역:박해진,강미경역:박정아,최호정역:최윤영,강기범역:최정우,차지선역:김혜옥,강성재역:이정신,최민석역:홍요섭,김강순역:송옥숙,최경호역:심형탁,윤소미역:조은숙,정선우역:장희진,이연희역:민영원,고승찬역:곽승남,재희역:주아성,서은수역:설현,서영모역:김민경,만세역:권율,방심덕역:이일화,아이돌배우역:양요섭,호태역:남태부,배영택역:전노민,음악학원원장역:전태관,성태역:조동혁"
20200608,AXN,210943,221302,내딸서영이,,43회,전국,010319,드라마&영화,드라마,주말연속극,0,0,0,0,0.31537,0.21227,0.18277,0.06041,0.03424,0,0.16002,0.03241,0.13023,0.21081,"이서영역:이보영,강우재역:이상윤,이삼재역:천호진,이상우역:박해진,강미경역:박정아,최호정역:최윤영,강기범역:최정우,차지선역:김혜옥,강성재역:이정신,최민석역:홍요섭,김강순역:송옥숙,최경호역:심형탁,윤소미역:조은숙,정선우역:장희진,이연희역:민영원,고승찬역:곽승남,재희역:주아성,서은수역:설현,서영모역:김민경,만세역:권율,방심덕역:이일화,아이돌배우역:양요섭,호태역:남태부,배영택역:전노민,음악학원원장역:전태관,성태역:조동혁"
20200608,AXN,223122,233241,내딸서영이,,44회,전국,010119,드라마&영화,드라마,주말연속극,0,0,0.01581,0,0.29847,0.25903,0.14975,0,0,0.06115,0.05971,0.01966,0.15714,0.1898,"이서영역:이보영,강우재역:이상윤,이삼재역:천호진,이상우역:박해진,강미경역:박정아,최호정역:최윤영,강기범역:최정우,차지선역:김혜옥,강성재역:이정신,최민석역:홍요섭,김강순역:송옥숙,최경호역:심형탁,윤소미역:조은숙,정선우역:장희진,이연희역:민영원,고승찬역:곽승남,재희역:주아성,서은수역:설현,서영모역:김민경,만세역:권율,방심덕역:이일화,아이돌배우역:양요섭,호태역:남태부,배영택역:전노민,음악학원원장역:전태관,성태역:조동혁"
20200608,CHING,084119,094155,번외수사,,3회,전국,010036,드라마&영화,드라마,미니시리즈,0,0,0,0,0,0.03382,0.06758,0,0,0,0.13123,0,0.01284,0,"진강호역:차태현,강무영역:이선빈,이반석역:정상훈,테디정역:윤경호,탁원역:지승현,민대진역:박정우,맨손역:박태산,연장역:장진희,지수철역:이영석,노순이역:민경옥"
20200608,CHING,095537,105550,번외수사,,4회,전국,010013,드라마&영화,드라마,미니시리즈,0,0,0,0,0,0,0.00763,0,0,0,0,0,0.01676,0,"진강호역:차태현,강무영역:이선빈,이반석역:정상훈,테디정역:윤경호,탁원역:지승현,민대진역:박정우,맨손역:박태산,연장역:장진희,지수철역:이영석,노순이역:민경옥"
20200608,CHING,143554,150822,인어아가씨,,61회,전국,003228,드라마&영화,드라마,주간연속극,0.47455,0,0,0.23797,0,0,0.01597,0,0,0,0.11938,0,0,0.01686,"은아리영역:장서희,한경혜역:정영숙,은진섭역:박근형,심수정역:한혜숙,은예영역:우희진,이주왕역:김성민,이성수역:김병기,금옥선역:사미자,금실라역:김용림,조수아역:고두심,마마준역:정보석,마마린역:이재은"
20200608,CHING,150933,154135,인어아가씨,,62회,전국,003202,드라마&영화,드라마,주간연속극,0.01531,0,0,0.00487,0,0,0,0,0,0,0.00351,0,0,0,"은아리영역:장서희,한경혜역:정영숙,은진섭역:박근형,심수정역:한혜숙,은예영역:우희진,이주왕역:김성민,이성수역:김병기,금옥선역:사미자,금실라역:김용림,조수아역:고두심,마마준역:정보석,마마린역:이재은"
20200608,CHING,155251,162421,인어아가씨,,63회,전국,003130,드라마&영화,드라마,주간연속극,0.41085,0,0,0.1308,0,0,0,0,0,0,0.09414,0,0,0,"은아리영역:장서희,한경혜역:정영숙,은진섭역:박근형,심수정역:한혜숙,은예영역:우희진,이주왕역:김성민,이성수역:김병기,금옥선역:사미자,금실라역:김용림,조수아역:고두심,마마준역:정보석,마마린역:이재은"
20200608,CHING,162532,165754,인어아가씨,,64회,전국,003222,드라마&영화,드라마,주간연속극,0,0,0,0.01209,0,0,0.01712,0,0,0,0.01457,0,0,0.02298,"은아리영역:장서희,한경혜역:정영숙,은진섭역:박근형,심수정역:한혜숙,은예영역:우희진,이주왕역:김성민,이성수역:김병기,금옥선역:사미자,금실라역:김용림,조수아역:고두심,마마준역:정보석,마마린역:이재은"
20200608,CHING,171111,181147,번외수사,,3회,전국,010036,드라마&영화,드라마,미니시리즈,0,0,0,0.00294,0,0.00813,0,0,0,0,0,0.04597,0,0,"진강호역:차태현,강무영역:이선빈,이반석역:정상훈,테디정역:윤경호,탁원역:지승현,민대진역:박정우,맨손역:박태산,연장역:장진희,지수철역:이영석,노순이역:민경옥"
20200608,CHING,182236,192248,번외수사,,4회,전국,010012,드라마&영화,드라마,미니시리즈,0,0,0,0,0,0.06545,0,0,0,0,0,0,0,0,"진강호역:차태현,강무영역:이선빈,이반석역:정상훈,테디정역:윤경호,탁원역:지승현,민대진역:박정우,맨손역:박태산,연장역:장진희,지수철역:이영석,노순이역:민경옥"
20200608,CHING,225733,233001,인어아가씨,,61회,전국,003228,드라마&영화,드라마,주간연속극,0,0,0.07764,0.00515,0,0.08012,0,0,0,0.07448,0,0,0.06457,0,"은아리영역:장서희,한경혜역:정영숙,은진섭역:박근형,심수정역:한혜숙,은예영역:우희진,이주왕역:김성민,이성수역:김병기,금옥선역:사미자,금실라역:김용림,조수아역:고두심,마마준역:정보석,마마린역:이재은"
20200608,CHING,233112,240314,인어아가씨,,62회,전국,003202,드라마&영화,드라마,주간연속극,0,0.00502,0.04949,0,0,0.05682,0.00146,0,0,0.06302,0,0,0.04836,0.00171,"은아리영역:장서희,한경혜역:정영숙,은진섭역:박근형,심수정역:한혜숙,은예영역:우희진,이주왕역:김성민,이성수역:김병기,금옥선역:사미자,금실라역:김용림,조수아역:고두심,마마준역:정보석,마마린역:이재은"
20200608,CHING,241817,244947,인어아가씨,,63회,전국,003130,드라마&영화,드라마,주간연속극,0,0,0,0,0,0.01135,0.00218,0,0,0,0,0,0.0128,0.00255,"은아리영역:장서희,한경혜역:정영숙,은진섭역:박근형,심수정역:한혜숙,은예영역:우희진,이주왕역:김성민,이성수역:김병기,금옥선역:사미자,금실라역:김용림,조수아역:고두심,마마준역:정보석,마마린역:이재은"
20200608,CHING,245058,252319,인어아가씨,,64회,전국,003221,드라마&영화,드라마,주간연속극,0,0,0,0,0,0,0.02122,0,0,0,0,0,0.01757,0,"은아리영역:장서희,한경혜역:정영숙,은진섭역:박근형,심수정역:한혜숙,은예영역:우희진,이주왕역:김성민,이성수역:김병기,금옥선역:사미자,금실라역:김용림,조수아역:고두심,마마준역:정보석,마마린역:이재은"
20200608,CHING,253504,255959,번외수사,,3회,전국,002455,드라마&영화,드라마,미니시리즈,0,0,0,0,0,0,0,0,0,0,0,0,0,0,"진강호역:차태현,강무영역:이선빈,이반석역:정상훈,테디정역:윤경호,탁원역:지승현,민대진역:박정우,맨손역:박태산,연장역:장진희,지수철역:이영석,노순이역:민경옥"
20200608,CNTV,020000,021129,광개토태왕,,73회,전국,001129,드라마&영화,드라마,주말연속극,0,0,0,0,0,0,0.26071,0,0,0.0322,0,0.01974,0,0.12086,"담덕역:이태곤,고운역:김승수,모용보역:임호,도영역:오지은,연살타역:홍경인,약연역:이인혜,고무역:김진태,고창역:남성진,모두영역:이원발,모두루역:임대호,모용수역:김동현,풍발역:정호근,개연수역:최동준,가라지역:오욱철,연도부역:반석진,계필역:선동혁,이영역:최상훈,담망역:정태우,이련역:송용태,고야역:이보희,담주역:조안,설도안역:김규철,설지역:김정화,마수역:고인범,여소이역:임병기,돌비수역:김정현,갈사무역:강신조,도광역:박승호,소모역:강지후,여문역:나주석,모용희역:조인표,거보역:김덕현,무갑역:유종근,여석개역:방형주,황회역:김명수,원봉역:박유승,하무지역:윤승원,사갈현역:김철기,아신역:박정철"
20200608,CNTV,021839,031030,광개토태왕,,74회,전국,005151,드라마&영화,드라마,주말연속극,0,0,0,0,0.01853,0.05028,0.19698,0,0,0,0,0.05188,0,0.05518,"담덕역:이태곤,고운역:김승수,모용보역:임호,도영역:오지은,연살타역:홍경인,약연역:이인혜,고무역:김진태,고창역:남성진,모두영역:이원발,모두루역:임대호,모용수역:김동현,풍발역:정호근,개연수역:최동준,가라지역:오욱철,연도부역:반석진,계필역:선동혁,이영역:최상훈,담망역:정태우,이련역:송용태,고야역:이보희,담주역:조안,설도안역:김규철,설지역:김정화,마수역:고인범,여소이역:임병기,돌비수역:김정현,갈사무역:강신조,도광역:박승호,소모역:강지후,여문역:나주석,모용희역:조인표,거보역:김덕현,무갑역:유종근,여석개역:방형주,황회역:김명수,원봉역:박유승,하무지역:윤승원,사갈현역:김철기,아신역:박정철"
20200608,CNTV,060615,065932,용의눈물,,65회,전국,005317,드라마&영화,드라마,주간연속극,0,0,0,0,0,0.06386,0.00588,0,0,0,0,0.15142,0.00403,0,"유동근,최명길,이민우,안재모,김무생,김혜리"
20200608,CNTV,071206,075901,용의눈물,,66회,전국,004655,드라마&영화,드라마,주간연속극,0,0.04711,0,0.0046,0,0.28649,0.00541,0,0,0.00446,0.04855,0,0.09588,0.00158,"유동근,최명길,이민우,안재모,김무생,김혜리"
20200608,CNTV,092406,102509,바람과구름과비,,4회,전국,010103,드라마&영화,드라마,미니시리즈,0,0.01331,0,0.02127,0.03548,0.16622,0.09066,0,0,0.00247,0,0.09259,0.11348,0.16157,"최천중역:박시후,봉련역:고성희,흥선대원군이하응역:전광렬,채인규역:성혁,김병운역:김승수,김좌근역:차광수,나합역:윤아정,김병학역:한재영,조대비역:김보연,철종역:정욱,이하전역:이루,명성황후민자영역:박정연,고종이재황역:박상훈,용팔룡역:조복래,주모역:김주령,적도사진상역:한동규,팽구철역:노형욱,만석역:박노식,연치성역:임현수,반달역:왕빛나,임종사관역:허태희,최천중어린시절역:강태우,봉련어린시절역:홍승희,채인규어린시절역:최정우,상복역:허성태,민승호역:이해우,저자이병주,출판그림같은세상2020.08.28.,e북무료판매처 1건"
20200608,CNTV,104554,114659,야인시대,,42회,전국,010105,드라마&영화,드라마,주간연속극,0,0,0.01061,0,0.31948,0,0.36084,0,0,0,0,0,0.01574,0.3549,"청년김두한역:안재모,소년김두한역:곽정욱,장년김두한역:김영철,장년정진영역:차광수,구마적역:이원종,쌍칼역:박준규,김무옥역:이혁재,문영철역:장세진,장년개코역:성동일,신마적역:최철호,하야시역:이창훈,가미소리역:이상인,시바루역:이세창,나미꼬역:이세은,시라소니역:조상구,최동열역:정동환,미와역:이재용,마루오까역:최재성,설향역:허영란,애란역:조여정,정운경역:심형탁,김좌진역:최동준,오숙근역:이덕희,박계숙역:전미선,원노인역:이순재,유진산역:이효정,이정재역:김영호,조병옥역:김학철,이화룡역:안승훈,청년개코역:이동훈,신영균역:윤용현,청년정진영역:김정민,김영태역:박영록,박인애역:정소영,이영숙역:이일화,김두한어린시절역:곽정욱"
20200608,CNTV,120633,125726,광개토태왕,,75회,전국,005053,드라마&영화,드라마,주말연속극,0,0.06113,0,0.00484,0.01154,0.19508,0.35989,0.02284,0.01294,0.02928,0.00494,0.03779,0.26837,0.09274,"담덕역:이태곤,고운역:김승수,모용보역:임호,도영역:오지은,연살타역:홍경인,약연역:이인혜,고무역:김진태,고창역:남성진,모두영역:이원발,모두루역:임대호,모용수역:김동현,풍발역:정호근,개연수역:최동준,가라지역:오욱철,연도부역:반석진,계필역:선동혁,이영역:최상훈,담망역:정태우,이련역:송용태,고야역:이보희,담주역:조안,설도안역:김규철,설지역:김정화,마수역:고인범,여소이역:임병기,돌비수역:김정현,갈사무역:강신조,도광역:박승호,소모역:강지후,여문역:나주석,모용희역:조인표,거보역:김덕현,무갑역:유종근,여석개역:방형주,황회역:김명수,원봉역:박유승,하무지역:윤승원,사갈현역:김철기,아신역:박정철"
20200608,CNTV,131639,141035,용의눈물,,65회,전국,005356,드라마&영화,드라마,주간연속극,0.07257,0.06493,0,0.0231,0,0.4022,0.39209,0,0,0,0.01663,0,0.36912,0.5694,"유동근,최명길,이민우,안재모,김무생,김혜리"
20200608,CNTV,142908,151643,용의눈물,,66회,전국,004735,드라마&영화,드라마,주간연속극,0.01354,0,0,0,0.02535,0.06071,0.5007,0.01207,0,0,0.0103,0.08451,0.21757,0.37146,"유동근,최명길,이민우,안재모,김무생,김혜리"
20200608,CNTV,154047,164234,바람과구름과비,,4회,전국,010147,드라마&영화,드라마,미니시리즈,0,0.06683,0.34964,0.05531,0.03895,0.25289,0.21197,0,0,0.04917,0,0.06284,0.54959,0.28193,"최천중역:박시후,봉련역:고성희,흥선대원군이하응역:전광렬,채인규역:성혁,김병운역:김승수,김좌근역:차광수,나합역:윤아정,김병학역:한재영,조대비역:김보연,철종역:정욱,이하전역:이루,명성황후민자영역:박정연,고종이재황역:박상훈,용팔룡역:조복래,주모역:김주령,적도사진상역:한동규,팽구철역:노형욱,만석역:박노식,연치성역:임현수,반달역:왕빛나,임종사관역:허태희,최천중어린시절역:강태우,봉련어린시절역:홍승희,채인규어린시절역:최정우,상복역:허성태,민승호역:이해우,저자이병주,출판그림같은세상2020.08.28.,e북무료판매처 1건"
20200608,CNTV,170139,180300,야인시대,,42회,전국,010121,드라마&영화,드라마,주간연속극,0,0.06254,0,0.02909,0.05577,0.05411,0.15091,0.23183,0,0,0,0.04147,0.09265,0.16266,"청년김두한역:안재모,소년김두한역:곽정욱,장년김두한역:김영철,장년정진영역:차광수,구마적역:이원종,쌍칼역:박준규,김무옥역:이혁재,문영철역:장세진,장년개코역:성동일,신마적역:최철호,하야시역:이창훈,가미소리역:이상인,시바루역:이세창,나미꼬역:이세은,시라소니역:조상구,최동열역:정동환,미와역:이재용,마루오까역:최재성,설향역:허영란,애란역:조여정,정운경역:심형탁,김좌진역:최동준,오숙근역:이덕희,박계숙역:전미선,원노인역:이순재,유진산역:이효정,이정재역:김영호,조병옥역:김학철,이화룡역:안승훈,청년개코역:이동훈,신영균역:윤용현,청년정진영역:김정민,김영태역:박영록,박인애역:정소영,이영숙역:이일화,김두한어린시절역:곽정욱"
20200608,CNTV,182054,191147,광개토태왕,,75회,전국,005053,드라마&영화,드라마,주말연속극,0.36249,0.01139,0,0,0.10513,0.44455,0.43105,0,0.01129,0.00912,0.07236,0.2439,0.34337,0.10373,"담덕역:이태곤,고운역:김승수,모용보역:임호,도영역:오지은,연살타역:홍경인,약연역:이인혜,고무역:김진태,고창역:남성진,모두영역:이원발,모두루역:임대호,모용수역:김동현,풍발역:정호근,개연수역:최동준,가라지역:오욱철,연도부역:반석진,계필역:선동혁,이영역:최상훈,담망역:정태우,이련역:송용태,고야역:이보희,담주역:조안,설도안역:김규철,설지역:김정화,마수역:고인범,여소이역:임병기,돌비수역:김정현,갈사무역:강신조,도광역:박승호,소모역:강지후,여문역:나주석,모용희역:조인표,거보역:김덕현,무갑역:유종근,여석개역:방형주,황회역:김명수,원봉역:박유승,하무지역:윤승원,사갈현역:김철기,아신역:박정철"
20200608,CNTV,193402,202743,용의눈물,,65회,전국,005341,드라마&영화,드라마,주간연속극,0,0.05075,0,0.05495,0.02963,0.21243,0.13275,0,0.06364,0,0,0.03275,0.0282,0.14561,"유동근,최명길,이민우,안재모,김무생,김혜리"
20200608,CNTV,204621,213356,용의눈물,,66회,전국,004735,드라마&영화,드라마,주간연속극,0.02603,0,0,0.16617,0.01597,0.27678,0.12172,0,0.00858,0.00217,0.00643,0.02614,0.09882,0.21473,"유동근,최명길,이민우,안재모,김무생,김혜리"
20200608,CNTV,215227,225330,바람과구름과비,,4회,전국,010103,드라마&영화,드라마,미니시리즈,0,0,0,0,0.08898,0.02648,0.23668,0,0.01674,0,0,0.1172,0.10867,0.16723,"최천중역:박시후,봉련역:고성희,흥선대원군이하응역:전광렬,채인규역:성혁,김병운역:김승수,김좌근역:차광수,나합역:윤아정,김병학역:한재영,조대비역:김보연,철종역:정욱,이하전역:이루,명성황후민자영역:박정연,고종이재황역:박상훈,용팔룡역:조복래,주모역:김주령,적도사진상역:한동규,팽구철역:노형욱,만석역:박노식,연치성역:임현수,반달역:왕빛나,임종사관역:허태희,최천중어린시절역:강태우,봉련어린시절역:홍승희,채인규어린시절역:최정우,상복역:허성태,민승호역:이해우,저자이병주,출판그림같은세상2020.08.28.,e북무료판매처 1건"
20200608,CNTV,231124,241215,야인시대,,42회,전국,010051,드라마&영화,드라마,주간연속극,0,0,0,0.0172,0.02742,0.08065,0.23206,0,0,0.03514,0.01887,0.0347,0.20634,0.24641,"청년김두한역:안재모,소년김두한역:곽정욱,장년김두한역:김영철,장년정진영역:차광수,구마적역:이원종,쌍칼역:박준규,김무옥역:이혁재,문영철역:장세진,장년개코역:성동일,신마적역:최철호,하야시역:이창훈,가미소리역:이상인,시바루역:이세창,나미꼬역:이세은,시라소니역:조상구,최동열역:정동환,미와역:이재용,마루오까역:최재성,설향역:허영란,애란역:조여정,정운경역:심형탁,김좌진역:최동준,오숙근역:이덕희,박계숙역:전미선,원노인역:이순재,유진산역:이효정,이정재역:김영호,조병옥역:김학철,이화룡역:안승훈,청년개코역:이동훈,신영균역:윤용현,청년정진영역:김정민,김영태역:박영록,박인애역:정소영,이영숙역:이일화,김두한어린시절역:곽정욱"
20200608,CNTV,242634,251712,광개토태왕,,75회,전국,005038,드라마&영화,드라마,주말연속극,0,0,0,0.13775,0,0.01615,0.2638,0,0,0,0,0.09543,0.01465,0.09578,"담덕역:이태곤,고운역:김승수,모용보역:임호,도영역:오지은,연살타역:홍경인,약연역:이인혜,고무역:김진태,고창역:남성진,모두영역:이원발,모두루역:임대호,모용수역:김동현,풍발역:정호근,개연수역:최동준,가라지역:오욱철,연도부역:반석진,계필역:선동혁,이영역:최상훈,담망역:정태우,이련역:송용태,고야역:이보희,담주역:조안,설도안역:김규철,설지역:김정화,마수역:고인범,여소이역:임병기,돌비수역:김정현,갈사무역:강신조,도광역:박승호,소모역:강지후,여문역:나주석,모용희역:조인표,거보역:김덕현,무갑역:유종근,여석개역:방형주,황회역:김명수,원봉역:박유승,하무지역:윤승원,사갈현역:김철기,아신역:박정철"
20200608,DRAMAcube,020159,030634,낭만닥터김사부2,,4회,전국,010435,드라마&영화,드라마,미니시리즈,0,0.02531,0,0.01829,0,0.04575,0.09817,0,0.03069,0,0.01365,0.26454,0.0113,0.14026,"김사부역:한석규,서우진역:안효섭,차은재역:이성경,박민국역:김주헌,배문정역:신동욱,윤아름역:소주연,정인수역:윤나무,여운영역:김홍파,오명심역:진경,장기태역:임원희,남도일역:변우민,박은탁역:김민재,양호준역:고상호,심혜진역:박효주,허영규역:배명진,도윤완역:최진호,엄현정역:정지안,주영미역:윤보라,주지배인역:서영"
20200608,DRAMAcube,053317,063327,시크릿부티크,,8회,전국,010010,드라마&영화,드라마,미니시리즈,0,0.01019,0,0,0.06257,0.00276,0.07722,0,0,0.00698,0.04713,0.16468,0.009,0.10328,"제니장역:김선아,김여옥역:장미희,위예남역:박희본,이현지역:고민시,윤선우역:김재영,위정혁역:김태훈,위예은역:류원,차승재역:류승수,황집사역:한정수,미세스왕역:김영아,위동섭역:여무영,운산스님역:박병호,도준섭역:김법래,오태석역:주석태,이주호역:장률,박주현역:장영남,김미진역:윤지인,예준역:최동화,조양오역:임철형,이상훈역:정욱진,윤혜라역:송지우,장도윤역:박재준,우선정역:박성연,어린도영역:박서경,18세도영역:정다은,18세예남역:조민아,20세정혁역:김성현,어린선우역:이시우"
20200608,DRAMAcube,064023,074232,배가본드,,1회,전국,010209,드라마&영화,드라마,미니시리즈,0,0,0,0.00614,0.01061,0,0.07054,0,0,0,0.00113,0.10761,0,0.01084,"차달건역:이승기,고해리역:배수지,기태웅역:신성록,제시카리역:문정희,정국표역:백윤식,홍순조역:문성근,에드워드박역:이경영,강주철역:이기영,윤한기역:김민종,민재식역:정만식,공화숙역:황보라,박만영역:최광일,안기동역:김종수,김세훈역:신승환,한기수역:김민서,미키역:류원,홍승범역:김정현,릴리역:박아인,박광덕역:고규필,제롬역:유태오,김우기역:장혁진,오상미역:강경헌,김도수역:최대철"
20200608,DRAMAcube,102149,112604,굿캐스팅,,11회,전국,010415,드라마&영화,드라마,미니시리즈,0,0.00571,0,0,0,0.07356,0,0,0.00693,0,0.00228,0.0123,0.00255,0,"백찬미역:최강희,윤석호역:이상엽,임예은역:유인영,황미순역:김지영,강우원역:이준영,동관수역:이종혁,서국환역:정인기,배무혁역:박경순,간태희역:황보미,명계철역:우현,탁상기역:이상훈,옥철역:김용희,변우석역:허재호,구비서역:한수진,설영훈역:조영훈,심화란역:차수연,남봉만역:이승형,남주연역:김보윤,피철웅역:배진웅,권민석역:성혁,권소희역:노하연"
20200608,DRAMAcube,114054,124715,굿캐스팅,,12회,전국,010621,드라마&영화,드라마,미니시리즈,0,0,0,0.00815,0,0.05915,0.04718,0,0,0.01355,0,0.00984,0.05254,0.1205,"백찬미역:최강희,윤석호역:이상엽,임예은역:유인영,황미순역:김지영,강우원역:이준영,동관수역:이종혁,서국환역:정인기,배무혁역:박경순,간태희역:황보미,명계철역:우현,탁상기역:이상훈,옥철역:김용희,변우석역:허재호,구비서역:한수진,설영훈역:조영훈,심화란역:차수연,남봉만역:이승형,남주연역:김보윤,피철웅역:배진웅,권민석역:성혁,권소희역:노하연"
20200608,DramaH,020000,022434,번외수사,,4회,전국,002434,드라마&영화,드라마,미니시리즈,0,0,0,0.00942,0,0.09271,0.00238,0,0,0,0,0,0.25391,0.00356,"진강호역:차태현,강무영역:이선빈,이반석역:정상훈,테디정역:윤경호,탁원역:지승현,민대진역:박정우,맨손역:박태산,연장역:장진희,지수철역:이영석,노순이역:민경옥"
20200608,DramaH,023312,033610,영혼수선공,,10회,전국,010258,드라마&영화,드라마,미니시리즈,0,0,0,0,0.00158,0,0.00357,0,0.00145,0.00997,0,0.0017,0.01351,0.00509,"이시준역:신하균,한우주역:정소민,인동혁역:태인호,지영원역:박예진,공지선역:주민경,조인혜역:조경숙,오기태역:박수영,박대하역:정해균,이택경역:최정우,노우정역:안동구,강누리역:하영,임세찬역:장유상,공지희역:박한솔,장유미역:김가란,김영석역:김강민,송민수역:류시원"
20200608,DramaH,095002,105037,번외수사,,3회,전국,010035,드라마&영화,드라마,미니시리즈,0,0,0,0.01437,0.08506,0.00297,0.03789,0,0,0,0.00478,0,0.00321,0.05426,"진강호역:차태현,강무영역:이선빈,이반석역:정상훈,테디정역:윤경호,탁원역:지승현,민대진역:박정우,맨손역:박태산,연장역:장진희,지수철역:이영석,노순이역:민경옥"
20200608,DramaH,111123,121135,번외수사,,4회,전국,010012,드라마&영화,드라마,미니시리즈,0,0,0,0,0,0.23823,0.0732,0,0,0,0.00689,0.05652,0.197,0.11113,"진강호역:차태현,강무영역:이선빈,이반석역:정상훈,테디정역:윤경호,탁원역:지승현,민대진역:박정우,맨손역:박태산,연장역:장진희,지수철역:이영석,노순이역:민경옥"
20200608,DramaH,153633,163708,번외수사,,3회,전국,010035,드라마&영화,드라마,미니시리즈,0,0,0,0,0.02028,0.02673,0.05427,0.02896,0,0,0.01645,0.08472,0.07737,0.04316,"진강호역:차태현,강무영역:이선빈,이반석역:정상훈,테디정역:윤경호,탁원역:지승현,민대진역:박정우,맨손역:박태산,연장역:장진희,지수철역:이영석,노순이역:민경옥"
20200608,DramaH,170004,180016,번외수사,,4회,전국,010012,드라마&영화,드라마,미니시리즈,0,0,0,0,0,0,0.00609,0,0,0,0,0.11744,0.0209,0.05775,"진강호역:차태현,강무영역:이선빈,이반석역:정상훈,테디정역:윤경호,탁원역:지승현,민대진역:박정우,맨손역:박태산,연장역:장진희,지수철역:이영석,노순이역:민경옥"
20200608,DramaH,224423,234529,바람과구름과비,,5회,전국,010106,드라마&영화,드라마,미니시리즈,0,0,0,0.00636,0.01166,0.27926,0.19959,0,0,0,0.00344,0.02513,0.05903,0.24878,"최천중역:박시후,봉련역:고성희,흥선대원군이하응역:전광렬,채인규역:성혁,김병운역:김승수,김좌근역:차광수,나합역:윤아정,김병학역:한재영,조대비역:김보연,철종역:정욱,이하전역:이루,명성황후민자영역:박정연,고종이재황역:박상훈,용팔룡역:조복래,주모역:김주령,적도사진상역:한동규,팽구철역:노형욱,만석역:박노식,연치성역:임현수,반달역:왕빛나,임종사관역:허태희,최천중어린시절역:강태우,봉련어린시절역:홍승희,채인규어린시절역:최정우,상복역:허성태,민승호역:이해우,저자이병주,출판그림같은세상2020.08.28.,e북무료판매처 1건"
20200608,DramaH,240844,251330,바람과구름과비,,6회,전국,010446,드라마&영화,드라마,미니시리즈,0,0,0,0.05926,0.00444,0.51818,0.06242,0.01171,0.17833,0,0.00222,0.18932,0.29297,0.02612,"최천중역:박시후,봉련역:고성희,흥선대원군이하응역:전광렬,채인규역:성혁,김병운역:김승수,김좌근역:차광수,나합역:윤아정,김병학역:한재영,조대비역:김보연,철종역:정욱,이하전역:이루,명성황후민자영역:박정연,고종이재황역:박상훈,용팔룡역:조복래,주모역:김주령,적도사진상역:한동규,팽구철역:노형욱,만석역:박노식,연치성역:임현수,반달역:왕빛나,임종사관역:허태희,최천중어린시절역:강태우,봉련어린시절역:홍승희,채인규어린시절역:최정우,상복역:허성태,민승호역:이해우,저자이병주,출판그림같은세상2020.08.28.,e북무료판매처 1건"
20200608,DramaH,252646,255959,굿캐스팅,,11회,전국,003313,드라마&영화,드라마,미니시리즈,0,0,0,0,0,0.02645,0,0,0,0,0,0,0,0,"백찬미역:최강희,윤석호역:이상엽,임예은역:유인영,황미순역:김지영,강우원역:이준영,동관수역:이종혁,서국환역:정인기,배무혁역:박경순,간태희역:황보미,명계철역:우현,탁상기역:이상훈,옥철역:김용희,변우석역:허재호,구비서역:한수진,설영훈역:조영훈,심화란역:차수연,남봉만역:이승형,남주연역:김보윤,피철웅역:배진웅,권민석역:성혁,권소희역:노하연"
20200608,Dramax,031944,042459,너의목소리가들려,,11회,전국,010515,드라마&영화,드라마,미니시리즈,0,0,0,0,0,0.00976,0.00374,0.04028,0,0.00408,0,0.00515,0.11791,0.02639,"장혜성역:이보영,박수하역:이종석,차관우역:윤상현,서도연역:이다희,어춘심역:김해숙,민준국역:정웅인,신상덕역:윤주상,서대석역:정동환,김공숙역:김광규,황달중역:김병옥,고성빈역:김가은,최유창역:최성준,김충기역:박두식,박주혁역:조덕현,도연엄마역:장희수,어린장혜성역:김소현,어린박수하역:구승현,어린서도연역:정민아,정필재역:한기원,정필승역:한기웅,변호사역:소이현,형사역:김성균,문동희역:김수연,최윤역:김민종,고아원입양담당자역:안문숙,엄기준역:엄기준,백화점손님역:안영미,경찰역:정만식,소매치기역:강남"
20200608,Dramax,043251,053805,너의목소리가들려,,12회,전국,010514,드라마&영화,드라마,미니시리즈,0.04117,0.00416,0,0.03858,0.04763,0.05169,0.01577,0,0,0,0.01893,0.01862,0.02155,0.02971,"장혜성역:이보영,박수하역:이종석,차관우역:윤상현,서도연역:이다희,어춘심역:김해숙,민준국역:정웅인,신상덕역:윤주상,서대석역:정동환,김공숙역:김광규,황달중역:김병옥,고성빈역:김가은,최유창역:최성준,김충기역:박두식,박주혁역:조덕현,도연엄마역:장희수,어린장혜성역:김소현,어린박수하역:구승현,어린서도연역:정민아,정필재역:한기원,정필승역:한기웅,변호사역:소이현,형사역:김성균,문동희역:김수연,최윤역:김민종,고아원입양담당자역:안문숙,엄기준역:엄기준,백화점손님역:안영미,경찰역:정만식,소매치기역:강남"
20200608,E채널,062844,065907,닥터프리즈너,,17회,전국,003023,드라마&영화,드라마,미니시리즈,0.59081,0,0,0,0,0.02765,0,0,0.25942,0,0.16705,0.07205,0,0,"나이제역:남궁민,한소금역:권나라,선민식역:김병철,이재준역:최원영,이재인역:이다인,이재환역:박은석,복혜수역:이민영,오정희역:김정난,정의식역:장현성,모이라역:진희경,김상춘역:강신일,고영철역:이준혁,오철민역:박수영,김만철역:박성근,태춘호역:장준녕,신현상역:강홍석,현재민역:이용준,함길선역:이현균,나이현역:하영,한빛역:려운,최정우역:김대령,선민중역:정인겸,최동훈역:채동현,정민제역:남경읍,정세진역:배윤경,김영선역:우미화,장민석역:최덕문,김석우역:이주승,오민정역:김지은"
20200608,E채널,070020,072851,닥터프리즈너,,18회,전국,002831,드라마&영화,드라마,미니시리즈,0.60456,0,0,0.00974,0.00342,0,0.05149,0.00811,0.25942,0,0.16405,0.03452,0.00316,0.00323,"나이제역:남궁민,한소금역:권나라,선민식역:김병철,이재준역:최원영,이재인역:이다인,이재환역:박은석,복혜수역:이민영,오정희역:김정난,정의식역:장현성,모이라역:진희경,김상춘역:강신일,고영철역:이준혁,오철민역:박수영,김만철역:박성근,태춘호역:장준녕,신현상역:강홍석,현재민역:이용준,함길선역:이현균,나이현역:하영,한빛역:려운,최정우역:김대령,선민중역:정인겸,최동훈역:채동현,정민제역:남경읍,정세진역:배윤경,김영선역:우미화,장민석역:최덕문,김석우역:이주승,오민정역:김지은"
20200608,E채널,074443,081642,닥터프리즈너,,19회,전국,003159,드라마&영화,드라마,미니시리즈,0.31387,0,0,0,0.00771,0,0.04064,0,0.13782,0,0.07823,0,0,0.05796,"나이제역:남궁민,한소금역:권나라,선민식역:김병철,이재준역:최원영,이재인역:이다인,이재환역:박은석,복혜수역:이민영,오정희역:김정난,정의식역:장현성,모이라역:진희경,김상춘역:강신일,고영철역:이준혁,오철민역:박수영,김만철역:박성근,태춘호역:장준녕,신현상역:강홍석,현재민역:이용준,함길선역:이현균,나이현역:하영,한빛역:려운,최정우역:김대령,선민중역:정인겸,최동훈역:채동현,정민제역:남경읍,정세진역:배윤경,김영선역:우미화,장민석역:최덕문,김석우역:이주승,오민정역:김지은"
20200608,E채널,081755,084506,닥터프리즈너,,20회,전국,002711,드라마&영화,드라마,미니시리즈,0,0,0,0,0,0.00992,0.02319,0,0.0762,0.01003,0.01269,0,0.03469,0.04102,"나이제역:남궁민,한소금역:권나라,선민식역:김병철,이재준역:최원영,이재인역:이다인,이재환역:박은석,복혜수역:이민영,오정희역:김정난,정의식역:장현성,모이라역:진희경,김상춘역:강신일,고영철역:이준혁,오철민역:박수영,김만철역:박성근,태춘호역:장준녕,신현상역:강홍석,현재민역:이용준,함길선역:이현균,나이현역:하영,한빛역:려운,최정우역:김대령,선민중역:정인겸,최동훈역:채동현,정민제역:남경읍,정세진역:배윤경,김영선역:우미화,장민석역:최덕문,김석우역:이주승,오민정역:김지은"
20200608,FX,041446,051340,야인시대,,97회,전국,005854,드라마&영화,드라마,주간연속극,0,0,0,0,0.0025,0,0.00664,0,0,0,0,0,0.00814,0.00434,"청년김두한역:안재모,소년김두한역:곽정욱,장년김두한역:김영철,장년정진영역:차광수,구마적역:이원종,쌍칼역:박준규,김무옥역:이혁재,문영철역:장세진,장년개코역:성동일,신마적역:최철호,하야시역:이창훈,가미소리역:이상인,시바루역:이세창,나미꼬역:이세은,시라소니역:조상구,최동열역:정동환,미와역:이재용,마루오까역:최재성,설향역:허영란,애란역:조여정,정운경역:심형탁,김좌진역:최동준,오숙근역:이덕희,박계숙역:전미선,원노인역:이순재,유진산역:이효정,이정재역:김영호,조병옥역:김학철,이화룡역:안승훈,청년개코역:이동훈,신영균역:윤용현,청년정진영역:김정민,김영태역:박영록,박인애역:정소영,이영숙역:이일화,김두한어린시절역:곽정욱"
20200608,FX,085315,094223,허준,,31회,전국,004908,드라마&영화,드라마,주간연속극,0,0,0,0,0,0,0,0,0,0,0,0,0,0,"허준역:전광렬,유의태역:이순재,유도지역:김병세,예진역:황수정,임오근역:임현식,구일서역:이희도"
20200608,FX,095450,104603,허준,,32회,전국,005113,드라마&영화,드라마,주간연속극,0,0.02171,0,0,0,0.0634,0.16292,0,0,0,0.00577,0.17571,0.01041,0.2736,"허준역:전광렬,유의태역:이순재,유도지역:김병세,예진역:황수정,임오근역:임현식,구일서역:이희도"
20200608,FX,163718,174705,간택여인들의전쟁,,5회,전국,010947,드라마&영화,드라마,미니시리즈,0,0.04911,0,0,0.02715,0.22824,0.00837,0.00827,0,0.02061,0.01272,0.14392,0.00488,0.00978,"강은보역:진세연,이경역:김민규,이재화역:도상우,조영지역:이열음,왈역:이시언,김송이역:이화겸,대왕대비역:정애리,대비역:조은숙,조흥견역:이재용,김만찬역:손병호,용호역:이주진"
20200608,FX,180027,190118,야인시대,,97회,전국,010051,드라마&영화,드라마,주간연속극,0.09803,0,0,0.0151,0.02727,0,0.00191,0.05782,0,0,0.04048,0,0,0.00087,"청년김두한역:안재모,소년김두한역:곽정욱,장년김두한역:김영철,장년정진영역:차광수,구마적역:이원종,쌍칼역:박준규,김무옥역:이혁재,문영철역:장세진,장년개코역:성동일,신마적역:최철호,하야시역:이창훈,가미소리역:이상인,시바루역:이세창,나미꼬역:이세은,시라소니역:조상구,최동열역:정동환,미와역:이재용,마루오까역:최재성,설향역:허영란,애란역:조여정,정운경역:심형탁,김좌진역:최동준,오숙근역:이덕희,박계숙역:전미선,원노인역:이순재,유진산역:이효정,이정재역:김영호,조병옥역:김학철,이화룡역:안승훈,청년개코역:이동훈,신영균역:윤용현,청년정진영역:김정민,김영태역:박영록,박인애역:정소영,이영숙역:이일화,김두한어린시절역:곽정욱"
20200608,FX,201026,212013,간택여인들의전쟁,,5회,전국,010947,드라마&영화,드라마,미니시리즈,0,0,0.00289,0,0,0.14649,0.0096,0,0,0,0.00879,0,0,0.01668,"강은보역:진세연,이경역:김민규,이재화역:도상우,조영지역:이열음,왈역:이시언,김송이역:이화겸,대왕대비역:정애리,대비역:조은숙,조흥견역:이재용,김만찬역:손병호,용호역:이주진"
20200608,FX,213745,224405,간택여인들의전쟁,,6회,전국,010620,드라마&영화,드라마,미니시리즈,0,0,0,0,0.00996,0.22934,0.04415,0,0,0.1169,0.00267,0,0,0.04041,"강은보역:진세연,이경역:김민규,이재화역:도상우,조영지역:이열음,왈역:이시언,김송이역:이화겸,대왕대비역:정애리,대비역:조은숙,조흥견역:이재용,김만찬역:손병호,용호역:이주진"
20200608,FX,242937,253028,야인시대,,97회,전국,010051,드라마&영화,드라마,주간연속극,0,0,0,0,0.02783,0,0.04004,0,0,0,0,0.02918,0,0.04541,"청년김두한역:안재모,소년김두한역:곽정욱,장년김두한역:김영철,장년정진영역:차광수,구마적역:이원종,쌍칼역:박준규,김무옥역:이혁재,문영철역:장세진,장년개코역:성동일,신마적역:최철호,하야시역:이창훈,가미소리역:이상인,시바루역:이세창,나미꼬역:이세은,시라소니역:조상구,최동열역:정동환,미와역:이재용,마루오까역:최재성,설향역:허영란,애란역:조여정,정운경역:심형탁,김좌진역:최동준,오숙근역:이덕희,박계숙역:전미선,원노인역:이순재,유진산역:이효정,이정재역:김영호,조병옥역:김학철,이화룡역:안승훈,청년개코역:이동훈,신영균역:윤용현,청년정진영역:김정민,김영태역:박영록,박인애역:정소영,이영숙역:이일화,김두한어린시절역:곽정욱"
20200608,JTBC2,055228,071233,부부의세계,,6회,전국,012005,드라마&영화,드라마,미니시리즈,0.07541,0.0022,0.00285,0,0.15424,0.00155,0.02436,0.0143,0,0,0,0.12738,0.11323,0.20255,"지선우역:김희애,이태오역:박해준,여다경역:한소희,고예림역:박선영,손제혁역:김영민,설명숙역:채국희,여병규역:이경영,엄효정역:김선경,이준영역:전진서,민현서역:심은우,박인규역:이학주,마강석역:박충선,공지철역:정재성,김윤기역:이무생,하동식역:김종태,윤노을역:신수연,차해강역:정준원,최회장아내역:서이숙,공지철아내역:박미현,차도철아내역:윤인조"
20200608,JTBC2,072210,084319,부부의세계,,7회,전국,012109,드라마&영화,드라마,미니시리즈,0.12923,0,0.00285,0.04941,0.14154,0.00679,0.02389,0,0,0.0481,0.01269,0.12346,0,0.05922,"지선우역:김희애,이태오역:박해준,여다경역:한소희,고예림역:박선영,손제혁역:김영민,설명숙역:채국희,여병규역:이경영,엄효정역:김선경,이준영역:전진서,민현서역:심은우,박인규역:이학주,마강석역:박충선,공지철역:정재성,김윤기역:이무생,하동식역:김종태,윤노을역:신수연,차해강역:정준원,최회장아내역:서이숙,공지철아내역:박미현,차도철아내역:윤인조"
20200608,JTBC2,212753,223409,쌍갑포차,,5회,전국,010616,드라마&영화,드라마,미니시리즈,0.28633,0.00419,0,0.11628,0.03635,0.09639,0.08029,0,0,0.22174,0.15683,0.06118,0.19152,0.10114,"월주역:황정음,한강배역:육성재,귀반장역:최원영,염부장역:이준혁,강여린역:정다은,최진동역:안태환,송미란역:박하나,박대리역:박주형,김원형역:나인우"
20200608,JTBC2,224750,235410,쌍갑포차,,6회,전국,010620,드라마&영화,드라마,미니시리즈,0.2747,0.18552,0.04145,0.14322,0.07968,0.46989,0.15814,0,0.36077,0.50522,0.028,0.15116,0.34478,0.09824,"월주역:황정음,한강배역:육성재,귀반장역:최원영,염부장역:이준혁,강여린역:정다은,최진동역:안태환,송미란역:박하나,박대리역:박주형,김원형역:나인우"
20200608,KBS DRAMA,020000,022358,영혼수선공,,18회,전국,002358,드라마&영화,드라마,미니시리즈,0,0,0,0,0,0.01378,0,0,0,0.01886,0,0,0.00918,0.00259,"이시준역:신하균,한우주역:정소민,인동혁역:태인호,지영원역:박예진,공지선역:주민경,조인혜역:조경숙,오기태역:박수영,박대하역:정해균,이택경역:최정우,노우정역:안동구,강누리역:하영,임세찬역:장유상,공지희역:박한솔,장유미역:김가란,김영석역:김강민,송민수역:류시원"
20200608,KBS DRAMA,023550,030428,영혼수선공,,19회,전국,002838,드라마&영화,드라마,미니시리즈,0,0,0.028,0,0,0.03175,0.02735,0,0,0,0.0365,0,0.04965,0.02068,"이시준역:신하균,한우주역:정소민,인동혁역:태인호,지영원역:박예진,공지선역:주민경,조인혜역:조경숙,오기태역:박수영,박대하역:정해균,이택경역:최정우,노우정역:안동구,강누리역:하영,임세찬역:장유상,공지희역:박한솔,장유미역:김가란,김영석역:김강민,송민수역:류시원"
20200608,KBS DRAMA,030536,033700,영혼수선공,,20회,전국,003124,드라마&영화,드라마,미니시리즈,0,0,0,0,0,0.14816,0.10537,0,0,0,0,0,0,0.09637,"이시준역:신하균,한우주역:정소민,인동혁역:태인호,지영원역:박예진,공지선역:주민경,조인혜역:조경숙,오기태역:박수영,박대하역:정해균,이택경역:최정우,노우정역:안동구,강누리역:하영,임세찬역:장유상,공지희역:박한솔,장유미역:김가란,김영석역:김강민,송민수역:류시원"
20200608,KBS DRAMA,045128,051922,기막힌유산,,34회,전국,002754,드라마&영화,드라마,일일연속극,0,0,0,0,0,0.01058,0.07135,0,0,0.21014,0.11332,0,0.08465,0.15632,"부영배역:박인환,공계옥역:강세정,부설악역:신정윤,부백두역:강신조,윤민주역:이아현,부금강역:남성진,신애리역:김가연,정미희역:박순천,김용미역:이응경,부한라역:박신우,성판금역:조양자,부가온역:김비주,부태희역:김연지,부혜교역:김효경,부지현역:강유라,공소영역:김난주,이장원역:이일준,김수민역:조서후,김종두역:이춘식,차정건역:조순창,이청아역:정서하,손보미역:박민지,김영지역:주민하,강선희역:박현정,천호식역:백신,이정태역:노상보,고향숙역:박소정"
20200608,KBS DRAMA,051928,054704,기막힌유산,,35회,전국,002736,드라마&영화,드라마,일일연속극,0,0,0,0,0,0.00636,0.48716,0,0,0.2263,0.26441,0.01884,0.62223,0.38358,"부영배역:박인환,공계옥역:강세정,부설악역:신정윤,부백두역:강신조,윤민주역:이아현,부금강역:남성진,신애리역:김가연,정미희역:박순천,김용미역:이응경,부한라역:박신우,성판금역:조양자,부가온역:김비주,부태희역:김연지,부혜교역:김효경,부지현역:강유라,공소영역:김난주,이장원역:이일준,김수민역:조서후,김종두역:이춘식,차정건역:조순창,이청아역:정서하,손보미역:박민지,김영지역:주민하,강선희역:박현정,천호식역:백신,이정태역:노상보,고향숙역:박소정"
20200608,KBS DRAMA,055050,062454,위험한약속,,43회,전국,003404,드라마&영화,드라마,일일연속극,0,0.16715,0,0.13774,0,0.17498,0.62452,0,0,0.02109,0.25428,0.22142,0.55511,0.40199,"차은동역:박하나,강태인역:고세원,최준혁역:강성민,오혜원역:박영린,한지훈역:이창욱,차만종역:이대연,차은찬역:유준서,공영심역:유지연,봉석구역:현우섭,강일섭역:강신일,연두심역:이칸희,한광훈역:길용우,한서주역:김혜지,최명희역:김나운,고재숙역:윤복인,최영국역:송민형,민주란역:오영실,최준경역:이효나,이창욱역:김정운"
20200608,KBS DRAMA,062500,065857,위험한약속,,44회,전국,003357,드라마&영화,드라마,일일연속극,0,0.52374,0,0.10677,0.14981,0.25388,0.49513,0,0,0.0204,0,0.63527,0.07415,0.72908,"차은동역:박하나,강태인역:고세원,최준혁역:강성민,오혜원역:박영린,한지훈역:이창욱,차만종역:이대연,차은찬역:유준서,공영심역:유지연,봉석구역:현우섭,강일섭역:강신일,연두심역:이칸희,한광훈역:길용우,한서주역:김혜지,최명희역:김나운,고재숙역:윤복인,최영국역:송민형,민주란역:오영실,최준경역:이효나,이창욱역:김정운"
20200608,KBS DRAMA,070958,074358,위험한약속,,45회,전국,003400,드라마&영화,드라마,일일연속극,0.29756,0.51332,0,0.08819,0.1643,0.25347,0.56861,0,0,0.1734,0.07361,0.8066,0.0499,1.02429,"차은동역:박하나,강태인역:고세원,최준혁역:강성민,오혜원역:박영린,한지훈역:이창욱,차만종역:이대연,차은찬역:유준서,공영심역:유지연,봉석구역:현우섭,강일섭역:강신일,연두심역:이칸희,한광훈역:길용우,한서주역:김혜지,최명희역:김나운,고재숙역:윤복인,최영국역:송민형,민주란역:오영실,최준경역:이효나,이창욱역:김정운"
20200608,KBS DRAMA,074404,081754,위험한약속,,46회,전국,003350,드라마&영화,드라마,일일연속극,0.87346,0.61869,0,0.14883,0.31643,0.36181,0.88173,0,0,0.1734,0.38147,1.0775,0.13656,1.43416,"차은동역:박하나,강태인역:고세원,최준혁역:강성민,오혜원역:박영린,한지훈역:이창욱,차만종역:이대연,차은찬역:유준서,공영심역:유지연,봉석구역:현우섭,강일섭역:강신일,연두심역:이칸희,한광훈역:길용우,한서주역:김혜지,최명희역:김나운,고재숙역:윤복인,최영국역:송민형,민주란역:오영실,최준경역:이효나,이창욱역:김정운"
20200608,KBS DRAMA,081800,085147,위험한약속,,47회,전국,003347,드라마&영화,드라마,일일연속극,0.67421,0.25377,0.00646,0.08917,0.16846,0.43452,0.47043,0.12358,0,0.1734,0.28859,0.61054,0.26511,1.00557,"차은동역:박하나,강태인역:고세원,최준혁역:강성민,오혜원역:박영린,한지훈역:이창욱,차만종역:이대연,차은찬역:유준서,공영심역:유지연,봉석구역:현우섭,강일섭역:강신일,연두심역:이칸희,한광훈역:길용우,한서주역:김혜지,최명희역:김나운,고재숙역:윤복인,최영국역:송민형,민주란역:오영실,최준경역:이효나,이창욱역:김정운"
20200608,KBS DRAMA,090542,094411,한번다녀왔습니다,,41회,전국,003829,드라마&영화,드라마,주말연속극,0,0,0.05244,0.00252,0,0.39741,0.31763,0.16807,0,0.0867,0,0.58258,0.57694,0.48022,"송영달역:천호진,장옥분역:차화연,최윤정역:김보연,강초연역:이정은,송나희역:이민정,윤규진역:이상엽,송준선역:오대환,송가희역:오윤아,송다희역:이초희,양치수역:안길강,장옥자역:백지원,성현경역:임정은,윤재석역:이상이,박효신역:기도훈,김지훈역:문우진,이주리역:김소라,김가연역:송다은,건어물역:신미영,꽈배기역:김가영,송서영역:이가연,송서진역:안서연,이정록역:알렉스,유보영역:손성윤,유시후역:송민재,박지연역:신수정,한기영역:강유석,홍성우역:김현목,신혜정역:김미은,심정희역:이상경,오연지역:한봄,오정봉역:오의식,이종수역:장원혁,김승현역:배호근,송이역:김주영,지원역:찬희,이현역:이필모"
20200608,KBS DRAMA,094519,101603,한번다녀왔습니다,,42회,전국,003044,드라마&영화,드라마,주말연속극,0,0,0.00579,0,0,0.48676,0.40105,0.16807,0.01918,0.02955,0.02643,0.60794,0.76885,0.63734,"송영달역:천호진,장옥분역:차화연,최윤정역:김보연,강초연역:이정은,송나희역:이민정,윤규진역:이상엽,송준선역:오대환,송가희역:오윤아,송다희역:이초희,양치수역:안길강,장옥자역:백지원,성현경역:임정은,윤재석역:이상이,박효신역:기도훈,김지훈역:문우진,이주리역:김소라,김가연역:송다은,건어물역:신미영,꽈배기역:김가영,송서영역:이가연,송서진역:안서연,이정록역:알렉스,유보영역:손성윤,유시후역:송민재,박지연역:신수정,한기영역:강유석,홍성우역:김현목,신혜정역:김미은,심정희역:이상경,오연지역:한봄,오정봉역:오의식,이종수역:장원혁,김승현역:배호근,송이역:김주영,지원역:찬희,이현역:이필모"
20200608,KBS DRAMA,102957,110730,한번다녀왔습니다,,43회,전국,003733,드라마&영화,드라마,주말연속극,0,0.02137,0.00575,0.06896,0.4541,0.41431,0.35767,0.16807,0,0,0.05755,0.62644,0.80951,0.68766,"송영달역:천호진,장옥분역:차화연,최윤정역:김보연,강초연역:이정은,송나희역:이민정,윤규진역:이상엽,송준선역:오대환,송가희역:오윤아,송다희역:이초희,양치수역:안길강,장옥자역:백지원,성현경역:임정은,윤재석역:이상이,박효신역:기도훈,김지훈역:문우진,이주리역:김소라,김가연역:송다은,건어물역:신미영,꽈배기역:김가영,송서영역:이가연,송서진역:안서연,이정록역:알렉스,유보영역:손성윤,유시후역:송민재,박지연역:신수정,한기영역:강유석,홍성우역:김현목,신혜정역:김미은,심정희역:이상경,오연지역:한봄,오정봉역:오의식,이종수역:장원혁,김승현역:배호근,송이역:김주영,지원역:찬희,이현역:이필모"
20200608,KBS DRAMA,110838,114025,한번다녀왔습니다,,44회,전국,003147,드라마&영화,드라마,주말연속극,0,0.57329,0,0.21856,0.38077,0.86942,0.65407,0.16807,0.07337,0,0.35869,0.9298,1.40521,1.01385,"송영달역:천호진,장옥분역:차화연,최윤정역:김보연,강초연역:이정은,송나희역:이민정,윤규진역:이상엽,송준선역:오대환,송가희역:오윤아,송다희역:이초희,양치수역:안길강,장옥자역:백지원,성현경역:임정은,윤재석역:이상이,박효신역:기도훈,김지훈역:문우진,이주리역:김소라,김가연역:송다은,건어물역:신미영,꽈배기역:김가영,송서영역:이가연,송서진역:안서연,이정록역:알렉스,유보영역:손성윤,유시후역:송민재,박지연역:신수정,한기영역:강유석,홍성우역:김현목,신혜정역:김미은,심정희역:이상경,오연지역:한봄,오정봉역:오의식,이종수역:장원혁,김승현역:배호근,송이역:김주영,지원역:찬희,이현역:이필모"
20200608,KBS DRAMA,163258,171127,한번다녀왔습니다,,41회,전국,003829,드라마&영화,드라마,주말연속극,0,0.47279,0.1669,0.24577,0.31641,0.45312,0.90432,0,0,0.10357,0.46543,0.54882,1.35874,0.53304,"송영달역:천호진,장옥분역:차화연,최윤정역:김보연,강초연역:이정은,송나희역:이민정,윤규진역:이상엽,송준선역:오대환,송가희역:오윤아,송다희역:이초희,양치수역:안길강,장옥자역:백지원,성현경역:임정은,윤재석역:이상이,박효신역:기도훈,김지훈역:문우진,이주리역:김소라,김가연역:송다은,건어물역:신미영,꽈배기역:김가영,송서영역:이가연,송서진역:안서연,이정록역:알렉스,유보영역:손성윤,유시후역:송민재,박지연역:신수정,한기영역:강유석,홍성우역:김현목,신혜정역:김미은,심정희역:이상경,오연지역:한봄,오정봉역:오의식,이종수역:장원혁,김승현역:배호근,송이역:김주영,지원역:찬희,이현역:이필모"
20200608,KBS DRAMA,171237,174320,한번다녀왔습니다,,42회,전국,003043,드라마&영화,드라마,주말연속극,0,0.1571,0.14397,0.30961,0.21767,0.43364,0.74851,0,0.33486,0.57105,0.09714,0.62603,1.88858,0.6216,"송영달역:천호진,장옥분역:차화연,최윤정역:김보연,강초연역:이정은,송나희역:이민정,윤규진역:이상엽,송준선역:오대환,송가희역:오윤아,송다희역:이초희,양치수역:안길강,장옥자역:백지원,성현경역:임정은,윤재석역:이상이,박효신역:기도훈,김지훈역:문우진,이주리역:김소라,김가연역:송다은,건어물역:신미영,꽈배기역:김가영,송서영역:이가연,송서진역:안서연,이정록역:알렉스,유보영역:손성윤,유시후역:송민재,박지연역:신수정,한기영역:강유석,홍성우역:김현목,신혜정역:김미은,심정희역:이상경,오연지역:한봄,오정봉역:오의식,이종수역:장원혁,김승현역:배호근,송이역:김주영,지원역:찬희,이현역:이필모"
20200608,KBS DRAMA,175708,183440,한번다녀왔습니다,,43회,전국,003732,드라마&영화,드라마,주말연속극,0,0.72918,0.10228,0.01688,0.50706,0.60213,0.44836,0,0,0.95412,0.39109,0.58466,1.43434,0.86979,"송영달역:천호진,장옥분역:차화연,최윤정역:김보연,강초연역:이정은,송나희역:이민정,윤규진역:이상엽,송준선역:오대환,송가희역:오윤아,송다희역:이초희,양치수역:안길강,장옥자역:백지원,성현경역:임정은,윤재석역:이상이,박효신역:기도훈,김지훈역:문우진,이주리역:김소라,김가연역:송다은,건어물역:신미영,꽈배기역:김가영,송서영역:이가연,송서진역:안서연,이정록역:알렉스,유보영역:손성윤,유시후역:송민재,박지연역:신수정,한기영역:강유석,홍성우역:김현목,신혜정역:김미은,심정희역:이상경,오연지역:한봄,오정봉역:오의식,이종수역:장원혁,김승현역:배호근,송이역:김주영,지원역:찬희,이현역:이필모"
20200608,KBS DRAMA,183550,190736,한번다녀왔습니다,,44회,전국,003146,드라마&영화,드라마,주말연속극,0,0,0.18824,0.11631,0.19995,0.57085,0.35037,0,0.11332,0.23741,0.92259,0.44531,1.08087,0.66,"송영달역:천호진,장옥분역:차화연,최윤정역:김보연,강초연역:이정은,송나희역:이민정,윤규진역:이상엽,송준선역:오대환,송가희역:오윤아,송다희역:이초희,양치수역:안길강,장옥자역:백지원,성현경역:임정은,윤재석역:이상이,박효신역:기도훈,김지훈역:문우진,이주리역:김소라,김가연역:송다은,건어물역:신미영,꽈배기역:김가영,송서영역:이가연,송서진역:안서연,이정록역:알렉스,유보영역:손성윤,유시후역:송민재,박지연역:신수정,한기영역:강유석,홍성우역:김현목,신혜정역:김미은,심정희역:이상경,오연지역:한봄,오정봉역:오의식,이종수역:장원혁,김승현역:배호근,송이역:김주영,지원역:찬희,이현역:이필모"
20200608,KBS DRAMA,243047,250110,본어게인,,29회,전국,003023,드라마&영화,드라마,미니시리즈,0,0.05133,0.0096,0,0.12351,0.0841,0.02933,0,0.12971,0.10119,0.26441,0.30499,0.10559,0.10024,"공지철역:장기용,천종범역:장기용,정하은역:진세연,정사빈역:진세연,차형빈역:이수혁,김수혁역:이수혁,장혜미역:김정난,천석태역:최광일,주인도역:장원영,백상아역:이서엘,서태하역:최대철,서영역:한해림,제이역:차민지,공인우역:정인겸,장혜미역:위지연,천석태역:조덕회"
20200608,KBS DRAMA,250220,253322,본어게인,,30회,전국,003102,드라마&영화,드라마,미니시리즈,0,0,0,0,0.11935,0.02111,0,0,0,0,0.44636,0.08496,0.02487,0.01261,"공지철역:장기용,천종범역:장기용,정하은역:진세연,정사빈역:진세연,차형빈역:이수혁,김수혁역:이수혁,장혜미역:김정난,천석태역:최광일,주인도역:장원영,백상아역:이서엘,서태하역:최대철,서영역:한해림,제이역:차민지,공인우역:정인겸,장혜미역:위지연,천석태역:조덕회"
20200608,KBS W,020320,024845,젊은이의양지,,35회,전국,004525,드라마&영화,드라마,주말연속극,0,0,0,0.00705,0,0,0.06846,0,0,0,0.00967,0,0,0.05891,"저자서,출판하북스2020.11.04.,e북900원판매처 4건,저자시어도어드라이저,출판일신서적출판사1995.06.01.,도서10,800원판매처 5건,저자시어도어드라이저,출판일신서적출판사1995.06.01.,리뷰1건,도서10,800원판매처 2건,저자시어도어드라이저,출판범우사1989.02.01.,저자시어도어드라이저,출판범우사1989.02.01.,저자시어도어드라이저,출판숨은책1995.10.01.,리뷰1건"
20200608,KBS W,025941,034744,젊은이의양지,,36회,전국,004803,드라마&영화,드라마,주말연속극,0,0,0,0,0,0,0.001,0,0,0,0,0,0,0,"저자서,출판하북스2020.11.04.,e북900원판매처 4건,저자시어도어드라이저,출판일신서적출판사1995.06.01.,도서10,800원판매처 5건,저자시어도어드라이저,출판일신서적출판사1995.06.01.,리뷰1건,도서10,800원판매처 2건,저자시어도어드라이저,출판범우사1989.02.01.,저자시어도어드라이저,출판범우사1989.02.01.,저자시어도어드라이저,출판숨은책1995.10.01.,리뷰1건"
20200608,KBS W,055521,062934,뻐꾸기둥지,,77회,전국,003413,드라마&영화,드라마,일일연속극,0,0.01734,0,0.0526,0,0.00829,0.13941,0,0,0.01095,0,0,0.00811,0.02152,"백연희역:장서희,정병국역:황동주,이화영역:이채영,유성빈역:김경남,백철역:임채무,홍금옥역:엄유신,백준희역:손승우,정진우역:정지훈,이명운역:현우성,곽희자역:서권순,정진숙역:지수원,정유미역:김민좌,오기섭역:이정훈,배추자역:박준금,배찬식역:전노민,이공희역:한경선,이소라역:전민서,최상두역:이창욱,직원역:이하나,이동현역:정민진,소진역:김리원,순남역:허인영,이상순역:이숙,사기꾼역:지상렬,이소라어린시절역:박지소"
20200608,KBS W,062941,070401,뻐꾸기둥지,,78회,전국,003420,드라마&영화,드라마,일일연속극,0,0,0,0.01814,0.01999,0.0659,0.05866,0,0,0,0.02743,0,0,0.0767,"백연희역:장서희,정병국역:황동주,이화영역:이채영,유성빈역:김경남,백철역:임채무,홍금옥역:엄유신,백준희역:손승우,정진우역:정지훈,이명운역:현우성,곽희자역:서권순,정진숙역:지수원,정유미역:김민좌,오기섭역:이정훈,배추자역:박준금,배찬식역:전노민,이공희역:한경선,이소라역:전민서,최상두역:이창욱,직원역:이하나,이동현역:정민진,소진역:김리원,순남역:허인영,이상순역:이숙,사기꾼역:지상렬,이소라어린시절역:박지소"
20200608,KBS W,071502,074927,뻐꾸기둥지,,79회,전국,003425,드라마&영화,드라마,일일연속극,0,0,0,0.07273,0,0,0,0,0,0,0,0,0,0,"백연희역:장서희,정병국역:황동주,이화영역:이채영,유성빈역:김경남,백철역:임채무,홍금옥역:엄유신,백준희역:손승우,정진우역:정지훈,이명운역:현우성,곽희자역:서권순,정진숙역:지수원,정유미역:김민좌,오기섭역:이정훈,배추자역:박준금,배찬식역:전노민,이공희역:한경선,이소라역:전민서,최상두역:이창욱,직원역:이하나,이동현역:정민진,소진역:김리원,순남역:허인영,이상순역:이숙,사기꾼역:지상렬,이소라어린시절역:박지소"
20200608,KBS W,074934,082347,뻐꾸기둥지,,80회,전국,003413,드라마&영화,드라마,일일연속극,0,0,0,0.0362,0,0,0.00244,0,0,0.01627,0.01085,0.0277,0,0,"백연희역:장서희,정병국역:황동주,이화영역:이채영,유성빈역:김경남,백철역:임채무,홍금옥역:엄유신,백준희역:손승우,정진우역:정지훈,이명운역:현우성,곽희자역:서권순,정진숙역:지수원,정유미역:김민좌,오기섭역:이정훈,배추자역:박준금,배찬식역:전노민,이공희역:한경선,이소라역:전민서,최상두역:이창욱,직원역:이하나,이동현역:정민진,소진역:김리원,순남역:허인영,이상순역:이숙,사기꾼역:지상렬,이소라어린시절역:박지소"
20200608,KBS W,095409,105423,부부클리닉사랑과전쟁,,394회,전국,010014,드라마&영화,드라마,단막극,0,0,0,0.00313,0,0,0.05582,0,0,0.01047,0,0.13798,0.01965,0.05739,"이재만,민지영,최영완,이정수,장가현,손유경,이준우"
20200608,KBS W,110524,120622,부부클리닉사랑과전쟁,,395회,전국,010058,드라마&영화,드라마,단막극,0.45774,0,0.13884,0.15497,0.00192,0.08202,0.02147,0,0.01065,0,0.16874,0.0026,0.05904,0.14738,"이재만,민지영,최영완,이정수,장가현,손유경,이준우"
20200608,KBS W,122029,132156,넝쿨째굴러온당신,,3회,전국,010127,드라마&영화,드라마,주말연속극,0.18546,0,0,0.02264,0,0.07968,0.04187,0,0,0,0.01629,0,0,0.07046,"차윤희역:김남주,방귀남역:유준상,엄청애역:윤여정,방장수역:장용,전막례역:강부자,한만희역:김영란,차세중역:김용희,민지영역:진경,차세광역:강민혁,엄보애역:유지인,엄순애역:양희경,방일숙역:양정아,방이숙역:조윤희,방말숙역:오연서,장양실역:나영희,방정배역:김상호,고옥역:심이영,방장군역:곽동연,천재용역:이희준,윤빈역:김원준,남남구역:김형범,고시생역:김승우,예능국PD역:김준현,라디오DJ역:양희은,홍은희역:홍은희,송수지역:박수진,매니저역:이수근,목사역:지진희,차태봉역:차태현,성시갱역:성시경,노래강사역:이종박,한규현역:강동호,태영역:김형진,지피디역:곽민석,강혜수역:최윤소,동대문옷가게상인역:탁재훈,소개팅남역:이정신,유신혜역:유인영,지환역:이도현,김장훈역:김장훈,뚱보아버지역:유민상,뚱보아들역:김수영,인기여배우역:이혜영,인기남배우역:송준근,심사위원역:김종민,막장모녀엄마역:정경미,막장모녀딸역:박소영,신세경역:신세경,재용첫째누나역:김서형,재용둘째누나역:조민아,재용막내누나역:이제인,호들갑남역:공형진,라디오DJ역:박소현,귀남의양아버지역:길용우,귀남의양어머니역:김창숙,천재용아버지역:이재용,배PD역:이지영,방귀남어린시절역:홍현택"
20200608,KBS W,133257,143431,넝쿨째굴러온당신,,4회,전국,010134,드라마&영화,드라마,주말연속극,0,0,0,0,0.00374,0,0.03854,0,0,0,0,0.02822,0.0027,0.08003,"차윤희역:김남주,방귀남역:유준상,엄청애역:윤여정,방장수역:장용,전막례역:강부자,한만희역:김영란,차세중역:김용희,민지영역:진경,차세광역:강민혁,엄보애역:유지인,엄순애역:양희경,방일숙역:양정아,방이숙역:조윤희,방말숙역:오연서,장양실역:나영희,방정배역:김상호,고옥역:심이영,방장군역:곽동연,천재용역:이희준,윤빈역:김원준,남남구역:김형범,고시생역:김승우,예능국PD역:김준현,라디오DJ역:양희은,홍은희역:홍은희,송수지역:박수진,매니저역:이수근,목사역:지진희,차태봉역:차태현,성시갱역:성시경,노래강사역:이종박,한규현역:강동호,태영역:김형진,지피디역:곽민석,강혜수역:최윤소,동대문옷가게상인역:탁재훈,소개팅남역:이정신,유신혜역:유인영,지환역:이도현,김장훈역:김장훈,뚱보아버지역:유민상,뚱보아들역:김수영,인기여배우역:이혜영,인기남배우역:송준근,심사위원역:김종민,막장모녀엄마역:정경미,막장모녀딸역:박소영,신세경역:신세경,재용첫째누나역:김서형,재용둘째누나역:조민아,재용막내누나역:이제인,호들갑남역:공형진,라디오DJ역:박소현,귀남의양아버지역:길용우,귀남의양어머니역:김창숙,천재용아버지역:이재용,배PD역:이지영,방귀남어린시절역:홍현택"
20200608,KBS W,144841,151635,기막힌유산,,32회,전국,002754,드라마&영화,드라마,일일연속극,0,0,0,0,0,0.14115,0.11888,0,0,0,0,0,0.00425,0.2124,"부영배역:박인환,공계옥역:강세정,부설악역:신정윤,부백두역:강신조,윤민주역:이아현,부금강역:남성진,신애리역:김가연,정미희역:박순천,김용미역:이응경,부한라역:박신우,성판금역:조양자,부가온역:김비주,부태희역:김연지,부혜교역:김효경,부지현역:강유라,공소영역:김난주,이장원역:이일준,김수민역:조서후,김종두역:이춘식,차정건역:조순창,이청아역:정서하,손보미역:박민지,김영지역:주민하,강선희역:박현정,천호식역:백신,이정태역:노상보,고향숙역:박소정"
20200608,KBS W,151642,154423,기막힌유산,,33회,전국,002741,드라마&영화,드라마,일일연속극,0,0,0,0,0,0.14115,0.10467,0,0,0,0,0,0.00243,0.17685,"부영배역:박인환,공계옥역:강세정,부설악역:신정윤,부백두역:강신조,윤민주역:이아현,부금강역:남성진,신애리역:김가연,정미희역:박순천,김용미역:이응경,부한라역:박신우,성판금역:조양자,부가온역:김비주,부태희역:김연지,부혜교역:김효경,부지현역:강유라,공소영역:김난주,이장원역:이일준,김수민역:조서후,김종두역:이춘식,차정건역:조순창,이청아역:정서하,손보미역:박민지,김영지역:주민하,강선희역:박현정,천호식역:백신,이정태역:노상보,고향숙역:박소정"
20200608,KBS W,155523,162315,기막힌유산,,34회,전국,002752,드라마&영화,드라마,일일연속극,0,0,0,0,0,0.14115,0.084,0,0,0,0,0,0.01368,0.21511,"부영배역:박인환,공계옥역:강세정,부설악역:신정윤,부백두역:강신조,윤민주역:이아현,부금강역:남성진,신애리역:김가연,정미희역:박순천,김용미역:이응경,부한라역:박신우,성판금역:조양자,부가온역:김비주,부태희역:김연지,부혜교역:김효경,부지현역:강유라,공소영역:김난주,이장원역:이일준,김수민역:조서후,김종두역:이춘식,차정건역:조순창,이청아역:정서하,손보미역:박민지,김영지역:주민하,강선희역:박현정,천호식역:백신,이정태역:노상보,고향숙역:박소정"
20200608,KBS W,162322,165056,기막힌유산,,35회,전국,002734,드라마&영화,드라마,일일연속극,0,0,0,0.00471,0.01499,0.15629,0.0695,0,0,0,0,0.00401,0.01803,0.17119,"부영배역:박인환,공계옥역:강세정,부설악역:신정윤,부백두역:강신조,윤민주역:이아현,부금강역:남성진,신애리역:김가연,정미희역:박순천,김용미역:이응경,부한라역:박신우,성판금역:조양자,부가온역:김비주,부태희역:김연지,부혜교역:김효경,부지현역:강유라,공소영역:김난주,이장원역:이일준,김수민역:조서후,김종두역:이춘식,차정건역:조순창,이청아역:정서하,손보미역:박민지,김영지역:주민하,강선희역:박현정,천호식역:백신,이정태역:노상보,고향숙역:박소정"
20200608,KBS W,170318,173723,위험한약속,,44회,전국,003405,드라마&영화,드라마,일일연속극,0,0.01798,0.09833,0,0.02373,0,0.0099,0,0,0,0,0,0.11188,0.0413,"차은동역:박하나,강태인역:고세원,최준혁역:강성민,오혜원역:박영린,한지훈역:이창욱,차만종역:이대연,차은찬역:유준서,공영심역:유지연,봉석구역:현우섭,강일섭역:강신일,연두심역:이칸희,한광훈역:길용우,한서주역:김혜지,최명희역:김나운,고재숙역:윤복인,최영국역:송민형,민주란역:오영실,최준경역:이효나,이창욱역:김정운"
20200608,KBS W,173730,181122,위험한약속,,45회,전국,003352,드라마&영화,드라마,일일연속극,0,0.0741,0.11529,0.00367,0,0,0.04621,0,0,0.00537,0,0.01521,0.01861,0.03162,"차은동역:박하나,강태인역:고세원,최준혁역:강성민,오혜원역:박영린,한지훈역:이창욱,차만종역:이대연,차은찬역:유준서,공영심역:유지연,봉석구역:현우섭,강일섭역:강신일,연두심역:이칸희,한광훈역:길용우,한서주역:김혜지,최명희역:김나운,고재숙역:윤복인,최영국역:송민형,민주란역:오영실,최준경역:이효나,이창욱역:김정운"
20200608,KBS W,182220,185616,위험한약속,,46회,전국,003356,드라마&영화,드라마,일일연속극,0,0,0.05086,0.04735,0.01119,0.13011,0.09688,0,0,0.00539,0,0.01849,0.00414,0.15385,"차은동역:박하나,강태인역:고세원,최준혁역:강성민,오혜원역:박영린,한지훈역:이창욱,차만종역:이대연,차은찬역:유준서,공영심역:유지연,봉석구역:현우섭,강일섭역:강신일,연두심역:이칸희,한광훈역:길용우,한서주역:김혜지,최명희역:김나운,고재숙역:윤복인,최영국역:송민형,민주란역:오영실,최준경역:이효나,이창욱역:김정운"
20200608,KBS W,185623,193009,위험한약속,,47회,전국,003346,드라마&영화,드라마,일일연속극,0,0.01382,0.11529,0.11538,0.01284,0.04722,0.07461,0,0.01243,0.01162,0.01342,0.0827,0.02776,0.08892,"차은동역:박하나,강태인역:고세원,최준혁역:강성민,오혜원역:박영린,한지훈역:이창욱,차만종역:이대연,차은찬역:유준서,공영심역:유지연,봉석구역:현우섭,강일섭역:강신일,연두심역:이칸희,한광훈역:길용우,한서주역:김혜지,최명희역:김나운,고재숙역:윤복인,최영국역:송민형,민주란역:오영실,최준경역:이효나,이창욱역:김정운"
20200608,KBS W,220931,231342,부부클리닉사랑과전쟁2,,121회,전국,010411,드라마&영화,드라마,단막극,0.00623,0,0.13357,0,0.04875,0.07664,0.07992,0.00367,0,0.38353,0.02417,0.03001,0.10489,0.11176,"이재만,민지영,최영완,이정수,장가현,손유경,이준우"
20200608,KBS W,232436,243120,부부클리닉사랑과전쟁2,,122회,전국,010644,드라마&영화,드라마,단막극,0.01208,0,0,0,0.0372,0.03545,0.00021,0.00713,0.03591,0.01207,0.00302,0.05953,0.00605,0.07504,"이재만,민지영,최영완,이정수,장가현,손유경,이준우"
20200608,KBS W,244220,251004,기막힌유산,,35회,전국,002744,드라마&영화,드라마,일일연속극,0,0,0,0,0,0.00536,0.01981,0,0,0.20463,0,0,0.02377,0.08055,"부영배역:박인환,공계옥역:강세정,부설악역:신정윤,부백두역:강신조,윤민주역:이아현,부금강역:남성진,신애리역:김가연,정미희역:박순천,김용미역:이응경,부한라역:박신우,성판금역:조양자,부가온역:김비주,부태희역:김연지,부혜교역:김효경,부지현역:강유라,공소영역:김난주,이장원역:이일준,김수민역:조서후,김종두역:이춘식,차정건역:조순창,이청아역:정서하,손보미역:박민지,김영지역:주민하,강선희역:박현정,천호식역:백신,이정태역:노상보,고향숙역:박소정"
20200608,KBS W,251011,253757,기막힌유산,,36회,전국,002746,드라마&영화,드라마,일일연속극,0,0,0,0.00772,0,0.01946,0.01086,0,0,0.28649,0.01059,0,0.02412,0.11022,"부영배역:박인환,공계옥역:강세정,부설악역:신정윤,부백두역:강신조,윤민주역:이아현,부금강역:남성진,신애리역:김가연,정미희역:박순천,김용미역:이응경,부한라역:박신우,성판금역:조양자,부가온역:김비주,부태희역:김연지,부혜교역:김효경,부지현역:강유라,공소영역:김난주,이장원역:이일준,김수민역:조서후,김종두역:이춘식,차정건역:조순창,이청아역:정서하,손보미역:박민지,김영지역:주민하,강선희역:박현정,천호식역:백신,이정태역:노상보,고향숙역:박소정"
20200608,KBS W,255059,255959,위험한약속,,46회,전국,000900,드라마&영화,드라마,일일연속극,0,0,0,0,0,0,0,0,0,0,0,0,0,0.07089,"차은동역:박하나,강태인역:고세원,최준혁역:강성민,오혜원역:박영린,한지훈역:이창욱,차만종역:이대연,차은찬역:유준서,공영심역:유지연,봉석구역:현우섭,강일섭역:강신일,연두심역:이칸희,한광훈역:길용우,한서주역:김혜지,최명희역:김나운,고재숙역:윤복인,최영국역:송민형,민주란역:오영실,최준경역:이효나,이창욱역:김정운"
20200608,K-STAR,124301,134741,부부클리닉사랑과전쟁,,414회,전국,010440,드라마&영화,드라마,주간연속극,0.34667,0.05153,0.02831,0.23155,0,0.13268,0.19004,0,0,0,0.19746,0.04585,0.13001,0.11043,"이재만,민지영,최영완,이정수,장가현,손유경,이준우"
20200608,K-STAR,152406,165221,부부의세계,,5회,전국,012815,드라마&영화,드라마,미니시리즈,0.1058,0,0.01134,0.06078,0.00243,0,0.08981,0,0.01072,0.07909,0.19504,0.02076,0.00714,0.17583,"지선우역:김희애,이태오역:박해준,여다경역:한소희,고예림역:박선영,손제혁역:김영민,설명숙역:채국희,여병규역:이경영,엄효정역:김선경,이준영역:전진서,민현서역:심은우,박인규역:이학주,마강석역:박충선,공지철역:정재성,김윤기역:이무생,하동식역:김종태,윤노을역:신수연,차해강역:정준원,최회장아내역:서이숙,공지철아내역:박미현,차도철아내역:윤인조"
20200608,K-STAR,213330,223810,부부클리닉사랑과전쟁,,414회,전국,010440,드라마&영화,드라마,주간연속극,0,0.12842,0,0,0.0081,0.11065,0.22851,0,0.02733,0.0239,0.00535,0.01685,0.193,0.12368,"이재만,민지영,최영완,이정수,장가현,손유경,이준우"
20200608,KTV,061105,065955,전원일기,,769회,전국,004850,드라마&영화,드라마,주말연속극,0,0,0,0,0,0,0.09196,0,0,0,0.01305,0,0.00402,0.09025,"최불암,김혜자,김용건,김수미,고두심,유인촌,정대홍"
20200608,KTV,205942,212231,파랑새는있다,<1부>,21회,전국,002249,드라마&영화,드라마,주간연속극,0,0,0,0,0,0,0.19728,0,0,0,0,0,0,0.22026,"이상인,정선경,백윤식,송경철,박남현,한진희,동방우,양금석"
20200608,KTV,212429,214922,파랑새는있다,<2부>,21회,전국,002453,드라마&영화,드라마,주간연속극,0,0,0.02409,0,0,0,0.24981,0,0,0,0,0,0.0131,0.3136,"이상인,정선경,백윤식,송경철,박남현,한진희,동방우,양금석"
20200608,KTV,215108,221132,전원일기,<1부>,393회,전국,002024,드라마&영화,드라마,주말연속극,0,0.39187,0.37057,0.09241,0.12543,0.3962,0.42581,0,0,0,0,0.10545,0.24466,0.50713,"최불암,김혜자,김용건,김수미,고두심,유인촌,정대홍"
20200608,KTV,221252,223755,전원일기,<2부>,393회,전국,002503,드라마&영화,드라마,주말연속극,0.01893,0,0.37794,0.12938,0.00559,0.48941,0.42751,0,0,0.08807,0,0.00494,0.2646,0.54106,"최불암,김혜자,김용건,김수미,고두심,유인촌,정대홍"
20200608,KTV,223835,230816,바람은불어도,,119회,전국,002941,드라마&영화,드라마,주간연속극,0,0,0.18949,0,0,0.11279,0.0749,0,0,0.18333,0,0,0.05317,0.1388,"최수종,유호정,윤손하,송나영,송기윤,나문희"
20200608,KTV,231115,233645,바람은불어도,,120회,전국,002530,드라마&영화,드라마,주간연속극,0,0,0.15603,0,0,0.0983,0.04333,0,0,0.18333,0,0,0.0373,0.10072,"최수종,유호정,윤손하,송나영,송기윤,나문희"
20200608,KTV,243115,251844,파랑새는있다,,21회,전국,004729,드라마&영화,드라마,주간연속극,0,0,0.02275,0,0,0.01434,0.01102,0,0,0,0,0,0.00544,0.0889,"이상인,정선경,백윤식,송경철,박남현,한진희,동방우,양금석"
20200608,KTV,255147,255959,전원일기,,393회,전국,000812,드라마&영화,드라마,주말연속극,0,0,0,0,0,0,0,0,0,0,0,0,0.04107,0.08998,"최불암,김혜자,김용건,김수미,고두심,유인촌,정대홍"
20200608,MBC M,100147,110100,그녀는예뻤다,,11회,전국,005913,드라마&영화,드라마,미니시리즈,0,0,0,0,0,0,0.00155,0,0,0,0,0.03001,0,0.00115,"김혜진역:황정음,지성준역:박서준,민하리역:고준희,김신혁역:시원,차혜정역:윤유선,나지선역:서정연,민용길역:이병준,김혜린역:정다빈,김중섭역:박충선,한정혜역:이일화,김라라역:황석정,김풍호역:안세하,차주영역:신동미,김준우역:박유환,주아름역:신주연,한설역:신혜선,선민역:차정원,이경역:배민정,은영역:임세주,부중만역:김하균,이슬비역:진혜원,광희역:조창근,발등남역:임강성,마트직원역:안상태,김혜진어린시절역:정다빈,지성준어린시절역:양한열"
20200608,MBC M,111310,121145,그녀는예뻤다,,12회,전국,005835,드라마&영화,드라마,미니시리즈,0,0,0,0,0,0,0.00192,0,0,0,0,0,0,0,"김혜진역:황정음,지성준역:박서준,민하리역:고준희,김신혁역:시원,차혜정역:윤유선,나지선역:서정연,민용길역:이병준,김혜린역:정다빈,김중섭역:박충선,한정혜역:이일화,김라라역:황석정,김풍호역:안세하,차주영역:신동미,김준우역:박유환,주아름역:신주연,한설역:신혜선,선민역:차정원,이경역:배민정,은영역:임세주,부중만역:김하균,이슬비역:진혜원,광희역:조창근,발등남역:임강성,마트직원역:안상태,김혜진어린시절역:정다빈,지성준어린시절역:양한열"
20200608,O tvN,023436,033532,시카고타자기,,7회,전국,010056,드라마&영화,드라마,미니시리즈,0,0,0,0,0,0,0.01034,0,0,0,0,0.01784,0.003,0.0121,"한세주역:유아인,전설역:임수정,유진오역:고경표,백태민역:곽시양,갈지석역:조우진,마방진역:양진성,왕방울역:전수경,원대한역:강홍석,원만해역:지대한,백도하역:천호진,홍소희역:조경숙,강비서역:오나라,송기자역:이규복,전설모역:전미선"
20200608,O tvN,034748,044910,시카고타자기,,8회,전국,010122,드라마&영화,드라마,미니시리즈,0,0,0,0.02514,0.01151,0.00403,0.0019,0,0,0,0.01809,0.01142,0,0.00223,"한세주역:유아인,전설역:임수정,유진오역:고경표,백태민역:곽시양,갈지석역:조우진,마방진역:양진성,왕방울역:전수경,원대한역:강홍석,원만해역:지대한,백도하역:천호진,홍소희역:조경숙,강비서역:오나라,송기자역:이규복,전설모역:전미선"
20200608,O tvN,094953,110058,오마이베이비,,7회,전국,011105,드라마&영화,드라마,미니시리즈,0.2562,0,0,0.01168,0.00377,0.11115,0.11699,0,0,0.04285,0.20778,0.30527,0.00558,0.02768,"장하리역:장나라,한이상역:고준,윤재영역:박병은,최강으뜸역:정건주,이옥란역:김혜옥,남수철역:조희봉,김은영역:이미도,김철중역:유승목,주승태역:전진기,박연호역:백승희,최효주역:박수영,주선생역:문현정,심정화역:김재화,이소윤역:정라엘,이옥희역:김예령,박재한역:이한위,김상희역:손화령,순남역:이주실,조회장역:장광,조아저씨역:최홍일,강효주역:전혜빈"
20200608,O tvN,111231,121816,오마이베이비,,8회,전국,010545,드라마&영화,드라마,미니시리즈,0,0,0.02846,0.05816,0,0.21846,0.07607,0,0,0.00781,0.10844,0.20629,0.09358,0.05239,"장하리역:장나라,한이상역:고준,윤재영역:박병은,최강으뜸역:정건주,이옥란역:김혜옥,남수철역:조희봉,김은영역:이미도,김철중역:유승목,주승태역:전진기,박연호역:백승희,최효주역:박수영,주선생역:문현정,심정화역:김재화,이소윤역:정라엘,이옥희역:김예령,박재한역:이한위,김상희역:손화령,순남역:이주실,조회장역:장광,조아저씨역:최홍일,강효주역:전혜빈"
20200608,O tvN,122935,134525,슬기로운의사생활,,,전국,011550,드라마&영화,드라마,미니시리즈,0.15676,0,0.00431,0.06797,0.02746,0.00627,0.04853,0.09148,0.03972,0.34315,0.22771,0.06177,0.03593,0.09737,"이익준역:조정석,안정원역:유연석,김준완역:정경호,양석형역:김대명,채송화역:전미도,정로사역:김해숙,주종수역:김갑수,도재학역:정문성,용석민역:문태유,장겨울역:신현빈,안치홍역:김준한,봉광현역:최영준,추민하역:안은진,허선빈역:하윤경,명은원역:김혜인,장윤복역:조이현,장홍도역:배현성,송수빈역:김수진,소이현역:윤혜리,배준희역:신도현,주전역:조승연,황재신역:양조아,이우주역:김준,민기준역:서진원,종세혁역:전광진,이영하역:이노아,김재환역:이달,국해성역:이혜은,함덕주역:김비비,한현희역:이지원,한승주역:김지성,은선진역:설유진,이익순역:곽선영,조영혜역:문희경,양태양역:남명렬,김태연역:이소윤,천명태역:최영우,선우희수역:박한솔,장겨울남동생역:박정우,고아라역:고아라"
20200608,O tvN,135629,151005,톱스타유백이,,1회,전국,011336,드라마&영화,드라마,주간연속극,0.04098,0,0.05871,0,0,0.01571,0.08148,0,0.17423,0.07481,0.18432,0.03679,0.10528,0.22329,"유백역:김지석,오강순역:전소민,최마돌역:이상엽,동춘아빠역:정은표,아서라역:이아현,깡순할머니역:예수정,마돌엄마역:김현,마을이장역:이한위,장흥댁역:허진,군산댁역:성병숙,동춘엄마역:정이랑,박동만역:유주원,강민역:김정민,남조역:허정민,서일역:조희봉,박동춘역:김민석"
20200608,O tvN,152428,163424,톱스타유백이,,2회,전국,010956,드라마&영화,드라마,주간연속극,0,0,0.05221,0,0,0.09367,0.19793,0,0.21432,0.23173,0.01209,0.02533,0.17457,0.15432,"유백역:김지석,오강순역:전소민,최마돌역:이상엽,동춘아빠역:정은표,아서라역:이아현,깡순할머니역:예수정,마돌엄마역:김현,마을이장역:이한위,장흥댁역:허진,군산댁역:성병숙,동춘엄마역:정이랑,박동만역:유주원,강민역:김정민,남조역:허정민,서일역:조희봉,박동춘역:김민석"
20200608,O tvN,164950,180242,검색어를입력하세요WWW,,1회,전국,011252,드라마&영화,드라마,미니시리즈,0,0,0.02276,0.00246,0.00574,0.24313,0.15354,0,0,0.36676,0.01695,0.04707,0.22582,0.08869,"배타미역:임수정,차현역:이다희,송가경역:전혜진,박모건역:장기용,설지환역:이재욱,오진우역:지승현,민홍주역:권해효,표준수역:김남희,최봉기역:우지현,조아라역:오아연,홍유진역:하승리,최정훈역:송지호,나인경역:유서진,김선우역:탁우석,정다인역:한지완,윤동주역:조혜주,장희은역:예수정,유도부선배역:지호,전남자친구역:이동욱"
20200608,O tvN,182059,193655,검색어를입력하세요WWW,,2회,전국,011556,드라마&영화,드라마,미니시리즈,0.01934,0.00901,0,0.00472,0.00745,0.16243,0.00119,0,0.10707,0.20182,0.0123,0.06209,0.0762,0.03169,"배타미역:임수정,차현역:이다희,송가경역:전혜진,박모건역:장기용,설지환역:이재욱,오진우역:지승현,민홍주역:권해효,표준수역:김남희,최봉기역:우지현,조아라역:오아연,홍유진역:하승리,최정훈역:송지호,나인경역:유서진,김선우역:탁우석,정다인역:한지완,윤동주역:조혜주,장희은역:예수정,유도부선배역:지호,전남자친구역:이동욱"
20200608,O tvN,195112,210014,검색어를입력하세요WWW,,3회,전국,010902,드라마&영화,드라마,미니시리즈,0.02487,0,0.03382,0,0.00715,0.02032,0.01194,0.02214,0,0.02083,0.00116,0.22702,0.01912,0.00276,"배타미역:임수정,차현역:이다희,송가경역:전혜진,박모건역:장기용,설지환역:이재욱,오진우역:지승현,민홍주역:권해효,표준수역:김남희,최봉기역:우지현,조아라역:오아연,홍유진역:하승리,최정훈역:송지호,나인경역:유서진,김선우역:탁우석,정다인역:한지완,윤동주역:조혜주,장희은역:예수정,유도부선배역:지호,전남자친구역:이동욱"
20200608,O tvN,211902,223108,검색어를입력하세요WWW,,4회,전국,011206,드라마&영화,드라마,미니시리즈,0.00518,0,0.0162,0,0.07073,0.00115,0.11148,0,0,0,0.0018,0.21266,0.02562,0.01661,"배타미역:임수정,차현역:이다희,송가경역:전혜진,박모건역:장기용,설지환역:이재욱,오진우역:지승현,민홍주역:권해효,표준수역:김남희,최봉기역:우지현,조아라역:오아연,홍유진역:하승리,최정훈역:송지호,나인경역:유서진,김선우역:탁우석,정다인역:한지완,윤동주역:조혜주,장희은역:예수정,유도부선배역:지호,전남자친구역:이동욱"
20200608,OCN,084354,095011,번외수사,,5회,전국,010617,드라마&영화,드라마,미니시리즈,0.02027,0.11481,0.00162,0.09758,0.19817,0.45693,0.0313,0.00878,0,0,0.08949,0.48034,0.13542,0.17547,"진강호역:차태현,강무영역:이선빈,이반석역:정상훈,테디정역:윤경호,탁원역:지승현,민대진역:박정우,맨손역:박태산,연장역:장진희,지수철역:이영석,노순이역:민경옥"
20200608,OCN,100330,110437,번외수사,,6회,전국,010107,드라마&영화,드라마,미니시리즈,0,0.19965,0,0.20567,0.36152,0.70711,0.08468,0,0.08081,0,0.2109,0.59824,0.33127,0.28377,"진강호역:차태현,강무영역:이선빈,이반석역:정상훈,테디정역:윤경호,탁원역:지승현,민대진역:박정우,맨손역:박태산,연장역:장진희,지수철역:이영석,노순이역:민경옥"
20200608,On Style,130022,141615,라이브,,1회,전국,011553,드라마&영화,드라마,미니시리즈,0.0133,0,0,0,0,0.06523,0.01119,0,0,0,0.00116,0.00419,0.0367,0.00853,"한정오역:정유미,염상수역:이광수,오양촌역:배성우,안장미역:배종옥,양촌부역:이순재,기한솔역:성동일,은경모역:장현성,최명호역:신동욱,강남일역:이시언,정오모역:우현주,상수모역:염혜란,김민석역:조완기,반종민역:이순원,김한표역:김건우,송혜리역:이주영,민원우역:김종훈,고승재역:백승도,오송이역:고민시,오대관역:장호준,이삼보역:이얼"
20200608,On Style,141821,153046,라이브,,2회,전국,011225,드라마&영화,드라마,미니시리즈,0.04154,0,0,0.0068,0.01504,0.019,0.00382,0,0.02248,0.09989,0,0.02452,0.01208,0.00714,"한정오역:정유미,염상수역:이광수,오양촌역:배성우,안장미역:배종옥,양촌부역:이순재,기한솔역:성동일,은경모역:장현성,최명호역:신동욱,강남일역:이시언,정오모역:우현주,상수모역:염혜란,김민석역:조완기,반종민역:이순원,김한표역:김건우,송혜리역:이주영,민원우역:김종훈,고승재역:백승도,오송이역:고민시,오대관역:장호준,이삼보역:이얼"
20200608,On Style,153222,164504,라이브,,3회,전국,011242,드라마&영화,드라마,미니시리즈,0,0,0,0.02033,0.21712,0.0058,0.00514,0,0.2473,0.12666,0,0.24076,0.02044,0.02718,"한정오역:정유미,염상수역:이광수,오양촌역:배성우,안장미역:배종옥,양촌부역:이순재,기한솔역:성동일,은경모역:장현성,최명호역:신동욱,강남일역:이시언,정오모역:우현주,상수모역:염혜란,김민석역:조완기,반종민역:이순원,김한표역:김건우,송혜리역:이주영,민원우역:김종훈,고승재역:백승도,오송이역:고민시,오대관역:장호준,이삼보역:이얼"
20200608,SBS플러스,073246,080320,엄마가바람났다,,24회,전국,003034,드라마&영화,드라마,아침드라마,0,0.02706,0,0.01461,0.02603,0.01546,0.28432,0,0,0,0.27669,0.2126,0.38247,0.35149,"오필정역:현쥬니,강석준역:이재황,이은주역:문보령,강석환역:김형범,오순정역:남이안,김복순역:박순천,박민호역:길정우,박민지역:홍제이,김해정역:양금석,강태수역:이원재,이태우역:서현석,최동석역:김동균,최은자역:이진아,최유경역:이영은,최미영역:전은채,왕기범역:차승우,하열도역:김영훈,홍수경역:노정명,박태섭역:강서준,박혜진역:박지수"
20200608,SBS플러스,080431,083432,엄마가바람났다,,25회,전국,003001,드라마&영화,드라마,아침드라마,0,0,0.0096,0.21914,0,0.09877,0.40485,0,0,0,0.2421,0.28175,0.32021,0.47249,"오필정역:현쥬니,강석준역:이재황,이은주역:문보령,강석환역:김형범,오순정역:남이안,김복순역:박순천,박민호역:길정우,박민지역:홍제이,김해정역:양금석,강태수역:이원재,이태우역:서현석,최동석역:김동균,최은자역:이진아,최유경역:이영은,최미영역:전은채,왕기범역:차승우,하열도역:김영훈,홍수경역:노정명,박태섭역:강서준,박혜진역:박지수"
20200608,SBS플러스,084945,095452,주군의태양,,1회,전국,010507,드라마&영화,드라마,미니시리즈,0,0.02129,0.32965,0.00186,0.73675,0.05849,0.03201,0.30295,0.12643,0.05607,0.51734,0.40586,0.10391,0.15759,"주중원역:소지섭,태공실역:공효진,강우역:서인국,태이령역:김유리,김귀도역:최정우,주성란역:김미경,도석철역:이종원,태공리역:박희본,이한주역:이재원,안진주역:정가은,주중원어린시절역:김명수,TV프로그램자역:김상중,미경역:송채윤,하유진역:김보라,가영역:방민아,이은설역:이혜인,차희주역:한보름,주중원아버지역:김용건,이승모역:이도현,이승준역:홍은택,선영역:김보미,지우역:유민규,강길자역:김희정,루이장역:정찬,박서현역:서효림,이재석역:이종혁,이회장역:이재용,한나브라운역:황선희,유진우역:이천희,고여사역:이용녀,유혜성역:진이한"
20200608,SBS플러스,150237,161407,더킹영원의군주,,14회,전국,011130,드라마&영화,드라마,미니시리즈,0,0.02287,0.19043,0.24248,0.05914,0.18162,0.07582,0.53838,0,0,0.15899,0.20535,0.62359,0.2412,"이곤역:이민호,정태을역:김고은,조은섭역:우도환,조영역:우도환,강신재역:김경남,구서령역:정은채,이림역:이정진,루나역:김고은,노옥남역:김영옥,정도인역:전배수,송정혜역:서정연,박문식역:박원상,장미카엘역:강홍석,이종인역:전무송,명나리역:김용지,명승아역:김용지,유경무역:이해영,민화연역:황영희,박지영역:박지연,모비서역:백현주,석호필역:이홍내"
20200608,SBS플러스,163237,175339,더킹영원의군주,,15회,전국,012102,드라마&영화,드라마,미니시리즈,0,0,0.15106,0.61901,0.05727,0.81357,0.16883,0,0,0.05801,0.38905,0.64984,0.19315,0.30265,"이곤역:이민호,정태을역:김고은,조은섭역:우도환,조영역:우도환,강신재역:김경남,구서령역:정은채,이림역:이정진,루나역:김고은,노옥남역:김영옥,정도인역:전배수,송정혜역:서정연,박문식역:박원상,장미카엘역:강홍석,이종인역:전무송,명나리역:김용지,명승아역:김용지,유경무역:이해영,민화연역:황영희,박지영역:박지연,모비서역:백현주,석호필역:이홍내"
20200608,SBS플러스,243409,253655,굿캐스팅,,11회,전국,010246,드라마&영화,드라마,미니시리즈,0,0.02903,0.00549,0.06724,0.15521,0.16271,0.06437,0,0,0.00608,0.10589,0.01097,0.19367,0.04446,"백찬미역:최강희,윤석호역:이상엽,임예은역:유인영,황미순역:김지영,강우원역:이준영,동관수역:이종혁,서국환역:정인기,배무혁역:박경순,간태희역:황보미,명계철역:우현,탁상기역:이상훈,옥철역:김용희,변우석역:허재호,구비서역:한수진,설영훈역:조영훈,심화란역:차수연,남봉만역:이승형,남주연역:김보윤,피철웅역:배진웅,권민석역:성혁,권소희역:노하연"
20200608,SBS플러스,255216,255959,굿캐스팅,,12회,전국,000743,드라마&영화,드라마,미니시리즈,0,0,0,0.12118,0.19023,0.18097,0.0725,0,0,0,0,0,0.15519,0.01783,"백찬미역:최강희,윤석호역:이상엽,임예은역:유인영,황미순역:김지영,강우원역:이준영,동관수역:이종혁,서국환역:정인기,배무혁역:박경순,간태희역:황보미,명계철역:우현,탁상기역:이상훈,옥철역:김용희,변우석역:허재호,구비서역:한수진,설영훈역:조영훈,심화란역:차수연,남봉만역:이승형,남주연역:김보윤,피철웅역:배진웅,권민석역:성혁,권소희역:노하연"
20200608,SKY,020000,022141,굿캐스팅,,12회,전국,002141,드라마&영화,드라마,미니시리즈,0,0,0,0,0.05359,0,0,0,0.1151,0,0,0.0504,0.00299,0.00428,"백찬미역:최강희,윤석호역:이상엽,임예은역:유인영,황미순역:김지영,강우원역:이준영,동관수역:이종혁,서국환역:정인기,배무혁역:박경순,간태희역:황보미,명계철역:우현,탁상기역:이상훈,옥철역:김용희,변우석역:허재호,구비서역:한수진,설영훈역:조영훈,심화란역:차수연,남봉만역:이승형,남주연역:김보윤,피철웅역:배진웅,권민석역:성혁,권소희역:노하연"
20200608,SKY,150616,161044,굿캐스팅,,11회,전국,010428,드라마&영화,드라마,미니시리즈,0,0.31306,0,0.07093,0.35288,0.00857,0.0461,0,0.10291,0.03879,0.29448,0.26546,0.02507,0.04488,"백찬미역:최강희,윤석호역:이상엽,임예은역:유인영,황미순역:김지영,강우원역:이준영,동관수역:이종혁,서국환역:정인기,배무혁역:박경순,간태희역:황보미,명계철역:우현,탁상기역:이상훈,옥철역:김용희,변우석역:허재호,구비서역:한수진,설영훈역:조영훈,심화란역:차수연,남봉만역:이승형,남주연역:김보윤,피철웅역:배진웅,권민석역:성혁,권소희역:노하연"
20200608,SKY,162123,172811,굿캐스팅,,12회,전국,010648,드라마&영화,드라마,미니시리즈,0,0.38397,0.00654,0.13664,0.15703,0.1697,0,0,0.05837,0.16846,0.03579,0.21829,0.19665,0.09381,"백찬미역:최강희,윤석호역:이상엽,임예은역:유인영,황미순역:김지영,강우원역:이준영,동관수역:이종혁,서국환역:정인기,배무혁역:박경순,간태희역:황보미,명계철역:우현,탁상기역:이상훈,옥철역:김용희,변우석역:허재호,구비서역:한수진,설영훈역:조영훈,심화란역:차수연,남봉만역:이승형,남주연역:김보윤,피철웅역:배진웅,권민석역:성혁,권소희역:노하연"
20200608,SKY,225015,235702,굿캐스팅,,12회,전국,010647,드라마&영화,드라마,미니시리즈,0,0,0.04727,0.06441,0,0.00542,0.00356,0,0,0.09133,0.10953,0.34882,0.00516,0.03777,"백찬미역:최강희,윤석호역:이상엽,임예은역:유인영,황미순역:김지영,강우원역:이준영,동관수역:이종혁,서국환역:정인기,배무혁역:박경순,간태희역:황보미,명계철역:우현,탁상기역:이상훈,옥철역:김용희,변우석역:허재호,구비서역:한수진,설영훈역:조영훈,심화란역:차수연,남봉만역:이승형,남주연역:김보윤,피철웅역:배진웅,권민석역:성혁,권소희역:노하연"
20200608,ONCE,020000,020258,황후의품격,,6회,전국,000258,드라마&영화,드라마,미니시리즈,0,0,0,0,0,0,0,0,0,0,0,0.19674,0,0,"오써니역:장나라,나왕식역:최진혁,이혁역:신성록,민유라역:이엘리야,태후강씨역:신은경,이윤역:오승윤,서강희역:윤소이,아리역:오아린,태황태후조씨역:박원숙,소진공주역:이희진,소현황후역:신고은,오금모역:윤다훈,오헬로역:스테파니리,변선생역:김명수,마필주역:윤주만,백도희역:황영희,나동식역:오한결,최팀장역:이수련,홍팀장역:김민옥,형사역:조동혁,수상역:고세원,나왕식역:태항호,사군자역:김수미,안형사역:안내상,강주승역:유건"
20200608,ONCE,021329,024349,황후의품격,,7회,전국,003020,드라마&영화,드라마,미니시리즈,0,0,0,0,0.15955,0,0.04023,0,0,0,0.02244,0.31551,0.02928,0.05292,"오써니역:장나라,나왕식역:최진혁,이혁역:신성록,민유라역:이엘리야,태후강씨역:신은경,이윤역:오승윤,서강희역:윤소이,아리역:오아린,태황태후조씨역:박원숙,소진공주역:이희진,소현황후역:신고은,오금모역:윤다훈,오헬로역:스테파니리,변선생역:김명수,마필주역:윤주만,백도희역:황영희,나동식역:오한결,최팀장역:이수련,홍팀장역:김민옥,형사역:조동혁,수상역:고세원,나왕식역:태항호,사군자역:김수미,안형사역:안내상,강주승역:유건"
20200608,ONCE,024500,031443,황후의품격,,8회,전국,002943,드라마&영화,드라마,미니시리즈,0,0,0,0,0,0.02421,0.03208,0,0,0,0,0.15083,0,0.03435,"오써니역:장나라,나왕식역:최진혁,이혁역:신성록,민유라역:이엘리야,태후강씨역:신은경,이윤역:오승윤,서강희역:윤소이,아리역:오아린,태황태후조씨역:박원숙,소진공주역:이희진,소현황후역:신고은,오금모역:윤다훈,오헬로역:스테파니리,변선생역:김명수,마필주역:윤주만,백도희역:황영희,나동식역:오한결,최팀장역:이수련,홍팀장역:김민옥,형사역:조동혁,수상역:고세원,나왕식역:태항호,사군자역:김수미,안형사역:안내상,강주승역:유건"
20200608,ONCE,042420,045428,황후의품격,,9회,전국,003008,드라마&영화,드라마,미니시리즈,0.05315,0,0.0104,0.03652,0.01324,0.02009,0.12429,0.03135,0,0.01278,0.01329,0.04409,0.00598,0.07653,"오써니역:장나라,나왕식역:최진혁,이혁역:신성록,민유라역:이엘리야,태후강씨역:신은경,이윤역:오승윤,서강희역:윤소이,아리역:오아린,태황태후조씨역:박원숙,소진공주역:이희진,소현황후역:신고은,오금모역:윤다훈,오헬로역:스테파니리,변선생역:김명수,마필주역:윤주만,백도희역:황영희,나동식역:오한결,최팀장역:이수련,홍팀장역:김민옥,형사역:조동혁,수상역:고세원,나왕식역:태항호,사군자역:김수미,안형사역:안내상,강주승역:유건"
20200608,ONCE,045539,052552,황후의품격,,10회,전국,003013,드라마&영화,드라마,미니시리즈,0,0,0,0,0,0.00677,0.03079,0,0,0,0,0,0,0.01644,"오써니역:장나라,나왕식역:최진혁,이혁역:신성록,민유라역:이엘리야,태후강씨역:신은경,이윤역:오승윤,서강희역:윤소이,아리역:오아린,태황태후조씨역:박원숙,소진공주역:이희진,소현황후역:신고은,오금모역:윤다훈,오헬로역:스테파니리,변선생역:김명수,마필주역:윤주만,백도희역:황영희,나동식역:오한결,최팀장역:이수련,홍팀장역:김민옥,형사역:조동혁,수상역:고세원,나왕식역:태항호,사군자역:김수미,안형사역:안내상,강주승역:유건"
20200608,ONCE,053113,060123,황후의품격,,11회,전국,003010,드라마&영화,드라마,미니시리즈,0,0,0,0,0,0.02937,0,0,0,0,0,0.05532,0,0.01997,"오써니역:장나라,나왕식역:최진혁,이혁역:신성록,민유라역:이엘리야,태후강씨역:신은경,이윤역:오승윤,서강희역:윤소이,아리역:오아린,태황태후조씨역:박원숙,소진공주역:이희진,소현황후역:신고은,오금모역:윤다훈,오헬로역:스테파니리,변선생역:김명수,마필주역:윤주만,백도희역:황영희,나동식역:오한결,최팀장역:이수련,홍팀장역:김민옥,형사역:조동혁,수상역:고세원,나왕식역:태항호,사군자역:김수미,안형사역:안내상,강주승역:유건"
20200608,ONCE,060234,063223,황후의품격,,12회,전국,002949,드라마&영화,드라마,미니시리즈,0,0,0,0,0.00813,0,0.00699,0,0,0,0,0,0.02936,0.00538,"오써니역:장나라,나왕식역:최진혁,이혁역:신성록,민유라역:이엘리야,태후강씨역:신은경,이윤역:오승윤,서강희역:윤소이,아리역:오아린,태황태후조씨역:박원숙,소진공주역:이희진,소현황후역:신고은,오금모역:윤다훈,오헬로역:스테파니리,변선생역:김명수,마필주역:윤주만,백도희역:황영희,나동식역:오한결,최팀장역:이수련,홍팀장역:김민옥,형사역:조동혁,수상역:고세원,나왕식역:태항호,사군자역:김수미,안형사역:안내상,강주승역:유건"
20200608,ONCE,063334,070318,황후의품격,,13회,전국,002944,드라마&영화,드라마,미니시리즈,0,0,0,0.00746,0,0,0.01639,0,0,0,0,0,0.0041,0,"오써니역:장나라,나왕식역:최진혁,이혁역:신성록,민유라역:이엘리야,태후강씨역:신은경,이윤역:오승윤,서강희역:윤소이,아리역:오아린,태황태후조씨역:박원숙,소진공주역:이희진,소현황후역:신고은,오금모역:윤다훈,오헬로역:스테파니리,변선생역:김명수,마필주역:윤주만,백도희역:황영희,나동식역:오한결,최팀장역:이수련,홍팀장역:김민옥,형사역:조동혁,수상역:고세원,나왕식역:태항호,사군자역:김수미,안형사역:안내상,강주승역:유건"
20200608,ONCE,070327,073237,황후의품격,,14회,전국,002910,드라마&영화,드라마,미니시리즈,0,0.00644,0,0,0,0,0.04882,0,0.00686,0,0,0.003,0,0.01474,"오써니역:장나라,나왕식역:최진혁,이혁역:신성록,민유라역:이엘리야,태후강씨역:신은경,이윤역:오승윤,서강희역:윤소이,아리역:오아린,태황태후조씨역:박원숙,소진공주역:이희진,소현황후역:신고은,오금모역:윤다훈,오헬로역:스테파니리,변선생역:김명수,마필주역:윤주만,백도희역:황영희,나동식역:오한결,최팀장역:이수련,홍팀장역:김민옥,형사역:조동혁,수상역:고세원,나왕식역:태항호,사군자역:김수미,안형사역:안내상,강주승역:유건"
20200608,ONCE,074545,084759,동이,,45회,전국,010214,드라마&영화,드라마,주간연속극,0,0.02384,0,0,0.00761,0.02582,0.28608,0,0.01173,0,0.01845,0.01202,0.1096,0.19614,"동이역:한효주,숙종역:지진희,희빈장씨역:이소연,차천수역:배수빈,서용기역:정진영,인현왕후역:박하선,오태석역:정동환,이종욱역:이정훈,홍태윤역:손일권,박도식역:최재호,도승지역:신국,오호양역:여호민,황주식역:이희도,정인국역:나성균,최효원역:천호진,장익헌역:이재용,김환역:정인기,은금역:한다민,오태풍역:이계인,태풍처역:이숙,장희재역:김유석,설희역:김혜진,게둬라부역:정은표,오윤역:최철호,게둬라역:최수한,심운택역:김동윤,동이어린시절역:김유정,봉상궁역:김소이,조상궁역:안여진,유상궁역:임성민,정임역:정유미,애종역:강유미,시비역:오은호,미지역:최하나,대전내관역:정선일,명성대비역:박정수,정상궁역:김혜선,영달역:이광수,최동주역:정성운,장무열역:최종환,이금역:이형석,경종역:윤찬,김구선역:맹상훈,인원왕후역:오연서"
20200608,ONCE,085614,095950,동이,,46회,전국,010336,드라마&영화,드라마,주간연속극,0,0,0,0,0.00418,0.14718,0.12073,0.01407,0,0,0.0248,0.20285,0.07704,0.08767,"동이역:한효주,숙종역:지진희,희빈장씨역:이소연,차천수역:배수빈,서용기역:정진영,인현왕후역:박하선,오태석역:정동환,이종욱역:이정훈,홍태윤역:손일권,박도식역:최재호,도승지역:신국,오호양역:여호민,황주식역:이희도,정인국역:나성균,최효원역:천호진,장익헌역:이재용,김환역:정인기,은금역:한다민,오태풍역:이계인,태풍처역:이숙,장희재역:김유석,설희역:김혜진,게둬라부역:정은표,오윤역:최철호,게둬라역:최수한,심운택역:김동윤,동이어린시절역:김유정,봉상궁역:김소이,조상궁역:안여진,유상궁역:임성민,정임역:정유미,애종역:강유미,시비역:오은호,미지역:최하나,대전내관역:정선일,명성대비역:박정수,정상궁역:김혜선,영달역:이광수,최동주역:정성운,장무열역:최종환,이금역:이형석,경종역:윤찬,김구선역:맹상훈,인원왕후역:오연서"
20200608,ONCE,101405,111526,동이,,47회,전국,010121,드라마&영화,드라마,주간연속극,0,0,0,0,0,0.2253,0.26675,0,0,0.00366,0,0.10395,0.14377,0.30657,"동이역:한효주,숙종역:지진희,희빈장씨역:이소연,차천수역:배수빈,서용기역:정진영,인현왕후역:박하선,오태석역:정동환,이종욱역:이정훈,홍태윤역:손일권,박도식역:최재호,도승지역:신국,오호양역:여호민,황주식역:이희도,정인국역:나성균,최효원역:천호진,장익헌역:이재용,김환역:정인기,은금역:한다민,오태풍역:이계인,태풍처역:이숙,장희재역:김유석,설희역:김혜진,게둬라부역:정은표,오윤역:최철호,게둬라역:최수한,심운택역:김동윤,동이어린시절역:김유정,봉상궁역:김소이,조상궁역:안여진,유상궁역:임성민,정임역:정유미,애종역:강유미,시비역:오은호,미지역:최하나,대전내관역:정선일,명성대비역:박정수,정상궁역:김혜선,영달역:이광수,최동주역:정성운,장무열역:최종환,이금역:이형석,경종역:윤찬,김구선역:맹상훈,인원왕후역:오연서"
20200608,ONCE,112941,123223,동이,,48회,전국,010242,드라마&영화,드라마,주간연속극,0,0,0.06401,0.21207,0.00345,0.31655,0.33425,0,0,0.00251,0.25292,0.18676,0.16927,0.26058,"동이역:한효주,숙종역:지진희,희빈장씨역:이소연,차천수역:배수빈,서용기역:정진영,인현왕후역:박하선,오태석역:정동환,이종욱역:이정훈,홍태윤역:손일권,박도식역:최재호,도승지역:신국,오호양역:여호민,황주식역:이희도,정인국역:나성균,최효원역:천호진,장익헌역:이재용,김환역:정인기,은금역:한다민,오태풍역:이계인,태풍처역:이숙,장희재역:김유석,설희역:김혜진,게둬라부역:정은표,오윤역:최철호,게둬라역:최수한,심운택역:김동윤,동이어린시절역:김유정,봉상궁역:김소이,조상궁역:안여진,유상궁역:임성민,정임역:정유미,애종역:강유미,시비역:오은호,미지역:최하나,대전내관역:정선일,명성대비역:박정수,정상궁역:김혜선,영달역:이광수,최동주역:정성운,장무열역:최종환,이금역:이형석,경종역:윤찬,김구선역:맹상훈,인원왕후역:오연서"
20200608,ONCE,124538,134026,대조영,,47회,전국,005448,드라마&영화,드라마,주말연속극,0,0.01025,0.02306,0,0.02575,0,0.10249,0,0,0,0,0.00678,0.05831,0,"대조영역:최수종,이해고역:정보석,설인귀역:이덕화,초린역:박예진,검이역:정태우,숙영역:홍수현,양만춘역:임동진,흑수돌역:김학철,연남생역:임호,대중상역:임혁,걸사비우역:최철호,검모잠역:김명수,당태종역:송용태,부지광역:박지일,미모사역:김정현,금란역:심은진,부기원역:김하균,보장왕역:길용우,이진충역:김동현,손만영역:조인표,신홍역:김규철,계필사문역:윤용현,퉁소역:방형주,홍패역:유태술,이문역:남성진,팔보역:우봉식"
20200608,ONCE,163214,171006,전원일기,,421회,전국,003752,드라마&영화,드라마,주말연속극,0.02229,0,0.05159,0.01766,0,0.06658,0.07994,0,0,0,0.00969,0,0.10297,0.08857,"최불암,김혜자,김용건,김수미,고두심,유인촌,정대홍"
20200608,ONCE,172110,180223,전원일기,,422회,전국,004113,드라마&영화,드라마,주말연속극,0,0,0.10946,0,0,0.03692,0.17019,0,0,0,0,0,0.11995,0.19418,"최불암,김혜자,김용건,김수미,고두심,유인촌,정대홍"
20200608,ONCE,181733,191220,대조영,,47회,전국,005447,드라마&영화,드라마,주말연속극,0.01964,0.0072,0.0245,0,0.00505,0.01192,0.03559,0,0,0,0,0.00399,0.00923,0.09093,"대조영역:최수종,이해고역:정보석,설인귀역:이덕화,초린역:박예진,검이역:정태우,숙영역:홍수현,양만춘역:임동진,흑수돌역:김학철,연남생역:임호,대중상역:임혁,걸사비우역:최철호,검모잠역:김명수,당태종역:송용태,부지광역:박지일,미모사역:김정현,금란역:심은진,부기원역:김하균,보장왕역:길용우,이진충역:김동현,손만영역:조인표,신홍역:김규철,계필사문역:윤용현,퉁소역:방형주,홍패역:유태술,이문역:남성진,팔보역:우봉식"
20200608,ONCE,230930,241051,동이,,47회,전국,010121,드라마&영화,드라마,주간연속극,0,0,0,0.20307,0.13971,0.48007,0.10412,0,0,0,0.30193,0.26414,0.05962,0.15109,"동이역:한효주,숙종역:지진희,희빈장씨역:이소연,차천수역:배수빈,서용기역:정진영,인현왕후역:박하선,오태석역:정동환,이종욱역:이정훈,홍태윤역:손일권,박도식역:최재호,도승지역:신국,오호양역:여호민,황주식역:이희도,정인국역:나성균,최효원역:천호진,장익헌역:이재용,김환역:정인기,은금역:한다민,오태풍역:이계인,태풍처역:이숙,장희재역:김유석,설희역:김혜진,게둬라부역:정은표,오윤역:최철호,게둬라역:최수한,심운택역:김동윤,동이어린시절역:김유정,봉상궁역:김소이,조상궁역:안여진,유상궁역:임성민,정임역:정유미,애종역:강유미,시비역:오은호,미지역:최하나,대전내관역:정선일,명성대비역:박정수,정상궁역:김혜선,영달역:이광수,최동주역:정성운,장무열역:최종환,이금역:이형석,경종역:윤찬,김구선역:맹상훈,인원왕후역:오연서"
20200608,ONCE,242406,252648,동이,,48회,전국,010242,드라마&영화,드라마,주간연속극,0,0.13619,0,0.01858,0.14907,0.44402,0.11632,0,0.16552,0.28358,0,0.50651,0.06312,0.40033,"동이역:한효주,숙종역:지진희,희빈장씨역:이소연,차천수역:배수빈,서용기역:정진영,인현왕후역:박하선,오태석역:정동환,이종욱역:이정훈,홍태윤역:손일권,박도식역:최재호,도승지역:신국,오호양역:여호민,황주식역:이희도,정인국역:나성균,최효원역:천호진,장익헌역:이재용,김환역:정인기,은금역:한다민,오태풍역:이계인,태풍처역:이숙,장희재역:김유석,설희역:김혜진,게둬라부역:정은표,오윤역:최철호,게둬라역:최수한,심운택역:김동윤,동이어린시절역:김유정,봉상궁역:김소이,조상궁역:안여진,유상궁역:임성민,정임역:정유미,애종역:강유미,시비역:오은호,미지역:최하나,대전내관역:정선일,명성대비역:박정수,정상궁역:김혜선,영달역:이광수,최동주역:정성운,장무열역:최종환,이금역:이형석,경종역:윤찬,김구선역:맹상훈,인원왕후역:오연서"
20200608,ONCE,253903,255959,대조영,,47회,전국,002056,드라마&영화,드라마,주말연속극,0,0.27678,0,0,0.03992,0.30655,0.06428,0,0,0.34315,0,0.25531,0,0,"대조영역:최수종,이해고역:정보석,설인귀역:이덕화,초린역:박예진,검이역:정태우,숙영역:홍수현,양만춘역:임동진,흑수돌역:김학철,연남생역:임호,대중상역:임혁,걸사비우역:최철호,검모잠역:김명수,당태종역:송용태,부지광역:박지일,미모사역:김정현,금란역:심은진,부기원역:김하균,보장왕역:길용우,이진충역:김동현,손만영역:조인표,신홍역:김규철,계필사문역:윤용현,퉁소역:방형주,홍패역:유태술,이문역:남성진,팔보역:우봉식"
20200608,SKYUHD,241114,251513,야식남녀,,1회,전국,010359,드라마&영화,드라마,미니시리즈,0,0,0,0,0,0,0,0,0,0,0,0,0,0,"박진성역:정일우,김아진역:강지영,강태완역:이학주,이상영역:김승수,차주희역:김수진,남규장역:양대혁,유성은역:공민정,노재수역:박성준,박진우역:최재현"
20200608,OCN Thrills,050311,060248,번외수사,,6회,전국,005937,드라마&영화,드라마,미니시리즈,0,0,0,0,0.22819,0.21627,0.00582,0,0,0,0.01613,0.03715,0.34521,0.00812,"진강호역:차태현,강무영역:이선빈,이반석역:정상훈,테디정역:윤경호,탁원역:지승현,민대진역:박정우,맨손역:박태산,연장역:장진희,지수철역:이영석,노순이역:민경옥"
20200608,TRENDY,064956,075854,부부클리닉사랑과전쟁2,,19회,전국,010858,드라마&영화,드라마,단막극,0,0,0,0.10746,0,0,0.03848,0,0.08288,0,0,0.0138,0.04418,0.12264,"이재만,민지영,최영완,이정수,장가현,손유경,이준우"
20200608,TRENDY,080927,091622,부부클리닉사랑과전쟁2,,20회,전국,010655,드라마&영화,드라마,단막극,0.07525,0.00623,0,0.16514,0.09405,0.00502,0.05968,0,0.07481,0,0.09231,0.00734,0.04274,0.12629,"이재만,민지영,최영완,이정수,장가현,손유경,이준우"
20200608,TRENDY,135417,150315,부부클리닉사랑과전쟁2,,19회,전국,010858,드라마&영화,드라마,단막극,0,0,0,0,0,0,0.10297,0,0,0,0,0.00485,0.00745,0.09217,"이재만,민지영,최영완,이정수,장가현,손유경,이준우"
20200608,TRENDY,151705,162401,부부클리닉사랑과전쟁2,,20회,전국,010656,드라마&영화,드라마,단막극,0.01276,0,0,0.01953,0,0,0.35409,0,0,0,0.08223,0.00274,0.00695,0.47089,"이재만,민지영,최영완,이정수,장가현,손유경,이준우"
20200608,TRENDY,225730,240630,부부클리닉사랑과전쟁2,,19회,전국,010900,드라마&영화,드라마,단막극,0,0.02353,0,0,0.02737,0.20447,0,0.05036,0,0,0,0.01967,0,0.01779,"이재만,민지영,최영완,이정수,장가현,손유경,이준우"
20200608,TRENDY,242156,252852,부부클리닉사랑과전쟁2,,20회,전국,010656,드라마&영화,드라마,단막극,0,0,0.01393,0.0045,0.0049,0.00651,0.08359,0,0.00305,0.00572,0.05,0.00267,0.07617,0.12268,"이재만,민지영,최영완,이정수,장가현,손유경,이준우"
20200608,WeLike,060737,065805,징비록,,49회,전국,005028,드라마&영화,드라마,주말연속극,0,0,0,0,0,0.00873,0,0,0,0,0,0,0.01028,0.0035,"서애류성룡역:김상중,선조역:김태우,오음윤두수역:임동진,아계이산해역:이재용,귀인김씨역:김혜은,도요토미히데요시역:김규철,고니시유키나가역:이광기,가토기요마사역:이정용,한음이덕형역:남성진,백사이항복역:최철호,이천리역:정태우,광해군역:노영학,우계성혼역:김효원,송강정철역:선동혁,심유경역:이기열,송응창역:최일화,신립역:김형일,구봉송익필역:박지일,학봉김성일역:박철호,현소역:박유승,이여송역:정흥채,우송당황윤길역:김종수,의인왕후박씨역:황인영,소오요시토시역:조재완,신명철역:이관훈,한설희역:한지완,동동역:한가림,임해군역:윤홍빈,사신홍여순역:김민상,오리이원익역:김정학,두암김응남역:홍일권,나암정언신역:박칠용,연부정언지역:허기호,신성군,우희다수가역:김리우,전전리가역:조상구,석전삼성역:강신조,네네역:오지영,사야가역:길상,요도역:손승우,만력제역:장태성,석성역:이원발,정귀비역:서윤아,이순신역:김석훈,이일역:서현철,권율역:김영기,정운역:조순창,송희립역:전승빈,곽재우역:임혁,정탁역:이대로,조승훈역:손호균,장세작역:박선우,낙상지역:공정환,범애유조인역:고인범,순화군역:김태용,김명원역:임병기,배흥립역:나주석"
20200608,WeLike,070841,080444,징비록,,50회,전국,005603,드라마&영화,드라마,주말연속극,0,0,0,0.00471,0,0.00318,0.00334,0,0,0,0,0,0,0.00368,"서애류성룡역:김상중,선조역:김태우,오음윤두수역:임동진,아계이산해역:이재용,귀인김씨역:김혜은,도요토미히데요시역:김규철,고니시유키나가역:이광기,가토기요마사역:이정용,한음이덕형역:남성진,백사이항복역:최철호,이천리역:정태우,광해군역:노영학,우계성혼역:김효원,송강정철역:선동혁,심유경역:이기열,송응창역:최일화,신립역:김형일,구봉송익필역:박지일,학봉김성일역:박철호,현소역:박유승,이여송역:정흥채,우송당황윤길역:김종수,의인왕후박씨역:황인영,소오요시토시역:조재완,신명철역:이관훈,한설희역:한지완,동동역:한가림,임해군역:윤홍빈,사신홍여순역:김민상,오리이원익역:김정학,두암김응남역:홍일권,나암정언신역:박칠용,연부정언지역:허기호,신성군,우희다수가역:김리우,전전리가역:조상구,석전삼성역:강신조,네네역:오지영,사야가역:길상,요도역:손승우,만력제역:장태성,석성역:이원발,정귀비역:서윤아,이순신역:김석훈,이일역:서현철,권율역:김영기,정운역:조순창,송희립역:전승빈,곽재우역:임혁,정탁역:이대로,조승훈역:손호균,장세작역:박선우,낙상지역:공정환,범애유조인역:고인범,순화군역:김태용,김명원역:임병기,배흥립역:나주석"
20200609,KBS1,203117,205919,기막힌유산,,37회,전국,002802,드라마&영화,드라마,일일연속극,2.11707,3.12925,3.33144,5.18497,4.21037,9.57666,25.29581,3.81721,2.28577,2.44726,5.53561,6.5209,14.26758,30.9506,"부영배역:박인환,공계옥역:강세정,부설악역:신정윤,부백두역:강신조,윤민주역:이아현,부금강역:남성진,신애리역:김가연,정미희역:박순천,김용미역:이응경,부한라역:박신우,성판금역:조양자,부가온역:김비주,부태희역:김연지,부혜교역:김효경,부지현역:강유라,공소영역:김난주,이장원역:이일준,김수민역:조서후,김종두역:이춘식,차정건역:조순창,이청아역:정서하,손보미역:박민지,김영지역:주민하,강선희역:박현정,천호식역:백신,이정태역:노상보,고향숙역:박소정"
20200609,KBS2,090520,093340,기막힌유산,,36회,전국,002820,드라마&영화,드라마,일일연속극,2.23397,1.86277,1.28877,0.54251,1.31159,1.61275,2.84824,0.02502,0.82479,0.58765,0.56216,2.54048,2.51739,3.12456,"부영배역:박인환,공계옥역:강세정,부설악역:신정윤,부백두역:강신조,윤민주역:이아현,부금강역:남성진,신애리역:김가연,정미희역:박순천,김용미역:이응경,부한라역:박신우,성판금역:조양자,부가온역:김비주,부태희역:김연지,부혜교역:김효경,부지현역:강유라,공소영역:김난주,이장원역:이일준,김수민역:조서후,김종두역:이춘식,차정건역:조순창,이청아역:정서하,손보미역:박민지,김영지역:주민하,강선희역:박현정,천호식역:백신,이정태역:노상보,고향숙역:박소정"
20200609,KBS2,194951,202426,위험한약속,,49회,전국,003435,드라마&영화,드라마,일일연속극,1.62321,2.44361,2.16408,3.74178,2.10217,5.4417,16.63818,1.11423,0.61989,1.17635,4.88387,4.08995,9.99954,20.94587,"차은동역:박하나,강태인역:고세원,최준혁역:강성민,오혜원역:박영린,한지훈역:이창욱,차만종역:이대연,차은찬역:유준서,공영심역:유지연,봉석구역:현우섭,강일섭역:강신일,연두심역:이칸희,한광훈역:길용우,한서주역:김혜지,최명희역:김나운,고재숙역:윤복인,최영국역:송민형,민주란역:오영실,최준경역:이효나,이창욱역:김정운"
20200609,KBS2,220004,223326,본어게인,<31회>,31회,전국,003322,드라마&영화,드라마,미니시리즈,0.28005,0.9865,0.06554,0.3566,0.55306,0.29138,1.29495,0.50284,0.59546,0.18802,0.19944,0.79075,1.53833,1.21169,"공지철역:장기용,천종범역:장기용,정하은역:진세연,정사빈역:진세연,차형빈역:이수혁,김수혁역:이수혁,장혜미역:김정난,천석태역:최광일,주인도역:장원영,백상아역:이서엘,서태하역:최대철,서영역:한해림,제이역:차민지,공인우역:정인겸,장혜미역:위지연,천석태역:조덕회"
20200609,KBS2,223439,230715,본어게인,<32회>,32회,전국,003236,드라마&영화,드라마,미니시리즈,0.58273,0.87725,0.18821,0.64049,0.61411,1.2808,1.76244,0.45938,0.38514,0.30955,0.3452,1.65113,2.60589,2.01586,"공지철역:장기용,천종범역:장기용,정하은역:진세연,정사빈역:진세연,차형빈역:이수혁,김수혁역:이수혁,장혜미역:김정난,천석태역:최광일,주인도역:장원영,백상아역:이서엘,서태하역:최대철,서영역:한해림,제이역:차민지,공인우역:정인겸,장혜미역:위지연,천석태역:조덕회"
20200609,MBC,104517,111027,저녁같이드실래요,<9회>,9회,전국,002510,드라마&영화,드라마,미니시리즈,0.66135,0,0.21574,0.02915,0.54985,0.59917,0.25915,0,0.27148,0.34932,0.23069,0.3101,0.84892,0.60621,"김해경역:송승헌,우도희역:서지혜,정재혁역:이지훈,진노을역:손나은,남아영역:예지원,키에누역:박호산,박진규역:고규필,강건우역:이현진,이병진역:김서경,임소라역:오혜원,김정환역:안태환,이문정역:전국향,전성자역:윤복인,이영동역:김정현,이은서역:서은수,푸드트럭총각역:이시언,태진아역:태진아,환자역:박산다라"
20200609,MBC,111708,112546,저녁같이드실래요,<9회>,9회,전국,000838,드라마&영화,드라마,미니시리즈,0,0,0,0.15756,0.3436,0.3463,0.41302,0,0,0,0.24038,0.25616,0.66112,0.66419,"김해경역:송승헌,우도희역:서지혜,정재혁역:이지훈,진노을역:손나은,남아영역:예지원,키에누역:박호산,박진규역:고규필,강건우역:이현진,이병진역:김서경,임소라역:오혜원,김정환역:안태환,이문정역:전국향,전성자역:윤복인,이영동역:김정현,이은서역:서은수,푸드트럭총각역:이시언,태진아역:태진아,환자역:박산다라"
20200609,MBC,112556,115923,저녁같이드실래요,<10회>,10회,전국,003327,드라마&영화,드라마,미니시리즈,0,0.05761,0.12313,0.09806,0.57849,0.49089,0.28436,0,0,0.15869,0.08286,0.63468,0.56278,0.72223,"김해경역:송승헌,우도희역:서지혜,정재혁역:이지훈,진노을역:손나은,남아영역:예지원,키에누역:박호산,박진규역:고규필,강건우역:이현진,이병진역:김서경,임소라역:오혜원,김정환역:안태환,이문정역:전국향,전성자역:윤복인,이영동역:김정현,이은서역:서은수,푸드트럭총각역:이시언,태진아역:태진아,환자역:박산다라"
20200609,MBC,205741,213107,저녁같이드실래요,<10회>,10회,전국,003326,드라마&영화,드라마,미니시리즈,0.79493,1.65633,0.66935,0.91026,1.05816,1.61597,1.27013,0.76944,0.54329,0.44149,0.86999,2.09002,1.70388,2.08735,"김해경역:송승헌,우도희역:서지혜,정재혁역:이지훈,진노을역:손나은,남아영역:예지원,키에누역:박호산,박진규역:고규필,강건우역:이현진,이병진역:김서경,임소라역:오혜원,김정환역:안태환,이문정역:전국향,전성자역:윤복인,이영동역:김정현,이은서역:서은수,푸드트럭총각역:이시언,태진아역:태진아,환자역:박산다라"
20200609,MBC,213622,221145,저녁같이드실래요,<11회>,11회,전국,003523,드라마&영화,드라마,미니시리즈,0,1.74107,0.78936,1.41322,1.33797,3.02907,1.85183,0,0.44928,0.72469,1.82782,2.30334,2.90401,2.22269,"김해경역:송승헌,우도희역:서지혜,정재혁역:이지훈,진노을역:손나은,남아영역:예지원,키에누역:박호산,박진규역:고규필,강건우역:이현진,이병진역:김서경,임소라역:오혜원,김정환역:안태환,이문정역:전국향,전성자역:윤복인,이영동역:김정현,이은서역:서은수,푸드트럭총각역:이시언,태진아역:태진아,환자역:박산다라"
20200609,MBC,221345,224534,저녁같이드실래요,<12회>,12회,전국,003149,드라마&영화,드라마,미니시리즈,0.49026,1.81201,0.76424,1.36212,1.39924,2.88002,1.47897,0.06126,0.26493,0.76,2.18327,2.94459,2.83064,1.66133,"김해경역:송승헌,우도희역:서지혜,정재혁역:이지훈,진노을역:손나은,남아영역:예지원,키에누역:박호산,박진규역:고규필,강건우역:이현진,이병진역:김서경,임소라역:오혜원,김정환역:안태환,이문정역:전국향,전성자역:윤복인,이영동역:김정현,이은서역:서은수,푸드트럭총각역:이시언,태진아역:태진아,환자역:박산다라"
20200609,MBC,235150,242253,꼰대인턴,<10회>,10회,전국,003103,드라마&영화,드라마,미니시리즈,0.02821,0.41673,1.08076,0.4368,0.9176,0.69461,0.41125,0.0234,0.04063,0.36276,0.48072,1.05179,1.47477,0.83802,"가열찬역:박해진,이만식역:김응수,이태리역:한지은,남궁준수역:박기웅,탁정은역:박아인,주윤수역:노종현,오동근역:고건한,김승진역:홍승범,구자숙역:김선영,안상종역:손종학,남궁표역:고인범,엄한길역:김기천,옥경이역:문숙,고선녀역:정경순,열찬모역:전국향,박범준역:장성규,백범역:정성호,은혜수역:정영주,가열찬친구역:권수현,차형석역:영탁"
20200609,MBC,242654,245734,꼰대인턴,<11회>,11회,전국,003040,드라마&영화,드라마,미니시리즈,0.08462,1.40184,0.8252,0.51028,0.61365,1.02912,0.43979,0,0.33492,0.67161,0.06171,1.05299,1.0612,0.80619,"가열찬역:박해진,이만식역:김응수,이태리역:한지은,남궁준수역:박기웅,탁정은역:박아인,주윤수역:노종현,오동근역:고건한,김승진역:홍승범,구자숙역:김선영,안상종역:손종학,남궁표역:고인범,엄한길역:김기천,옥경이역:문숙,고선녀역:정경순,열찬모역:전국향,박범준역:장성규,백범역:정성호,은혜수역:정영주,가열찬친구역:권수현,차형석역:영탁"
20200609,MBC,245743,252952,꼰대인턴,<12회>,12회,전국,003209,드라마&영화,드라마,미니시리즈,0.28006,1.54819,0.29215,0.47732,0.85773,0.68746,0.64778,0,0.34926,0.56207,0.19562,1.39276,0.24119,1.32053,"가열찬역:박해진,이만식역:김응수,이태리역:한지은,남궁준수역:박기웅,탁정은역:박아인,주윤수역:노종현,오동근역:고건한,김승진역:홍승범,구자숙역:김선영,안상종역:손종학,남궁표역:고인범,엄한길역:김기천,옥경이역:문숙,고선녀역:정경순,열찬모역:전국향,박범준역:장성규,백범역:정성호,은혜수역:정영주,가열찬친구역:권수현,차형석역:영탁"
20200609,SBS,083634,090718,엄마가바람났다,,27회,전국,003044,드라마&영화,드라마,아침드라마,3.64771,3.09015,2.18351,1.18878,2.77437,2.95823,6.1718,0.89609,1.74172,0.74243,2.46001,3.43442,4.12628,7.44185,"오필정역:현쥬니,강석준역:이재황,이은주역:문보령,강석환역:김형범,오순정역:남이안,김복순역:박순천,박민호역:길정우,박민지역:홍제이,김해정역:양금석,강태수역:이원재,이태우역:서현석,최동석역:김동균,최은자역:이진아,최유경역:이영은,최미영역:전은채,왕기범역:차승우,하열도역:김영훈,홍수경역:노정명,박태섭역:강서준,박혜진역:박지수"
20200609,SBS,214242,221627,굿캐스팅,<1부>,14회,전국,003345,드라마&영화,드라마,미니시리즈,3.68239,2.24259,2.46871,2.13815,2.76032,3.37814,4.39904,1.84114,1.11193,1.68503,3.75059,6.53618,6.04871,4.63663,"백찬미역:최강희,윤석호역:이상엽,임예은역:유인영,황미순역:김지영,강우원역:이준영,동관수역:이종혁,서국환역:정인기,배무혁역:박경순,간태희역:황보미,명계철역:우현,탁상기역:이상훈,옥철역:김용희,변우석역:허재호,구비서역:한수진,설영훈역:조영훈,심화란역:차수연,남봉만역:이승형,남주연역:김보윤,피철웅역:배진웅,권민석역:성혁,권소희역:노하연"
20200609,SBS,221808,225224,굿캐스팅,<2부>,14회,전국,003416,드라마&영화,드라마,미니시리즈,5.27899,3.41603,3.28849,3.87445,4.26815,5.34556,5.96676,3.61162,1.49666,2.89695,5.02432,9.91952,7.26299,5.47141,"백찬미역:최강희,윤석호역:이상엽,임예은역:유인영,황미순역:김지영,강우원역:이준영,동관수역:이종혁,서국환역:정인기,배무혁역:박경순,간태희역:황보미,명계철역:우현,탁상기역:이상훈,옥철역:김용희,변우석역:허재호,구비서역:한수진,설영훈역:조영훈,심화란역:차수연,남봉만역:이승형,남주연역:김보윤,피철웅역:배진웅,권민석역:성혁,권소희역:노하연"
20200609,OBS,093937,104246,구가의서,,6회,전국,010309,드라마&영화,드라마,주간연속극,0,0.02307,0.09173,0.00771,0.01443,0.00853,0.09233,0,0,0,0.10328,0.09692,0.00813,0.02159,"최강치역:이승기,담여울역:수지,조관웅역:이성재,담평준역:조성하,박태서역:유연석,박청조역:이유비,곤역:성준,구월령역:최진혁,윤서화역:이연희,소정법사역:김희원,천수련역:정혜영,자홍명역:윤세아,박무솔역:엄효섭,월선역:손승우,이순신역:유동근,마봉출역:조재윤,카게시마역:데이비드맥기니스,한노역:박주형,윤씨역:김희정,억만역:김기방,윤정윤역:이다윗,담이역:김보미,필목역:송영규,공달선생역:이도경"
20200609,OBS,181854,192204,구가의서,,7회,전국,010310,드라마&영화,드라마,주간연속극,0,0,0.04756,0.10555,0.00361,0,0.41446,0,0,0.29025,0.03547,0.13178,0.20528,0.11848,"최강치역:이승기,담여울역:수지,조관웅역:이성재,담평준역:조성하,박태서역:유연석,박청조역:이유비,곤역:성준,구월령역:최진혁,윤서화역:이연희,소정법사역:김희원,천수련역:정혜영,자홍명역:윤세아,박무솔역:엄효섭,월선역:손승우,이순신역:유동근,마봉출역:조재윤,카게시마역:데이비드맥기니스,한노역:박주형,윤씨역:김희정,억만역:김기방,윤정윤역:이다윗,담이역:김보미,필목역:송영규,공달선생역:이도경"
20200609,JTBC,213257,224044,야식남녀,,6회,전국,010747,드라마&영화,드라마,미니시리즈,0.19289,0,0.31523,0.14854,0.37131,0.52638,0.16735,0.16003,0.01876,0.15984,0.43392,0.24928,0.66366,0.33116,"박진성역:정일우,김아진역:강지영,강태완역:이학주,이상영역:김승수,차주희역:김수진,남규장역:양대혁,유성은역:공민정,노재수역:박성준,박진우역:최재현"
20200609,TV CHOSUN,200601,205454,바람과구름과비,,7회,전국,004853,드라마&영화,드라마,미니시리즈,0,0.05693,0.86928,0.757,0.24827,1.2085,1.19946,0,0.1797,0.03553,0.67912,0.69865,1.53372,1.38252,"최천중역:박시후,봉련역:고성희,흥선대원군이하응역:전광렬,채인규역:성혁,김병운역:김승수,김좌근역:차광수,나합역:윤아정,김병학역:한재영,조대비역:김보연,철종역:정욱,이하전역:이루,명성황후민자영역:박정연,고종이재황역:박상훈,용팔룡역:조복래,주모역:김주령,적도사진상역:한동규,팽구철역:노형욱,만석역:박노식,연치성역:임현수,반달역:왕빛나,임종사관역:허태희,최천중어린시절역:강태우,봉련어린시절역:홍승희,채인규어린시절역:최정우,상복역:허성태,민승호역:이해우,저자이병주,출판그림같은세상2020.08.28.,e북무료판매처 1건"
20200609,tvN,023913,041315,슬기로운감빵생활,,9회,전국,013402,드라마&영화,드라마,미니시리즈,0.80847,0.44537,0.02567,0.13252,0.16519,0.35886,0.15241,0,0.00559,0,0.40143,0.2173,0.04465,0.10818,"제혁역:박해수,준호역:정경호,지호역:정수정,제희역:임화영,준돌역:김경남,조주임역:성동일,법자역:김성철,명교수역:정재성,건달역:이호철,똘마니역:안창환,장기수역:최무성,문래동카이스트역:박호산,장발장역:강승윤,고박사역:정민성,한양역:이규형,유대위역:정해인,팽부장역:정웅인,점박이역:최성원,교도소장역:안상우,나과장역:박형수,송담당역:강기둥,한양엄마역:염혜란,유정민역:정문성,김은수역:김지민,송지원역:김준한"
20200609,tvN,043026,055932,슬기로운감빵생활,,10회,전국,012906,드라마&영화,드라마,미니시리즈,0.91349,1.00761,0.00681,0.10788,0.39477,0.12817,0.24855,0.07255,0,0,0.33244,0.18664,0.06828,0.46329,"제혁역:박해수,준호역:정경호,지호역:정수정,제희역:임화영,준돌역:김경남,조주임역:성동일,법자역:김성철,명교수역:정재성,건달역:이호철,똘마니역:안창환,장기수역:최무성,문래동카이스트역:박호산,장발장역:강승윤,고박사역:정민성,한양역:이규형,유대위역:정해인,팽부장역:정웅인,점박이역:최성원,교도소장역:안상우,나과장역:박형수,송담당역:강기둥,한양엄마역:염혜란,유정민역:정문성,김은수역:김지민,송지원역:김준한"
20200609,tvN,072102,085148,슬기로운의사생활,,3회,전국,013046,드라마&영화,드라마,미니시리즈,0.61357,0.51742,0.07457,0.12368,0.47145,0.40381,0.1561,1.18375,0.39219,0.13622,0.35759,1.26044,0.57155,0.14138,"이익준역:조정석,안정원역:유연석,김준완역:정경호,양석형역:김대명,채송화역:전미도,정로사역:김해숙,주종수역:김갑수,도재학역:정문성,용석민역:문태유,장겨울역:신현빈,안치홍역:김준한,봉광현역:최영준,추민하역:안은진,허선빈역:하윤경,명은원역:김혜인,장윤복역:조이현,장홍도역:배현성,송수빈역:김수진,소이현역:윤혜리,배준희역:신도현,주전역:조승연,황재신역:양조아,이우주역:김준,민기준역:서진원,종세혁역:전광진,이영하역:이노아,김재환역:이달,국해성역:이혜은,함덕주역:김비비,한현희역:이지원,한승주역:김지성,은선진역:설유진,이익순역:곽선영,조영혜역:문희경,양태양역:남명렬,김태연역:이소윤,천명태역:최영우,선우희수역:박한솔,장겨울남동생역:박정우,고아라역:고아라"
20200609,tvN,091110,103306,슬기로운의사생활,,4회,전국,012156,드라마&영화,드라마,미니시리즈,0.21954,0.83469,0.0959,0.25156,0.71997,0.90315,0.39405,0.2894,0.77711,0.32565,0.76918,2.3083,0.56927,0.38886,"이익준역:조정석,안정원역:유연석,김준완역:정경호,양석형역:김대명,채송화역:전미도,정로사역:김해숙,주종수역:김갑수,도재학역:정문성,용석민역:문태유,장겨울역:신현빈,안치홍역:김준한,봉광현역:최영준,추민하역:안은진,허선빈역:하윤경,명은원역:김혜인,장윤복역:조이현,장홍도역:배현성,송수빈역:김수진,소이현역:윤혜리,배준희역:신도현,주전역:조승연,황재신역:양조아,이우주역:김준,민기준역:서진원,종세혁역:전광진,이영하역:이노아,김재환역:이달,국해성역:이혜은,함덕주역:김비비,한현희역:이지원,한승주역:김지성,은선진역:설유진,이익순역:곽선영,조영혜역:문희경,양태양역:남명렬,김태연역:이소윤,천명태역:최영우,선우희수역:박한솔,장겨울남동생역:박정우,고아라역:고아라"
20200609,tvN,105315,120815,아는건별로없지만가족입니다,,3회,전국,011500,드라마&영화,드라마,미니시리즈,0.5467,0.61935,0,0.22262,0.42251,0.54741,0.61153,0.1838,0.3116,0.25805,0.6478,1.10914,0.73833,0.67123,"김은희역:한예리,박찬혁역:김지석,김은주역:추자현,김상식역:정진영,이진숙역:원미경,김지우역:신재하,임건주역:신동욱,윤태형역:김태훈,젊은상식역:한준우,젊은진숙역:조아영,유선일역:서상원,안효석역:이종원,서경옥역:가득희,윤서영역:혜정,전하라역:배윤경,유민우역:권율"
20200609,tvN,193133,204635,아는건별로없지만가족입니다,,3회,전국,011502,드라마&영화,드라마,미니시리즈,0.00723,1.06085,0.66897,0.21839,0.67125,0.53933,0.28402,0,0.31136,0.69098,0.72273,1.67994,0.55497,0.53358,"김은희역:한예리,박찬혁역:김지석,김은주역:추자현,김상식역:정진영,이진숙역:원미경,김지우역:신재하,임건주역:신동욱,윤태형역:김태훈,젊은상식역:한준우,젊은진숙역:조아영,유선일역:서상원,안효석역:이종원,서경옥역:가득희,윤서영역:혜정,전하라역:배윤경,유민우역:권율"
20200609,tvN,210009,221925,아는건별로없지만가족입니다,,4회,전국,011916,드라마&영화,드라마,미니시리즈,1.28833,0.83107,0.82766,0.51223,1.15859,1.78918,1.61796,0.01306,1.10069,1.21375,2.26648,3.84008,2.67386,1.66539,"김은희역:한예리,박찬혁역:김지석,김은주역:추자현,김상식역:정진영,이진숙역:원미경,김지우역:신재하,임건주역:신동욱,윤태형역:김태훈,젊은상식역:한준우,젊은진숙역:조아영,유선일역:서상원,안효석역:이종원,서경옥역:가득희,윤서영역:혜정,전하라역:배윤경,유민우역:권율"
20200609,tvN,251702,255959,슬기로운의사생활,,,전국,004257,드라마&영화,드라마,미니시리즈,0,0.00299,0.03121,0.24934,0.39969,0.26881,0.09899,0,0.00268,0.11427,0.20007,0.59431,0.17223,0.18675,"이익준역:조정석,안정원역:유연석,김준완역:정경호,양석형역:김대명,채송화역:전미도,정로사역:김해숙,주종수역:김갑수,도재학역:정문성,용석민역:문태유,장겨울역:신현빈,안치홍역:김준한,봉광현역:최영준,추민하역:안은진,허선빈역:하윤경,명은원역:김혜인,장윤복역:조이현,장홍도역:배현성,송수빈역:김수진,소이현역:윤혜리,배준희역:신도현,주전역:조승연,황재신역:양조아,이우주역:김준,민기준역:서진원,종세혁역:전광진,이영하역:이노아,김재환역:이달,국해성역:이혜은,함덕주역:김비비,한현희역:이지원,한승주역:김지성,은선진역:설유진,이익순역:곽선영,조영혜역:문희경,양태양역:남명렬,김태연역:이소윤,천명태역:최영우,선우희수역:박한솔,장겨울남동생역:박정우,고아라역:고아라"
20200609,국방TV,210036,212629,바람은불어도,,89회,전국,002553,드라마&영화,드라마,미니시리즈,0,0.05813,0.03111,0,0,0.00273,0.06908,0,0,0,0.01302,0,0.00768,0.01805,"최수종,유호정,윤손하,송나영,송기윤,나문희"
20200609,국방TV,212905,215834,바람은불어도,,90회,전국,002929,드라마&영화,드라마,미니시리즈,0,0,0,0.00909,0,0,0,0,0,0,0,0,0.01752,0.00666,"최수종,유호정,윤손하,송나영,송기윤,나문희"
20200609,국방TV,240035,242630,바람은불어도,,89회,전국,002555,드라마&영화,드라마,미니시리즈,0,0,0,0,0,0,0.00927,0,0,0,0,0,0,0.01666,"최수종,유호정,윤손하,송나영,송기윤,나문희"
20200609,국방TV,242939,245900,바람은불어도,,90회,전국,002921,드라마&영화,드라마,미니시리즈,0.03015,0,0,0,0.00648,0,0.00049,0.02502,0,0.01466,0,0.00603,0,0.00079,"최수종,유호정,윤손하,송나영,송기윤,나문희"
20200609,국방TV,250035,252707,바람은불어도,,91회,전국,002632,드라마&영화,드라마,미니시리즈,0,0,0,0.00934,0,0.01318,0.0011,0,0,0.01967,0,0,0.02632,0.00177,"최수종,유호정,윤손하,송나영,송기윤,나문희"
20200609,국방TV,253036,255818,바람은불어도,,92회,전국,002742,드라마&영화,드라마,미니시리즈,0.06477,0,0.02408,0,0,0.00467,0.00158,0.05374,0,0,0.01182,0.01942,0.01426,0,"최수종,유호정,윤손하,송나영,송기윤,나문희"
20200609,AsiaUHD,030141,040434,위대한이야기,,3회,전국,010253,드라마&영화,드라마,주말연속극,0,0,0,0,0,0,0,0,0,0,0,0,0,0,"이난영역:소유진,김시스터즈숙자역:정다은,김시스터즈애자역:최배영,김시스터즈민자역:허은정,상준역:김영재,영자역:임수향,경아역:임세미,김일역:문원주,안토니오이노키역:지건우,역:도산역:조경훈,강호역:홍경인,상준역:이유준,박신자역:김단비,이주일역:박영수,최대표역:윤기원,박종환역:백도빈,아내역:김난휘,할매역:이미지,박여사역:전미선,찬영역:도지한,연지역:이가원,근창역:최일화,미영역:김정연,봉순역:임성언,남숙역:황화순,순옥역:박순천,창만역:이영범,민수역:서준영,성철역:손병호,지호역:김수호,아내역:정윤서"
20200609,AsiaUHD,043041,054235,위대한이야기,,4회,전국,011154,드라마&영화,드라마,주말연속극,0,0,0,0,0,0,0.02994,0,0,0,0,0,0,0,"이난영역:소유진,김시스터즈숙자역:정다은,김시스터즈애자역:최배영,김시스터즈민자역:허은정,상준역:김영재,영자역:임수향,경아역:임세미,김일역:문원주,안토니오이노키역:지건우,역:도산역:조경훈,강호역:홍경인,상준역:이유준,박신자역:김단비,이주일역:박영수,최대표역:윤기원,박종환역:백도빈,아내역:김난휘,할매역:이미지,박여사역:전미선,찬영역:도지한,연지역:이가원,근창역:최일화,미영역:김정연,봉순역:임성언,남숙역:황화순,순옥역:박순천,창만역:이영범,민수역:서준영,성철역:손병호,지호역:김수호,아내역:정윤서"
20200609,AXN,074816,085136,내딸서영이,,45회,전국,010320,드라마&영화,드라마,주말연속극,0,0,0,0,0.1566,0.07954,0,0,0,0.00592,0.09463,0.10922,0,0.01962,"이서영역:이보영,강우재역:이상윤,이삼재역:천호진,이상우역:박해진,강미경역:박정아,최호정역:최윤영,강기범역:최정우,차지선역:김혜옥,강성재역:이정신,최민석역:홍요섭,김강순역:송옥숙,최경호역:심형탁,윤소미역:조은숙,정선우역:장희진,이연희역:민영원,고승찬역:곽승남,재희역:주아성,서은수역:설현,서영모역:김민경,만세역:권율,방심덕역:이일화,아이돌배우역:양요섭,호태역:남태부,배영택역:전노민,음악학원원장역:전태관,성태역:조동혁"
20200609,AXN,091047,101356,내딸서영이,,46회,전국,010309,드라마&영화,드라마,주말연속극,0,0,0,0,0.11508,0.16476,0.06106,0,0.11061,0.03183,0.13996,0.09749,0.00254,0.10066,"이서영역:이보영,강우재역:이상윤,이삼재역:천호진,이상우역:박해진,강미경역:박정아,최호정역:최윤영,강기범역:최정우,차지선역:김혜옥,강성재역:이정신,최민석역:홍요섭,김강순역:송옥숙,최경호역:심형탁,윤소미역:조은숙,정선우역:장희진,이연희역:민영원,고승찬역:곽승남,재희역:주아성,서은수역:설현,서영모역:김민경,만세역:권율,방심덕역:이일화,아이돌배우역:양요섭,호태역:남태부,배영택역:전노민,음악학원원장역:전태관,성태역:조동혁"
20200609,AXN,133024,143413,내딸서영이,,45회,전국,010349,드라마&영화,드라마,주말연속극,0.01916,0.03406,0.07216,0,0.04916,0.02441,0.14233,0,0.05988,0,0.00763,0.0391,0.06264,0.29383,"이서영역:이보영,강우재역:이상윤,이삼재역:천호진,이상우역:박해진,강미경역:박정아,최호정역:최윤영,강기범역:최정우,차지선역:김혜옥,강성재역:이정신,최민석역:홍요섭,김강순역:송옥숙,최경호역:심형탁,윤소미역:조은숙,정선우역:장희진,이연희역:민영원,고승찬역:곽승남,재희역:주아성,서은수역:설현,서영모역:김민경,만세역:권율,방심덕역:이일화,아이돌배우역:양요섭,호태역:남태부,배영택역:전노민,음악학원원장역:전태관,성태역:조동혁"
20200609,AXN,145054,155435,내딸서영이,,46회,전국,010341,드라마&영화,드라마,주말연속극,0.02733,0.00877,0,0.0038,0.02408,0.01401,0.37112,0,0,0,0.04428,0,0.04541,0.46473,"이서영역:이보영,강우재역:이상윤,이삼재역:천호진,이상우역:박해진,강미경역:박정아,최호정역:최윤영,강기범역:최정우,차지선역:김혜옥,강성재역:이정신,최민석역:홍요섭,김강순역:송옥숙,최경호역:심형탁,윤소미역:조은숙,정선우역:장희진,이연희역:민영원,고승찬역:곽승남,재희역:주아성,서은수역:설현,서영모역:김민경,만세역:권율,방심덕역:이일화,아이돌배우역:양요섭,호태역:남태부,배영택역:전노민,음악학원원장역:전태관,성태역:조동혁"
20200609,AXN,211122,221543,내딸서영이,,45회,전국,010421,드라마&영화,드라마,주말연속극,0,0,0,0.00597,0.00385,0.04614,0.06201,0,0,0,0.01519,0,0.04402,0.06065,"이서영역:이보영,강우재역:이상윤,이삼재역:천호진,이상우역:박해진,강미경역:박정아,최호정역:최윤영,강기범역:최정우,차지선역:김혜옥,강성재역:이정신,최민석역:홍요섭,김강순역:송옥숙,최경호역:심형탁,윤소미역:조은숙,정선우역:장희진,이연희역:민영원,고승찬역:곽승남,재희역:주아성,서은수역:설현,서영모역:김민경,만세역:권율,방심덕역:이일화,아이돌배우역:양요섭,호태역:남태부,배영택역:전노민,음악학원원장역:전태관,성태역:조동혁"
20200609,AXN,223059,233525,내딸서영이,,46회,전국,010426,드라마&영화,드라마,주말연속극,0.01711,0,0,0.0219,0,0.19784,0.27957,0,0,0.13998,0.01688,0.02486,0.21576,0.39002,"이서영역:이보영,강우재역:이상윤,이삼재역:천호진,이상우역:박해진,강미경역:박정아,최호정역:최윤영,강기범역:최정우,차지선역:김혜옥,강성재역:이정신,최민석역:홍요섭,김강순역:송옥숙,최경호역:심형탁,윤소미역:조은숙,정선우역:장희진,이연희역:민영원,고승찬역:곽승남,재희역:주아성,서은수역:설현,서영모역:김민경,만세역:권율,방심덕역:이일화,아이돌배우역:양요섭,호태역:남태부,배영택역:전노민,음악학원원장역:전태관,성태역:조동혁"
20200609,CHING,020000,023539,번외수사,,3회,전국,003539,드라마&영화,드라마,미니시리즈,0,0,0,0,0,0.01243,0,0,0,0.00788,0,0,0.01351,0,"진강호역:차태현,강무영역:이선빈,이반석역:정상훈,테디정역:윤경호,탁원역:지승현,민대진역:박정우,맨손역:박태산,연장역:장진희,지수철역:이영석,노순이역:민경옥"
20200609,CHING,024745,034757,번외수사,,4회,전국,010012,드라마&영화,드라마,미니시리즈,0,0,0,0,0,0.05426,0.005,0,0,0,0,0,0,0.00997,"진강호역:차태현,강무영역:이선빈,이반석역:정상훈,테디정역:윤경호,탁원역:지승현,민대진역:박정우,맨손역:박태산,연장역:장진희,지수철역:이영석,노순이역:민경옥"
20200609,CHING,083710,094216,이산,,9회,전국,010506,드라마&영화,드라마,주간연속극,0,0.00198,0,0,0.00134,0,0.13132,0,0.00177,0,0.1839,0,0,0.01094,"정조이산역:이서진,성송연역:한지민,영조역:이순재,정순왕후역:김여진,화완옹주역:성현아,정후겸역:조연우,박대수역:이종수,효의왕후역:박은혜,혜경궁홍씨역:견미리,사도세자역:이창훈,홍국영역:한상진,최석주역:조경환,채제공역:한인수,정약용역:송창의,장태우역:이재용,민주식역:정호근,박제가역:정재곤,남사초역:맹상훈,박달호역:이희도,김정금상궁역:김소이,강미비상궁역:이숙,원빈홍씨역:지성원,화빈윤씨역:유연지,박영문역:신국,초비역:이도은,이천역:지상렬,탁지수역:유민혁,이산어린시절역:박지빈,성송연어린시절역:이한나,박대수어린시절역:권오민,정후겸어린시절역:이인성"
20200609,CHING,095532,110312,이산,,10회,전국,010740,드라마&영화,드라마,주간연속극,0,0.00496,0,0,0.00374,0,0.11508,0,0,0,0.19922,0.00464,0.01243,0.00292,"정조이산역:이서진,성송연역:한지민,영조역:이순재,정순왕후역:김여진,화완옹주역:성현아,정후겸역:조연우,박대수역:이종수,효의왕후역:박은혜,혜경궁홍씨역:견미리,사도세자역:이창훈,홍국영역:한상진,최석주역:조경환,채제공역:한인수,정약용역:송창의,장태우역:이재용,민주식역:정호근,박제가역:정재곤,남사초역:맹상훈,박달호역:이희도,김정금상궁역:김소이,강미비상궁역:이숙,원빈홍씨역:지성원,화빈윤씨역:유연지,박영문역:신국,초비역:이도은,이천역:지상렬,탁지수역:유민혁,이산어린시절역:박지빈,성송연어린시절역:이한나,박대수어린시절역:권오민,정후겸어린시절역:이인성"
20200609,CHING,143944,151106,인어아가씨,,65회,전국,003122,드라마&영화,드라마,주간연속극,0.1501,0,0,0.04281,0.00487,0.00417,0.01958,0,0,0,0.03229,0.00545,0,0.01572,"은아리영역:장서희,한경혜역:정영숙,은진섭역:박근형,심수정역:한혜숙,은예영역:우희진,이주왕역:김성민,이성수역:김병기,금옥선역:사미자,금실라역:김용림,조수아역:고두심,마마준역:정보석,마마린역:이재은"
20200609,CHING,151217,154407,인어아가씨,,66회,전국,003150,드라마&영화,드라마,주간연속극,0.58165,0,0,0.1659,0,0,0.04492,0,0,0,0.12514,0,0.00227,0.06318,"은아리영역:장서희,한경혜역:정영숙,은진섭역:박근형,심수정역:한혜숙,은예영역:우희진,이주왕역:김성민,이성수역:김병기,금옥선역:사미자,금실라역:김용림,조수아역:고두심,마마준역:정보석,마마린역:이재은"
20200609,CHING,155603,162722,인어아가씨,,67회,전국,003119,드라마&영화,드라마,주간연속극,0.58165,0,0.00636,0.1659,0.00696,0,0.02979,0,0,0,0.12514,0.00796,0,0.03634,"은아리영역:장서희,한경혜역:정영숙,은진섭역:박근형,심수정역:한혜숙,은예영역:우희진,이주왕역:김성민,이성수역:김병기,금옥선역:사미자,금실라역:김용림,조수아역:고두심,마마준역:정보석,마마린역:이재은"
20200609,CHING,162833,170100,인어아가씨,,68회,전국,003227,드라마&영화,드라마,주간연속극,0.58165,0,0,0.1659,0.15869,0,0.01226,0,0,0,0.12514,0,0,0.04922,"은아리영역:장서희,한경혜역:정영숙,은진섭역:박근형,심수정역:한혜숙,은예영역:우희진,이주왕역:김성민,이성수역:김병기,금옥선역:사미자,금실라역:김용림,조수아역:고두심,마마준역:정보석,마마린역:이재은"
20200609,CHING,171355,181901,이산,,9회,전국,010506,드라마&영화,드라마,주간연속극,0.2953,0,0,0.10092,0,0,0.09321,0,0,0,0.06353,0,0.04396,0.00073,"정조이산역:이서진,성송연역:한지민,영조역:이순재,정순왕후역:김여진,화완옹주역:성현아,정후겸역:조연우,박대수역:이종수,효의왕후역:박은혜,혜경궁홍씨역:견미리,사도세자역:이창훈,홍국영역:한상진,최석주역:조경환,채제공역:한인수,정약용역:송창의,장태우역:이재용,민주식역:정호근,박제가역:정재곤,남사초역:맹상훈,박달호역:이희도,김정금상궁역:김소이,강미비상궁역:이숙,원빈홍씨역:지성원,화빈윤씨역:유연지,박영문역:신국,초비역:이도은,이천역:지상렬,탁지수역:유민혁,이산어린시절역:박지빈,성송연어린시절역:이한나,박대수어린시절역:권오민,정후겸어린시절역:이인성"
20200609,CHING,183230,194011,이산,,10회,전국,010741,드라마&영화,드라마,주간연속극,0.22651,0.0288,0.01312,0.06107,0.02946,0,0.27006,0,0.02581,0.00293,0.02988,0.00569,0.12307,0.01307,"정조이산역:이서진,성송연역:한지민,영조역:이순재,정순왕후역:김여진,화완옹주역:성현아,정후겸역:조연우,박대수역:이종수,효의왕후역:박은혜,혜경궁홍씨역:견미리,사도세자역:이창훈,홍국영역:한상진,최석주역:조경환,채제공역:한인수,정약용역:송창의,장태우역:이재용,민주식역:정호근,박제가역:정재곤,남사초역:맹상훈,박달호역:이희도,김정금상궁역:김소이,강미비상궁역:이숙,원빈홍씨역:지성원,화빈윤씨역:유연지,박영문역:신국,초비역:이도은,이천역:지상렬,탁지수역:유민혁,이산어린시절역:박지빈,성송연어린시절역:이한나,박대수어린시절역:권오민,정후겸어린시절역:이인성"
20200609,CHING,230936,234058,인어아가씨,,65회,전국,003122,드라마&영화,드라마,주간연속극,0,0,0,0,0,0,0,0,0,0,0,0,0.06086,0,"은아리영역:장서희,한경혜역:정영숙,은진섭역:박근형,심수정역:한혜숙,은예영역:우희진,이주왕역:김성민,이성수역:김병기,금옥선역:사미자,금실라역:김용림,조수아역:고두심,마마준역:정보석,마마린역:이재은"
20200609,CHING,234209,241359,인어아가씨,,66회,전국,003150,드라마&영화,드라마,주간연속극,0,0,0.06653,0,0,0.07977,0.035,0,0,0.09212,0,0.00505,0.19934,0.02937,"은아리영역:장서희,한경혜역:정영숙,은진섭역:박근형,심수정역:한혜숙,은예영역:우희진,이주왕역:김성민,이성수역:김병기,금옥선역:사미자,금실라역:김용림,조수아역:고두심,마마준역:정보석,마마린역:이재은"
20200609,CHING,242356,245514,인어아가씨,,67회,전국,003118,드라마&영화,드라마,주간연속극,0,0,0,0,0,0,0.0199,0,0,0,0,0.00564,0,0.01896,"은아리영역:장서희,한경혜역:정영숙,은진섭역:박근형,심수정역:한혜숙,은예영역:우희진,이주왕역:김성민,이성수역:김병기,금옥선역:사미자,금실라역:김용림,조수아역:고두심,마마준역:정보석,마마린역:이재은"
20200609,CHING,245625,252852,인어아가씨,,68회,전국,003227,드라마&영화,드라마,주간연속극,0,0,0,0,0,0,0.03427,0,0,0,0,0,0,0,"은아리영역:장서희,한경혜역:정영숙,은진섭역:박근형,심수정역:한혜숙,은예영역:우희진,이주왕역:김성민,이성수역:김병기,금옥선역:사미자,금실라역:김용림,조수아역:고두심,마마준역:정보석,마마린역:이재은"
20200609,CHING,253830,255959,이산,,9회,전국,002129,드라마&영화,드라마,주간연속극,0,0,0,0,0,0,0.01702,0,0,0,0,0,0,0.02076,"정조이산역:이서진,성송연역:한지민,영조역:이순재,정순왕후역:김여진,화완옹주역:성현아,정후겸역:조연우,박대수역:이종수,효의왕후역:박은혜,혜경궁홍씨역:견미리,사도세자역:이창훈,홍국영역:한상진,최석주역:조경환,채제공역:한인수,정약용역:송창의,장태우역:이재용,민주식역:정호근,박제가역:정재곤,남사초역:맹상훈,박달호역:이희도,김정금상궁역:김소이,강미비상궁역:이숙,원빈홍씨역:지성원,화빈윤씨역:유연지,박영문역:신국,초비역:이도은,이천역:지상렬,탁지수역:유민혁,이산어린시절역:박지빈,성송연어린시절역:이한나,박대수어린시절역:권오민,정후겸어린시절역:이인성"
20200609,CNTV,032240,035657,녹두꽃,,1회,전국,003417,드라마&영화,드라마,미니시리즈,0,0,0,0.03572,0,0.28489,0.05948,0,0,0.01948,0,0.02828,0,0.05713,"백이강역:조정석,백이현역:윤시윤,송자인역:한예리,전봉준역:최무성,백가역:박혁권,최덕기역:김상호,황석주역:최원영,채씨역:황영희,백이화역:백은혜,유월이역:서영희,남서방역:정선철,최경선역:민성욱,해승역:안길강,버들이역:노행하,번개역:병헌,동록개역:정규수,김가역:박지환,김개남역:김정호,손화중역:홍우진,송희옥역:이태검,황명심역:박규영,홍가역:조희봉,억쇠역:조현식,철두역:김도연,박원명역:김하균,송봉길역:박지일,김당손역:문원주,김문현역:이순원,김학진역:남문철,홍계훈역:윤서현,이규태역:손우현,이두황역:서종봉,대원군역:전국환,민비역:김지현,고종역:이윤건,조병갑역:장광,이용태역:이정헌,최시형역:전무송,다케다요스케역:이기찬,김홍집역:황만익"
20200609,CNTV,035722,042542,녹두꽃,,2회,전국,002820,드라마&영화,드라마,미니시리즈,0,0,0,0.10889,0.03424,0.15089,0.02513,0,0,0,0,0,0.08313,0.04507,"백이강역:조정석,백이현역:윤시윤,송자인역:한예리,전봉준역:최무성,백가역:박혁권,최덕기역:김상호,황석주역:최원영,채씨역:황영희,백이화역:백은혜,유월이역:서영희,남서방역:정선철,최경선역:민성욱,해승역:안길강,버들이역:노행하,번개역:병헌,동록개역:정규수,김가역:박지환,김개남역:김정호,손화중역:홍우진,송희옥역:이태검,황명심역:박규영,홍가역:조희봉,억쇠역:조현식,철두역:김도연,박원명역:김하균,송봉길역:박지일,김당손역:문원주,김문현역:이순원,김학진역:남문철,홍계훈역:윤서현,이규태역:손우현,이두황역:서종봉,대원군역:전국환,민비역:김지현,고종역:이윤건,조병갑역:장광,이용태역:이정헌,최시형역:전무송,다케다요스케역:이기찬,김홍집역:황만익"
20200609,CNTV,060657,065910,용의눈물,,67회,전국,005213,드라마&영화,드라마,주간연속극,0,0,0,0,0,0.04006,0.01322,0,0,0,0.00722,0.28784,0.00595,0.00595,"유동근,최명길,이민우,안재모,김무생,김혜리"
20200609,CNTV,071149,080408,용의눈물,,68회,전국,005219,드라마&영화,드라마,주간연속극,0.02291,0,0,0.00545,0.00595,0.07215,0.06423,0.01258,0,0,0.00529,0,0.09172,0.0091,"유동근,최명길,이민우,안재모,김무생,김혜리"
20200609,CNTV,092731,102752,바람과구름과비,,5회,전국,010021,드라마&영화,드라마,미니시리즈,0,0,0,0.00112,0.00617,0.17641,0.10114,0,0,0,0.00299,0.19454,0.24478,0.05822,"최천중역:박시후,봉련역:고성희,흥선대원군이하응역:전광렬,채인규역:성혁,김병운역:김승수,김좌근역:차광수,나합역:윤아정,김병학역:한재영,조대비역:김보연,철종역:정욱,이하전역:이루,명성황후민자영역:박정연,고종이재황역:박상훈,용팔룡역:조복래,주모역:김주령,적도사진상역:한동규,팽구철역:노형욱,만석역:박노식,연치성역:임현수,반달역:왕빛나,임종사관역:허태희,최천중어린시절역:강태우,봉련어린시절역:홍승희,채인규어린시절역:최정우,상복역:허성태,민승호역:이해우,저자이병주,출판그림같은세상2020.08.28.,e북무료판매처 1건"
20200609,CNTV,104707,114713,야인시대,,43회,전국,010006,드라마&영화,드라마,주간연속극,0,0,0,0.06725,0.01598,0.03659,0.46806,0,0,0.03312,0.04982,0.01994,0.15391,0.77094,"청년김두한역:안재모,소년김두한역:곽정욱,장년김두한역:김영철,장년정진영역:차광수,구마적역:이원종,쌍칼역:박준규,김무옥역:이혁재,문영철역:장세진,장년개코역:성동일,신마적역:최철호,하야시역:이창훈,가미소리역:이상인,시바루역:이세창,나미꼬역:이세은,시라소니역:조상구,최동열역:정동환,미와역:이재용,마루오까역:최재성,설향역:허영란,애란역:조여정,정운경역:심형탁,김좌진역:최동준,오숙근역:이덕희,박계숙역:전미선,원노인역:이순재,유진산역:이효정,이정재역:김영호,조병옥역:김학철,이화룡역:안승훈,청년개코역:이동훈,신영균역:윤용현,청년정진영역:김정민,김영태역:박영록,박인애역:정소영,이영숙역:이일화,김두한어린시절역:곽정욱"
20200609,CNTV,120607,125927,광개토태왕,,76회,전국,005320,드라마&영화,드라마,주말연속극,0,0,0,0.17646,0.00477,0.09778,0.32376,0,0.08823,0,0,0.04657,0.18635,0.65742,"담덕역:이태곤,고운역:김승수,모용보역:임호,도영역:오지은,연살타역:홍경인,약연역:이인혜,고무역:김진태,고창역:남성진,모두영역:이원발,모두루역:임대호,모용수역:김동현,풍발역:정호근,개연수역:최동준,가라지역:오욱철,연도부역:반석진,계필역:선동혁,이영역:최상훈,담망역:정태우,이련역:송용태,고야역:이보희,담주역:조안,설도안역:김규철,설지역:김정화,마수역:고인범,여소이역:임병기,돌비수역:김정현,갈사무역:강신조,도광역:박승호,소모역:강지후,여문역:나주석,모용희역:조인표,거보역:김덕현,무갑역:유종근,여석개역:방형주,황회역:김명수,원봉역:박유승,하무지역:윤승원,사갈현역:김철기,아신역:박정철"
20200609,CNTV,131725,141018,용의눈물,,67회,전국,005253,드라마&영화,드라마,주간연속극,0,0.13769,0,0.11729,0.08229,0.03703,0.1386,0,0.59412,0.04334,0,0.25666,0.02619,0.29192,"유동근,최명길,이민우,안재모,김무생,김혜리"
20200609,CNTV,142806,152105,용의눈물,,68회,전국,005259,드라마&영화,드라마,주간연속극,0,0.0549,0,0.13639,0.01418,0.05532,0.37392,0.02738,0.12217,0.00431,0.00723,0.0753,0.09456,0.43601,"유동근,최명길,이민우,안재모,김무생,김혜리"
20200609,CNTV,154204,164310,바람과구름과비,,5회,전국,010106,드라마&영화,드라마,미니시리즈,0,0,0.27576,0.04486,0,0.30075,0.43599,0,0.01206,0.0263,0.05899,0.07158,0.51499,0.53084,"최천중역:박시후,봉련역:고성희,흥선대원군이하응역:전광렬,채인규역:성혁,김병운역:김승수,김좌근역:차광수,나합역:윤아정,김병학역:한재영,조대비역:김보연,철종역:정욱,이하전역:이루,명성황후민자영역:박정연,고종이재황역:박상훈,용팔룡역:조복래,주모역:김주령,적도사진상역:한동규,팽구철역:노형욱,만석역:박노식,연치성역:임현수,반달역:왕빛나,임종사관역:허태희,최천중어린시절역:강태우,봉련어린시절역:홍승희,채인규어린시절역:최정우,상복역:허성태,민승호역:이해우,저자이병주,출판그림같은세상2020.08.28.,e북무료판매처 1건"
20200609,CNTV,170310,180315,야인시대,,43회,전국,010005,드라마&영화,드라마,주간연속극,0.02189,0.06088,0.08205,0,0.00677,0.16559,0.43,0,0,0,0.00543,0.03204,0.13281,0.24621,"청년김두한역:안재모,소년김두한역:곽정욱,장년김두한역:김영철,장년정진영역:차광수,구마적역:이원종,쌍칼역:박준규,김무옥역:이혁재,문영철역:장세진,장년개코역:성동일,신마적역:최철호,하야시역:이창훈,가미소리역:이상인,시바루역:이세창,나미꼬역:이세은,시라소니역:조상구,최동열역:정동환,미와역:이재용,마루오까역:최재성,설향역:허영란,애란역:조여정,정운경역:심형탁,김좌진역:최동준,오숙근역:이덕희,박계숙역:전미선,원노인역:이순재,유진산역:이효정,이정재역:김영호,조병옥역:김학철,이화룡역:안승훈,청년개코역:이동훈,신영균역:윤용현,청년정진영역:김정민,김영태역:박영록,박인애역:정소영,이영숙역:이일화,김두한어린시절역:곽정욱"
20200609,CNTV,182024,191344,광개토태왕,,76회,전국,005320,드라마&영화,드라마,주말연속극,0,0.00492,0.16647,0.04459,0,0.24665,0.58986,0,0.07994,0,0,0.21994,0.20252,0.48899,"담덕역:이태곤,고운역:김승수,모용보역:임호,도영역:오지은,연살타역:홍경인,약연역:이인혜,고무역:김진태,고창역:남성진,모두영역:이원발,모두루역:임대호,모용수역:김동현,풍발역:정호근,개연수역:최동준,가라지역:오욱철,연도부역:반석진,계필역:선동혁,이영역:최상훈,담망역:정태우,이련역:송용태,고야역:이보희,담주역:조안,설도안역:김규철,설지역:김정화,마수역:고인범,여소이역:임병기,돌비수역:김정현,갈사무역:강신조,도광역:박승호,소모역:강지후,여문역:나주석,모용희역:조인표,거보역:김덕현,무갑역:유종근,여석개역:방형주,황회역:김명수,원봉역:박유승,하무지역:윤승원,사갈현역:김철기,아신역:박정철"
20200609,CNTV,193307,202545,용의눈물,,67회,전국,005238,드라마&영화,드라마,주간연속극,0.0165,0.00805,0,0,0.15926,0.22343,0.26144,0,0,0.01621,0.00301,0.0144,0.01386,0.20313,"유동근,최명길,이민우,안재모,김무생,김혜리"
20200609,CNTV,204301,213559,용의눈물,,68회,전국,005258,드라마&영화,드라마,주간연속극,0.08455,0.01002,0,0,0.02104,0.06192,0.15384,0.08594,0.01503,0,0.23787,0.02719,0.10532,0.10961,"유동근,최명길,이민우,안재모,김무생,김혜리"
20200609,CNTV,215426,225447,바람과구름과비,,5회,전국,010021,드라마&영화,드라마,미니시리즈,0,0,0,0,0.01079,0.01565,0.23644,0,0.09435,0.05221,0.09371,0.04584,0.16766,0.12425,"최천중역:박시후,봉련역:고성희,흥선대원군이하응역:전광렬,채인규역:성혁,김병운역:김승수,김좌근역:차광수,나합역:윤아정,김병학역:한재영,조대비역:김보연,철종역:정욱,이하전역:이루,명성황후민자영역:박정연,고종이재황역:박상훈,용팔룡역:조복래,주모역:김주령,적도사진상역:한동규,팽구철역:노형욱,만석역:박노식,연치성역:임현수,반달역:왕빛나,임종사관역:허태희,최천중어린시절역:강태우,봉련어린시절역:홍승희,채인규어린시절역:최정우,상복역:허성태,민승호역:이해우,저자이병주,출판그림같은세상2020.08.28.,e북무료판매처 1건"
20200609,CNTV,231205,241210,야인시대,,43회,전국,010005,드라마&영화,드라마,주간연속극,0,0,0.00357,0.00117,0.13809,0.23435,0.3264,0,0,0,0.00122,0,0.11574,0.12342,"청년김두한역:안재모,소년김두한역:곽정욱,장년김두한역:김영철,장년정진영역:차광수,구마적역:이원종,쌍칼역:박준규,김무옥역:이혁재,문영철역:장세진,장년개코역:성동일,신마적역:최철호,하야시역:이창훈,가미소리역:이상인,시바루역:이세창,나미꼬역:이세은,시라소니역:조상구,최동열역:정동환,미와역:이재용,마루오까역:최재성,설향역:허영란,애란역:조여정,정운경역:심형탁,김좌진역:최동준,오숙근역:이덕희,박계숙역:전미선,원노인역:이순재,유진산역:이효정,이정재역:김영호,조병옥역:김학철,이화룡역:안승훈,청년개코역:이동훈,신영균역:윤용현,청년정진영역:김정민,김영태역:박영록,박인애역:정소영,이영숙역:이일화,김두한어린시절역:곽정욱"
20200609,CNTV,242452,251757,광개토태왕,,76회,전국,005305,드라마&영화,드라마,주말연속극,0,0.07463,0,0.00207,0.01796,0.01595,0.19508,0,0,0.04248,0,0.15674,0.00773,0.35317,"담덕역:이태곤,고운역:김승수,모용보역:임호,도영역:오지은,연살타역:홍경인,약연역:이인혜,고무역:김진태,고창역:남성진,모두영역:이원발,모두루역:임대호,모용수역:김동현,풍발역:정호근,개연수역:최동준,가라지역:오욱철,연도부역:반석진,계필역:선동혁,이영역:최상훈,담망역:정태우,이련역:송용태,고야역:이보희,담주역:조안,설도안역:김규철,설지역:김정화,마수역:고인범,여소이역:임병기,돌비수역:김정현,갈사무역:강신조,도광역:박승호,소모역:강지후,여문역:나주석,모용희역:조인표,거보역:김덕현,무갑역:유종근,여석개역:방형주,황회역:김명수,원봉역:박유승,하무지역:윤승원,사갈현역:김철기,아신역:박정철"
20200609,DRAMAcube,051550,061602,시크릿부티크,,9회,전국,010012,드라마&영화,드라마,미니시리즈,0,0.00266,0,0.02213,0.0018,0.01748,0.04114,0,0.00238,0,0.01622,0.00663,0,0.04334,"제니장역:김선아,김여옥역:장미희,위예남역:박희본,이현지역:고민시,윤선우역:김재영,위정혁역:김태훈,위예은역:류원,차승재역:류승수,황집사역:한정수,미세스왕역:김영아,위동섭역:여무영,운산스님역:박병호,도준섭역:김법래,오태석역:주석태,이주호역:장률,박주현역:장영남,김미진역:윤지인,예준역:최동화,조양오역:임철형,이상훈역:정욱진,윤혜라역:송지우,장도윤역:박재준,우선정역:박성연,어린도영역:박서경,18세도영역:정다은,18세예남역:조민아,20세정혁역:김성현,어린선우역:이시우"
20200609,DRAMAcube,062112,072334,배가본드,,2회,전국,010222,드라마&영화,드라마,미니시리즈,0,0.00782,0.00324,0.0196,0.00388,0.00673,0.04221,0,0,0,0.07194,0.05131,0.00561,0.01884,"차달건역:이승기,고해리역:배수지,기태웅역:신성록,제시카리역:문정희,정국표역:백윤식,홍순조역:문성근,에드워드박역:이경영,강주철역:이기영,윤한기역:김민종,민재식역:정만식,공화숙역:황보라,박만영역:최광일,안기동역:김종수,김세훈역:신승환,한기수역:김민서,미키역:류원,홍승범역:김정현,릴리역:박아인,박광덕역:고규필,제롬역:유태오,김우기역:장혁진,오상미역:강경헌,김도수역:최대철"
20200609,DRAMAcube,085033,095333,야식남녀,,3회,전국,010300,드라마&영화,드라마,미니시리즈,0,0,0.00617,0,0,0.01063,0.02118,0,0.02517,0,0,0.02774,0.10997,0.00422,"박진성역:정일우,김아진역:강지영,강태완역:이학주,이상영역:김승수,차주희역:김수진,남규장역:양대혁,유성은역:공민정,노재수역:박성준,박진우역:최재현"
20200609,DRAMAcube,242835,253455,굿캐스팅,,12회,전국,010620,드라마&영화,드라마,미니시리즈,0.02004,0,0,0.08306,0.01068,0.00308,0.01115,0,0.00823,0,0.16942,0.0053,0.01779,0.04627,"백찬미역:최강희,윤석호역:이상엽,임예은역:유인영,황미순역:김지영,강우원역:이준영,동관수역:이종혁,서국환역:정인기,배무혁역:박경순,간태희역:황보미,명계철역:우현,탁상기역:이상훈,옥철역:김용희,변우석역:허재호,구비서역:한수진,설영훈역:조영훈,심화란역:차수연,남봉만역:이승형,남주연역:김보윤,피철웅역:배진웅,권민석역:성혁,권소희역:노하연"
20200609,DramaH,020000,023053,굿캐스팅,,11회,전국,003053,드라마&영화,드라마,미니시리즈,0,0,0,0,0,0,0.01176,0,0,0,0.02571,0,0,0,"백찬미역:최강희,윤석호역:이상엽,임예은역:유인영,황미순역:김지영,강우원역:이준영,동관수역:이종혁,서국환역:정인기,배무혁역:박경순,간태희역:황보미,명계철역:우현,탁상기역:이상훈,옥철역:김용희,변우석역:허재호,구비서역:한수진,설영훈역:조영훈,심화란역:차수연,남봉만역:이승형,남주연역:김보윤,피철웅역:배진웅,권민석역:성혁,권소희역:노하연"
20200609,DramaH,023953,034606,굿캐스팅,,12회,전국,010613,드라마&영화,드라마,미니시리즈,0,0,0,0.0054,0.00689,0,0.01736,0,0,0,0,0,0.02057,0.01833,"백찬미역:최강희,윤석호역:이상엽,임예은역:유인영,황미순역:김지영,강우원역:이준영,동관수역:이종혁,서국환역:정인기,배무혁역:박경순,간태희역:황보미,명계철역:우현,탁상기역:이상훈,옥철역:김용희,변우석역:허재호,구비서역:한수진,설영훈역:조영훈,심화란역:차수연,남봉만역:이승형,남주연역:김보윤,피철웅역:배진웅,권민석역:성혁,권소희역:노하연"
20200609,DramaH,094425,104529,바람과구름과비,,5회,전국,010104,드라마&영화,드라마,미니시리즈,0,0,0,0,0.03256,0,0.1283,0,0,0.00952,0,0,0.01605,0.13004,"최천중역:박시후,봉련역:고성희,흥선대원군이하응역:전광렬,채인규역:성혁,김병운역:김승수,김좌근역:차광수,나합역:윤아정,김병학역:한재영,조대비역:김보연,철종역:정욱,이하전역:이루,명성황후민자영역:박정연,고종이재황역:박상훈,용팔룡역:조복래,주모역:김주령,적도사진상역:한동규,팽구철역:노형욱,만석역:박노식,연치성역:임현수,반달역:왕빛나,임종사관역:허태희,최천중어린시절역:강태우,봉련어린시절역:홍승희,채인규어린시절역:최정우,상복역:허성태,민승호역:이해우,저자이병주,출판그림같은세상2020.08.28.,e북무료판매처 1건"
20200609,DramaH,110552,121037,바람과구름과비,,6회,전국,010445,드라마&영화,드라마,미니시리즈,0,0.00657,0.0037,0,0.15012,0,0.4001,0.02736,0.22109,0.01936,0.0179,0.34894,0.00577,0.3974,"최천중역:박시후,봉련역:고성희,흥선대원군이하응역:전광렬,채인규역:성혁,김병운역:김승수,김좌근역:차광수,나합역:윤아정,김병학역:한재영,조대비역:김보연,철종역:정욱,이하전역:이루,명성황후민자영역:박정연,고종이재황역:박상훈,용팔룡역:조복래,주모역:김주령,적도사진상역:한동규,팽구철역:노형욱,만석역:박노식,연치성역:임현수,반달역:왕빛나,임종사관역:허태희,최천중어린시절역:강태우,봉련어린시절역:홍승희,채인규어린시절역:최정우,상복역:허성태,민승호역:이해우,저자이병주,출판그림같은세상2020.08.28.,e북무료판매처 1건"
20200609,DramaH,154812,165219,굿캐스팅,,11회,전국,010407,드라마&영화,드라마,미니시리즈,0.37558,0.2798,0,0,0.0946,0.00593,0.14088,0,0.15176,0,0.13293,0.07637,0.09461,0.07501,"백찬미역:최강희,윤석호역:이상엽,임예은역:유인영,황미순역:김지영,강우원역:이준영,동관수역:이종혁,서국환역:정인기,배무혁역:박경순,간태희역:황보미,명계철역:우현,탁상기역:이상훈,옥철역:김용희,변우석역:허재호,구비서역:한수진,설영훈역:조영훈,심화란역:차수연,남봉만역:이승형,남주연역:김보윤,피철웅역:배진웅,권민석역:성혁,권소희역:노하연"
20200609,DramaH,171442,182056,굿캐스팅,,12회,전국,010614,드라마&영화,드라마,미니시리즈,0.31669,0.44989,0.00935,0.0206,0.07977,0,0.16145,0,0.35972,0.09333,0.15726,0.1354,0.07694,0.2166,"백찬미역:최강희,윤석호역:이상엽,임예은역:유인영,황미순역:김지영,강우원역:이준영,동관수역:이종혁,서국환역:정인기,배무혁역:박경순,간태희역:황보미,명계철역:우현,탁상기역:이상훈,옥철역:김용희,변우석역:허재호,구비서역:한수진,설영훈역:조영훈,심화란역:차수연,남봉만역:이승형,남주연역:김보윤,피철웅역:배진웅,권민석역:성혁,권소희역:노하연"
20200609,DramaH,225018,235505,바람과구름과비,,6회,전국,010447,드라마&영화,드라마,미니시리즈,0,0,0.19587,0,0.02045,0.02387,0.2426,0.06259,0.03238,0,0.0126,0.26117,0.28203,0.24043,"최천중역:박시후,봉련역:고성희,흥선대원군이하응역:전광렬,채인규역:성혁,김병운역:김승수,김좌근역:차광수,나합역:윤아정,김병학역:한재영,조대비역:김보연,철종역:정욱,이하전역:이루,명성황후민자영역:박정연,고종이재황역:박상훈,용팔룡역:조복래,주모역:김주령,적도사진상역:한동규,팽구철역:노형욱,만석역:박노식,연치성역:임현수,반달역:왕빛나,임종사관역:허태희,최천중어린시절역:강태우,봉련어린시절역:홍승희,채인규어린시절역:최정우,상복역:허성태,민승호역:이해우,저자이병주,출판그림같은세상2020.08.28.,e북무료판매처 1건"
20200609,DramaH,241335,251425,바람과구름과비,,7회,전국,010050,드라마&영화,드라마,미니시리즈,0,0,0.00509,0,0,0.04426,0.19012,0,0,0.03973,0.15963,0.24917,0.06428,0.10772,"최천중역:박시후,봉련역:고성희,흥선대원군이하응역:전광렬,채인규역:성혁,김병운역:김승수,김좌근역:차광수,나합역:윤아정,김병학역:한재영,조대비역:김보연,철종역:정욱,이하전역:이루,명성황후민자영역:박정연,고종이재황역:박상훈,용팔룡역:조복래,주모역:김주령,적도사진상역:한동규,팽구철역:노형욱,만석역:박노식,연치성역:임현수,반달역:왕빛나,임종사관역:허태희,최천중어린시절역:강태우,봉련어린시절역:홍승희,채인규어린시절역:최정우,상복역:허성태,민승호역:이해우,저자이병주,출판그림같은세상2020.08.28.,e북무료판매처 1건"
20200609,E채널,063750,070844,닥터프리즈너,,21회,전국,003054,드라마&영화,드라마,미니시리즈,0,0,0,0,0,0,0.16047,0,0,0,0.01545,0,0.01857,0.01621,"나이제역:남궁민,한소금역:권나라,선민식역:김병철,이재준역:최원영,이재인역:이다인,이재환역:박은석,복혜수역:이민영,오정희역:김정난,정의식역:장현성,모이라역:진희경,김상춘역:강신일,고영철역:이준혁,오철민역:박수영,김만철역:박성근,태춘호역:장준녕,신현상역:강홍석,현재민역:이용준,함길선역:이현균,나이현역:하영,한빛역:려운,최정우역:김대령,선민중역:정인겸,최동훈역:채동현,정민제역:남경읍,정세진역:배윤경,김영선역:우미화,장민석역:최덕문,김석우역:이주승,오민정역:김지은"
20200609,E채널,070955,073757,닥터프리즈너,,22회,전국,002802,드라마&영화,드라마,미니시리즈,0,0,0,0,0.00311,0.00727,0.07868,0,0,0,0,0,0,0.00688,"나이제역:남궁민,한소금역:권나라,선민식역:김병철,이재준역:최원영,이재인역:이다인,이재환역:박은석,복혜수역:이민영,오정희역:김정난,정의식역:장현성,모이라역:진희경,김상춘역:강신일,고영철역:이준혁,오철민역:박수영,김만철역:박성근,태춘호역:장준녕,신현상역:강홍석,현재민역:이용준,함길선역:이현균,나이현역:하영,한빛역:려운,최정우역:김대령,선민중역:정인겸,최동훈역:채동현,정민제역:남경읍,정세진역:배윤경,김영선역:우미화,장민석역:최덕문,김석우역:이주승,오민정역:김지은"
20200609,E채널,074904,081714,닥터프리즈너,,23회,전국,002810,드라마&영화,드라마,미니시리즈,0,0,0,0,0,0.07569,0.11148,0,0.03462,0,0,0,0.19536,0,"나이제역:남궁민,한소금역:권나라,선민식역:김병철,이재준역:최원영,이재인역:이다인,이재환역:박은석,복혜수역:이민영,오정희역:김정난,정의식역:장현성,모이라역:진희경,김상춘역:강신일,고영철역:이준혁,오철민역:박수영,김만철역:박성근,태춘호역:장준녕,신현상역:강홍석,현재민역:이용준,함길선역:이현균,나이현역:하영,한빛역:려운,최정우역:김대령,선민중역:정인겸,최동훈역:채동현,정민제역:남경읍,정세진역:배윤경,김영선역:우미화,장민석역:최덕문,김석우역:이주승,오민정역:김지은"
20200609,E채널,081825,085000,닥터프리즈너,,24회,전국,003135,드라마&영화,드라마,미니시리즈,0,0.02742,0,0,0,0,0.13588,0,0,0,0.00499,0.09767,0.03893,0.14324,"나이제역:남궁민,한소금역:권나라,선민식역:김병철,이재준역:최원영,이재인역:이다인,이재환역:박은석,복혜수역:이민영,오정희역:김정난,정의식역:장현성,모이라역:진희경,김상춘역:강신일,고영철역:이준혁,오철민역:박수영,김만철역:박성근,태춘호역:장준녕,신현상역:강홍석,현재민역:이용준,함길선역:이현균,나이현역:하영,한빛역:려운,최정우역:김대령,선민중역:정인겸,최동훈역:채동현,정민제역:남경읍,정세진역:배윤경,김영선역:우미화,장민석역:최덕문,김석우역:이주승,오민정역:김지은"
20200609,FX,040929,050550,야인시대,,98회,전국,005621,드라마&영화,드라마,주간연속극,0,0,0,0,0,0,0.03284,0,0,0,0,0,0,0.03662,"청년김두한역:안재모,소년김두한역:곽정욱,장년김두한역:김영철,장년정진영역:차광수,구마적역:이원종,쌍칼역:박준규,김무옥역:이혁재,문영철역:장세진,장년개코역:성동일,신마적역:최철호,하야시역:이창훈,가미소리역:이상인,시바루역:이세창,나미꼬역:이세은,시라소니역:조상구,최동열역:정동환,미와역:이재용,마루오까역:최재성,설향역:허영란,애란역:조여정,정운경역:심형탁,김좌진역:최동준,오숙근역:이덕희,박계숙역:전미선,원노인역:이순재,유진산역:이효정,이정재역:김영호,조병옥역:김학철,이화룡역:안승훈,청년개코역:이동훈,신영균역:윤용현,청년정진영역:김정민,김영태역:박영록,박인애역:정소영,이영숙역:이일화,김두한어린시절역:곽정욱"
20200609,FX,084723,093837,허준,,32회,전국,005114,드라마&영화,드라마,주간연속극,0.05045,0,0,0,0,0,0.14265,0,0,0,0.00921,0,0,0.01702,"허준역:전광렬,유의태역:이순재,유도지역:김병세,예진역:황수정,임오근역:임현식,구일서역:이희도"
20200609,FX,095409,104413,허준,,33회,전국,005004,드라마&영화,드라마,주간연속극,0,0,0,0,0,0,0.05564,0,0,0,0,0,0,0.00356,"허준역:전광렬,유의태역:이순재,유도지역:김병세,예진역:황수정,임오근역:임현식,구일서역:이희도"
20200609,FX,163835,174454,간택여인들의전쟁,,6회,전국,010619,드라마&영화,드라마,미니시리즈,0,0,0,0,0.04822,0,0.00496,0,0,0,0,0,0,0.09602,"강은보역:진세연,이경역:김민규,이재화역:도상우,조영지역:이열음,왈역:이시언,김송이역:이화겸,대왕대비역:정애리,대비역:조은숙,조흥견역:이재용,김만찬역:손병호,용호역:이주진"
20200609,FX,175902,185624,야인시대,,98회,전국,005722,드라마&영화,드라마,주간연속극,0,0,0,0,0,0.00299,0.12549,0,0,0,0,0.00689,0.00327,0.05542,"청년김두한역:안재모,소년김두한역:곽정욱,장년김두한역:김영철,장년정진영역:차광수,구마적역:이원종,쌍칼역:박준규,김무옥역:이혁재,문영철역:장세진,장년개코역:성동일,신마적역:최철호,하야시역:이창훈,가미소리역:이상인,시바루역:이세창,나미꼬역:이세은,시라소니역:조상구,최동열역:정동환,미와역:이재용,마루오까역:최재성,설향역:허영란,애란역:조여정,정운경역:심형탁,김좌진역:최동준,오숙근역:이덕희,박계숙역:전미선,원노인역:이순재,유진산역:이효정,이정재역:김영호,조병옥역:김학철,이화룡역:안승훈,청년개코역:이동훈,신영균역:윤용현,청년정진영역:김정민,김영태역:박영록,박인애역:정소영,이영숙역:이일화,김두한어린시절역:곽정욱"
20200609,FX,201758,212418,간택여인들의전쟁,,6회,전국,010620,드라마&영화,드라마,미니시리즈,0,0,0.01332,0.00548,0,0.00228,0.03247,0,0,0,0,0.005,0,0.10479,"강은보역:진세연,이경역:김민규,이재화역:도상우,조영지역:이열음,왈역:이시언,김송이역:이화겸,대왕대비역:정애리,대비역:조은숙,조흥견역:이재용,김만찬역:손병호,용호역:이주진"
20200609,FX,214220,225143,간택여인들의전쟁,,7회,전국,010923,드라마&영화,드라마,미니시리즈,0.0165,0,0,0.0112,0.00473,0.01008,0.02078,0,0,0,0.00537,0,0,0.13221,"강은보역:진세연,이경역:김민규,이재화역:도상우,조영지역:이열음,왈역:이시언,김송이역:이화겸,대왕대비역:정애리,대비역:조은숙,조흥견역:이재용,김만찬역:손병호,용호역:이주진"
20200609,FX,242716,252437,야인시대,,98회,전국,005721,드라마&영화,드라마,주간연속극,0,0,0,0,0.03154,0,0.02638,0,0.08063,0,0.14121,0.06975,0,0.03025,"청년김두한역:안재모,소년김두한역:곽정욱,장년김두한역:김영철,장년정진영역:차광수,구마적역:이원종,쌍칼역:박준규,김무옥역:이혁재,문영철역:장세진,장년개코역:성동일,신마적역:최철호,하야시역:이창훈,가미소리역:이상인,시바루역:이세창,나미꼬역:이세은,시라소니역:조상구,최동열역:정동환,미와역:이재용,마루오까역:최재성,설향역:허영란,애란역:조여정,정운경역:심형탁,김좌진역:최동준,오숙근역:이덕희,박계숙역:전미선,원노인역:이순재,유진산역:이효정,이정재역:김영호,조병옥역:김학철,이화룡역:안승훈,청년개코역:이동훈,신영균역:윤용현,청년정진영역:김정민,김영태역:박영록,박인애역:정소영,이영숙역:이일화,김두한어린시절역:곽정욱"
20200609,JTBC2,054200,065620,부부의세계,,8회,전국,011420,드라마&영화,드라마,미니시리즈,0,0,0.00879,0.07623,0.05533,0,0.00458,0,0,0.00839,0,0.02556,0,0.00581,"지선우역:김희애,이태오역:박해준,여다경역:한소희,고예림역:박선영,손제혁역:김영민,설명숙역:채국희,여병규역:이경영,엄효정역:김선경,이준영역:전진서,민현서역:심은우,박인규역:이학주,마강석역:박충선,공지철역:정재성,김윤기역:이무생,하동식역:김종태,윤노을역:신수연,차해강역:정준원,최회장아내역:서이숙,공지철아내역:박미현,차도철아내역:윤인조"
20200609,JTBC2,070937,083215,부부의세계,,9회,전국,012238,드라마&영화,드라마,미니시리즈,0,0.01201,0,0.21045,0.01507,0.00479,0.04868,0,0,0.15509,0.00294,0.01672,0.08914,0.0815,"지선우역:김희애,이태오역:박해준,여다경역:한소희,고예림역:박선영,손제혁역:김영민,설명숙역:채국희,여병규역:이경영,엄효정역:김선경,이준영역:전진서,민현서역:심은우,박인규역:이학주,마강석역:박충선,공지철역:정재성,김윤기역:이무생,하동식역:김종태,윤노을역:신수연,차해강역:정준원,최회장아내역:서이숙,공지철아내역:박미현,차도철아내역:윤인조"
20200609,JTBC2,194510,204952,쌍갑포차,,5회,전국,010442,드라마&영화,드라마,미니시리즈,0,0,0.12402,0.14467,0.08042,0.04379,0.05948,0,0.03725,0.16928,0.1477,0.21087,0.10626,0.02422,"월주역:황정음,한강배역:육성재,귀반장역:최원영,염부장역:이준혁,강여린역:정다은,최진동역:안태환,송미란역:박하나,박대리역:박주형,김원형역:나인우"
20200609,JTBC2,210428,221013,쌍갑포차,,6회,전국,010545,드라마&영화,드라마,미니시리즈,0,0,0.15593,0.01447,0.04578,0.18498,0.06987,0,0,0,0.08537,0.19545,0.21057,0.05677,"월주역:황정음,한강배역:육성재,귀반장역:최원영,염부장역:이준혁,강여린역:정다은,최진동역:안태환,송미란역:박하나,박대리역:박주형,김원형역:나인우"
20200609,KBS DRAMA,043644,050429,기막힌유산,,35회,전국,002745,드라마&영화,드라마,일일연속극,0,0,0,0,0,0,0.71185,0,0,0,0.26882,0,0.63677,0.28227,"부영배역:박인환,공계옥역:강세정,부설악역:신정윤,부백두역:강신조,윤민주역:이아현,부금강역:남성진,신애리역:김가연,정미희역:박순천,김용미역:이응경,부한라역:박신우,성판금역:조양자,부가온역:김비주,부태희역:김연지,부혜교역:김효경,부지현역:강유라,공소영역:김난주,이장원역:이일준,김수민역:조서후,김종두역:이춘식,차정건역:조순창,이청아역:정서하,손보미역:박민지,김영지역:주민하,강선희역:박현정,천호식역:백신,이정태역:노상보,고향숙역:박소정"
20200609,KBS DRAMA,050436,053225,기막힌유산,,36회,전국,002749,드라마&영화,드라마,일일연속극,0,0,0,0,0,0.04461,0.86327,0,0,0,0.47032,0,0.70672,0.53104,"부영배역:박인환,공계옥역:강세정,부설악역:신정윤,부백두역:강신조,윤민주역:이아현,부금강역:남성진,신애리역:김가연,정미희역:박순천,김용미역:이응경,부한라역:박신우,성판금역:조양자,부가온역:김비주,부태희역:김연지,부혜교역:김효경,부지현역:강유라,공소영역:김난주,이장원역:이일준,김수민역:조서후,김종두역:이춘식,차정건역:조순창,이청아역:정서하,손보미역:박민지,김영지역:주민하,강선희역:박현정,천호식역:백신,이정태역:노상보,고향숙역:박소정"
20200609,KBS DRAMA,053610,061014,위험한약속,,44회,전국,003404,드라마&영화,드라마,일일연속극,0,0,0,0,0,0.00886,0.85588,0,0,0,0.05859,0,0.72486,0.66738,"차은동역:박하나,강태인역:고세원,최준혁역:강성민,오혜원역:박영린,한지훈역:이창욱,차만종역:이대연,차은찬역:유준서,공영심역:유지연,봉석구역:현우섭,강일섭역:강신일,연두심역:이칸희,한광훈역:길용우,한서주역:김혜지,최명희역:김나운,고재숙역:윤복인,최영국역:송민형,민주란역:오영실,최준경역:이효나,이창욱역:김정운"
20200609,KBS DRAMA,061021,064412,위험한약속,,45회,전국,003351,드라마&영화,드라마,일일연속극,0,0,0,0.01413,0,0.24382,0.70463,0,0,0.2576,0.01099,0,0.59411,0.79988,"차은동역:박하나,강태인역:고세원,최준혁역:강성민,오혜원역:박영린,한지훈역:이창욱,차만종역:이대연,차은찬역:유준서,공영심역:유지연,봉석구역:현우섭,강일섭역:강신일,연두심역:이칸희,한광훈역:길용우,한서주역:김혜지,최명희역:김나운,고재숙역:윤복인,최영국역:송민형,민주란역:오영실,최준경역:이효나,이창욱역:김정운"
20200609,KBS DRAMA,065500,072856,위험한약속,,46회,전국,003356,드라마&영화,드라마,일일연속극,0,0.16511,0.03877,0.00976,0,0.83187,0.52875,0,0,0.41707,0.00736,0.09764,0.42739,0.78741,"차은동역:박하나,강태인역:고세원,최준혁역:강성민,오혜원역:박영린,한지훈역:이창욱,차만종역:이대연,차은찬역:유준서,공영심역:유지연,봉석구역:현우섭,강일섭역:강신일,연두심역:이칸희,한광훈역:길용우,한서주역:김혜지,최명희역:김나운,고재숙역:윤복인,최영국역:송민형,민주란역:오영실,최준경역:이효나,이창욱역:김정운"
20200609,KBS DRAMA,072903,080249,위험한약속,,47회,전국,003346,드라마&영화,드라마,일일연속극,0.58402,0.21724,0.00835,0.06946,0.15149,0.58137,0.84394,0,0,0.28214,0.09619,0.43353,0.65649,1.21544,"차은동역:박하나,강태인역:고세원,최준혁역:강성민,오혜원역:박영린,한지훈역:이창욱,차만종역:이대연,차은찬역:유준서,공영심역:유지연,봉석구역:현우섭,강일섭역:강신일,연두심역:이칸희,한광훈역:길용우,한서주역:김혜지,최명희역:김나운,고재숙역:윤복인,최영국역:송민형,민주란역:오영실,최준경역:이효나,이창욱역:김정운"
20200609,KBS DRAMA,080256,083654,위험한약속,,48회,전국,003358,드라마&영화,드라마,일일연속극,1.04508,0.40526,0.25367,0.02923,0.26323,0.85776,1.23675,0,0,0.19873,0.11051,0.52864,0.87328,1.81084,"차은동역:박하나,강태인역:고세원,최준혁역:강성민,오혜원역:박영린,한지훈역:이창욱,차만종역:이대연,차은찬역:유준서,공영심역:유지연,봉석구역:현우섭,강일섭역:강신일,연두심역:이칸희,한광훈역:길용우,한서주역:김혜지,최명희역:김나운,고재숙역:윤복인,최영국역:송민형,민주란역:오영실,최준경역:이효나,이창욱역:김정운"
20200609,KBS DRAMA,134259,142126,한번다녀왔습니다,,41회,전국,003827,드라마&영화,드라마,주말연속극,0,0.02896,0,0.36363,0.08966,0,0.3865,0,0,0.1346,0.2637,0.13276,0.35299,0.72533,"송영달역:천호진,장옥분역:차화연,최윤정역:김보연,강초연역:이정은,송나희역:이민정,윤규진역:이상엽,송준선역:오대환,송가희역:오윤아,송다희역:이초희,양치수역:안길강,장옥자역:백지원,성현경역:임정은,윤재석역:이상이,박효신역:기도훈,김지훈역:문우진,이주리역:김소라,김가연역:송다은,건어물역:신미영,꽈배기역:김가영,송서영역:이가연,송서진역:안서연,이정록역:알렉스,유보영역:손성윤,유시후역:송민재,박지연역:신수정,한기영역:강유석,홍성우역:김현목,신혜정역:김미은,심정희역:이상경,오연지역:한봄,오정봉역:오의식,이종수역:장원혁,김승현역:배호근,송이역:김주영,지원역:찬희,이현역:이필모"
20200609,KBS DRAMA,142237,145319,한번다녀왔습니다,,42회,전국,003042,드라마&영화,드라마,주말연속극,0,0.01556,0.00448,0.42116,0.00803,0.13501,0.79637,0,0.03519,0.35318,0.45885,0.31235,0.53819,1.218,"송영달역:천호진,장옥분역:차화연,최윤정역:김보연,강초연역:이정은,송나희역:이민정,윤규진역:이상엽,송준선역:오대환,송가희역:오윤아,송다희역:이초희,양치수역:안길강,장옥자역:백지원,성현경역:임정은,윤재석역:이상이,박효신역:기도훈,김지훈역:문우진,이주리역:김소라,김가연역:송다은,건어물역:신미영,꽈배기역:김가영,송서영역:이가연,송서진역:안서연,이정록역:알렉스,유보영역:손성윤,유시후역:송민재,박지연역:신수정,한기영역:강유석,홍성우역:김현목,신혜정역:김미은,심정희역:이상경,오연지역:한봄,오정봉역:오의식,이종수역:장원혁,김승현역:배호근,송이역:김주영,지원역:찬희,이현역:이필모"
20200609,KBS DRAMA,150727,154501,한번다녀왔습니다,,43회,전국,003734,드라마&영화,드라마,주말연속극,0.03061,0.06941,0.33713,0.49509,0.07414,0.02894,0.39041,0,0.06289,0.38274,0.45977,0.13104,0.43909,0.88197,"송영달역:천호진,장옥분역:차화연,최윤정역:김보연,강초연역:이정은,송나희역:이민정,윤규진역:이상엽,송준선역:오대환,송가희역:오윤아,송다희역:이초희,양치수역:안길강,장옥자역:백지원,성현경역:임정은,윤재석역:이상이,박효신역:기도훈,김지훈역:문우진,이주리역:김소라,김가연역:송다은,건어물역:신미영,꽈배기역:김가영,송서영역:이가연,송서진역:안서연,이정록역:알렉스,유보영역:손성윤,유시후역:송민재,박지연역:신수정,한기영역:강유석,홍성우역:김현목,신혜정역:김미은,심정희역:이상경,오연지역:한봄,오정봉역:오의식,이종수역:장원혁,김승현역:배호근,송이역:김주영,지원역:찬희,이현역:이필모"
20200609,KBS DRAMA,154610,161756,한번다녀왔습니다,,44회,전국,003146,드라마&영화,드라마,주말연속극,0.4894,0,0.3565,0.45072,0,0.09695,0.479,0.08523,0,0.14012,0.36919,0.11621,0.62297,1.22695,"송영달역:천호진,장옥분역:차화연,최윤정역:김보연,강초연역:이정은,송나희역:이민정,윤규진역:이상엽,송준선역:오대환,송가희역:오윤아,송다희역:이초희,양치수역:안길강,장옥자역:백지원,성현경역:임정은,윤재석역:이상이,박효신역:기도훈,김지훈역:문우진,이주리역:김소라,김가연역:송다은,건어물역:신미영,꽈배기역:김가영,송서영역:이가연,송서진역:안서연,이정록역:알렉스,유보영역:손성윤,유시후역:송민재,박지연역:신수정,한기영역:강유석,홍성우역:김현목,신혜정역:김미은,심정희역:이상경,오연지역:한봄,오정봉역:오의식,이종수역:장원혁,김승현역:배호근,송이역:김주영,지원역:찬희,이현역:이필모"
20200609,KBS DRAMA,243704,251122,본어게인,,31회,전국,003418,드라마&영화,드라마,미니시리즈,0,0,0,0.33747,0.13122,0.39998,0.05737,0,0,0,0.20825,0.34159,0.21798,0.29078,"공지철역:장기용,천종범역:장기용,정하은역:진세연,정사빈역:진세연,차형빈역:이수혁,김수혁역:이수혁,장혜미역:김정난,천석태역:최광일,주인도역:장원영,백상아역:이서엘,서태하역:최대철,서영역:한해림,제이역:차민지,공인우역:정인겸,장혜미역:위지연,천석태역:조덕회"
20200609,KBS DRAMA,251231,254350,본어게인,,32회,전국,003119,드라마&영화,드라마,미니시리즈,0,0,0,0.2429,0.07133,0.36494,0.08486,0,0,0,0.14672,0.43694,0.11091,0.25441,"공지철역:장기용,천종범역:장기용,정하은역:진세연,정사빈역:진세연,차형빈역:이수혁,김수혁역:이수혁,장혜미역:김정난,천석태역:최광일,주인도역:장원영,백상아역:이서엘,서태하역:최대철,서영역:한해림,제이역:차민지,공인우역:정인겸,장혜미역:위지연,천석태역:조덕회"
20200609,KBS W,020000,022456,위험한약속,,46회,전국,002456,드라마&영화,드라마,일일연속극,0,0,0,0,0,0,0.10811,0,0,0.26703,0,0,0,0,"차은동역:박하나,강태인역:고세원,최준혁역:강성민,오혜원역:박영린,한지훈역:이창욱,차만종역:이대연,차은찬역:유준서,공영심역:유지연,봉석구역:현우섭,강일섭역:강신일,연두심역:이칸희,한광훈역:길용우,한서주역:김혜지,최명희역:김나운,고재숙역:윤복인,최영국역:송민형,민주란역:오영실,최준경역:이효나,이창욱역:김정운"
20200609,KBS W,022503,025850,위험한약속,,47회,전국,003347,드라마&영화,드라마,일일연속극,0,0,0,0,0.0252,0,0.14775,0,0,0.08537,0,0,0,0.06556,"차은동역:박하나,강태인역:고세원,최준혁역:강성민,오혜원역:박영린,한지훈역:이창욱,차만종역:이대연,차은찬역:유준서,공영심역:유지연,봉석구역:현우섭,강일섭역:강신일,연두심역:이칸희,한광훈역:길용우,한서주역:김혜지,최명희역:김나운,고재숙역:윤복인,최영국역:송민형,민주란역:오영실,최준경역:이효나,이창욱역:김정운"
20200609,KBS W,055833,063240,뻐꾸기둥지,,81회,전국,003407,드라마&영화,드라마,일일연속극,0,0,0,0,0,0,0.00167,0,0,0,0.00296,0,0,0.00523,"백연희역:장서희,정병국역:황동주,이화영역:이채영,유성빈역:김경남,백철역:임채무,홍금옥역:엄유신,백준희역:손승우,정진우역:정지훈,이명운역:현우성,곽희자역:서권순,정진숙역:지수원,정유미역:김민좌,오기섭역:이정훈,배추자역:박준금,배찬식역:전노민,이공희역:한경선,이소라역:전민서,최상두역:이창욱,직원역:이하나,이동현역:정민진,소진역:김리원,순남역:허인영,이상순역:이숙,사기꾼역:지상렬,이소라어린시절역:박지소"
20200609,KBS W,063247,070636,뻐꾸기둥지,,82회,전국,003349,드라마&영화,드라마,일일연속극,0,0,0,0.01848,0,0,0.02179,0,0,0,0,0,0.02534,0.01728,"백연희역:장서희,정병국역:황동주,이화영역:이채영,유성빈역:김경남,백철역:임채무,홍금옥역:엄유신,백준희역:손승우,정진우역:정지훈,이명운역:현우성,곽희자역:서권순,정진숙역:지수원,정유미역:김민좌,오기섭역:이정훈,배추자역:박준금,배찬식역:전노민,이공희역:한경선,이소라역:전민서,최상두역:이창욱,직원역:이하나,이동현역:정민진,소진역:김리원,순남역:허인영,이상순역:이숙,사기꾼역:지상렬,이소라어린시절역:박지소"
20200609,KBS W,071737,075152,뻐꾸기둥지,,83회,전국,003415,드라마&영화,드라마,일일연속극,0,0,0,0,0.01947,0.00791,0.07853,0,0,0,0,0.00679,0,0.05508,"백연희역:장서희,정병국역:황동주,이화영역:이채영,유성빈역:김경남,백철역:임채무,홍금옥역:엄유신,백준희역:손승우,정진우역:정지훈,이명운역:현우성,곽희자역:서권순,정진숙역:지수원,정유미역:김민좌,오기섭역:이정훈,배추자역:박준금,배찬식역:전노민,이공희역:한경선,이소라역:전민서,최상두역:이창욱,직원역:이하나,이동현역:정민진,소진역:김리원,순남역:허인영,이상순역:이숙,사기꾼역:지상렬,이소라어린시절역:박지소"
20200609,KBS W,075159,082616,뻐꾸기둥지,,84회,전국,003417,드라마&영화,드라마,일일연속극,0,0,0,0,0,0,0.11811,0,0,0,0.20295,0.00512,0,0.16123,"백연희역:장서희,정병국역:황동주,이화영역:이채영,유성빈역:김경남,백철역:임채무,홍금옥역:엄유신,백준희역:손승우,정진우역:정지훈,이명운역:현우성,곽희자역:서권순,정진숙역:지수원,정유미역:김민좌,오기섭역:이정훈,배추자역:박준금,배찬식역:전노민,이공희역:한경선,이소라역:전민서,최상두역:이창욱,직원역:이하나,이동현역:정민진,소진역:김리원,순남역:허인영,이상순역:이숙,사기꾼역:지상렬,이소라어린시절역:박지소"
20200609,KBS W,094628,104805,부부클리닉사랑과전쟁,,396회,전국,010137,드라마&영화,드라마,단막극,0.01749,0,0,0.02886,0,0.00306,0.00916,0,0,0.05296,0.01166,0.05355,0.04149,0.00509,"이재만,민지영,최영완,이정수,장가현,손유경,이준우"
20200609,KBS W,105907,115959,부부클리닉사랑과전쟁,,397회,전국,010052,드라마&영화,드라마,단막극,0,0.00441,0,0.16395,0.11037,0,0.11289,0,0,0,0.05534,0.00591,0.09555,0.22136,"이재만,민지영,최영완,이정수,장가현,손유경,이준우"
20200609,KBS W,121405,131644,넝쿨째굴러온당신,,5회,전국,010239,드라마&영화,드라마,주말연속극,0,0,0,0,0,0.00427,0.05569,0,0,0,0.00632,0.12613,0,0.06166,"차윤희역:김남주,방귀남역:유준상,엄청애역:윤여정,방장수역:장용,전막례역:강부자,한만희역:김영란,차세중역:김용희,민지영역:진경,차세광역:강민혁,엄보애역:유지인,엄순애역:양희경,방일숙역:양정아,방이숙역:조윤희,방말숙역:오연서,장양실역:나영희,방정배역:김상호,고옥역:심이영,방장군역:곽동연,천재용역:이희준,윤빈역:김원준,남남구역:김형범,고시생역:김승우,예능국PD역:김준현,라디오DJ역:양희은,홍은희역:홍은희,송수지역:박수진,매니저역:이수근,목사역:지진희,차태봉역:차태현,성시갱역:성시경,노래강사역:이종박,한규현역:강동호,태영역:김형진,지피디역:곽민석,강혜수역:최윤소,동대문옷가게상인역:탁재훈,소개팅남역:이정신,유신혜역:유인영,지환역:이도현,김장훈역:김장훈,뚱보아버지역:유민상,뚱보아들역:김수영,인기여배우역:이혜영,인기남배우역:송준근,심사위원역:김종민,막장모녀엄마역:정경미,막장모녀딸역:박소영,신세경역:신세경,재용첫째누나역:김서형,재용둘째누나역:조민아,재용막내누나역:이제인,호들갑남역:공형진,라디오DJ역:박소현,귀남의양아버지역:길용우,귀남의양어머니역:김창숙,천재용아버지역:이재용,배PD역:이지영,방귀남어린시절역:홍현택"
20200609,KBS W,132744,143014,넝쿨째굴러온당신,,6회,전국,010230,드라마&영화,드라마,주말연속극,0,0,0,0,0,0.02404,0.02994,0,0,0,0,0.00745,0.00546,0.01261,"차윤희역:김남주,방귀남역:유준상,엄청애역:윤여정,방장수역:장용,전막례역:강부자,한만희역:김영란,차세중역:김용희,민지영역:진경,차세광역:강민혁,엄보애역:유지인,엄순애역:양희경,방일숙역:양정아,방이숙역:조윤희,방말숙역:오연서,장양실역:나영희,방정배역:김상호,고옥역:심이영,방장군역:곽동연,천재용역:이희준,윤빈역:김원준,남남구역:김형범,고시생역:김승우,예능국PD역:김준현,라디오DJ역:양희은,홍은희역:홍은희,송수지역:박수진,매니저역:이수근,목사역:지진희,차태봉역:차태현,성시갱역:성시경,노래강사역:이종박,한규현역:강동호,태영역:김형진,지피디역:곽민석,강혜수역:최윤소,동대문옷가게상인역:탁재훈,소개팅남역:이정신,유신혜역:유인영,지환역:이도현,김장훈역:김장훈,뚱보아버지역:유민상,뚱보아들역:김수영,인기여배우역:이혜영,인기남배우역:송준근,심사위원역:김종민,막장모녀엄마역:정경미,막장모녀딸역:박소영,신세경역:신세경,재용첫째누나역:김서형,재용둘째누나역:조민아,재용막내누나역:이제인,호들갑남역:공형진,라디오DJ역:박소현,귀남의양아버지역:길용우,귀남의양어머니역:김창숙,천재용아버지역:이재용,배PD역:이지영,방귀남어린시절역:홍현택"
20200609,KBS W,144424,151214,기막힌유산,,33회,전국,002750,드라마&영화,드라마,일일연속극,0,0,0,0,0,0,0.05974,0,0,0,0,0.02323,0,0.02844,"부영배역:박인환,공계옥역:강세정,부설악역:신정윤,부백두역:강신조,윤민주역:이아현,부금강역:남성진,신애리역:김가연,정미희역:박순천,김용미역:이응경,부한라역:박신우,성판금역:조양자,부가온역:김비주,부태희역:김연지,부혜교역:김효경,부지현역:강유라,공소영역:김난주,이장원역:이일준,김수민역:조서후,김종두역:이춘식,차정건역:조순창,이청아역:정서하,손보미역:박민지,김영지역:주민하,강선희역:박현정,천호식역:백신,이정태역:노상보,고향숙역:박소정"
20200609,KBS W,151221,154004,기막힌유산,,34회,전국,002743,드라마&영화,드라마,일일연속극,0,0,0,0,0,0,0.10811,0,0,0,0,0,0,0.00887,"부영배역:박인환,공계옥역:강세정,부설악역:신정윤,부백두역:강신조,윤민주역:이아현,부금강역:남성진,신애리역:김가연,정미희역:박순천,김용미역:이응경,부한라역:박신우,성판금역:조양자,부가온역:김비주,부태희역:김연지,부혜교역:김효경,부지현역:강유라,공소영역:김난주,이장원역:이일준,김수민역:조서후,김종두역:이춘식,차정건역:조순창,이청아역:정서하,손보미역:박민지,김영지역:주민하,강선희역:박현정,천호식역:백신,이정태역:노상보,고향숙역:박소정"
20200609,KBS W,155104,161847,기막힌유산,,35회,전국,002743,드라마&영화,드라마,일일연속극,0.12492,0,0,0,0,0,0.1481,0,0,0,0.0228,0,0.00769,0.09409,"부영배역:박인환,공계옥역:강세정,부설악역:신정윤,부백두역:강신조,윤민주역:이아현,부금강역:남성진,신애리역:김가연,정미희역:박순천,김용미역:이응경,부한라역:박신우,성판금역:조양자,부가온역:김비주,부태희역:김연지,부혜교역:김효경,부지현역:강유라,공소영역:김난주,이장원역:이일준,김수민역:조서후,김종두역:이춘식,차정건역:조순창,이청아역:정서하,손보미역:박민지,김영지역:주민하,강선희역:박현정,천호식역:백신,이정태역:노상보,고향숙역:박소정"
20200609,KBS W,161854,164641,기막힌유산,,36회,전국,002747,드라마&영화,드라마,일일연속극,0,0,0,0,0,0.01044,0.10811,0,0,0,0,0,0.05526,0.08653,"부영배역:박인환,공계옥역:강세정,부설악역:신정윤,부백두역:강신조,윤민주역:이아현,부금강역:남성진,신애리역:김가연,정미희역:박순천,김용미역:이응경,부한라역:박신우,성판금역:조양자,부가온역:김비주,부태희역:김연지,부혜교역:김효경,부지현역:강유라,공소영역:김난주,이장원역:이일준,김수민역:조서후,김종두역:이춘식,차정건역:조순창,이청아역:정서하,손보미역:박민지,김영지역:주민하,강선희역:박현정,천호식역:백신,이정태역:노상보,고향숙역:박소정"
20200609,KBS W,170027,173428,위험한약속,,45회,전국,003401,드라마&영화,드라마,일일연속극,0,0,0,0.00377,0,0,0,0,0,0,0,0,0.15038,0.06309,"차은동역:박하나,강태인역:고세원,최준혁역:강성민,오혜원역:박영린,한지훈역:이창욱,차만종역:이대연,차은찬역:유준서,공영심역:유지연,봉석구역:현우섭,강일섭역:강신일,연두심역:이칸희,한광훈역:길용우,한서주역:김혜지,최명희역:김나운,고재숙역:윤복인,최영국역:송민형,민주란역:오영실,최준경역:이효나,이창욱역:김정운"
20200609,KBS W,173435,180823,위험한약속,,46회,전국,003348,드라마&영화,드라마,일일연속극,0,0,0,0.01175,0,0,0,0,0,0,0.05076,0,0.45452,0.13398,"차은동역:박하나,강태인역:고세원,최준혁역:강성민,오혜원역:박영린,한지훈역:이창욱,차만종역:이대연,차은찬역:유준서,공영심역:유지연,봉석구역:현우섭,강일섭역:강신일,연두심역:이칸희,한광훈역:길용우,한서주역:김혜지,최명희역:김나운,고재숙역:윤복인,최영국역:송민형,민주란역:오영실,최준경역:이효나,이창욱역:김정운"
20200609,KBS W,181920,185315,위험한약속,,47회,전국,003355,드라마&영화,드라마,일일연속극,0,0.02347,0,0.03758,0.13611,0.00791,0.01125,0.19826,0.02104,0,0.0819,0.10664,0,0.10708,"차은동역:박하나,강태인역:고세원,최준혁역:강성민,오혜원역:박영린,한지훈역:이창욱,차만종역:이대연,차은찬역:유준서,공영심역:유지연,봉석구역:현우섭,강일섭역:강신일,연두심역:이칸희,한광훈역:길용우,한서주역:김혜지,최명희역:김나운,고재숙역:윤복인,최영국역:송민형,민주란역:오영실,최준경역:이효나,이창욱역:김정운"
20200609,KBS W,185322,192720,위험한약속,,48회,전국,003358,드라마&영화,드라마,일일연속극,0,0.01174,0.01329,0.12215,0.06175,0,0.18256,0,0.01052,0,0.03267,0.00242,0.00549,0.25348,"차은동역:박하나,강태인역:고세원,최준혁역:강성민,오혜원역:박영린,한지훈역:이창욱,차만종역:이대연,차은찬역:유준서,공영심역:유지연,봉석구역:현우섭,강일섭역:강신일,연두심역:이칸희,한광훈역:길용우,한서주역:김혜지,최명희역:김나운,고재숙역:윤복인,최영국역:송민형,민주란역:오영실,최준경역:이효나,이창욱역:김정운"
20200609,KBS W,194012,201741,한번다녀왔습니다,,41회,전국,003729,드라마&영화,드라마,주말연속극,0.07892,0,0.18421,0,0.01988,0.13012,0,0,0.02631,0.01962,0.02738,0,0.09099,0.04519,"송영달역:천호진,장옥분역:차화연,최윤정역:김보연,강초연역:이정은,송나희역:이민정,윤규진역:이상엽,송준선역:오대환,송가희역:오윤아,송다희역:이초희,양치수역:안길강,장옥자역:백지원,성현경역:임정은,윤재석역:이상이,박효신역:기도훈,김지훈역:문우진,이주리역:김소라,김가연역:송다은,건어물역:신미영,꽈배기역:김가영,송서영역:이가연,송서진역:안서연,이정록역:알렉스,유보영역:손성윤,유시후역:송민재,박지연역:신수정,한기영역:강유석,홍성우역:김현목,신혜정역:김미은,심정희역:이상경,오연지역:한봄,오정봉역:오의식,이종수역:장원혁,김승현역:배호근,송이역:김주영,지원역:찬희,이현역:이필모"
20200609,KBS W,201748,204833,한번다녀왔습니다,,42회,전국,003045,드라마&영화,드라마,주말연속극,0.12438,0,0.09409,0,0.03133,0.15452,0,0,0.04147,0,0.03136,0.01691,0.04648,0.0169,"송영달역:천호진,장옥분역:차화연,최윤정역:김보연,강초연역:이정은,송나희역:이민정,윤규진역:이상엽,송준선역:오대환,송가희역:오윤아,송다희역:이초희,양치수역:안길강,장옥자역:백지원,성현경역:임정은,윤재석역:이상이,박효신역:기도훈,김지훈역:문우진,이주리역:김소라,김가연역:송다은,건어물역:신미영,꽈배기역:김가영,송서영역:이가연,송서진역:안서연,이정록역:알렉스,유보영역:손성윤,유시후역:송민재,박지연역:신수정,한기영역:강유석,홍성우역:김현목,신혜정역:김미은,심정희역:이상경,오연지역:한봄,오정봉역:오의식,이종수역:장원혁,김승현역:배호근,송이역:김주영,지원역:찬희,이현역:이필모"
20200609,KBS W,205958,213631,한번다녀왔습니다,,43회,전국,003633,드라마&영화,드라마,주말연속극,0,0,0.01765,0,0,0.03559,0.01078,0,0,0,0,0.07382,0.05351,0.04638,"송영달역:천호진,장옥분역:차화연,최윤정역:김보연,강초연역:이정은,송나희역:이민정,윤규진역:이상엽,송준선역:오대환,송가희역:오윤아,송다희역:이초희,양치수역:안길강,장옥자역:백지원,성현경역:임정은,윤재석역:이상이,박효신역:기도훈,김지훈역:문우진,이주리역:김소라,김가연역:송다은,건어물역:신미영,꽈배기역:김가영,송서영역:이가연,송서진역:안서연,이정록역:알렉스,유보영역:손성윤,유시후역:송민재,박지연역:신수정,한기영역:강유석,홍성우역:김현목,신혜정역:김미은,심정희역:이상경,오연지역:한봄,오정봉역:오의식,이종수역:장원혁,김승현역:배호근,송이역:김주영,지원역:찬희,이현역:이필모"
20200609,KBS W,213638,220826,한번다녀왔습니다,,44회,전국,003148,드라마&영화,드라마,주말연속극,0,0,0.02891,0.01611,0.01217,0.19761,0.08793,0,0,0.02433,0,0.05517,0.17291,0.12611,"송영달역:천호진,장옥분역:차화연,최윤정역:김보연,강초연역:이정은,송나희역:이민정,윤규진역:이상엽,송준선역:오대환,송가희역:오윤아,송다희역:이초희,양치수역:안길강,장옥자역:백지원,성현경역:임정은,윤재석역:이상이,박효신역:기도훈,김지훈역:문우진,이주리역:김소라,김가연역:송다은,건어물역:신미영,꽈배기역:김가영,송서영역:이가연,송서진역:안서연,이정록역:알렉스,유보영역:손성윤,유시후역:송민재,박지연역:신수정,한기영역:강유석,홍성우역:김현목,신혜정역:김미은,심정희역:이상경,오연지역:한봄,오정봉역:오의식,이종수역:장원혁,김승현역:배호근,송이역:김주영,지원역:찬희,이현역:이필모"
20200609,KBS W,221920,232202,부부클리닉사랑과전쟁2,,123회,전국,010242,드라마&영화,드라마,단막극,0.00861,0,0,0.00296,0,0.04,0.17064,0,0,0.00618,0.12478,0.00173,0.01105,0.16051,"이재만,민지영,최영완,이정수,장가현,손유경,이준우"
20200609,KBS W,233257,243950,부부클리닉사랑과전쟁2,,124회,전국,010653,드라마&영화,드라마,단막극,0,0,0,0.1129,0.08423,0,0.08063,0,0,0.02753,0.01504,0.06874,0.03004,0.11567,"이재만,민지영,최영완,이정수,장가현,손유경,이준우"
20200609,KBS W,245255,252050,기막힌유산,,36회,전국,002755,드라마&영화,드라마,일일연속극,0,0,0,0,0,0.22098,0.2664,0,0.10301,0.14704,0,0.20787,0.1182,0.22933,"부영배역:박인환,공계옥역:강세정,부설악역:신정윤,부백두역:강신조,윤민주역:이아현,부금강역:남성진,신애리역:김가연,정미희역:박순천,김용미역:이응경,부한라역:박신우,성판금역:조양자,부가온역:김비주,부태희역:김연지,부혜교역:김효경,부지현역:강유라,공소영역:김난주,이장원역:이일준,김수민역:조서후,김종두역:이춘식,차정건역:조순창,이청아역:정서하,손보미역:박민지,김영지역:주민하,강선희역:박현정,천호식역:백신,이정태역:노상보,고향숙역:박소정"
20200609,KBS W,252057,254830,기막힌유산,,37회,전국,002733,드라마&영화,드라마,일일연속극,0,0.01177,0,0.00753,0.01138,0.22694,0.18756,0,0.02097,0.05095,0,0.01857,0.04237,0.26327,"부영배역:박인환,공계옥역:강세정,부설악역:신정윤,부백두역:강신조,윤민주역:이아현,부금강역:남성진,신애리역:김가연,정미희역:박순천,김용미역:이응경,부한라역:박신우,성판금역:조양자,부가온역:김비주,부태희역:김연지,부혜교역:김효경,부지현역:강유라,공소영역:김난주,이장원역:이일준,김수민역:조서후,김종두역:이춘식,차정건역:조순창,이청아역:정서하,손보미역:박민지,김영지역:주민하,강선희역:박현정,천호식역:백신,이정태역:노상보,고향숙역:박소정"
20200609,K-STAR,104150,114630,부부클리닉사랑과전쟁,,414회,전국,010440,드라마&영화,드라마,주간연속극,0,0,0,0,0.01399,0.00425,0.06348,0,0,0.02101,0.02461,0.01775,0.02185,0.15093,"이재만,민지영,최영완,이정수,장가현,손유경,이준우"
20200609,K-STAR,115659,125943,부부클리닉사랑과전쟁,,415회,전국,010244,드라마&영화,드라마,주간연속극,0.30789,0,0,0.23113,0,0.0487,0.16663,0,0,0,0.16193,0.12008,0.17538,0.32046,"이재만,민지영,최영완,이정수,장가현,손유경,이준우"
20200609,K-STAR,131457,144312,부부의세계,,5회,전국,012815,드라마&영화,드라마,미니시리즈,0.17054,0.00238,0.03918,0.02541,0.00285,0.04736,0.19681,0,0.01628,0.06236,0.00333,0.03057,0.01425,0.22094,"지선우역:김희애,이태오역:박해준,여다경역:한소희,고예림역:박선영,손제혁역:김영민,설명숙역:채국희,여병규역:이경영,엄효정역:김선경,이준영역:전진서,민현서역:심은우,박인규역:이학주,마강석역:박충선,공지철역:정재성,김윤기역:이무생,하동식역:김종태,윤노을역:신수연,차해강역:정준원,최회장아내역:서이숙,공지철아내역:박미현,차도철아내역:윤인조"
20200609,K-STAR,145850,162003,부부의세계,,6회,전국,012113,드라마&영화,드라마,미니시리즈,0,0.0082,0.00832,0.00112,0.00537,0.01278,0.13443,0,0,0.00245,0.00096,0.02577,0.02253,0.18101,"지선우역:김희애,이태오역:박해준,여다경역:한소희,고예림역:박선영,손제혁역:김영민,설명숙역:채국희,여병규역:이경영,엄효정역:김선경,이준영역:전진서,민현서역:심은우,박인규역:이학주,마강석역:박충선,공지철역:정재성,김윤기역:이무생,하동식역:김종태,윤노을역:신수연,차해강역:정준원,최회장아내역:서이숙,공지철아내역:박미현,차도철아내역:윤인조"
20200609,K-STAR,211921,222205,부부클리닉사랑과전쟁,,415회,전국,010244,드라마&영화,드라마,주간연속극,0,0,0,0.26414,0.04807,0.03739,0.13953,0,0,0.03946,0.03702,0.14215,0.05529,0.39794,"이재만,민지영,최영완,이정수,장가현,손유경,이준우"
20200609,K-STAR,252130,255959,부부의세계,,6회,전국,003829,드라마&영화,드라마,미니시리즈,0,0,0,0,0,0.05758,0.00403,0,0,0,0,0,0,0.0102,"지선우역:김희애,이태오역:박해준,여다경역:한소희,고예림역:박선영,손제혁역:김영민,설명숙역:채국희,여병규역:이경영,엄효정역:김선경,이준영역:전진서,민현서역:심은우,박인규역:이학주,마강석역:박충선,공지철역:정재성,김윤기역:이무생,하동식역:김종태,윤노을역:신수연,차해강역:정준원,최회장아내역:서이숙,공지철아내역:박미현,차도철아내역:윤인조"
20200609,KTV,020000,023639,전원일기,,393회,전국,003639,드라마&영화,드라마,주말연속극,0,0,0,0,0,0.0046,0.00076,0,0,0,0,0,0.00401,0.09455,"최불암,김혜자,김용건,김수미,고두심,유인촌,정대홍"
20200609,KTV,061345,070052,전원일기,,770회,전국,004707,드라마&영화,드라마,주말연속극,0,0,0.03343,0.13786,0,0.06747,0.12001,0,0,0,0,0,0.04977,0.1417,"최불암,김혜자,김용건,김수미,고두심,유인촌,정대홍"
20200609,KTV,210112,212327,파랑새는있다,<1부>,22회,전국,002215,드라마&영화,드라마,주간연속극,0,0,0,0,0,0,0.06306,0,0,0.01001,0,0,0.00576,0.06119,"이상인,정선경,백윤식,송경철,박남현,한진희,동방우,양금석"
20200609,KTV,212605,215349,파랑새는있다,<2부>,22회,전국,002744,드라마&영화,드라마,주간연속극,0,0,0.17923,0.01385,0,0.08593,0.28454,0,0,0,0,0,0.03612,0.32891,"이상인,정선경,백윤식,송경철,박남현,한진희,동방우,양금석"
20200609,KTV,215533,221817,전원일기,<1부>,394회,전국,002244,드라마&영화,드라마,주말연속극,0,0,0.17923,0,0,0.08593,0.36576,0,0,0,0,0,0.03612,0.56736,"최불암,김혜자,김용건,김수미,고두심,유인촌,정대홍"
20200609,KTV,222027,224423,전원일기,<2부>,394회,전국,002356,드라마&영화,드라마,주말연속극,0,0,0.17923,0,0,0.08593,0.41812,0,0,0,0,0,0.15888,0.42608,"최불암,김혜자,김용건,김수미,고두심,유인촌,정대홍"
20200609,KTV,224632,231242,바람은불어도,,121회,전국,002610,드라마&영화,드라마,주간연속극,0,0,0,0,0.00214,0,0.18761,0,0,0,0,0.00166,0,0.28289,"최수종,유호정,윤손하,송나영,송기윤,나문희"
20200609,KTV,231517,234307,바람은불어도,,122회,전국,002750,드라마&영화,드라마,주간연속극,0,0,0,0,0,0,0.17194,0,0,0,0,0,0,0.18884,"최수종,유호정,윤손하,송나영,송기윤,나문희"
20200609,KTV,243620,252620,파랑새는있다,,22회,전국,005000,드라마&영화,드라마,주간연속극,0,0,0,0.01702,0,0,0.02551,0,0,0,0.00958,0,0,0.07944,"이상인,정선경,백윤식,송경철,박남현,한진희,동방우,양금석"
20200609,KTV,255728,255959,전원일기,,394회,전국,000231,드라마&영화,드라마,주말연속극,0,0,0.21971,0,0,0.18184,0.0616,0,0,0,0,0,0.21039,0.05606,"최불암,김혜자,김용건,김수미,고두심,유인촌,정대홍"
20200609,MBC every1,024847,031934,그남자의기억법,,13회,전국,003047,드라마&영화,드라마,미니시리즈,0,0.03214,0,0,0,0,0.00046,0,0,0,0,0.10975,0,0.00452,"이정훈역:김동욱,여하진역:문가영,유태은역:윤종훈,여하경역:김슬기,정서연역:이주빈,유성혁역:김창완,서미현역:길해연,최희상역:장영남,김철웅역:이승준,이동영역:차광수,박경애역:이수미,문성호역:주석태,진소영역:유담연,지현근역:지일주,박수창역:장인섭,조일권역:이진혁,문철역:신주협,유지원역:장이정,김수현역:박지원,고유라역:유라,주여민역:로운,서광진역:김선호,황작가역:신동미,양파역:양파"
20200609,MBC every1,031943,035303,그남자의기억법,,14회,전국,003320,드라마&영화,드라마,미니시리즈,0,0,0,0.0119,0,0,0.0746,0,0,0,0,0,0.12529,0.00565,"이정훈역:김동욱,여하진역:문가영,유태은역:윤종훈,여하경역:김슬기,정서연역:이주빈,유성혁역:김창완,서미현역:길해연,최희상역:장영남,김철웅역:이승준,이동영역:차광수,박경애역:이수미,문성호역:주석태,진소영역:유담연,지현근역:지일주,박수창역:장인섭,조일권역:이진혁,문철역:신주협,유지원역:장이정,김수현역:박지원,고유라역:유라,주여민역:로운,서광진역:김선호,황작가역:신동미,양파역:양파"
20200609,MBC every1,035645,042743,그남자의기억법,,15회,전국,003058,드라마&영화,드라마,미니시리즈,0,0,0,0,0.00505,0,0.00461,0,0,0.11335,0,0,0.22809,0.00389,"이정훈역:김동욱,여하진역:문가영,유태은역:윤종훈,여하경역:김슬기,정서연역:이주빈,유성혁역:김창완,서미현역:길해연,최희상역:장영남,김철웅역:이승준,이동영역:차광수,박경애역:이수미,문성호역:주석태,진소영역:유담연,지현근역:지일주,박수창역:장인섭,조일권역:이진혁,문철역:신주협,유지원역:장이정,김수현역:박지원,고유라역:유라,주여민역:로운,서광진역:김선호,황작가역:신동미,양파역:양파"
20200609,MBC every1,042752,045941,그남자의기억법,,16회,전국,003149,드라마&영화,드라마,미니시리즈,0,0,0,0,0,0.04401,0.00692,0,0,0.00439,0,0,0.2558,0.00568,"이정훈역:김동욱,여하진역:문가영,유태은역:윤종훈,여하경역:김슬기,정서연역:이주빈,유성혁역:김창완,서미현역:길해연,최희상역:장영남,김철웅역:이승준,이동영역:차광수,박경애역:이수미,문성호역:주석태,진소영역:유담연,지현근역:지일주,박수창역:장인섭,조일권역:이진혁,문철역:신주협,유지원역:장이정,김수현역:박지원,고유라역:유라,주여민역:로운,서광진역:김선호,황작가역:신동미,양파역:양파"
20200609,MBC M,100406,110314,그녀는예뻤다,,13회,전국,005908,드라마&영화,드라마,미니시리즈,0,0,0,0,0,0,0,0,0,0,0,0,0,0.00293,"김혜진역:황정음,지성준역:박서준,민하리역:고준희,김신혁역:시원,차혜정역:윤유선,나지선역:서정연,민용길역:이병준,김혜린역:정다빈,김중섭역:박충선,한정혜역:이일화,김라라역:황석정,김풍호역:안세하,차주영역:신동미,김준우역:박유환,주아름역:신주연,한설역:신혜선,선민역:차정원,이경역:배민정,은영역:임세주,부중만역:김하균,이슬비역:진혜원,광희역:조창근,발등남역:임강성,마트직원역:안상태,김혜진어린시절역:정다빈,지성준어린시절역:양한열"
20200609,MBC M,111323,121130,그녀는예뻤다,,14회,전국,005807,드라마&영화,드라마,미니시리즈,0,0,0.08189,0,0,0.03956,0,0,0,0,0,0.1487,0.02462,0,"김혜진역:황정음,지성준역:박서준,민하리역:고준희,김신혁역:시원,차혜정역:윤유선,나지선역:서정연,민용길역:이병준,김혜린역:정다빈,김중섭역:박충선,한정혜역:이일화,김라라역:황석정,김풍호역:안세하,차주영역:신동미,김준우역:박유환,주아름역:신주연,한설역:신혜선,선민역:차정원,이경역:배민정,은영역:임세주,부중만역:김하균,이슬비역:진혜원,광희역:조창근,발등남역:임강성,마트직원역:안상태,김혜진어린시절역:정다빈,지성준어린시절역:양한열"
20200609,O tvN,022544,032937,시카고타자기,,9회,전국,010353,드라마&영화,드라마,미니시리즈,0,0,0,0.01279,0,0.08266,0.16963,0,0,0,0,0.15244,0.02394,0.166,"한세주역:유아인,전설역:임수정,유진오역:고경표,백태민역:곽시양,갈지석역:조우진,마방진역:양진성,왕방울역:전수경,원대한역:강홍석,원만해역:지대한,백도하역:천호진,홍소희역:조경숙,강비서역:오나라,송기자역:이규복,전설모역:전미선"
20200609,O tvN,033957,044605,시카고타자기,,10회,전국,010608,드라마&영화,드라마,미니시리즈,0,0,0,0.01032,0,0,0.03106,0,0,0,0,0.08274,0.01144,0.304,"한세주역:유아인,전설역:임수정,유진오역:고경표,백태민역:곽시양,갈지석역:조우진,마방진역:양진성,왕방울역:전수경,원대한역:강홍석,원만해역:지대한,백도하역:천호진,홍소희역:조경숙,강비서역:오나라,송기자역:이규복,전설모역:전미선"
20200609,O tvN,045640,060442,시카고타자기,,11회,전국,010802,드라마&영화,드라마,미니시리즈,0,0,0,0,0.02131,0.00173,0.03584,0,0,0,0,0.07675,0.00134,0.18966,"한세주역:유아인,전설역:임수정,유진오역:고경표,백태민역:곽시양,갈지석역:조우진,마방진역:양진성,왕방울역:전수경,원대한역:강홍석,원만해역:지대한,백도하역:천호진,홍소희역:조경숙,강비서역:오나라,송기자역:이규복,전설모역:전미선"
20200609,O tvN,093646,103758,화양연화삶이꽃이되는순간,,11회,전국,010112,드라마&영화,드라마,미니시리즈,0,0,0.0036,0.00796,0,0.1842,0.02045,0,0,0,0.03067,0,0.05875,0.00807,"한재현역:유지태,윤지수역:이보영,과거재현역:진영,과거지수역:전소니,장서경역:박시연,장산역:문성근,한준서역:박민수,한인호역:남명렬,이경자역:손숙,윤형구역:장광,이영민역:고우림,정숙희역:이종남,윤지영역:채원빈,이동진역:민성욱,과거동진역:은해성,성화진역:김주령,과거화진역:한지원,강준우역:강영석,정윤기역:김호창,이세훈역:김영훈,주영우역:이태성,과거영우역:병헌,양혜정역:우정원,과거혜정역:박한솔,최선희역:김영아"
20200609,O tvN,104751,114954,화양연화삶이꽃이되는순간,,12회,전국,010203,드라마&영화,드라마,미니시리즈,0.03885,0,0.00256,0.0115,0,0.50635,0.00902,0,0,0.00856,0.00523,0.08806,0.17013,0.09037,"한재현역:유지태,윤지수역:이보영,과거재현역:진영,과거지수역:전소니,장서경역:박시연,장산역:문성근,한준서역:박민수,한인호역:남명렬,이경자역:손숙,윤형구역:장광,이영민역:고우림,정숙희역:이종남,윤지영역:채원빈,이동진역:민성욱,과거동진역:은해성,성화진역:김주령,과거화진역:한지원,강준우역:강영석,정윤기역:김호창,이세훈역:김영훈,주영우역:이태성,과거영우역:병헌,양혜정역:우정원,과거혜정역:박한솔,최선희역:김영아"
20200609,O tvN,120119,131512,톱스타유백이,,3회,전국,011353,드라마&영화,드라마,주간연속극,0,0,0.00575,0.00328,0,0.03745,0.08972,0,0,0,0.03352,0.10656,0.00476,0.09353,"유백역:김지석,오강순역:전소민,최마돌역:이상엽,동춘아빠역:정은표,아서라역:이아현,깡순할머니역:예수정,마돌엄마역:김현,마을이장역:이한위,장흥댁역:허진,군산댁역:성병숙,동춘엄마역:정이랑,박동만역:유주원,강민역:김정민,남조역:허정민,서일역:조희봉,박동춘역:김민석"
20200609,O tvN,132557,144146,톱스타유백이,,4회,전국,011549,드라마&영화,드라마,주간연속극,0,0,0,0.02516,0,0,0.15251,0,0,0,0.04115,0.15083,0.00608,0.117,"유백역:김지석,오강순역:전소민,최마돌역:이상엽,동춘아빠역:정은표,아서라역:이아현,깡순할머니역:예수정,마돌엄마역:김현,마을이장역:이한위,장흥댁역:허진,군산댁역:성병숙,동춘엄마역:정이랑,박동만역:유주원,강민역:김정민,남조역:허정민,서일역:조희봉,박동춘역:김민석"
20200609,O tvN,145719,160735,검색어를입력하세요WWW,,5회,전국,011016,드라마&영화,드라마,미니시리즈,0,0.05539,0,0.0072,0.03996,0.0272,0.17617,0,0,0.0035,0.05841,0.04217,0.002,0.14176,"배타미역:임수정,차현역:이다희,송가경역:전혜진,박모건역:장기용,설지환역:이재욱,오진우역:지승현,민홍주역:권해효,표준수역:김남희,최봉기역:우지현,조아라역:오아연,홍유진역:하승리,최정훈역:송지호,나인경역:유서진,김선우역:탁우석,정다인역:한지완,윤동주역:조혜주,장희은역:예수정,유도부선배역:지호,전남자친구역:이동욱"
20200609,O tvN,161905,173224,검색어를입력하세요WWW,,6회,전국,011319,드라마&영화,드라마,미니시리즈,0.01632,0.00455,0.00602,0.02329,0.07549,0.00388,0.06778,0.00896,0,0.02919,0.02249,0.12742,0.00275,0.07136,"배타미역:임수정,차현역:이다희,송가경역:전혜진,박모건역:장기용,설지환역:이재욱,오진우역:지승현,민홍주역:권해효,표준수역:김남희,최봉기역:우지현,조아라역:오아연,홍유진역:하승리,최정훈역:송지호,나인경역:유서진,김선우역:탁우석,정다인역:한지완,윤동주역:조혜주,장희은역:예수정,유도부선배역:지호,전남자친구역:이동욱"
20200609,O tvN,174659,185952,검색어를입력하세요WWW,,7회,전국,011253,드라마&영화,드라마,미니시리즈,0,0,0.00454,0.01989,0,0.10543,0.0361,0,0.15328,0.07031,0.11729,0.27393,0.05279,0.01231,"배타미역:임수정,차현역:이다희,송가경역:전혜진,박모건역:장기용,설지환역:이재욱,오진우역:지승현,민홍주역:권해효,표준수역:김남희,최봉기역:우지현,조아라역:오아연,홍유진역:하승리,최정훈역:송지호,나인경역:유서진,김선우역:탁우석,정다인역:한지완,윤동주역:조혜주,장희은역:예수정,유도부선배역:지호,전남자친구역:이동욱"
20200609,O tvN,191427,202728,검색어를입력하세요WWW,,8회,전국,011301,드라마&영화,드라마,미니시리즈,0,0.00352,0.03612,0.06554,0.00434,0.07477,0.05136,0,0.00316,0.00549,0.14356,0.03975,0.00196,0.04539,"배타미역:임수정,차현역:이다희,송가경역:전혜진,박모건역:장기용,설지환역:이재욱,오진우역:지승현,민홍주역:권해효,표준수역:김남희,최봉기역:우지현,조아라역:오아연,홍유진역:하승리,최정훈역:송지호,나인경역:유서진,김선우역:탁우석,정다인역:한지완,윤동주역:조혜주,장희은역:예수정,유도부선배역:지호,전남자친구역:이동욱"
20200609,O tvN,204541,215913,검색어를입력하세요WWW,,9회,전국,011332,드라마&영화,드라마,미니시리즈,0,0,0,0.15085,0.00343,0.17771,0.06108,0,0,0.05637,0.02893,0.18758,0.01916,0.02233,"배타미역:임수정,차현역:이다희,송가경역:전혜진,박모건역:장기용,설지환역:이재욱,오진우역:지승현,민홍주역:권해효,표준수역:김남희,최봉기역:우지현,조아라역:오아연,홍유진역:하승리,최정훈역:송지호,나인경역:유서진,김선우역:탁우석,정다인역:한지완,윤동주역:조혜주,장희은역:예수정,유도부선배역:지호,전남자친구역:이동욱"
20200609,O tvN,221344,232933,슬기로운의사생활,,,전국,011549,드라마&영화,드라마,미니시리즈,0,0,0.03721,0.57824,0.07575,0.04114,0.19799,0,0,0,0.50313,0.21123,0.30167,0.17515,"이익준역:조정석,안정원역:유연석,김준완역:정경호,양석형역:김대명,채송화역:전미도,정로사역:김해숙,주종수역:김갑수,도재학역:정문성,용석민역:문태유,장겨울역:신현빈,안치홍역:김준한,봉광현역:최영준,추민하역:안은진,허선빈역:하윤경,명은원역:김혜인,장윤복역:조이현,장홍도역:배현성,송수빈역:김수진,소이현역:윤혜리,배준희역:신도현,주전역:조승연,황재신역:양조아,이우주역:김준,민기준역:서진원,종세혁역:전광진,이영하역:이노아,김재환역:이달,국해성역:이혜은,함덕주역:김비비,한현희역:이지원,한승주역:김지성,은선진역:설유진,이익순역:곽선영,조영혜역:문희경,양태양역:남명렬,김태연역:이소윤,천명태역:최영우,선우희수역:박한솔,장겨울남동생역:박정우,고아라역:고아라"
20200609,OCN,123248,134005,번외수사,,5회,전국,010717,드라마&영화,드라마,미니시리즈,0,0.20262,0.17647,0.38028,0.60416,0.75525,0.20972,0,0.0497,0.22459,0.30211,0.62089,0.4706,0.35835,"진강호역:차태현,강무영역:이선빈,이반석역:정상훈,테디정역:윤경호,탁원역:지승현,민대진역:박정우,맨손역:박태산,연장역:장진희,지수철역:이영석,노순이역:민경옥"
20200609,OCN,135016,145139,번외수사,,6회,전국,010123,드라마&영화,드라마,미니시리즈,0,0.54326,0.06214,0.39817,0.94849,1.04156,0.31292,0,0.09397,0.31589,0.33812,0.56706,0.28951,0.40176,"진강호역:차태현,강무영역:이선빈,이반석역:정상훈,테디정역:윤경호,탁원역:지승현,민대진역:박정우,맨손역:박태산,연장역:장진희,지수철역:이영석,노순이역:민경옥"
20200609,On Style,130512,141818,라이브,,4회,전국,011306,드라마&영화,드라마,미니시리즈,0,0,0,0.01331,0,0,0.00432,0,0,0,0.00875,0,0,0.03964,"한정오역:정유미,염상수역:이광수,오양촌역:배성우,안장미역:배종옥,양촌부역:이순재,기한솔역:성동일,은경모역:장현성,최명호역:신동욱,강남일역:이시언,정오모역:우현주,상수모역:염혜란,김민석역:조완기,반종민역:이순원,김한표역:김건우,송혜리역:이주영,민원우역:김종훈,고승재역:백승도,오송이역:고민시,오대관역:장호준,이삼보역:이얼"
20200609,On Style,141952,153604,라이브,,5회,전국,011612,드라마&영화,드라마,미니시리즈,0,0.01155,0,0.04901,0.00989,0,0.11245,0,0,0,0.0273,0.01312,0.00658,0.09785,"한정오역:정유미,염상수역:이광수,오양촌역:배성우,안장미역:배종옥,양촌부역:이순재,기한솔역:성동일,은경모역:장현성,최명호역:신동욱,강남일역:이시언,정오모역:우현주,상수모역:염혜란,김민석역:조완기,반종민역:이순원,김한표역:김건우,송혜리역:이주영,민원우역:김종훈,고승재역:백승도,오송이역:고민시,오대관역:장호준,이삼보역:이얼"
20200609,On Style,153736,164320,라이브,,6회,전국,010544,드라마&영화,드라마,미니시리즈,0,0.02044,0,0.02616,0.01542,0,0.00226,0.04464,0,0,0.07842,0.12086,0,0.00925,"한정오역:정유미,염상수역:이광수,오양촌역:배성우,안장미역:배종옥,양촌부역:이순재,기한솔역:성동일,은경모역:장현성,최명호역:신동욱,강남일역:이시언,정오모역:우현주,상수모역:염혜란,김민석역:조완기,반종민역:이순원,김한표역:김건우,송혜리역:이주영,민원우역:김종훈,고승재역:백승도,오송이역:고민시,오대관역:장호준,이삼보역:이얼"
20200609,SBS플러스,020000,025545,굿캐스팅,,12회,전국,005545,드라마&영화,드라마,미니시리즈,0,0.07882,0,0.12821,0,0.21794,0.11254,0,0.03443,0,0,0.04353,0.03281,0.00365,"백찬미역:최강희,윤석호역:이상엽,임예은역:유인영,황미순역:김지영,강우원역:이준영,동관수역:이종혁,서국환역:정인기,배무혁역:박경순,간태희역:황보미,명계철역:우현,탁상기역:이상훈,옥철역:김용희,변우석역:허재호,구비서역:한수진,설영훈역:조영훈,심화란역:차수연,남봉만역:이승형,남주연역:김보윤,피철웅역:배진웅,권민석역:성혁,권소희역:노하연"
20200609,SBS플러스,064058,071112,엄마가바람났다,,25회,전국,003014,드라마&영화,드라마,아침드라마,0.35701,0.15778,0.09907,0,0.10281,0.00205,0.28255,0.46528,0.02825,0.02252,0.50382,0.06281,0.29646,0.27711,"오필정역:현쥬니,강석준역:이재황,이은주역:문보령,강석환역:김형범,오순정역:남이안,김복순역:박순천,박민호역:길정우,박민지역:홍제이,김해정역:양금석,강태수역:이원재,이태우역:서현석,최동석역:김동균,최은자역:이진아,최유경역:이영은,최미영역:전은채,왕기범역:차승우,하열도역:김영훈,홍수경역:노정명,박태섭역:강서준,박혜진역:박지수"
20200609,SBS플러스,071223,074202,엄마가바람났다,,26회,전국,002939,드라마&영화,드라마,아침드라마,0.42842,0.45488,0.12493,0,0.25862,0.16148,0.39548,0.55833,0,0,0.68283,0.52361,0.57467,0.49083,"오필정역:현쥬니,강석준역:이재황,이은주역:문보령,강석환역:김형범,오순정역:남이안,김복순역:박순천,박민호역:길정우,박민지역:홍제이,김해정역:양금석,강태수역:이원재,이태우역:서현석,최동석역:김동균,최은자역:이진아,최유경역:이영은,최미영역:전은채,왕기범역:차승우,하열도역:김영훈,홍수경역:노정명,박태섭역:강서준,박혜진역:박지수"
20200609,SBS플러스,075626,090101,주군의태양,,2회,전국,010435,드라마&영화,드라마,미니시리즈,0.34184,0.28705,0,0.00374,0.24768,0.0538,0.08818,0.10308,0,0.00467,0.22794,0.12078,0.04687,0.08048,"주중원역:소지섭,태공실역:공효진,강우역:서인국,태이령역:김유리,김귀도역:최정우,주성란역:김미경,도석철역:이종원,태공리역:박희본,이한주역:이재원,안진주역:정가은,주중원어린시절역:김명수,TV프로그램자역:김상중,미경역:송채윤,하유진역:김보라,가영역:방민아,이은설역:이혜인,차희주역:한보름,주중원아버지역:김용건,이승모역:이도현,이승준역:홍은택,선영역:김보미,지우역:유민규,강길자역:김희정,루이장역:정찬,박서현역:서효림,이재석역:이종혁,이회장역:이재용,한나브라운역:황선희,유진우역:이천희,고여사역:이용녀,유혜성역:진이한"
20200609,SBS플러스,185751,200921,더킹영원의군주,,14회,전국,011130,드라마&영화,드라마,미니시리즈,0.3742,0.14908,0.02999,0.40668,0.23743,0.33613,0.45268,0,0.28489,0.19224,0.47211,0.95962,0.09943,0.37557,"이곤역:이민호,정태을역:김고은,조은섭역:우도환,조영역:우도환,강신재역:김경남,구서령역:정은채,이림역:이정진,루나역:김고은,노옥남역:김영옥,정도인역:전배수,송정혜역:서정연,박문식역:박원상,장미카엘역:강홍석,이종인역:전무송,명나리역:김용지,명승아역:김용지,유경무역:이해영,민화연역:황영희,박지영역:박지연,모비서역:백현주,석호필역:이홍내"
20200609,SBS플러스,202708,214809,더킹영원의군주,,15회,전국,012101,드라마&영화,드라마,미니시리즈,0,0.01322,0.20306,0.13278,0.65491,0.38089,0.39109,0.94912,0.08527,0.05785,0.39583,1.04127,0.23158,0.24013,"이곤역:이민호,정태을역:김고은,조은섭역:우도환,조영역:우도환,강신재역:김경남,구서령역:정은채,이림역:이정진,루나역:김고은,노옥남역:김영옥,정도인역:전배수,송정혜역:서정연,박문식역:박원상,장미카엘역:강홍석,이종인역:전무송,명나리역:김용지,명승아역:김용지,유경무역:이해영,민화연역:황영희,박지영역:박지연,모비서역:백현주,석호필역:이홍내"
20200609,SKY,031703,042454,낭만닥터김사부2,,1회,전국,010751,드라마&영화,드라마,미니시리즈,0.13686,0.49414,0.00572,0.01952,0.11509,0.12654,0.00308,0,0,0,0.02344,0.45282,0.00357,0.06039,"김사부역:한석규,서우진역:안효섭,차은재역:이성경,박민국역:김주헌,배문정역:신동욱,윤아름역:소주연,정인수역:윤나무,여운영역:김홍파,오명심역:진경,장기태역:임원희,남도일역:변우민,박은탁역:김민재,양호준역:고상호,심혜진역:박효주,허영규역:배명진,도윤완역:최진호,엄현정역:정지안,주영미역:윤보라,주지배인역:서영"
20200609,SKY,093554,104019,굿캐스팅,,11회,전국,010425,드라마&영화,드라마,미니시리즈,0.00621,0,0,0,0.00161,0,0.08962,0.00341,0,0,0.00143,0,0.004,0.0791,"백찬미역:최강희,윤석호역:이상엽,임예은역:유인영,황미순역:김지영,강우원역:이준영,동관수역:이종혁,서국환역:정인기,배무혁역:박경순,간태희역:황보미,명계철역:우현,탁상기역:이상훈,옥철역:김용희,변우석역:허재호,구비서역:한수진,설영훈역:조영훈,심화란역:차수연,남봉만역:이승형,남주연역:김보윤,피철웅역:배진웅,권민석역:성혁,권소희역:노하연"
20200609,SKY,105802,120448,굿캐스팅,,12회,전국,010646,드라마&영화,드라마,미니시리즈,0,0,0,0.00271,0.02245,0.0222,0.02879,0,0,0.00297,0.05368,0.18555,0.05679,0.02416,"백찬미역:최강희,윤석호역:이상엽,임예은역:유인영,황미순역:김지영,강우원역:이준영,동관수역:이종혁,서국환역:정인기,배무혁역:박경순,간태희역:황보미,명계철역:우현,탁상기역:이상훈,옥철역:김용희,변우석역:허재호,구비서역:한수진,설영훈역:조영훈,심화란역:차수연,남봉만역:이승형,남주연역:김보윤,피철웅역:배진웅,권민석역:성혁,권소희역:노하연"
20200609,ONCE,020000,023351,대조영,,47회,전국,003351,드라마&영화,드라마,주말연속극,0.05144,0,0.00579,0,0.00635,0.20609,0.00082,0.04267,0,0,0,0.01754,0,0.00097,"대조영역:최수종,이해고역:정보석,설인귀역:이덕화,초린역:박예진,검이역:정태우,숙영역:홍수현,양만춘역:임동진,흑수돌역:김학철,연남생역:임호,대중상역:임혁,걸사비우역:최철호,검모잠역:김명수,당태종역:송용태,부지광역:박지일,미모사역:김정현,금란역:심은진,부기원역:김하균,보장왕역:길용우,이진충역:김동현,손만영역:조인표,신홍역:김규철,계필사문역:윤용현,퉁소역:방형주,홍패역:유태술,이문역:남성진,팔보역:우봉식"
20200609,ONCE,024430,032223,전원일기,,421회,전국,003753,드라마&영화,드라마,주말연속극,0,0,0.21377,0,0,0.3804,0,0,0,0,0,0.01111,0.2047,0,"최불암,김혜자,김용건,김수미,고두심,유인촌,정대홍"
20200609,ONCE,033046,041159,전원일기,,422회,전국,004113,드라마&영화,드라마,주말연속극,0,0,0.21971,0,0,0.18184,0,0,0,0,0,0,0.21039,0,"최불암,김혜자,김용건,김수미,고두심,유인촌,정대홍"
20200609,ONCE,051405,061526,동이,,47회,전국,010121,드라마&영화,드라마,주간연속극,0,0,0,0,0,0.24353,0.17558,0,0,0,0.03266,0.08117,0.05919,0.18701,"동이역:한효주,숙종역:지진희,희빈장씨역:이소연,차천수역:배수빈,서용기역:정진영,인현왕후역:박하선,오태석역:정동환,이종욱역:이정훈,홍태윤역:손일권,박도식역:최재호,도승지역:신국,오호양역:여호민,황주식역:이희도,정인국역:나성균,최효원역:천호진,장익헌역:이재용,김환역:정인기,은금역:한다민,오태풍역:이계인,태풍처역:이숙,장희재역:김유석,설희역:김혜진,게둬라부역:정은표,오윤역:최철호,게둬라역:최수한,심운택역:김동윤,동이어린시절역:김유정,봉상궁역:김소이,조상궁역:안여진,유상궁역:임성민,정임역:정유미,애종역:강유미,시비역:오은호,미지역:최하나,대전내관역:정선일,명성대비역:박정수,정상궁역:김혜선,영달역:이광수,최동주역:정성운,장무열역:최종환,이금역:이형석,경종역:윤찬,김구선역:맹상훈,인원왕후역:오연서"
20200609,ONCE,062401,072643,동이,,48회,전국,010242,드라마&영화,드라마,주간연속극,0,0,0.02718,0.06559,0,0.18943,0.18172,0,0,0.00315,0.00783,0.13977,0,0.20476,"동이역:한효주,숙종역:지진희,희빈장씨역:이소연,차천수역:배수빈,서용기역:정진영,인현왕후역:박하선,오태석역:정동환,이종욱역:이정훈,홍태윤역:손일권,박도식역:최재호,도승지역:신국,오호양역:여호민,황주식역:이희도,정인국역:나성균,최효원역:천호진,장익헌역:이재용,김환역:정인기,은금역:한다민,오태풍역:이계인,태풍처역:이숙,장희재역:김유석,설희역:김혜진,게둬라부역:정은표,오윤역:최철호,게둬라역:최수한,심운택역:김동윤,동이어린시절역:김유정,봉상궁역:김소이,조상궁역:안여진,유상궁역:임성민,정임역:정유미,애종역:강유미,시비역:오은호,미지역:최하나,대전내관역:정선일,명성대비역:박정수,정상궁역:김혜선,영달역:이광수,최동주역:정성운,장무열역:최종환,이금역:이형석,경종역:윤찬,김구선역:맹상훈,인원왕후역:오연서"
20200609,ONCE,073822,081615,전원일기,,421회,전국,003753,드라마&영화,드라마,주말연속극,0,0,0,0,0,0,0,0,0,0,0,0,0,0.09378,"최불암,김혜자,김용건,김수미,고두심,유인촌,정대홍"
20200609,ONCE,082519,090632,전원일기,,422회,전국,004113,드라마&영화,드라마,주말연속극,0.22902,0,0,0.13559,0,0,0.0921,0,0,0,0.04181,0,0,0.12924,"최불암,김혜자,김용건,김수미,고두심,유인촌,정대홍"
20200609,ONCE,092042,102325,동이,,49회,전국,010243,드라마&영화,드라마,주간연속극,0,0,0,0.07553,0,0.12861,0.3079,0,0,0.00221,0.02313,0,0.04465,0.26556,"동이역:한효주,숙종역:지진희,희빈장씨역:이소연,차천수역:배수빈,서용기역:정진영,인현왕후역:박하선,오태석역:정동환,이종욱역:이정훈,홍태윤역:손일권,박도식역:최재호,도승지역:신국,오호양역:여호민,황주식역:이희도,정인국역:나성균,최효원역:천호진,장익헌역:이재용,김환역:정인기,은금역:한다민,오태풍역:이계인,태풍처역:이숙,장희재역:김유석,설희역:김혜진,게둬라부역:정은표,오윤역:최철호,게둬라역:최수한,심운택역:김동윤,동이어린시절역:김유정,봉상궁역:김소이,조상궁역:안여진,유상궁역:임성민,정임역:정유미,애종역:강유미,시비역:오은호,미지역:최하나,대전내관역:정선일,명성대비역:박정수,정상궁역:김혜선,영달역:이광수,최동주역:정성운,장무열역:최종환,이금역:이형석,경종역:윤찬,김구선역:맹상훈,인원왕후역:오연서"
20200609,ONCE,103741,113918,동이,,50회,전국,010137,드라마&영화,드라마,주간연속극,0,0,0,0,0.23829,0.20634,0.50319,0,0,0,0.05336,0.07059,0.18144,0.5063,"동이역:한효주,숙종역:지진희,희빈장씨역:이소연,차천수역:배수빈,서용기역:정진영,인현왕후역:박하선,오태석역:정동환,이종욱역:이정훈,홍태윤역:손일권,박도식역:최재호,도승지역:신국,오호양역:여호민,황주식역:이희도,정인국역:나성균,최효원역:천호진,장익헌역:이재용,김환역:정인기,은금역:한다민,오태풍역:이계인,태풍처역:이숙,장희재역:김유석,설희역:김혜진,게둬라부역:정은표,오윤역:최철호,게둬라역:최수한,심운택역:김동윤,동이어린시절역:김유정,봉상궁역:김소이,조상궁역:안여진,유상궁역:임성민,정임역:정유미,애종역:강유미,시비역:오은호,미지역:최하나,대전내관역:정선일,명성대비역:박정수,정상궁역:김혜선,영달역:이광수,최동주역:정성운,장무열역:최종환,이금역:이형석,경종역:윤찬,김구선역:맹상훈,인원왕후역:오연서"
20200609,ONCE,115233,124802,대조영,,48회,전국,005529,드라마&영화,드라마,주말연속극,0,0.04227,0,0.07576,0.287,0.00905,0.08028,0,0,0.00724,0.00724,0.05545,0.01305,0.11306,"대조영역:최수종,이해고역:정보석,설인귀역:이덕화,초린역:박예진,검이역:정태우,숙영역:홍수현,양만춘역:임동진,흑수돌역:김학철,연남생역:임호,대중상역:임혁,걸사비우역:최철호,검모잠역:김명수,당태종역:송용태,부지광역:박지일,미모사역:김정현,금란역:심은진,부기원역:김하균,보장왕역:길용우,이진충역:김동현,손만영역:조인표,신홍역:김규철,계필사문역:윤용현,퉁소역:방형주,홍패역:유태술,이문역:남성진,팔보역:우봉식"
20200609,ONCE,153720,162300,전원일기,,424회,전국,004540,드라마&영화,드라마,주말연속극,0,0,0.39708,0,0,0.18184,0.29717,0,0,0,0,0,0.38417,0.03879,"최불암,김혜자,김용건,김수미,고두심,유인촌,정대홍"
20200609,ONCE,163404,171745,전원일기,,425회,전국,004341,드라마&영화,드라마,주말연속극,0,0.0336,0.21971,0.03353,0,0.23695,0.34709,0,0,0.06323,0,0,0.43062,0.08198,"최불암,김혜자,김용건,김수미,고두심,유인촌,정대홍"
20200609,ONCE,173055,182625,대조영,,48회,전국,005530,드라마&영화,드라마,주말연속극,0,0.06038,0.00366,0.03173,0.22994,0.00723,0.12943,0,0,0,0,0.03177,0.05303,0,"대조영역:최수종,이해고역:정보석,설인귀역:이덕화,초린역:박예진,검이역:정태우,숙영역:홍수현,양만춘역:임동진,흑수돌역:김학철,연남생역:임호,대중상역:임혁,걸사비우역:최철호,검모잠역:김명수,당태종역:송용태,부지광역:박지일,미모사역:김정현,금란역:심은진,부기원역:김하균,보장왕역:길용우,이진충역:김동현,손만영역:조인표,신홍역:김규철,계필사문역:윤용현,퉁소역:방형주,홍패역:유태술,이문역:남성진,팔보역:우봉식"
20200609,ONCE,222155,232438,동이,,49회,전국,010243,드라마&영화,드라마,주간연속극,0,0,0.08154,0.02163,0.11698,0.11996,0.1292,0,0.14683,0.19961,0.09324,0.22118,0.33057,0.1573,"동이역:한효주,숙종역:지진희,희빈장씨역:이소연,차천수역:배수빈,서용기역:정진영,인현왕후역:박하선,오태석역:정동환,이종욱역:이정훈,홍태윤역:손일권,박도식역:최재호,도승지역:신국,오호양역:여호민,황주식역:이희도,정인국역:나성균,최효원역:천호진,장익헌역:이재용,김환역:정인기,은금역:한다민,오태풍역:이계인,태풍처역:이숙,장희재역:김유석,설희역:김혜진,게둬라부역:정은표,오윤역:최철호,게둬라역:최수한,심운택역:김동윤,동이어린시절역:김유정,봉상궁역:김소이,조상궁역:안여진,유상궁역:임성민,정임역:정유미,애종역:강유미,시비역:오은호,미지역:최하나,대전내관역:정선일,명성대비역:박정수,정상궁역:김혜선,영달역:이광수,최동주역:정성운,장무열역:최종환,이금역:이형석,경종역:윤찬,김구선역:맹상훈,인원왕후역:오연서"
20200609,ONCE,233853,244031,동이,,50회,전국,010138,드라마&영화,드라마,주간연속극,0,0.00433,0,0.01588,0.01336,0.10609,0.06682,0,0.05582,0.19653,0.00389,0.10037,0.28558,0.0997,"동이역:한효주,숙종역:지진희,희빈장씨역:이소연,차천수역:배수빈,서용기역:정진영,인현왕후역:박하선,오태석역:정동환,이종욱역:이정훈,홍태윤역:손일권,박도식역:최재호,도승지역:신국,오호양역:여호민,황주식역:이희도,정인국역:나성균,최효원역:천호진,장익헌역:이재용,김환역:정인기,은금역:한다민,오태풍역:이계인,태풍처역:이숙,장희재역:김유석,설희역:김혜진,게둬라부역:정은표,오윤역:최철호,게둬라역:최수한,심운택역:김동윤,동이어린시절역:김유정,봉상궁역:김소이,조상궁역:안여진,유상궁역:임성민,정임역:정유미,애종역:강유미,시비역:오은호,미지역:최하나,대전내관역:정선일,명성대비역:박정수,정상궁역:김혜선,영달역:이광수,최동주역:정성운,장무열역:최종환,이금역:이형석,경종역:윤찬,김구선역:맹상훈,인원왕후역:오연서"
20200609,ONCE,245446,255015,대조영,,48회,전국,005529,드라마&영화,드라마,주말연속극,0,0,0,0.11229,0.0566,0.02302,0.04441,0,0.13735,0,0.00724,0.17919,0.04199,0.03168,"대조영역:최수종,이해고역:정보석,설인귀역:이덕화,초린역:박예진,검이역:정태우,숙영역:홍수현,양만춘역:임동진,흑수돌역:김학철,연남생역:임호,대중상역:임혁,걸사비우역:최철호,검모잠역:김명수,당태종역:송용태,부지광역:박지일,미모사역:김정현,금란역:심은진,부기원역:김하균,보장왕역:길용우,이진충역:김동현,손만영역:조인표,신홍역:김규철,계필사문역:윤용현,퉁소역:방형주,홍패역:유태술,이문역:남성진,팔보역:우봉식"
20200609,ONCE,255814,255959,전원일기,,424회,전국,000145,드라마&영화,드라마,주말연속극,0,0,0,0.43926,0,0,0.22706,0,0,0,0,0,0.1814,0.18886,"최불암,김혜자,김용건,김수미,고두심,유인촌,정대홍"
20200609,SKYUHD,240615,251232,야식남녀,,2회,전국,010617,드라마&영화,드라마,미니시리즈,0,0,0,0,0,0,0,0,0,0,0,0,0,0,"박진성역:정일우,김아진역:강지영,강태완역:이학주,이상영역:김승수,차주희역:김수진,남규장역:양대혁,유성은역:공민정,노재수역:박성준,박진우역:최재현"
20200609,OCN Thrills,091729,101754,번외수사,,3회,전국,010025,드라마&영화,드라마,미니시리즈,0,0,0,0.02389,0,0.04771,0.00239,0,0,0,0.05936,0.03855,0.00261,0.03535,"진강호역:차태현,강무영역:이선빈,이반석역:정상훈,테디정역:윤경호,탁원역:지승현,민대진역:박정우,맨손역:박태산,연장역:장진희,지수철역:이영석,노순이역:민경옥"
20200609,OCN Thrills,102447,112533,번외수사,,4회,전국,010046,드라마&영화,드라마,미니시리즈,0,0.00596,0,0.21104,0.00373,0.26845,0.08983,0,0,0,0.24699,0.00757,0.00372,0.0966,"진강호역:차태현,강무영역:이선빈,이반석역:정상훈,테디정역:윤경호,탁원역:지승현,민대진역:박정우,맨손역:박태산,연장역:장진희,지수철역:이영석,노순이역:민경옥"
20200609,TRENDY,065328,080228,부부클리닉사랑과전쟁2,,21회,전국,010900,드라마&영화,드라마,단막극,0,0,0,0.05783,0.0164,0.00201,0.02777,0,0,0,0,0,0.08614,0.07393,"이재만,민지영,최영완,이정수,장가현,손유경,이준우"
20200609,TRENDY,081201,091959,부부클리닉사랑과전쟁2,,22회,전국,010758,드라마&영화,드라마,단막극,0,0,0.00572,0.11769,0,0.00576,0.10227,0,0.10494,0,0.0031,0.09102,0.16363,0.08086,"이재만,민지영,최영완,이정수,장가현,손유경,이준우"
20200609,TRENDY,135700,150600,부부클리닉사랑과전쟁2,,21회,전국,010900,드라마&영화,드라마,단막극,0,0.06689,0,0.01405,0.14757,0.00885,0.06271,0,0.06061,0.25659,0,0.06948,0.08853,0.06222,"이재만,민지영,최영완,이정수,장가현,손유경,이준우"
20200609,TRENDY,152003,162802,부부클리닉사랑과전쟁2,,22회,전국,010759,드라마&영화,드라마,단막극,0.02877,0,0,0.21051,0.0325,0.08167,0.03019,0,0.00356,0.29025,0.00482,0.10383,0.12167,0.23379,"이재만,민지영,최영완,이정수,장가현,손유경,이준우"
20200609,TRENDY,230236,241137,부부클리닉사랑과전쟁2,,21회,전국,010901,드라마&영화,드라마,단막극,0,0,0.09943,0.01405,0,0.00755,0.12952,0,0.19535,0,0.23146,0.03289,0.10429,0.19656,"이재만,민지영,최영완,이정수,장가현,손유경,이준우"
20200609,TRENDY,242410,253208,부부클리닉사랑과전쟁2,,22회,전국,010758,드라마&영화,드라마,단막극,0.03421,0.01953,0.11628,0.01393,0.01672,0.06418,0.03291,0.04267,0,0,0.21059,0.01893,0.00671,0.03277,"이재만,민지영,최영완,이정수,장가현,손유경,이준우"
20200610,KBS1,203129,205919,기막힌유산,,38회,전국,002750,드라마&영화,드라마,일일연속극,2.38343,2.88301,3.61262,3.91794,2.72782,8.74041,23.95998,2.4627,1.69201,2.88646,5.42879,6.72198,13.63373,31.23754,"부영배역:박인환,공계옥역:강세정,부설악역:신정윤,부백두역:강신조,윤민주역:이아현,부금강역:남성진,신애리역:김가연,정미희역:박순천,김용미역:이응경,부한라역:박신우,성판금역:조양자,부가온역:김비주,부태희역:김연지,부혜교역:김효경,부지현역:강유라,공소영역:김난주,이장원역:이일준,김수민역:조서후,김종두역:이춘식,차정건역:조순창,이청아역:정서하,손보미역:박민지,김영지역:주민하,강선희역:박현정,천호식역:백신,이정태역:노상보,고향숙역:박소정"
20200610,KBS2,090501,093303,기막힌유산,,37회,전국,002802,드라마&영화,드라마,일일연속극,3.43988,1.10603,0.81206,0.63552,1.05342,1.77775,4.36948,0.53402,0.71652,0.6327,1.28349,1.80854,2.25675,4.15703,"부영배역:박인환,공계옥역:강세정,부설악역:신정윤,부백두역:강신조,윤민주역:이아현,부금강역:남성진,신애리역:김가연,정미희역:박순천,김용미역:이응경,부한라역:박신우,성판금역:조양자,부가온역:김비주,부태희역:김연지,부혜교역:김효경,부지현역:강유라,공소영역:김난주,이장원역:이일준,김수민역:조서후,김종두역:이춘식,차정건역:조순창,이청아역:정서하,손보미역:박민지,김영지역:주민하,강선희역:박현정,천호식역:백신,이정태역:노상보,고향숙역:박소정"
20200610,KBS2,110549,120502,영혼수선공,<17회/18회>,17회/18회,전국,005913,드라마&영화,드라마,미니시리즈,0.84106,0.42339,0.00482,0.25698,0.22055,0.14494,0.57057,0.05032,0.04841,0.06667,0.37773,0.51124,0.35276,0.73339,"이시준역:신하균,한우주역:정소민,인동혁역:태인호,지영원역:박예진,공지선역:주민경,조인혜역:조경숙,오기태역:박수영,박대하역:정해균,이택경역:최정우,노우정역:안동구,강누리역:하영,임세찬역:장유상,공지희역:박한솔,장유미역:김가란,김영석역:김강민,송민수역:류시원"
20200610,KBS2,121508,131440,영혼수선공,<19회/20회>,19회/20회,전국,005932,드라마&영화,드라마,미니시리즈,0.68133,0.43925,0,0.32973,0.31026,0.34387,0.29568,0,0.00564,0.15993,0.33304,0.40228,0.56192,0.3977,"이시준역:신하균,한우주역:정소민,인동혁역:태인호,지영원역:박예진,공지선역:주민경,조인혜역:조경숙,오기태역:박수영,박대하역:정해균,이택경역:최정우,노우정역:안동구,강누리역:하영,임세찬역:장유상,공지희역:박한솔,장유미역:김가란,김영석역:김강민,송민수역:류시원"
20200610,KBS2,194934,202405,위험한약속,,50회,전국,003431,드라마&영화,드라마,일일연속극,1.66998,3.16015,3.303,3.65788,2.6414,6.27869,18.17736,0.80903,2.25067,2.21714,6.73086,3.92342,11.5767,23.97182,"차은동역:박하나,강태인역:고세원,최준혁역:강성민,오혜원역:박영린,한지훈역:이창욱,차만종역:이대연,차은찬역:유준서,공영심역:유지연,봉석구역:현우섭,강일섭역:강신일,연두심역:이칸희,한광훈역:길용우,한서주역:김혜지,최명희역:김나운,고재숙역:윤복인,최영국역:송민형,민주란역:오영실,최준경역:이효나,이창욱역:김정운"
20200610,KBS2,220035,223308,영혼수선공,<21회>,21회,전국,003233,드라마&영화,드라마,미니시리즈,0.81546,0.33615,0.39299,0.29564,0.88957,1.22598,0.92776,0.0991,0.26271,0.02385,0.76743,1.59975,1.64409,1.20496,"이시준역:신하균,한우주역:정소민,인동혁역:태인호,지영원역:박예진,공지선역:주민경,조인혜역:조경숙,오기태역:박수영,박대하역:정해균,이택경역:최정우,노우정역:안동구,강누리역:하영,임세찬역:장유상,공지희역:박한솔,장유미역:김가란,김영석역:김강민,송민수역:류시원"
20200610,KBS2,223426,230424,영혼수선공,<22회>,22회,전국,002958,드라마&영화,드라마,미니시리즈,0.62555,0.09366,1.19536,0.61244,0.9286,1.46209,1.09502,0.61768,0.2926,0.15915,1.26844,1.66585,1.44767,1.3144,"이시준역:신하균,한우주역:정소민,인동혁역:태인호,지영원역:박예진,공지선역:주민경,조인혜역:조경숙,오기태역:박수영,박대하역:정해균,이택경역:최정우,노우정역:안동구,강누리역:하영,임세찬역:장유상,공지희역:박한솔,장유미역:김가란,김영석역:김강민,송민수역:류시원"
20200610,MBC,154753,161830,꼰대인턴,<11회>,11회,전국,003037,드라마&영화,드라마,미니시리즈,0.1538,0.38462,0.22625,0.02699,0.07689,0.12291,0.65488,0,0,0.02354,0.47135,0.7102,0.57215,0.87512,"가열찬역:박해진,이만식역:김응수,이태리역:한지은,남궁준수역:박기웅,탁정은역:박아인,주윤수역:노종현,오동근역:고건한,김승진역:홍승범,구자숙역:김선영,안상종역:손종학,남궁표역:고인범,엄한길역:김기천,옥경이역:문숙,고선녀역:정경순,열찬모역:전국향,박범준역:장성규,백범역:정성호,은혜수역:정영주,가열찬친구역:권수현,차형석역:영탁"
20200610,MBC,161912,165119,꼰대인턴,<12회>,12회,전국,003207,드라마&영화,드라마,미니시리즈,0.09463,0.23659,0.18057,0.04694,0.39985,0.47465,0.73549,0.08277,0,0.0236,0.33434,0.80557,0.82056,0.58401,"가열찬역:박해진,이만식역:김응수,이태리역:한지은,남궁준수역:박기웅,탁정은역:박아인,주윤수역:노종현,오동근역:고건한,김승진역:홍승범,구자숙역:김선영,안상종역:손종학,남궁표역:고인범,엄한길역:김기천,옥경이역:문숙,고선녀역:정경순,열찬모역:전국향,박범준역:장성규,백범역:정성호,은혜수역:정영주,가열찬친구역:권수현,차형석역:영탁"
20200610,MBC,205856,212824,꼰대인턴,<13회>,13회,전국,002928,드라마&영화,드라마,미니시리즈,0.76668,0.67624,1.03284,0.94855,1.90771,4.88017,2.6778,0.71517,1.05796,1.83125,2.49933,3.7052,4.94812,3.34983,"가열찬역:박해진,이만식역:김응수,이태리역:한지은,남궁준수역:박기웅,탁정은역:박아인,주윤수역:노종현,오동근역:고건한,김승진역:홍승범,구자숙역:김선영,안상종역:손종학,남궁표역:고인범,엄한길역:김기천,옥경이역:문숙,고선녀역:정경순,열찬모역:전국향,박범준역:장성규,백범역:정성호,은혜수역:정영주,가열찬친구역:권수현,차형석역:영탁"
20200610,MBC,212921,220205,꼰대인턴,<14회>,14회,전국,003244,드라마&영화,드라마,미니시리즈,1.26941,0.85058,1.32856,1.73856,2.99427,6.07147,3.06125,1.32118,1.5322,2.1521,3.426,4.23365,6.71385,3.71174,"가열찬역:박해진,이만식역:김응수,이태리역:한지은,남궁준수역:박기웅,탁정은역:박아인,주윤수역:노종현,오동근역:고건한,김승진역:홍승범,구자숙역:김선영,안상종역:손종학,남궁표역:고인범,엄한길역:김기천,옥경이역:문숙,고선녀역:정경순,열찬모역:전국향,박범준역:장성규,백범역:정성호,은혜수역:정영주,가열찬친구역:권수현,차형석역:영탁"
20200610,SBS,083637,090728,엄마가바람났다,,28회,전국,003051,드라마&영화,드라마,아침드라마,2.12019,1.20794,1.14004,1.27131,1.3882,2.58167,5.83388,0,1.09118,0.40017,2.01945,2.67411,4.15303,7.16816,"오필정역:현쥬니,강석준역:이재황,이은주역:문보령,강석환역:김형범,오순정역:남이안,김복순역:박순천,박민호역:길정우,박민지역:홍제이,김해정역:양금석,강태수역:이원재,이태우역:서현석,최동석역:김동균,최은자역:이진아,최유경역:이영은,최미영역:전은채,왕기범역:차승우,하열도역:김영훈,홍수경역:노정명,박태섭역:강서준,박혜진역:박지수"
20200610,OBS,093712,104021,구가의서,,7회,전국,010309,드라마&영화,드라마,주간연속극,0.04807,0.00504,0,0,0.02175,0.18781,0.06536,0,0,0,0.02074,0.02106,0.19861,0.02642,"최강치역:이승기,담여울역:수지,조관웅역:이성재,담평준역:조성하,박태서역:유연석,박청조역:이유비,곤역:성준,구월령역:최진혁,윤서화역:이연희,소정법사역:김희원,천수련역:정혜영,자홍명역:윤세아,박무솔역:엄효섭,월선역:손승우,이순신역:유동근,마봉출역:조재윤,카게시마역:데이비드맥기니스,한노역:박주형,윤씨역:김희정,억만역:김기방,윤정윤역:이다윗,담이역:김보미,필목역:송영규,공달선생역:이도경"
20200610,OBS,181841,192139,구가의서,,8회,전국,010258,드라마&영화,드라마,주간연속극,0,0,0,0,0.01143,0.15026,0.40265,0,0,0,0,0.02036,0.1072,0.33022,"최강치역:이승기,담여울역:수지,조관웅역:이성재,담평준역:조성하,박태서역:유연석,박청조역:이유비,곤역:성준,구월령역:최진혁,윤서화역:이연희,소정법사역:김희원,천수련역:정혜영,자홍명역:윤세아,박무솔역:엄효섭,월선역:손승우,이순신역:유동근,마봉출역:조재윤,카게시마역:데이비드맥기니스,한노역:박주형,윤씨역:김희정,억만역:김기방,윤정윤역:이다윗,담이역:김보미,필목역:송영규,공달선생역:이도경"
20200610,JTBC,111821,122306,쌍갑포차,,5회,전국,010445,드라마&영화,드라마,미니시리즈,0.01714,0.09549,0.02085,0.01279,0.08546,0.15942,0.26597,0,0.05994,0.30469,0.12013,0.54925,0.75439,0.458,"월주역:황정음,한강배역:육성재,귀반장역:최원영,염부장역:이준혁,강여린역:정다은,최진동역:안태환,송미란역:박하나,박대리역:박주형,김원형역:나인우"
20200610,JTBC,124517,135011,쌍갑포차,,6회,전국,010454,드라마&영화,드라마,미니시리즈,0.00995,0,0.04944,0.25633,0.01544,0.47699,0.4193,0.00992,0.1059,0.37759,0.38521,0.20704,0.75703,0.5694,"월주역:황정음,한강배역:육성재,귀반장역:최원영,염부장역:이준혁,강여린역:정다은,최진동역:안태환,송미란역:박하나,박대리역:박주형,김원형역:나인우"
20200610,JTBC,213541,224550,쌍갑포차,,7회,전국,011009,드라마&영화,드라마,미니시리즈,0.83692,1.93909,1.7737,1.91579,2.16809,3.45263,1.71,0.02838,1.0278,1.18856,1.86242,4.34881,5.61115,1.50195,"월주역:황정음,한강배역:육성재,귀반장역:최원영,염부장역:이준혁,강여린역:정다은,최진동역:안태환,송미란역:박하나,박대리역:박주형,김원형역:나인우"
20200610,tvN,020000,023310,슬기로운의사생활,,,전국,003310,드라마&영화,드라마,미니시리즈,0,0,0,0.59324,0.5145,0.2687,0.10397,0,0,0.08734,0.55175,0.36193,0.33826,0.19242,"이익준역:조정석,안정원역:유연석,김준완역:정경호,양석형역:김대명,채송화역:전미도,정로사역:김해숙,주종수역:김갑수,도재학역:정문성,용석민역:문태유,장겨울역:신현빈,안치홍역:김준한,봉광현역:최영준,추민하역:안은진,허선빈역:하윤경,명은원역:김혜인,장윤복역:조이현,장홍도역:배현성,송수빈역:김수진,소이현역:윤혜리,배준희역:신도현,주전역:조승연,황재신역:양조아,이우주역:김준,민기준역:서진원,종세혁역:전광진,이영하역:이노아,김재환역:이달,국해성역:이혜은,함덕주역:김비비,한현희역:이지원,한승주역:김지성,은선진역:설유진,이익순역:곽선영,조영혜역:문희경,양태양역:남명렬,김태연역:이소윤,천명태역:최영우,선우희수역:박한솔,장겨울남동생역:박정우,고아라역:고아라"
20200610,tvN,024944,042840,슬기로운감빵생활,,11회,전국,013856,드라마&영화,드라마,미니시리즈,0,0.27456,0,0.35375,0.30615,0.31935,0.13006,0,0.02156,0,0.06746,0.13809,0.27132,0.19924,"제혁역:박해수,준호역:정경호,지호역:정수정,제희역:임화영,준돌역:김경남,조주임역:성동일,법자역:김성철,명교수역:정재성,건달역:이호철,똘마니역:안창환,장기수역:최무성,문래동카이스트역:박호산,장발장역:강승윤,고박사역:정민성,한양역:이규형,유대위역:정해인,팽부장역:정웅인,점박이역:최성원,교도소장역:안상우,나과장역:박형수,송담당역:강기둥,한양엄마역:염혜란,유정민역:정문성,김은수역:김지민,송지원역:김준한"
20200610,tvN,044653,062354,슬기로운감빵생활,,12회,전국,013701,드라마&영화,드라마,미니시리즈,0,0.33441,0,0.11127,0.10453,0.23831,0.07739,0,0.09904,0,0.05296,0.11797,0.27123,0.09834,"제혁역:박해수,준호역:정경호,지호역:정수정,제희역:임화영,준돌역:김경남,조주임역:성동일,법자역:김성철,명교수역:정재성,건달역:이호철,똘마니역:안창환,장기수역:최무성,문래동카이스트역:박호산,장발장역:강승윤,고박사역:정민성,한양역:이규형,유대위역:정해인,팽부장역:정웅인,점박이역:최성원,교도소장역:안상우,나과장역:박형수,송담당역:강기둥,한양엄마역:염혜란,유정민역:정문성,김은수역:김지민,송지원역:김준한"
20200610,tvN,065235,080754,슬기로운의사생활,,5회,전국,011519,드라마&영화,드라마,미니시리즈,0,0.89746,0.16478,0.09918,0.21943,0.14109,0.12961,0.01246,0.02967,0.09185,0.07619,0.55858,0.4162,0.14986,"이익준역:조정석,안정원역:유연석,김준완역:정경호,양석형역:김대명,채송화역:전미도,정로사역:김해숙,주종수역:김갑수,도재학역:정문성,용석민역:문태유,장겨울역:신현빈,안치홍역:김준한,봉광현역:최영준,추민하역:안은진,허선빈역:하윤경,명은원역:김혜인,장윤복역:조이현,장홍도역:배현성,송수빈역:김수진,소이현역:윤혜리,배준희역:신도현,주전역:조승연,황재신역:양조아,이우주역:김준,민기준역:서진원,종세혁역:전광진,이영하역:이노아,김재환역:이달,국해성역:이혜은,함덕주역:김비비,한현희역:이지원,한승주역:김지성,은선진역:설유진,이익순역:곽선영,조영혜역:문희경,양태양역:남명렬,김태연역:이소윤,천명태역:최영우,선우희수역:박한솔,장겨울남동생역:박정우,고아라역:고아라"
20200610,tvN,081945,094408,슬기로운의사생활,,6회,전국,012423,드라마&영화,드라마,미니시리즈,0.96083,0.77509,0.05011,0.51108,0.68985,0.83636,0.36054,0.13402,1.1493,0.10381,0.35147,1.80085,1.05531,0.32814,"이익준역:조정석,안정원역:유연석,김준완역:정경호,양석형역:김대명,채송화역:전미도,정로사역:김해숙,주종수역:김갑수,도재학역:정문성,용석민역:문태유,장겨울역:신현빈,안치홍역:김준한,봉광현역:최영준,추민하역:안은진,허선빈역:하윤경,명은원역:김혜인,장윤복역:조이현,장홍도역:배현성,송수빈역:김수진,소이현역:윤혜리,배준희역:신도현,주전역:조승연,황재신역:양조아,이우주역:김준,민기준역:서진원,종세혁역:전광진,이영하역:이노아,김재환역:이달,국해성역:이혜은,함덕주역:김비비,한현희역:이지원,한승주역:김지성,은선진역:설유진,이익순역:곽선영,조영혜역:문희경,양태양역:남명렬,김태연역:이소윤,천명태역:최영우,선우희수역:박한솔,장겨울남동생역:박정우,고아라역:고아라"
20200610,tvN,100218,112926,슬기로운의사생활,,7회,전국,012708,드라마&영화,드라마,미니시리즈,0.00694,0.02521,0.14148,0.11445,0.4007,0.2837,0.36068,0.26639,0.36433,0.60246,0.53824,1.2615,0.69476,0.28787,"이익준역:조정석,안정원역:유연석,김준완역:정경호,양석형역:김대명,채송화역:전미도,정로사역:김해숙,주종수역:김갑수,도재학역:정문성,용석민역:문태유,장겨울역:신현빈,안치홍역:김준한,봉광현역:최영준,추민하역:안은진,허선빈역:하윤경,명은원역:김혜인,장윤복역:조이현,장홍도역:배현성,송수빈역:김수진,소이현역:윤혜리,배준희역:신도현,주전역:조승연,황재신역:양조아,이우주역:김준,민기준역:서진원,종세혁역:전광진,이영하역:이노아,김재환역:이달,국해성역:이혜은,함덕주역:김비비,한현희역:이지원,한승주역:김지성,은선진역:설유진,이익순역:곽선영,조영혜역:문희경,양태양역:남명렬,김태연역:이소윤,천명태역:최영우,선우희수역:박한솔,장겨울남동생역:박정우,고아라역:고아라"
20200610,tvN,114714,130224,아는건별로없지만가족입니다,,3회,전국,011510,드라마&영화,드라마,미니시리즈,0,0.18725,0.00688,0.57305,0.22485,0.5914,0.51381,0,0.56107,0.03586,0.16159,0.93533,0.98074,0.54325,"김은희역:한예리,박찬혁역:김지석,김은주역:추자현,김상식역:정진영,이진숙역:원미경,김지우역:신재하,임건주역:신동욱,윤태형역:김태훈,젊은상식역:한준우,젊은진숙역:조아영,유선일역:서상원,안효석역:이종원,서경옥역:가득희,윤서영역:혜정,전하라역:배윤경,유민우역:권율"
20200610,tvN,132100,144007,아는건별로없지만가족입니다,,4회,전국,011907,드라마&영화,드라마,미니시리즈,0.60416,0.19216,0.04989,0.43433,0.20208,0.894,0.40212,0,0.1348,0.10504,0.22082,0.86739,1.5742,0.93208,"김은희역:한예리,박찬혁역:김지석,김은주역:추자현,김상식역:정진영,이진숙역:원미경,김지우역:신재하,임건주역:신동욱,윤태형역:김태훈,젊은상식역:한준우,젊은진숙역:조아영,유선일역:서상원,안효석역:이종원,서경옥역:가득희,윤서영역:혜정,전하라역:배윤경,유민우역:권율"
20200610,tvN,224928,240154,오마이베이비,,9회,전국,011226,드라마&영화,드라마,미니시리즈,0,0.23606,0.2796,0.41174,0.34112,1.32828,0.64742,0.02721,0.05364,0.38411,1.21397,1.94215,0.8675,0.72075,"장하리역:장나라,한이상역:고준,윤재영역:박병은,최강으뜸역:정건주,이옥란역:김혜옥,남수철역:조희봉,김은영역:이미도,김철중역:유승목,주승태역:전진기,박연호역:백승희,최효주역:박수영,주선생역:문현정,심정화역:김재화,이소윤역:정라엘,이옥희역:김예령,박재한역:이한위,김상희역:손화령,순남역:이주실,조회장역:장광,조아저씨역:최홍일,강효주역:전혜빈"
20200610,국방TV,210035,212707,바람은불어도,,91회,전국,002632,드라마&영화,드라마,미니시리즈,0,0,0,0.00438,0,0.05426,0.00167,0,0,0,0,0,0.02151,0,"최수종,유호정,윤손하,송나영,송기윤,나문희"
20200610,국방TV,213035,215818,바람은불어도,,92회,전국,002743,드라마&영화,드라마,미니시리즈,0,0,0,0,0,0,0,0,0,0,0,0,0,0,"최수종,유호정,윤손하,송나영,송기윤,나문희"
20200610,국방TV,240035,242706,바람은불어도,,91회,전국,002631,드라마&영화,드라마,미니시리즈,0,0,0,0,0,0,0.10424,0,0,0,0,0,0.00536,0.0062,"최수종,유호정,윤손하,송나영,송기윤,나문희"
20200610,국방TV,243034,245819,바람은불어도,,92회,전국,002745,드라마&영화,드라마,미니시리즈,0,0,0,0,0,0,0.06758,0,0,0,0,0,0,0,"최수종,유호정,윤손하,송나영,송기윤,나문희"
20200610,국방TV,250035,252743,바람은불어도,,93회,전국,002708,드라마&영화,드라마,미니시리즈,0,0,0,0,0,0,0,0,0,0,0,0,0,0,"최수종,유호정,윤손하,송나영,송기윤,나문희"
20200610,국방TV,253035,255634,바람은불어도,,94회,전국,002559,드라마&영화,드라마,미니시리즈,0,0,0,0,0,0,0.00177,0,0,0,0,0,0,0.0041,"최수종,유호정,윤손하,송나영,송기윤,나문희"
20200610,AsiaUHD,030151,041300,위대한이야기,,5회,전국,011109,드라마&영화,드라마,주말연속극,0,0,0,0,0,0,0,0,0,0,0,0,0,0,"이난영역:소유진,김시스터즈숙자역:정다은,김시스터즈애자역:최배영,김시스터즈민자역:허은정,상준역:김영재,영자역:임수향,경아역:임세미,김일역:문원주,안토니오이노키역:지건우,역:도산역:조경훈,강호역:홍경인,상준역:이유준,박신자역:김단비,이주일역:박영수,최대표역:윤기원,박종환역:백도빈,아내역:김난휘,할매역:이미지,박여사역:전미선,찬영역:도지한,연지역:이가원,근창역:최일화,미영역:김정연,봉순역:임성언,남숙역:황화순,순옥역:박순천,창만역:이영범,민수역:서준영,성철역:손병호,지호역:김수호,아내역:정윤서"
20200610,AsiaUHD,043041,053753,위대한이야기,,6회,전국,010712,드라마&영화,드라마,주말연속극,0,0,0,0,0,0,0,0,0,0,0,0,0,0,"이난영역:소유진,김시스터즈숙자역:정다은,김시스터즈애자역:최배영,김시스터즈민자역:허은정,상준역:김영재,영자역:임수향,경아역:임세미,김일역:문원주,안토니오이노키역:지건우,역:도산역:조경훈,강호역:홍경인,상준역:이유준,박신자역:김단비,이주일역:박영수,최대표역:윤기원,박종환역:백도빈,아내역:김난휘,할매역:이미지,박여사역:전미선,찬영역:도지한,연지역:이가원,근창역:최일화,미영역:김정연,봉순역:임성언,남숙역:황화순,순옥역:박순천,창만역:이영범,민수역:서준영,성철역:손병호,지호역:김수호,아내역:정윤서"
20200610,AXN,074537,084650,내딸서영이,,47회,전국,010113,드라마&영화,드라마,주말연속극,0,0,0,0.05161,0.06617,0.02414,0.41546,0,0,0.02853,0.03934,0.21651,0,0.42694,"이서영역:이보영,강우재역:이상윤,이삼재역:천호진,이상우역:박해진,강미경역:박정아,최호정역:최윤영,강기범역:최정우,차지선역:김혜옥,강성재역:이정신,최민석역:홍요섭,김강순역:송옥숙,최경호역:심형탁,윤소미역:조은숙,정선우역:장희진,이연희역:민영원,고승찬역:곽승남,재희역:주아성,서은수역:설현,서영모역:김민경,만세역:권율,방심덕역:이일화,아이돌배우역:양요섭,호태역:남태부,배영택역:전노민,음악학원원장역:전태관,성태역:조동혁"
20200610,AXN,090711,100728,내딸서영이,,48회,전국,010017,드라마&영화,드라마,주말연속극,0.01377,0.01116,0,0.00215,0.03153,0.0023,0.47558,0,0,0.0063,0.14004,0.12589,0.0103,0.47634,"이서영역:이보영,강우재역:이상윤,이삼재역:천호진,이상우역:박해진,강미경역:박정아,최호정역:최윤영,강기범역:최정우,차지선역:김혜옥,강성재역:이정신,최민석역:홍요섭,김강순역:송옥숙,최경호역:심형탁,윤소미역:조은숙,정선우역:장희진,이연희역:민영원,고승찬역:곽승남,재희역:주아성,서은수역:설현,서영모역:김민경,만세역:권율,방심덕역:이일화,아이돌배우역:양요섭,호태역:남태부,배영택역:전노민,음악학원원장역:전태관,성태역:조동혁"
20200610,AXN,132723,142933,내딸서영이,,47회,전국,010210,드라마&영화,드라마,주말연속극,0,0,0,0.03305,0.25309,0.17891,0.28794,0,0.06238,0,0.01152,0.06042,0.14408,0.38571,"이서영역:이보영,강우재역:이상윤,이삼재역:천호진,이상우역:박해진,강미경역:박정아,최호정역:최윤영,강기범역:최정우,차지선역:김혜옥,강성재역:이정신,최민석역:홍요섭,김강순역:송옥숙,최경호역:심형탁,윤소미역:조은숙,정선우역:장희진,이연희역:민영원,고승찬역:곽승남,재희역:주아성,서은수역:설현,서영모역:김민경,만세역:권율,방심덕역:이일화,아이돌배우역:양요섭,호태역:남태부,배영택역:전노민,음악학원원장역:전태관,성태역:조동혁"
20200610,AXN,144754,154913,내딸서영이,,48회,전국,010119,드라마&영화,드라마,주말연속극,0.03255,0.01258,0,0.08534,0.25305,0.02621,0.35192,0,0.29638,0,0,0.14281,0.05296,0.54903,"이서영역:이보영,강우재역:이상윤,이삼재역:천호진,이상우역:박해진,강미경역:박정아,최호정역:최윤영,강기범역:최정우,차지선역:김혜옥,강성재역:이정신,최민석역:홍요섭,김강순역:송옥숙,최경호역:심형탁,윤소미역:조은숙,정선우역:장희진,이연희역:민영원,고승찬역:곽승남,재희역:주아성,서은수역:설현,서영모역:김민경,만세역:권율,방심덕역:이일화,아이돌배우역:양요섭,호태역:남태부,배영택역:전노민,음악학원원장역:전태관,성태역:조동혁"
20200610,AXN,211049,221316,내딸서영이,,47회,전국,010227,드라마&영화,드라마,주말연속극,0.01221,0,0.02784,0.00781,0.02329,0.20879,0.17376,0.01068,0,0,0.02347,0.16726,0.13699,0.21092,"이서영역:이보영,강우재역:이상윤,이삼재역:천호진,이상우역:박해진,강미경역:박정아,최호정역:최윤영,강기범역:최정우,차지선역:김혜옥,강성재역:이정신,최민석역:홍요섭,김강순역:송옥숙,최경호역:심형탁,윤소미역:조은숙,정선우역:장희진,이연희역:민영원,고승찬역:곽승남,재희역:주아성,서은수역:설현,서영모역:김민경,만세역:권율,방심덕역:이일화,아이돌배우역:양요섭,호태역:남태부,배영택역:전노민,음악학원원장역:전태관,성태역:조동혁"
20200610,AXN,223206,233355,내딸서영이,,48회,전국,010149,드라마&영화,드라마,주말연속극,0,0,0.01574,0,0.00179,0.19555,0.19889,0,0,0.0442,0.04136,0.04226,0.13312,0.2144,"이서영역:이보영,강우재역:이상윤,이삼재역:천호진,이상우역:박해진,강미경역:박정아,최호정역:최윤영,강기범역:최정우,차지선역:김혜옥,강성재역:이정신,최민석역:홍요섭,김강순역:송옥숙,최경호역:심형탁,윤소미역:조은숙,정선우역:장희진,이연희역:민영원,고승찬역:곽승남,재희역:주아성,서은수역:설현,서영모역:김민경,만세역:권율,방심덕역:이일화,아이돌배우역:양요섭,호태역:남태부,배영택역:전노민,음악학원원장역:전태관,성태역:조동혁"
20200610,CHING,020000,024336,이산,,9회,전국,004336,드라마&영화,드라마,주간연속극,0,0,0,0,0,0,0.01242,0,0,0,0,0.09671,0,0.08344,"정조이산역:이서진,성송연역:한지민,영조역:이순재,정순왕후역:김여진,화완옹주역:성현아,정후겸역:조연우,박대수역:이종수,효의왕후역:박은혜,혜경궁홍씨역:견미리,사도세자역:이창훈,홍국영역:한상진,최석주역:조경환,채제공역:한인수,정약용역:송창의,장태우역:이재용,민주식역:정호근,박제가역:정재곤,남사초역:맹상훈,박달호역:이희도,김정금상궁역:김소이,강미비상궁역:이숙,원빈홍씨역:지성원,화빈윤씨역:유연지,박영문역:신국,초비역:이도은,이천역:지상렬,탁지수역:유민혁,이산어린시절역:박지빈,성송연어린시절역:이한나,박대수어린시절역:권오민,정후겸어린시절역:이인성"
20200610,CHING,025528,040308,이산,,10회,전국,010740,드라마&영화,드라마,주간연속극,0.04453,0.00934,0.00317,0,0.00898,0.00256,0.0356,0.03895,0,0,0.00889,0.22325,0.03883,0.12988,"정조이산역:이서진,성송연역:한지민,영조역:이순재,정순왕후역:김여진,화완옹주역:성현아,정후겸역:조연우,박대수역:이종수,효의왕후역:박은혜,혜경궁홍씨역:견미리,사도세자역:이창훈,홍국영역:한상진,최석주역:조경환,채제공역:한인수,정약용역:송창의,장태우역:이재용,민주식역:정호근,박제가역:정재곤,남사초역:맹상훈,박달호역:이희도,김정금상궁역:김소이,강미비상궁역:이숙,원빈홍씨역:지성원,화빈윤씨역:유연지,박영문역:신국,초비역:이도은,이천역:지상렬,탁지수역:유민혁,이산어린시절역:박지빈,성송연어린시절역:이한나,박대수어린시절역:권오민,정후겸어린시절역:이인성"
20200610,CHING,084029,094322,이산,,11회,전국,010253,드라마&영화,드라마,주간연속극,0,0,0,0.11849,0.06509,0.16295,0.04067,0,0,0.00582,0.04595,0.15759,0.02702,0.22579,"정조이산역:이서진,성송연역:한지민,영조역:이순재,정순왕후역:김여진,화완옹주역:성현아,정후겸역:조연우,박대수역:이종수,효의왕후역:박은혜,혜경궁홍씨역:견미리,사도세자역:이창훈,홍국영역:한상진,최석주역:조경환,채제공역:한인수,정약용역:송창의,장태우역:이재용,민주식역:정호근,박제가역:정재곤,남사초역:맹상훈,박달호역:이희도,김정금상궁역:김소이,강미비상궁역:이숙,원빈홍씨역:지성원,화빈윤씨역:유연지,박영문역:신국,초비역:이도은,이천역:지상렬,탁지수역:유민혁,이산어린시절역:박지빈,성송연어린시절역:이한나,박대수어린시절역:권오민,정후겸어린시절역:이인성"
20200610,CHING,095624,105821,이산,,12회,전국,010157,드라마&영화,드라마,주간연속극,0,0,0,0,0.00413,0,0.13911,0,0,0,0,0.15759,0.21759,0.08492,"정조이산역:이서진,성송연역:한지민,영조역:이순재,정순왕후역:김여진,화완옹주역:성현아,정후겸역:조연우,박대수역:이종수,효의왕후역:박은혜,혜경궁홍씨역:견미리,사도세자역:이창훈,홍국영역:한상진,최석주역:조경환,채제공역:한인수,정약용역:송창의,장태우역:이재용,민주식역:정호근,박제가역:정재곤,남사초역:맹상훈,박달호역:이희도,김정금상궁역:김소이,강미비상궁역:이숙,원빈홍씨역:지성원,화빈윤씨역:유연지,박영문역:신국,초비역:이도은,이천역:지상렬,탁지수역:유민혁,이산어린시절역:박지빈,성송연어린시절역:이한나,박대수어린시절역:권오민,정후겸어린시절역:이인성"
20200610,CHING,143032,150231,인어아가씨,,69회,전국,003159,드라마&영화,드라마,주간연속극,0.46561,0,0,0.13698,0,0.02335,0.00707,0,0,0,0.0993,0.02081,0,0.0175,"은아리영역:장서희,한경혜역:정영숙,은진섭역:박근형,심수정역:한혜숙,은예영역:우희진,이주왕역:김성민,이성수역:김병기,금옥선역:사미자,금실라역:김용림,조수아역:고두심,마마준역:정보석,마마린역:이재은"
20200610,CHING,150342,153516,인어아가씨,,70회,전국,003134,드라마&영화,드라마,주간연속극,0.59598,0,0,0.16722,0,0,0,0,0,0,0.1271,0,0,0,"은아리영역:장서희,한경혜역:정영숙,은진섭역:박근형,심수정역:한혜숙,은예영역:우희진,이주왕역:김성민,이성수역:김병기,금옥선역:사미자,금실라역:김용림,조수아역:고두심,마마준역:정보석,마마린역:이재은"
20200610,CHING,154818,162007,인어아가씨,,71회,전국,003149,드라마&영화,드라마,주간연속극,0.59598,0,0,0.16722,0,0,0.08865,0,0,0,0.1271,0,0,0,"은아리영역:장서희,한경혜역:정영숙,은진섭역:박근형,심수정역:한혜숙,은예영역:우희진,이주왕역:김성민,이성수역:김병기,금옥선역:사미자,금실라역:김용림,조수아역:고두심,마마준역:정보석,마마린역:이재은"
20200610,CHING,162118,165353,인어아가씨,,72회,전국,003235,드라마&영화,드라마,주간연속극,0.59598,0,0.00282,0.27765,0,0,0.02304,0,0,0,0.1271,0,0.05679,0.04586,"은아리영역:장서희,한경혜역:정영숙,은진섭역:박근형,심수정역:한혜숙,은예영역:우희진,이주왕역:김성민,이성수역:김병기,금옥선역:사미자,금실라역:김용림,조수아역:고두심,마마준역:정보석,마마린역:이재은"
20200610,CHING,170826,181119,이산,,11회,전국,010253,드라마&영화,드라마,주간연속극,0.43516,0,0,0.13176,0.06791,0.00325,0.1357,0,0,0,0.27539,0.01687,0.01994,0.09168,"정조이산역:이서진,성송연역:한지민,영조역:이순재,정순왕후역:김여진,화완옹주역:성현아,정후겸역:조연우,박대수역:이종수,효의왕후역:박은혜,혜경궁홍씨역:견미리,사도세자역:이창훈,홍국영역:한상진,최석주역:조경환,채제공역:한인수,정약용역:송창의,장태우역:이재용,민주식역:정호근,박제가역:정재곤,남사초역:맹상훈,박달호역:이희도,김정금상궁역:김소이,강미비상궁역:이숙,원빈홍씨역:지성원,화빈윤씨역:유연지,박영문역:신국,초비역:이도은,이천역:지상렬,탁지수역:유민혁,이산어린시절역:박지빈,성송연어린시절역:이한나,박대수어린시절역:권오민,정후겸어린시절역:이인성"
20200610,CHING,182227,192424,이산,,12회,전국,010157,드라마&영화,드라마,주간연속극,0,0,0,0,0.05599,0,0.03821,0,0,0,0.08057,0.00184,0,0.00968,"정조이산역:이서진,성송연역:한지민,영조역:이순재,정순왕후역:김여진,화완옹주역:성현아,정후겸역:조연우,박대수역:이종수,효의왕후역:박은혜,혜경궁홍씨역:견미리,사도세자역:이창훈,홍국영역:한상진,최석주역:조경환,채제공역:한인수,정약용역:송창의,장태우역:이재용,민주식역:정호근,박제가역:정재곤,남사초역:맹상훈,박달호역:이희도,김정금상궁역:김소이,강미비상궁역:이숙,원빈홍씨역:지성원,화빈윤씨역:유연지,박영문역:신국,초비역:이도은,이천역:지상렬,탁지수역:유민혁,이산어린시절역:박지빈,성송연어린시절역:이한나,박대수어린시절역:권오민,정후겸어린시절역:이인성"
20200610,CHING,225230,232429,인어아가씨,,69회,전국,003159,드라마&영화,드라마,주간연속극,0,0,0,0,0,0,0.0918,0,0,0,0.17402,0,0,0,"은아리영역:장서희,한경혜역:정영숙,은진섭역:박근형,심수정역:한혜숙,은예영역:우희진,이주왕역:김성민,이성수역:김병기,금옥선역:사미자,금실라역:김용림,조수아역:고두심,마마준역:정보석,마마린역:이재은"
20200610,CHING,232540,235714,인어아가씨,,70회,전국,003134,드라마&영화,드라마,주간연속극,0,0,0,0,0,0,0,0,0,0,0,0,0,0.00903,"은아리영역:장서희,한경혜역:정영숙,은진섭역:박근형,심수정역:한혜숙,은예영역:우희진,이주왕역:김성민,이성수역:김병기,금옥선역:사미자,금실라역:김용림,조수아역:고두심,마마준역:정보석,마마린역:이재은"
20200610,CHING,240656,243844,인어아가씨,,71회,전국,003148,드라마&영화,드라마,주간연속극,0,0,0,0,0,0,0,0,0,0,0.01526,0,0,0.00828,"은아리영역:장서희,한경혜역:정영숙,은진섭역:박근형,심수정역:한혜숙,은예영역:우희진,이주왕역:김성민,이성수역:김병기,금옥선역:사미자,금실라역:김용림,조수아역:고두심,마마준역:정보석,마마린역:이재은"
20200610,CHING,243955,251231,인어아가씨,,72회,전국,003236,드라마&영화,드라마,주간연속극,0,0,0.01723,0,0,0.01628,0,0,0,0.01424,0,0,0,0,"은아리영역:장서희,한경혜역:정영숙,은진섭역:박근형,심수정역:한혜숙,은예영역:우희진,이주왕역:김성민,이성수역:김병기,금옥선역:사미자,금실라역:김용림,조수아역:고두심,마마준역:정보석,마마린역:이재은"
20200610,CHING,252154,255959,이산,,12회,전국,003805,드라마&영화,드라마,주간연속극,0,0.01089,0.05984,0,0,0.05657,0.15594,0,0,0.04947,0,0.01451,0.00455,0.01764,"정조이산역:이서진,성송연역:한지민,영조역:이순재,정순왕후역:김여진,화완옹주역:성현아,정후겸역:조연우,박대수역:이종수,효의왕후역:박은혜,혜경궁홍씨역:견미리,사도세자역:이창훈,홍국영역:한상진,최석주역:조경환,채제공역:한인수,정약용역:송창의,장태우역:이재용,민주식역:정호근,박제가역:정재곤,남사초역:맹상훈,박달호역:이희도,김정금상궁역:김소이,강미비상궁역:이숙,원빈홍씨역:지성원,화빈윤씨역:유연지,박영문역:신국,초비역:이도은,이천역:지상렬,탁지수역:유민혁,이산어린시절역:박지빈,성송연어린시절역:이한나,박대수어린시절역:권오민,정후겸어린시절역:이인성"
20200610,CNTV,032600,035658,녹두꽃,,3회,전국,003058,드라마&영화,드라마,미니시리즈,0,0,0,0.02368,0,0,0,0,0,0,0,0,0,0.01185,"백이강역:조정석,백이현역:윤시윤,송자인역:한예리,전봉준역:최무성,백가역:박혁권,최덕기역:김상호,황석주역:최원영,채씨역:황영희,백이화역:백은혜,유월이역:서영희,남서방역:정선철,최경선역:민성욱,해승역:안길강,버들이역:노행하,번개역:병헌,동록개역:정규수,김가역:박지환,김개남역:김정호,손화중역:홍우진,송희옥역:이태검,황명심역:박규영,홍가역:조희봉,억쇠역:조현식,철두역:김도연,박원명역:김하균,송봉길역:박지일,김당손역:문원주,김문현역:이순원,김학진역:남문철,홍계훈역:윤서현,이규태역:손우현,이두황역:서종봉,대원군역:전국환,민비역:김지현,고종역:이윤건,조병갑역:장광,이용태역:이정헌,최시형역:전무송,다케다요스케역:이기찬,김홍집역:황만익"
20200610,CNTV,035725,042503,녹두꽃,,4회,전국,002738,드라마&영화,드라마,미니시리즈,0,0,0,0,0,0.08616,0.01991,0,0,0,0,0.02329,0.10857,0.00801,"백이강역:조정석,백이현역:윤시윤,송자인역:한예리,전봉준역:최무성,백가역:박혁권,최덕기역:김상호,황석주역:최원영,채씨역:황영희,백이화역:백은혜,유월이역:서영희,남서방역:정선철,최경선역:민성욱,해승역:안길강,버들이역:노행하,번개역:병헌,동록개역:정규수,김가역:박지환,김개남역:김정호,손화중역:홍우진,송희옥역:이태검,황명심역:박규영,홍가역:조희봉,억쇠역:조현식,철두역:김도연,박원명역:김하균,송봉길역:박지일,김당손역:문원주,김문현역:이순원,김학진역:남문철,홍계훈역:윤서현,이규태역:손우현,이두황역:서종봉,대원군역:전국환,민비역:김지현,고종역:이윤건,조병갑역:장광,이용태역:이정헌,최시형역:전무송,다케다요스케역:이기찬,김홍집역:황만익"
20200610,CNTV,060650,065830,용의눈물,,69회,전국,005140,드라마&영화,드라마,주간연속극,0,0,0,0,0.00253,0.18682,0.00283,0,0,0,0,0.16196,0.08499,0.00544,"유동근,최명길,이민우,안재모,김무생,김혜리"
20200610,CNTV,071117,075913,용의눈물,,70회,전국,004756,드라마&영화,드라마,주간연속극,0,0,0,0,0,0.22592,0.08548,0,0,0,0,0.15282,0,0,"유동근,최명길,이민우,안재모,김무생,김혜리"
20200610,CNTV,092049,102652,자이언트,,41회,전국,010603,드라마&영화,드라마,주간연속극,0,0,0,0.21382,0,0,0.36489,0,0,0,0,0.00264,0.12311,0.21919,"이강모역:이범수,황정연역:박진희,조민우역:주상욱,이성모역:박상민,이미주역:황정음,조필연역:정보석,황태섭역:이덕화,박소태역:이문식,유경옥역:김서형,염재수역:유형관,황정식역:김정현,한명석역:이효정,오병탁역:김학철,이성모어린시절역:김수현,조민우어린시절역:노영학,이미주어린시절역:박하영,황정연어린시절역:남지현,이강모어린시절역:여진구,민홍기역:이기영,백파역:임혁,말죽거리파두목역:최민,홍기표역:손병호,염시덕역:신승환,이복자역:한경선,염경자역:최하나,남영출역:송경철,오남숙역:문희경,주영국역:장순국,문성중역:이승형,양명자역:홍여진,고재춘역:윤용현,유찬성역:황택하,윤기훈역:임종윤,지연수역:유호린,천수연역:한다민,차부철역:김성오"
20200610,CNTV,104743,114915,야인시대,,44회,전국,010132,드라마&영화,드라마,주간연속극,0.02482,0,0.05505,0.00668,0.17936,0.16844,0.37586,0,0,0,0.01523,0.04364,0.10271,0.26858,"청년김두한역:안재모,소년김두한역:곽정욱,장년김두한역:김영철,장년정진영역:차광수,구마적역:이원종,쌍칼역:박준규,김무옥역:이혁재,문영철역:장세진,장년개코역:성동일,신마적역:최철호,하야시역:이창훈,가미소리역:이상인,시바루역:이세창,나미꼬역:이세은,시라소니역:조상구,최동열역:정동환,미와역:이재용,마루오까역:최재성,설향역:허영란,애란역:조여정,정운경역:심형탁,김좌진역:최동준,오숙근역:이덕희,박계숙역:전미선,원노인역:이순재,유진산역:이효정,이정재역:김영호,조병옥역:김학철,이화룡역:안승훈,청년개코역:이동훈,신영균역:윤용현,청년정진영역:김정민,김영태역:박영록,박인애역:정소영,이영숙역:이일화,김두한어린시절역:곽정욱"
20200610,CNTV,120934,130020,광개토태왕,,77회,전국,005046,드라마&영화,드라마,주말연속극,0.02384,0,0,0.02193,0.00892,0.16616,0.35548,0,0,0,0.01229,0,0.22644,0.24084,"담덕역:이태곤,고운역:김승수,모용보역:임호,도영역:오지은,연살타역:홍경인,약연역:이인혜,고무역:김진태,고창역:남성진,모두영역:이원발,모두루역:임대호,모용수역:김동현,풍발역:정호근,개연수역:최동준,가라지역:오욱철,연도부역:반석진,계필역:선동혁,이영역:최상훈,담망역:정태우,이련역:송용태,고야역:이보희,담주역:조안,설도안역:김규철,설지역:김정화,마수역:고인범,여소이역:임병기,돌비수역:김정현,갈사무역:강신조,도광역:박승호,소모역:강지후,여문역:나주석,모용희역:조인표,거보역:김덕현,무갑역:유종근,여석개역:방형주,황회역:김명수,원봉역:박유승,하무지역:윤승원,사갈현역:김철기,아신역:박정철"
20200610,CNTV,131938,141157,용의눈물,,69회,전국,005219,드라마&영화,드라마,주간연속극,0.02912,0.06312,0.01505,0.0438,0.29025,0.05377,0.27033,0.02547,0.09733,0.02347,0.04929,0.04543,0.25106,0.25508,"유동근,최명길,이민우,안재모,김무생,김혜리"
20200610,CNTV,142951,151800,용의눈물,,70회,전국,004809,드라마&영화,드라마,주간연속극,0,0.51418,0,0.00296,0.04651,0.05191,0.43338,0,0,0.24805,0.00375,0.00606,0.1898,0.27939,"유동근,최명길,이민우,안재모,김무생,김혜리"
20200610,CNTV,153949,164608,자이언트,,41회,전국,010619,드라마&영화,드라마,주간연속극,0,0,0,0.02151,0.06421,0.00094,0.2941,0,0,0.01735,0.0294,0.00704,0.06687,0.05932,"이강모역:이범수,황정연역:박진희,조민우역:주상욱,이성모역:박상민,이미주역:황정음,조필연역:정보석,황태섭역:이덕화,박소태역:이문식,유경옥역:김서형,염재수역:유형관,황정식역:김정현,한명석역:이효정,오병탁역:김학철,이성모어린시절역:김수현,조민우어린시절역:노영학,이미주어린시절역:박하영,황정연어린시절역:남지현,이강모어린시절역:여진구,민홍기역:이기영,백파역:임혁,말죽거리파두목역:최민,홍기표역:손병호,염시덕역:신승환,이복자역:한경선,염경자역:최하나,남영출역:송경철,오남숙역:문희경,주영국역:장순국,문성중역:이승형,양명자역:홍여진,고재춘역:윤용현,유찬성역:황택하,윤기훈역:임종윤,지연수역:유호린,천수연역:한다민,차부철역:김성오"
20200610,CNTV,170608,180741,야인시대,,44회,전국,010133,드라마&영화,드라마,주간연속극,0,0,0.48279,0,0.04888,0.36135,0.30416,0,0,0,0,0.02248,0.37826,0.19045,"청년김두한역:안재모,소년김두한역:곽정욱,장년김두한역:김영철,장년정진영역:차광수,구마적역:이원종,쌍칼역:박준규,김무옥역:이혁재,문영철역:장세진,장년개코역:성동일,신마적역:최철호,하야시역:이창훈,가미소리역:이상인,시바루역:이세창,나미꼬역:이세은,시라소니역:조상구,최동열역:정동환,미와역:이재용,마루오까역:최재성,설향역:허영란,애란역:조여정,정운경역:심형탁,김좌진역:최동준,오숙근역:이덕희,박계숙역:전미선,원노인역:이순재,유진산역:이효정,이정재역:김영호,조병옥역:김학철,이화룡역:안승훈,청년개코역:이동훈,신영균역:윤용현,청년정진영역:김정민,김영태역:박영록,박인애역:정소영,이영숙역:이일화,김두한어린시절역:곽정욱"
20200610,CNTV,182420,191506,광개토태왕,,77회,전국,005046,드라마&영화,드라마,주말연속극,0,0.18557,0.20271,0.09136,0.19626,0.32908,0.14264,0,0.02677,0.08897,0.08452,0.17049,0.23337,0.06828,"담덕역:이태곤,고운역:김승수,모용보역:임호,도영역:오지은,연살타역:홍경인,약연역:이인혜,고무역:김진태,고창역:남성진,모두영역:이원발,모두루역:임대호,모용수역:김동현,풍발역:정호근,개연수역:최동준,가라지역:오욱철,연도부역:반석진,계필역:선동혁,이영역:최상훈,담망역:정태우,이련역:송용태,고야역:이보희,담주역:조안,설도안역:김규철,설지역:김정화,마수역:고인범,여소이역:임병기,돌비수역:김정현,갈사무역:강신조,도광역:박승호,소모역:강지후,여문역:나주석,모용희역:조인표,거보역:김덕현,무갑역:유종근,여석개역:방형주,황회역:김명수,원봉역:박유승,하무지역:윤승원,사갈현역:김철기,아신역:박정철"
20200610,CNTV,193337,202541,용의눈물,,69회,전국,005204,드라마&영화,드라마,주간연속극,0.10315,0,0,0,0.02501,0.00724,0.38244,0,0,0,0,0.07607,0.01113,0.15531,"유동근,최명길,이민우,안재모,김무생,김혜리"
20200610,CNTV,204334,213143,용의눈물,,70회,전국,004809,드라마&영화,드라마,주간연속극,0,0,0,0.04151,0.0075,0.07984,0.39209,0,0.00515,0,0,0.08436,0.04207,0.24501,"유동근,최명길,이민우,안재모,김무생,김혜리"
20200610,CNTV,214929,225504,자이언트,,41회,전국,010535,드라마&영화,드라마,주간연속극,0,0.33487,0,0.04927,0.41608,0.03576,0.23042,0.373,0.22137,0.18906,0.02385,0.4196,0.03935,0.02993,"이강모역:이범수,황정연역:박진희,조민우역:주상욱,이성모역:박상민,이미주역:황정음,조필연역:정보석,황태섭역:이덕화,박소태역:이문식,유경옥역:김서형,염재수역:유형관,황정식역:김정현,한명석역:이효정,오병탁역:김학철,이성모어린시절역:김수현,조민우어린시절역:노영학,이미주어린시절역:박하영,황정연어린시절역:남지현,이강모어린시절역:여진구,민홍기역:이기영,백파역:임혁,말죽거리파두목역:최민,홍기표역:손병호,염시덕역:신승환,이복자역:한경선,염경자역:최하나,남영출역:송경철,오남숙역:문희경,주영국역:장순국,문성중역:이승형,양명자역:홍여진,고재춘역:윤용현,유찬성역:황택하,윤기훈역:임종윤,지연수역:유호린,천수연역:한다민,차부철역:김성오"
20200610,CNTV,231346,241448,야인시대,,44회,전국,010102,드라마&영화,드라마,주간연속극,0,0.1592,0,0.01606,0.18791,0.12615,0.05268,0,0,0.08988,0,0.17284,0.09372,0.01993,"청년김두한역:안재모,소년김두한역:곽정욱,장년김두한역:김영철,장년정진영역:차광수,구마적역:이원종,쌍칼역:박준규,김무옥역:이혁재,문영철역:장세진,장년개코역:성동일,신마적역:최철호,하야시역:이창훈,가미소리역:이상인,시바루역:이세창,나미꼬역:이세은,시라소니역:조상구,최동열역:정동환,미와역:이재용,마루오까역:최재성,설향역:허영란,애란역:조여정,정운경역:심형탁,김좌진역:최동준,오숙근역:이덕희,박계숙역:전미선,원노인역:이순재,유진산역:이효정,이정재역:김영호,조병옥역:김학철,이화룡역:안승훈,청년개코역:이동훈,신영균역:윤용현,청년정진영역:김정민,김영태역:박영록,박인애역:정소영,이영숙역:이일화,김두한어린시절역:곽정욱"
20200610,CNTV,242957,252028,광개토태왕,,77회,전국,005031,드라마&영화,드라마,주말연속극,0,0,0,0.01287,0.3173,0.05891,0.21798,0.38743,0.22994,0.01387,0,0.26629,0.02448,0.07278,"담덕역:이태곤,고운역:김승수,모용보역:임호,도영역:오지은,연살타역:홍경인,약연역:이인혜,고무역:김진태,고창역:남성진,모두영역:이원발,모두루역:임대호,모용수역:김동현,풍발역:정호근,개연수역:최동준,가라지역:오욱철,연도부역:반석진,계필역:선동혁,이영역:최상훈,담망역:정태우,이련역:송용태,고야역:이보희,담주역:조안,설도안역:김규철,설지역:김정화,마수역:고인범,여소이역:임병기,돌비수역:김정현,갈사무역:강신조,도광역:박승호,소모역:강지후,여문역:나주석,모용희역:조인표,거보역:김덕현,무갑역:유종근,여석개역:방형주,황회역:김명수,원봉역:박유승,하무지역:윤승원,사갈현역:김철기,아신역:박정철"
20200610,DRAMAcube,054309,064447,배가본드,,3회,전국,010138,드라마&영화,드라마,미니시리즈,0.04375,0.03493,0.00929,0,0.01753,0.25701,0.00222,0,0,0,0,0.23226,0.02263,0.0027,"차달건역:이승기,고해리역:배수지,기태웅역:신성록,제시카리역:문정희,정국표역:백윤식,홍순조역:문성근,에드워드박역:이경영,강주철역:이기영,윤한기역:김민종,민재식역:정만식,공화숙역:황보라,박만영역:최광일,안기동역:김종수,김세훈역:신승환,한기수역:김민서,미키역:류원,홍승범역:김정현,릴리역:박아인,박광덕역:고규필,제롬역:유태오,김우기역:장혁진,오상미역:강경헌,김도수역:최대철"
20200610,DRAMAcube,064848,074900,시크릿부티크,,10회,전국,010012,드라마&영화,드라마,미니시리즈,0,0,0,0,0,0.01952,0,0,0,0.06788,0,0.0287,0.00135,0,"제니장역:김선아,김여옥역:장미희,위예남역:박희본,이현지역:고민시,윤선우역:김재영,위정혁역:김태훈,위예은역:류원,차승재역:류승수,황집사역:한정수,미세스왕역:김영아,위동섭역:여무영,운산스님역:박병호,도준섭역:김법래,오태석역:주석태,이주호역:장률,박주현역:장영남,김미진역:윤지인,예준역:최동화,조양오역:임철형,이상훈역:정욱진,윤혜라역:송지우,장도윤역:박재준,우선정역:박성연,어린도영역:박서경,18세도영역:정다은,18세예남역:조민아,20세정혁역:김성현,어린선우역:이시우"
20200610,DRAMAcube,085943,100244,야식남녀,,4회,전국,010301,드라마&영화,드라마,미니시리즈,0,0,0,0,0.11668,0,0.0586,0,0,0,0.00323,0.04994,0.01645,0.03345,"박진성역:정일우,김아진역:강지영,강태완역:이학주,이상영역:김승수,차주희역:김수진,남규장역:양대혁,유성은역:공민정,노재수역:박성준,박진우역:최재현"
20200610,DRAMAcube,192551,203001,굿캐스팅,,11회,전국,010410,드라마&영화,드라마,미니시리즈,0,0,0,0.04096,0.00314,0.02614,0,0,0.0033,0.00511,0.03535,0.05494,0.03997,0,"백찬미역:최강희,윤석호역:이상엽,임예은역:유인영,황미순역:김지영,강우원역:이준영,동관수역:이종혁,서국환역:정인기,배무혁역:박경순,간태희역:황보미,명계철역:우현,탁상기역:이상훈,옥철역:김용희,변우석역:허재호,구비서역:한수진,설영훈역:조영훈,심화란역:차수연,남봉만역:이승형,남주연역:김보윤,피철웅역:배진웅,권민석역:성혁,권소희역:노하연"
20200610,DRAMAcube,204414,215034,굿캐스팅,,12회,전국,010620,드라마&영화,드라마,미니시리즈,0,0,0.1708,0.10486,0.02198,0.12815,0.0433,0.01977,0,0.06183,0.08614,0.02963,0.20494,0.01948,"백찬미역:최강희,윤석호역:이상엽,임예은역:유인영,황미순역:김지영,강우원역:이준영,동관수역:이종혁,서국환역:정인기,배무혁역:박경순,간태희역:황보미,명계철역:우현,탁상기역:이상훈,옥철역:김용희,변우석역:허재호,구비서역:한수진,설영훈역:조영훈,심화란역:차수연,남봉만역:이승형,남주연역:김보윤,피철웅역:배진웅,권민석역:성혁,권소희역:노하연"
20200610,DramaH,100531,111032,바람과구름과비,,6회,전국,010501,드라마&영화,드라마,미니시리즈,0,0,0.03715,0.03445,0.11752,0.04165,0.00716,0,0,0.00282,0.00476,0.13417,0.03923,0.17689,"최천중역:박시후,봉련역:고성희,흥선대원군이하응역:전광렬,채인규역:성혁,김병운역:김승수,김좌근역:차광수,나합역:윤아정,김병학역:한재영,조대비역:김보연,철종역:정욱,이하전역:이루,명성황후민자영역:박정연,고종이재황역:박상훈,용팔룡역:조복래,주모역:김주령,적도사진상역:한동규,팽구철역:노형욱,만석역:박노식,연치성역:임현수,반달역:왕빛나,임종사관역:허태희,최천중어린시절역:강태우,봉련어린시절역:홍승희,채인규어린시절역:최정우,상복역:허성태,민승호역:이해우,저자이병주,출판그림같은세상2020.08.28.,e북무료판매처 1건"
20200610,DramaH,113247,123351,바람과구름과비,,7회,전국,010104,드라마&영화,드라마,미니시리즈,0,0.11694,0.05986,0.14787,0.03622,0.12592,0.16882,0,0.40021,0.0793,0.00269,0.1541,0.15881,0.54981,"최천중역:박시후,봉련역:고성희,흥선대원군이하응역:전광렬,채인규역:성혁,김병운역:김승수,김좌근역:차광수,나합역:윤아정,김병학역:한재영,조대비역:김보연,철종역:정욱,이하전역:이루,명성황후민자영역:박정연,고종이재황역:박상훈,용팔룡역:조복래,주모역:김주령,적도사진상역:한동규,팽구철역:노형욱,만석역:박노식,연치성역:임현수,반달역:왕빛나,임종사관역:허태희,최천중어린시절역:강태우,봉련어린시절역:홍승희,채인규어린시절역:최정우,상복역:허성태,민승호역:이해우,저자이병주,출판그림같은세상2020.08.28.,e북무료판매처 1건"
20200610,DramaH,160155,170656,바람과구름과비,,6회,전국,010501,드라마&영화,드라마,미니시리즈,0,0.0057,0.02638,0.01488,0.0012,0.07916,0.07127,0,0.00545,0.00294,0,0.04789,0.0629,0.16792,"최천중역:박시후,봉련역:고성희,흥선대원군이하응역:전광렬,채인규역:성혁,김병운역:김승수,김좌근역:차광수,나합역:윤아정,김병학역:한재영,조대비역:김보연,철종역:정욱,이하전역:이루,명성황후민자영역:박정연,고종이재황역:박상훈,용팔룡역:조복래,주모역:김주령,적도사진상역:한동규,팽구철역:노형욱,만석역:박노식,연치성역:임현수,반달역:왕빛나,임종사관역:허태희,최천중어린시절역:강태우,봉련어린시절역:홍승희,채인규어린시절역:최정우,상복역:허성태,민승호역:이해우,저자이병주,출판그림같은세상2020.08.28.,e북무료판매처 1건"
20200610,DramaH,172509,182611,바람과구름과비,,7회,전국,010102,드라마&영화,드라마,미니시리즈,0.02482,0,0.09338,0.13821,0,0.31384,0.21012,0.02171,0,0.00634,0,0.11079,0.22085,0.22403,"최천중역:박시후,봉련역:고성희,흥선대원군이하응역:전광렬,채인규역:성혁,김병운역:김승수,김좌근역:차광수,나합역:윤아정,김병학역:한재영,조대비역:김보연,철종역:정욱,이하전역:이루,명성황후민자영역:박정연,고종이재황역:박상훈,용팔룡역:조복래,주모역:김주령,적도사진상역:한동규,팽구철역:노형욱,만석역:박노식,연치성역:임현수,반달역:왕빛나,임종사관역:허태희,최천중어린시절역:강태우,봉련어린시절역:홍승희,채인규어린시절역:최정우,상복역:허성태,민승호역:이해우,저자이병주,출판그림같은세상2020.08.28.,e북무료판매처 1건"
20200610,DramaH,225843,235933,번외수사,,3회,전국,010050,드라마&영화,드라마,미니시리즈,0,0.01403,0,0,0.02862,0.00305,0.00896,0,0.00228,0.01564,0,0.04167,0.00543,0.07334,"진강호역:차태현,강무영역:이선빈,이반석역:정상훈,테디정역:윤경호,탁원역:지승현,민대진역:박정우,맨손역:박태산,연장역:장진희,지수철역:이영석,노순이역:민경옥"
20200610,DramaH,241254,251321,번외수사,,4회,전국,010027,드라마&영화,드라마,미니시리즈,0,0,0,0,0,0.05179,0.00371,0,0,0,0.01987,0.05884,0.01399,0.09705,"진강호역:차태현,강무영역:이선빈,이반석역:정상훈,테디정역:윤경호,탁원역:지승현,민대진역:박정우,맨손역:박태산,연장역:장진희,지수철역:이영석,노순이역:민경옥"
20200610,FX,042025,051756,야인시대,,99회,전국,005731,드라마&영화,드라마,주간연속극,0,0,0,0,0.00703,0,0.0056,0,0,0,0,0,0,0.00433,"청년김두한역:안재모,소년김두한역:곽정욱,장년김두한역:김영철,장년정진영역:차광수,구마적역:이원종,쌍칼역:박준규,김무옥역:이혁재,문영철역:장세진,장년개코역:성동일,신마적역:최철호,하야시역:이창훈,가미소리역:이상인,시바루역:이세창,나미꼬역:이세은,시라소니역:조상구,최동열역:정동환,미와역:이재용,마루오까역:최재성,설향역:허영란,애란역:조여정,정운경역:심형탁,김좌진역:최동준,오숙근역:이덕희,박계숙역:전미선,원노인역:이순재,유진산역:이효정,이정재역:김영호,조병옥역:김학철,이화룡역:안승훈,청년개코역:이동훈,신영균역:윤용현,청년정진영역:김정민,김영태역:박영록,박인애역:정소영,이영숙역:이일화,김두한어린시절역:곽정욱"
20200610,FX,084547,093551,허준,,33회,전국,005004,드라마&영화,드라마,주간연속극,0,0,0,0,0,0.13367,0.00696,0,0,0,0,0.00454,0.00325,0.00283,"허준역:전광렬,유의태역:이순재,유도지역:김병세,예진역:황수정,임오근역:임현식,구일서역:이희도"
20200610,FX,095053,104028,허준,,34회,전국,004935,드라마&영화,드라마,주간연속극,0,0.00183,0,0,0.05388,0.08938,0.01484,0,0.00155,0,0.00166,0,0,0.015,"허준역:전광렬,유의태역:이순재,유도지역:김병세,예진역:황수정,임오근역:임현식,구일서역:이희도"
20200610,FX,164119,175042,간택여인들의전쟁,,7회,전국,010923,드라마&영화,드라마,미니시리즈,0,0,0,0,0,0,0.02227,0,0,0,0,0,0,0.09115,"강은보역:진세연,이경역:김민규,이재화역:도상우,조영지역:이열음,왈역:이시언,김송이역:이화겸,대왕대비역:정애리,대비역:조은숙,조흥견역:이재용,김만찬역:손병호,용호역:이주진"
20200610,FX,180714,190546,야인시대,,99회,전국,005832,드라마&영화,드라마,주간연속극,0,0,0.00375,0,0,0.00976,0.00261,0,0,0,0,0,0.04576,0.00293,"청년김두한역:안재모,소년김두한역:곽정욱,장년김두한역:김영철,장년정진영역:차광수,구마적역:이원종,쌍칼역:박준규,김무옥역:이혁재,문영철역:장세진,장년개코역:성동일,신마적역:최철호,하야시역:이창훈,가미소리역:이상인,시바루역:이세창,나미꼬역:이세은,시라소니역:조상구,최동열역:정동환,미와역:이재용,마루오까역:최재성,설향역:허영란,애란역:조여정,정운경역:심형탁,김좌진역:최동준,오숙근역:이덕희,박계숙역:전미선,원노인역:이순재,유진산역:이효정,이정재역:김영호,조병옥역:김학철,이화룡역:안승훈,청년개코역:이동훈,신영균역:윤용현,청년정진영역:김정민,김영태역:박영록,박인애역:정소영,이영숙역:이일화,김두한어린시절역:곽정욱"
20200610,FX,201759,212722,간택여인들의전쟁,,7회,전국,010923,드라마&영화,드라마,미니시리즈,0,0,0,0,0,0.18436,0.002,0,0,0,0,0,0,0.00513,"강은보역:진세연,이경역:김민규,이재화역:도상우,조영지역:이열음,왈역:이시언,김송이역:이화겸,대왕대비역:정애리,대비역:조은숙,조흥견역:이재용,김만찬역:손병호,용호역:이주진"
20200610,FX,214524,225549,간택여인들의전쟁,,8회,전국,011025,드라마&영화,드라마,미니시리즈,0,0,0,0,0,0.24142,0,0,0,0.03488,0,0,0,0.00034,"강은보역:진세연,이경역:김민규,이재화역:도상우,조영지역:이열음,왈역:이시언,김송이역:이화겸,대왕대비역:정애리,대비역:조은숙,조흥견역:이재용,김만찬역:손병호,용호역:이주진"
20200610,FX,243022,252853,야인시대,,99회,전국,005831,드라마&영화,드라마,주간연속극,0,0,0,0,0,0,0.07945,0,0,0,0,0.00495,0,0.00468,"청년김두한역:안재모,소년김두한역:곽정욱,장년김두한역:김영철,장년정진영역:차광수,구마적역:이원종,쌍칼역:박준규,김무옥역:이혁재,문영철역:장세진,장년개코역:성동일,신마적역:최철호,하야시역:이창훈,가미소리역:이상인,시바루역:이세창,나미꼬역:이세은,시라소니역:조상구,최동열역:정동환,미와역:이재용,마루오까역:최재성,설향역:허영란,애란역:조여정,정운경역:심형탁,김좌진역:최동준,오숙근역:이덕희,박계숙역:전미선,원노인역:이순재,유진산역:이효정,이정재역:김영호,조병옥역:김학철,이화룡역:안승훈,청년개코역:이동훈,신영균역:윤용현,청년정진영역:김정민,김영태역:박영록,박인애역:정소영,이영숙역:이일화,김두한어린시절역:곽정욱"
20200610,JTBC2,024847,035316,야식남녀,,5회,전국,010429,드라마&영화,드라마,미니시리즈,0,0,0,0,0.01273,0.05925,0.00187,0,0,0,0,0.09941,0,0,"박진성역:정일우,김아진역:강지영,강태완역:이학주,이상영역:김승수,차주희역:김수진,남규장역:양대혁,유성은역:공민정,노재수역:박성준,박진우역:최재현"
20200610,JTBC2,040607,050937,야식남녀,,6회,전국,010330,드라마&영화,드라마,미니시리즈,0,0,0,0,0,0.00528,0.00169,0,0,0,0,0.00178,0.02646,0.02856,"박진성역:정일우,김아진역:강지영,강태완역:이학주,이상영역:김승수,차주희역:김수진,남규장역:양대혁,유성은역:공민정,노재수역:박성준,박진우역:최재현"
20200610,JTBC2,063910,080557,부부의세계,,10회,전국,012647,드라마&영화,드라마,미니시리즈,0,0,0.00171,0,0.03647,0.02635,0.04714,0,0,0.00227,0,0.1521,0.00646,0.01001,"지선우역:김희애,이태오역:박해준,여다경역:한소희,고예림역:박선영,손제혁역:김영민,설명숙역:채국희,여병규역:이경영,엄효정역:김선경,이준영역:전진서,민현서역:심은우,박인규역:이학주,마강석역:박충선,공지철역:정재성,김윤기역:이무생,하동식역:김종태,윤노을역:신수연,차해강역:정준원,최회장아내역:서이숙,공지철아내역:박미현,차도철아내역:윤인조"
20200610,JTBC2,081930,093857,부부의세계,,11회,전국,011927,드라마&영화,드라마,미니시리즈,0.01967,0,0,0,0.00858,0.05318,0.02674,0,0.09987,0,0.01082,0.09799,0.01673,0.00441,"지선우역:김희애,이태오역:박해준,여다경역:한소희,고예림역:박선영,손제혁역:김영민,설명숙역:채국희,여병규역:이경영,엄효정역:김선경,이준영역:전진서,민현서역:심은우,박인규역:이학주,마강석역:박충선,공지철역:정재성,김윤기역:이무생,하동식역:김종태,윤노을역:신수연,차해강역:정준원,최회장아내역:서이숙,공지철아내역:박미현,차도철아내역:윤인조"
20200610,JTBC2,095118,105656,쌍갑포차,,6회,전국,010538,드라마&영화,드라마,미니시리즈,0.66499,0,0.15311,0.20761,0.06925,0.01802,0.02492,0,0.00292,0.01911,0.17953,0.08733,0.34119,0.10383,"월주역:황정음,한강배역:육성재,귀반장역:최원영,염부장역:이준혁,강여린역:정다은,최진동역:안태환,송미란역:박하나,박대리역:박주형,김원형역:나인우"
20200610,JTBC2,225937,240414,쌍갑포차,,6회,전국,010437,드라마&영화,드라마,미니시리즈,0,0.29725,0,0,0.08511,0.20948,0.12707,0,0.11583,0.00372,0.1797,0.20259,0.22104,0.10896,"월주역:황정음,한강배역:육성재,귀반장역:최원영,염부장역:이준혁,강여린역:정다은,최진동역:안태환,송미란역:박하나,박대리역:박주형,김원형역:나인우"
20200610,JTBC2,241454,252512,쌍갑포차,,7회,전국,011018,드라마&영화,드라마,미니시리즈,0.04653,0.03168,0,0.01873,0.52762,0.0624,0.19206,0.02534,0,0.04696,0.19566,0.99652,0.01589,0.2345,"월주역:황정음,한강배역:육성재,귀반장역:최원영,염부장역:이준혁,강여린역:정다은,최진동역:안태환,송미란역:박하나,박대리역:박주형,김원형역:나인우"
20200610,JTBC2,253834,255959,쌍갑포차,,7회,전국,002125,드라마&영화,드라마,미니시리즈,0,0,0,0,0.09513,0.15973,0.22013,0,0,0,0,0.33798,0.00412,0.22795,"월주역:황정음,한강배역:육성재,귀반장역:최원영,염부장역:이준혁,강여린역:정다은,최진동역:안태환,송미란역:박하나,박대리역:박주형,김원형역:나인우"
20200610,KBS DRAMA,045251,052048,기막힌유산,,36회,전국,002757,드라마&영화,드라마,일일연속극,0,0,0,0,0,0.03599,0.0668,0,0,0,0.16556,0,0.49592,0.11545,"부영배역:박인환,공계옥역:강세정,부설악역:신정윤,부백두역:강신조,윤민주역:이아현,부금강역:남성진,신애리역:김가연,정미희역:박순천,김용미역:이응경,부한라역:박신우,성판금역:조양자,부가온역:김비주,부태희역:김연지,부혜교역:김효경,부지현역:강유라,공소영역:김난주,이장원역:이일준,김수민역:조서후,김종두역:이춘식,차정건역:조순창,이청아역:정서하,손보미역:박민지,김영지역:주민하,강선희역:박현정,천호식역:백신,이정태역:노상보,고향숙역:박소정"
20200610,KBS DRAMA,052055,054828,기막힌유산,,37회,전국,002733,드라마&영화,드라마,일일연속극,0,0,0,0,0,0,0.18723,0,0,0,0,0,0.54728,0.26465,"부영배역:박인환,공계옥역:강세정,부설악역:신정윤,부백두역:강신조,윤민주역:이아현,부금강역:남성진,신애리역:김가연,정미희역:박순천,김용미역:이응경,부한라역:박신우,성판금역:조양자,부가온역:김비주,부태희역:김연지,부혜교역:김효경,부지현역:강유라,공소영역:김난주,이장원역:이일준,김수민역:조서후,김종두역:이춘식,차정건역:조순창,이청아역:정서하,손보미역:박민지,김영지역:주민하,강선희역:박현정,천호식역:백신,이정태역:노상보,고향숙역:박소정"
20200610,KBS DRAMA,055216,062616,위험한약속,,45회,전국,003400,드라마&영화,드라마,일일연속극,0.31172,0.01492,0.01288,0,0.0116,0.17856,0.27941,0.27267,0,0,0.0622,0.02012,0.73489,0.51293,"차은동역:박하나,강태인역:고세원,최준혁역:강성민,오혜원역:박영린,한지훈역:이창욱,차만종역:이대연,차은찬역:유준서,공영심역:유지연,봉석구역:현우섭,강일섭역:강신일,연두심역:이칸희,한광훈역:길용우,한서주역:김혜지,최명희역:김나운,고재숙역:윤복인,최영국역:송민형,민주란역:오영실,최준경역:이효나,이창욱역:김정운"
20200610,KBS DRAMA,062623,070010,위험한약속,,46회,전국,003347,드라마&영화,드라마,일일연속극,0,0,0,0,0,0.12596,0.5252,0,0,0,0,0,0.31589,0.90515,"차은동역:박하나,강태인역:고세원,최준혁역:강성민,오혜원역:박영린,한지훈역:이창욱,차만종역:이대연,차은찬역:유준서,공영심역:유지연,봉석구역:현우섭,강일섭역:강신일,연두심역:이칸희,한광훈역:길용우,한서주역:김혜지,최명희역:김나운,고재숙역:윤복인,최영국역:송민형,민주란역:오영실,최준경역:이효나,이창욱역:김정운"
20200610,KBS DRAMA,071113,074507,위험한약속,,47회,전국,003354,드라마&영화,드라마,일일연속극,0,0,0,0.019,0,0.17941,0.47614,0,0,0,0,0.59711,0.10467,1.08618,"차은동역:박하나,강태인역:고세원,최준혁역:강성민,오혜원역:박영린,한지훈역:이창욱,차만종역:이대연,차은찬역:유준서,공영심역:유지연,봉석구역:현우섭,강일섭역:강신일,연두심역:이칸희,한광훈역:길용우,한서주역:김혜지,최명희역:김나운,고재숙역:윤복인,최영국역:송민형,민주란역:오영실,최준경역:이효나,이창욱역:김정운"
20200610,KBS DRAMA,074514,081912,위험한약속,,48회,전국,003358,드라마&영화,드라마,일일연속극,0.64783,0.40633,0.20235,0.02552,0.36106,0.52904,0.99768,0,0,0.40812,0.37305,1.08894,0.27242,1.65701,"차은동역:박하나,강태인역:고세원,최준혁역:강성민,오혜원역:박영린,한지훈역:이창욱,차만종역:이대연,차은찬역:유준서,공영심역:유지연,봉석구역:현우섭,강일섭역:강신일,연두심역:이칸희,한광훈역:길용우,한서주역:김혜지,최명희역:김나운,고재숙역:윤복인,최영국역:송민형,민주란역:오영실,최준경역:이효나,이창욱역:김정운"
20200610,KBS DRAMA,081919,085315,위험한약속,,49회,전국,003356,드라마&영화,드라마,일일연속극,1.12764,0.56435,0.06399,0.00712,0.46692,0.57271,0.93764,0,0,0.01211,0.24829,0.90452,0.27059,1.46051,"차은동역:박하나,강태인역:고세원,최준혁역:강성민,오혜원역:박영린,한지훈역:이창욱,차만종역:이대연,차은찬역:유준서,공영심역:유지연,봉석구역:현우섭,강일섭역:강신일,연두심역:이칸희,한광훈역:길용우,한서주역:김혜지,최명희역:김나운,고재숙역:윤복인,최영국역:송민형,민주란역:오영실,최준경역:이효나,이창욱역:김정운"
20200610,KBS DRAMA,090726,094554,한번다녀왔습니다,,41회,전국,003828,드라마&영화,드라마,주말연속극,0,0,0.11111,0.14821,0.01444,0.44548,0.29306,0,0,0,0.09024,0.20996,0.13854,0.26705,"송영달역:천호진,장옥분역:차화연,최윤정역:김보연,강초연역:이정은,송나희역:이민정,윤규진역:이상엽,송준선역:오대환,송가희역:오윤아,송다희역:이초희,양치수역:안길강,장옥자역:백지원,성현경역:임정은,윤재석역:이상이,박효신역:기도훈,김지훈역:문우진,이주리역:김소라,김가연역:송다은,건어물역:신미영,꽈배기역:김가영,송서영역:이가연,송서진역:안서연,이정록역:알렉스,유보영역:손성윤,유시후역:송민재,박지연역:신수정,한기영역:강유석,홍성우역:김현목,신혜정역:김미은,심정희역:이상경,오연지역:한봄,오정봉역:오의식,이종수역:장원혁,김승현역:배호근,송이역:김주영,지원역:찬희,이현역:이필모"
20200610,KBS DRAMA,094705,101745,한번다녀왔습니다,,42회,전국,003040,드라마&영화,드라마,주말연속극,0.27721,0,0.73801,0.5758,0.07851,0.54538,0.85881,0,0.17442,0.36174,0.24829,0.54982,0.77198,0.37528,"송영달역:천호진,장옥분역:차화연,최윤정역:김보연,강초연역:이정은,송나희역:이민정,윤규진역:이상엽,송준선역:오대환,송가희역:오윤아,송다희역:이초희,양치수역:안길강,장옥자역:백지원,성현경역:임정은,윤재석역:이상이,박효신역:기도훈,김지훈역:문우진,이주리역:김소라,김가연역:송다은,건어물역:신미영,꽈배기역:김가영,송서영역:이가연,송서진역:안서연,이정록역:알렉스,유보영역:손성윤,유시후역:송민재,박지연역:신수정,한기영역:강유석,홍성우역:김현목,신혜정역:김미은,심정희역:이상경,오연지역:한봄,오정봉역:오의식,이종수역:장원혁,김승현역:배호근,송이역:김주영,지원역:찬희,이현역:이필모"
20200610,KBS DRAMA,103126,110857,한번다녀왔습니다,,43회,전국,003731,드라마&영화,드라마,주말연속극,0.20579,0,0.07359,0.21502,0.17584,0.62075,0.23473,0.50383,0.34061,0.43905,0.27607,0.38849,0.50977,0.40949,"송영달역:천호진,장옥분역:차화연,최윤정역:김보연,강초연역:이정은,송나희역:이민정,윤규진역:이상엽,송준선역:오대환,송가희역:오윤아,송다희역:이초희,양치수역:안길강,장옥자역:백지원,성현경역:임정은,윤재석역:이상이,박효신역:기도훈,김지훈역:문우진,이주리역:김소라,김가연역:송다은,건어물역:신미영,꽈배기역:김가영,송서영역:이가연,송서진역:안서연,이정록역:알렉스,유보영역:손성윤,유시후역:송민재,박지연역:신수정,한기영역:강유석,홍성우역:김현목,신혜정역:김미은,심정희역:이상경,오연지역:한봄,오정봉역:오의식,이종수역:장원혁,김승현역:배호근,송이역:김주영,지원역:찬희,이현역:이필모"
20200610,KBS DRAMA,111008,114153,한번다녀왔습니다,,44회,전국,003145,드라마&영화,드라마,주말연속극,0,0,0.01181,0.48356,0.3841,0.69313,0.47513,0.97409,0.45823,0.51313,0.76465,0.77561,0.75348,0.64128,"송영달역:천호진,장옥분역:차화연,최윤정역:김보연,강초연역:이정은,송나희역:이민정,윤규진역:이상엽,송준선역:오대환,송가희역:오윤아,송다희역:이초희,양치수역:안길강,장옥자역:백지원,성현경역:임정은,윤재석역:이상이,박효신역:기도훈,김지훈역:문우진,이주리역:김소라,김가연역:송다은,건어물역:신미영,꽈배기역:김가영,송서영역:이가연,송서진역:안서연,이정록역:알렉스,유보영역:손성윤,유시후역:송민재,박지연역:신수정,한기영역:강유석,홍성우역:김현목,신혜정역:김미은,심정희역:이상경,오연지역:한봄,오정봉역:오의식,이종수역:장원혁,김승현역:배호근,송이역:김주영,지원역:찬희,이현역:이필모"
20200610,KBS DRAMA,244128,251458,영혼수선공,,21회,전국,003330,드라마&영화,드라마,미니시리즈,0,0,0,0.24399,0,0,0.00341,0,0,0,0.07859,0.00897,0,0.07024,"이시준역:신하균,한우주역:정소민,인동혁역:태인호,지영원역:박예진,공지선역:주민경,조인혜역:조경숙,오기태역:박수영,박대하역:정해균,이택경역:최정우,노우정역:안동구,강누리역:하영,임세찬역:장유상,공지희역:박한솔,장유미역:김가란,김영석역:김강민,송민수역:류시원"
20200610,KBS DRAMA,251607,254533,영혼수선공,,22회,전국,002926,드라마&영화,드라마,미니시리즈,0,0,0,0.24216,0,0,0.03392,0,0,0,0.02664,0,0,0.0185,"이시준역:신하균,한우주역:정소민,인동혁역:태인호,지영원역:박예진,공지선역:주민경,조인혜역:조경숙,오기태역:박수영,박대하역:정해균,이택경역:최정우,노우정역:안동구,강누리역:하영,임세찬역:장유상,공지희역:박한솔,장유미역:김가란,김영석역:김강민,송민수역:류시원"
20200610,KBS W,020300,023656,위험한약속,,47회,전국,003356,드라마&영화,드라마,일일연속극,0,0,0,0,0.01636,0,0.00094,0,0,0.00592,0,0.01916,0,0.12756,"차은동역:박하나,강태인역:고세원,최준혁역:강성민,오혜원역:박영린,한지훈역:이창욱,차만종역:이대연,차은찬역:유준서,공영심역:유지연,봉석구역:현우섭,강일섭역:강신일,연두심역:이칸희,한광훈역:길용우,한서주역:김혜지,최명희역:김나운,고재숙역:윤복인,최영국역:송민형,민주란역:오영실,최준경역:이효나,이창욱역:김정운"
20200610,KBS W,023703,031101,위험한약속,,48회,전국,003358,드라마&영화,드라마,일일연속극,0,0.01335,0,0,0.1061,0.00799,0.03891,0,0,0,0,0.11902,0.00701,0.1898,"차은동역:박하나,강태인역:고세원,최준혁역:강성민,오혜원역:박영린,한지훈역:이창욱,차만종역:이대연,차은찬역:유준서,공영심역:유지연,봉석구역:현우섭,강일섭역:강신일,연두심역:이칸희,한광훈역:길용우,한서주역:김혜지,최명희역:김나운,고재숙역:윤복인,최영국역:송민형,민주란역:오영실,최준경역:이효나,이창욱역:김정운"
20200610,KBS W,060836,064247,뻐꾸기둥지,,85회,전국,003411,드라마&영화,드라마,일일연속극,0,0,0,0,0.15132,0,0.05795,0,0,0,0,0,0,0.15036,"백연희역:장서희,정병국역:황동주,이화영역:이채영,유성빈역:김경남,백철역:임채무,홍금옥역:엄유신,백준희역:손승우,정진우역:정지훈,이명운역:현우성,곽희자역:서권순,정진숙역:지수원,정유미역:김민좌,오기섭역:이정훈,배추자역:박준금,배찬식역:전노민,이공희역:한경선,이소라역:전민서,최상두역:이창욱,직원역:이하나,이동현역:정민진,소진역:김리원,순남역:허인영,이상순역:이숙,사기꾼역:지상렬,이소라어린시절역:박지소"
20200610,KBS W,064254,071444,뻐꾸기둥지,,86회,전국,003150,드라마&영화,드라마,일일연속극,0,0,0,0.0219,0.06147,0,0.01626,0,0,0,0,0,0,0.06629,"백연희역:장서희,정병국역:황동주,이화영역:이채영,유성빈역:김경남,백철역:임채무,홍금옥역:엄유신,백준희역:손승우,정진우역:정지훈,이명운역:현우성,곽희자역:서권순,정진숙역:지수원,정유미역:김민좌,오기섭역:이정훈,배추자역:박준금,배찬식역:전노민,이공희역:한경선,이소라역:전민서,최상두역:이창욱,직원역:이하나,이동현역:정민진,소진역:김리원,순남역:허인영,이상순역:이숙,사기꾼역:지상렬,이소라어린시절역:박지소"
20200610,KBS W,072546,080017,뻐꾸기둥지,,87회,전국,003431,드라마&영화,드라마,일일연속극,0,0,0,0.00379,0,0.05323,0.00255,0,0,0,0,0.00439,0.03189,0,"백연희역:장서희,정병국역:황동주,이화영역:이채영,유성빈역:김경남,백철역:임채무,홍금옥역:엄유신,백준희역:손승우,정진우역:정지훈,이명운역:현우성,곽희자역:서권순,정진숙역:지수원,정유미역:김민좌,오기섭역:이정훈,배추자역:박준금,배찬식역:전노민,이공희역:한경선,이소라역:전민서,최상두역:이창욱,직원역:이하나,이동현역:정민진,소진역:김리원,순남역:허인영,이상순역:이숙,사기꾼역:지상렬,이소라어린시절역:박지소"
20200610,KBS W,080024,083414,뻐꾸기둥지,,88회,전국,003350,드라마&영화,드라마,일일연속극,0.61271,0,0,0,0.0178,0,0,0,0,0,0,0,0,0.0834,"백연희역:장서희,정병국역:황동주,이화영역:이채영,유성빈역:김경남,백철역:임채무,홍금옥역:엄유신,백준희역:손승우,정진우역:정지훈,이명운역:현우성,곽희자역:서권순,정진숙역:지수원,정유미역:김민좌,오기섭역:이정훈,배추자역:박준금,배찬식역:전노민,이공희역:한경선,이소라역:전민서,최상두역:이창욱,직원역:이하나,이동현역:정민진,소진역:김리원,순남역:허인영,이상순역:이숙,사기꾼역:지상렬,이소라어린시절역:박지소"
20200610,KBS W,095527,105748,부부클리닉사랑과전쟁,,398회,전국,010221,드라마&영화,드라마,단막극,0,0,0,0,0.00219,0,0.00579,0,0,0,0,0.03846,0.00756,0.09175,"이재만,민지영,최영완,이정수,장가현,손유경,이준우"
20200610,KBS W,110849,120944,부부클리닉사랑과전쟁,,399회,전국,010055,드라마&영화,드라마,단막극,0,0,0,0.1219,0.00296,0.02769,0.01089,0,0,0.01299,0.00372,0.0693,0.0892,0.15678,"이재만,민지영,최영완,이정수,장가현,손유경,이준우"
20200610,KBS W,122401,132519,넝쿨째굴러온당신,,7회,전국,010118,드라마&영화,드라마,주말연속극,0,0.00437,0,0,0.00292,0,0.03429,0,0.0037,0,0,0.07501,0,0.07403,"차윤희역:김남주,방귀남역:유준상,엄청애역:윤여정,방장수역:장용,전막례역:강부자,한만희역:김영란,차세중역:김용희,민지영역:진경,차세광역:강민혁,엄보애역:유지인,엄순애역:양희경,방일숙역:양정아,방이숙역:조윤희,방말숙역:오연서,장양실역:나영희,방정배역:김상호,고옥역:심이영,방장군역:곽동연,천재용역:이희준,윤빈역:김원준,남남구역:김형범,고시생역:김승우,예능국PD역:김준현,라디오DJ역:양희은,홍은희역:홍은희,송수지역:박수진,매니저역:이수근,목사역:지진희,차태봉역:차태현,성시갱역:성시경,노래강사역:이종박,한규현역:강동호,태영역:김형진,지피디역:곽민석,강혜수역:최윤소,동대문옷가게상인역:탁재훈,소개팅남역:이정신,유신혜역:유인영,지환역:이도현,김장훈역:김장훈,뚱보아버지역:유민상,뚱보아들역:김수영,인기여배우역:이혜영,인기남배우역:송준근,심사위원역:김종민,막장모녀엄마역:정경미,막장모녀딸역:박소영,신세경역:신세경,재용첫째누나역:김서형,재용둘째누나역:조민아,재용막내누나역:이제인,호들갑남역:공형진,라디오DJ역:박소현,귀남의양아버지역:길용우,귀남의양어머니역:김창숙,천재용아버지역:이재용,배PD역:이지영,방귀남어린시절역:홍현택"
20200610,KBS W,133625,143809,넝쿨째굴러온당신,,8회,전국,010144,드라마&영화,드라마,주말연속극,0,0,0,0,0,0.01319,0.05198,0,0,0.09229,0,0.0693,0.01939,0.0906,"차윤희역:김남주,방귀남역:유준상,엄청애역:윤여정,방장수역:장용,전막례역:강부자,한만희역:김영란,차세중역:김용희,민지영역:진경,차세광역:강민혁,엄보애역:유지인,엄순애역:양희경,방일숙역:양정아,방이숙역:조윤희,방말숙역:오연서,장양실역:나영희,방정배역:김상호,고옥역:심이영,방장군역:곽동연,천재용역:이희준,윤빈역:김원준,남남구역:김형범,고시생역:김승우,예능국PD역:김준현,라디오DJ역:양희은,홍은희역:홍은희,송수지역:박수진,매니저역:이수근,목사역:지진희,차태봉역:차태현,성시갱역:성시경,노래강사역:이종박,한규현역:강동호,태영역:김형진,지피디역:곽민석,강혜수역:최윤소,동대문옷가게상인역:탁재훈,소개팅남역:이정신,유신혜역:유인영,지환역:이도현,김장훈역:김장훈,뚱보아버지역:유민상,뚱보아들역:김수영,인기여배우역:이혜영,인기남배우역:송준근,심사위원역:김종민,막장모녀엄마역:정경미,막장모녀딸역:박소영,신세경역:신세경,재용첫째누나역:김서형,재용둘째누나역:조민아,재용막내누나역:이제인,호들갑남역:공형진,라디오DJ역:박소현,귀남의양아버지역:길용우,귀남의양어머니역:김창숙,천재용아버지역:이재용,배PD역:이지영,방귀남어린시절역:홍현택"
20200610,KBS W,145236,152028,기막힌유산,,34회,전국,002752,드라마&영화,드라마,일일연속극,0,0,0,0,0,0,0.20961,0,0,0.00978,0,0,0,0.05877,"부영배역:박인환,공계옥역:강세정,부설악역:신정윤,부백두역:강신조,윤민주역:이아현,부금강역:남성진,신애리역:김가연,정미희역:박순천,김용미역:이응경,부한라역:박신우,성판금역:조양자,부가온역:김비주,부태희역:김연지,부혜교역:김효경,부지현역:강유라,공소영역:김난주,이장원역:이일준,김수민역:조서후,김종두역:이춘식,차정건역:조순창,이청아역:정서하,손보미역:박민지,김영지역:주민하,강선희역:박현정,천호식역:백신,이정태역:노상보,고향숙역:박소정"
20200610,KBS W,152035,154809,기막힌유산,,35회,전국,002734,드라마&영화,드라마,일일연속극,0,0,0,0.02471,0,0,0.34717,0,0,0,0,0,0.08233,0.23911,"부영배역:박인환,공계옥역:강세정,부설악역:신정윤,부백두역:강신조,윤민주역:이아현,부금강역:남성진,신애리역:김가연,정미희역:박순천,김용미역:이응경,부한라역:박신우,성판금역:조양자,부가온역:김비주,부태희역:김연지,부혜교역:김효경,부지현역:강유라,공소영역:김난주,이장원역:이일준,김수민역:조서후,김종두역:이춘식,차정건역:조순창,이청아역:정서하,손보미역:박민지,김영지역:주민하,강선희역:박현정,천호식역:백신,이정태역:노상보,고향숙역:박소정"
20200610,KBS W,155909,162705,기막힌유산,,36회,전국,002756,드라마&영화,드라마,일일연속극,0,0,0,0,0,0,0.39908,0,0,0,0,0,0.06976,0.28472,"부영배역:박인환,공계옥역:강세정,부설악역:신정윤,부백두역:강신조,윤민주역:이아현,부금강역:남성진,신애리역:김가연,정미희역:박순천,김용미역:이응경,부한라역:박신우,성판금역:조양자,부가온역:김비주,부태희역:김연지,부혜교역:김효경,부지현역:강유라,공소영역:김난주,이장원역:이일준,김수민역:조서후,김종두역:이춘식,차정건역:조순창,이청아역:정서하,손보미역:박민지,김영지역:주민하,강선희역:박현정,천호식역:백신,이정태역:노상보,고향숙역:박소정"
20200610,KBS W,162712,165445,기막힌유산,,37회,전국,002733,드라마&영화,드라마,일일연속극,0,0,0,0.19111,0,0,0.5052,0,0,0.00943,0,0,0.06976,0.4684,"부영배역:박인환,공계옥역:강세정,부설악역:신정윤,부백두역:강신조,윤민주역:이아현,부금강역:남성진,신애리역:김가연,정미희역:박순천,김용미역:이응경,부한라역:박신우,성판금역:조양자,부가온역:김비주,부태희역:김연지,부혜교역:김효경,부지현역:강유라,공소영역:김난주,이장원역:이일준,김수민역:조서후,김종두역:이춘식,차정건역:조순창,이청아역:정서하,손보미역:박민지,김영지역:주민하,강선희역:박현정,천호식역:백신,이정태역:노상보,고향숙역:박소정"
20200610,KBS W,170746,174143,위험한약속,,46회,전국,003357,드라마&영화,드라마,일일연속극,0,0,0,0.00313,0,0.10384,0.15041,0,0,0,0.00588,0.0086,0.08521,0.14467,"차은동역:박하나,강태인역:고세원,최준혁역:강성민,오혜원역:박영린,한지훈역:이창욱,차만종역:이대연,차은찬역:유준서,공영심역:유지연,봉석구역:현우섭,강일섭역:강신일,연두심역:이칸희,한광훈역:길용우,한서주역:김혜지,최명희역:김나운,고재숙역:윤복인,최영국역:송민형,민주란역:오영실,최준경역:이효나,이창욱역:김정운"
20200610,KBS W,174150,181536,위험한약속,,47회,전국,003346,드라마&영화,드라마,일일연속극,0,0,0,0,0,0.06322,0.33252,0,0,0,0,0.00746,0.0504,0.17508,"차은동역:박하나,강태인역:고세원,최준혁역:강성민,오혜원역:박영린,한지훈역:이창욱,차만종역:이대연,차은찬역:유준서,공영심역:유지연,봉석구역:현우섭,강일섭역:강신일,연두심역:이칸희,한광훈역:길용우,한서주역:김혜지,최명희역:김나운,고재숙역:윤복인,최영국역:송민형,민주란역:오영실,최준경역:이효나,이창욱역:김정운"
20200610,KBS W,182634,190041,위험한약속,,48회,전국,003407,드라마&영화,드라마,일일연속극,0,0,0.28137,0,0.00927,0.23171,0.28772,0,0,0.26661,0,0.00866,0.15117,0.20053,"차은동역:박하나,강태인역:고세원,최준혁역:강성민,오혜원역:박영린,한지훈역:이창욱,차만종역:이대연,차은찬역:유준서,공영심역:유지연,봉석구역:현우섭,강일섭역:강신일,연두심역:이칸희,한광훈역:길용우,한서주역:김혜지,최명희역:김나운,고재숙역:윤복인,최영국역:송민형,민주란역:오영실,최준경역:이효나,이창욱역:김정운"
20200610,KBS W,190048,193444,위험한약속,,49회,전국,003356,드라마&영화,드라마,일일연속극,0,0,0.25913,0,0,0.23171,0.18247,0,0,0.25284,0.15867,0.00796,0.16727,0.38717,"차은동역:박하나,강태인역:고세원,최준혁역:강성민,오혜원역:박영린,한지훈역:이창욱,차만종역:이대연,차은찬역:유준서,공영심역:유지연,봉석구역:현우섭,강일섭역:강신일,연두심역:이칸희,한광훈역:길용우,한서주역:김혜지,최명희역:김나운,고재숙역:윤복인,최영국역:송민형,민주란역:오영실,최준경역:이효나,이창욱역:김정운"
20200610,KBS W,194936,201554,영혼수선공,,17회,전국,002618,드라마&영화,드라마,미니시리즈,0,0,0,0,0,0,0,0,0,0,0,0,0,0,"이시준역:신하균,한우주역:정소민,인동혁역:태인호,지영원역:박예진,공지선역:주민경,조인혜역:조경숙,오기태역:박수영,박대하역:정해균,이택경역:최정우,노우정역:안동구,강누리역:하영,임세찬역:장유상,공지희역:박한솔,장유미역:김가란,김영석역:김강민,송민수역:류시원"
20200610,KBS W,201601,204858,영혼수선공,,18회,전국,003257,드라마&영화,드라마,미니시리즈,0,0,0,0,0.00459,0,0,0,0,0,0,0.00322,0,0,"이시준역:신하균,한우주역:정소민,인동혁역:태인호,지영원역:박예진,공지선역:주민경,조인혜역:조경숙,오기태역:박수영,박대하역:정해균,이택경역:최정우,노우정역:안동구,강누리역:하영,임세찬역:장유상,공지희역:박한솔,장유미역:김가란,김영석역:김강민,송민수역:류시원"
20200610,KBS W,210036,212813,영혼수선공,,19회,전국,002737,드라마&영화,드라마,미니시리즈,0,0,0.05264,0,0,0.04976,0.01012,0,0,0,0,0,0.05803,0.03735,"이시준역:신하균,한우주역:정소민,인동혁역:태인호,지영원역:박예진,공지선역:주민경,조인혜역:조경숙,오기태역:박수영,박대하역:정해균,이택경역:최정우,노우정역:안동구,강누리역:하영,임세찬역:장유상,공지희역:박한솔,장유미역:김가란,김영석역:김강민,송민수역:류시원"
20200610,KBS W,212820,215945,영혼수선공,,20회,전국,003125,드라마&영화,드라마,미니시리즈,0,0,0.06218,0,0,0.07124,0.08008,0,0.02957,0.03523,0.01836,0,0.09426,0.06844,"이시준역:신하균,한우주역:정소민,인동혁역:태인호,지영원역:박예진,공지선역:주민경,조인혜역:조경숙,오기태역:박수영,박대하역:정해균,이택경역:최정우,노우정역:안동구,강누리역:하영,임세찬역:장유상,공지희역:박한솔,장유미역:김가란,김영석역:김강민,송민수역:류시원"
20200610,KBS W,221247,231441,부부클리닉사랑과전쟁,,382회,전국,010154,드라마&영화,드라마,단막극,0,0.03272,0,0,0.03428,0,0.06709,0,0,0.01575,0,0,0.12394,0.08203,"이재만,민지영,최영완,이정수,장가현,손유경,이준우"
20200610,KBS W,232543,242225,부부클리닉사랑과전쟁,,383회,전국,005642,드라마&영화,드라마,단막극,0,0,0,0.00896,0.08448,0.04062,0.10251,0.06908,0.02941,0,0,0.06748,0.03403,0.08429,"이재만,민지영,최영완,이정수,장가현,손유경,이준우"
20200610,KBS W,243642,250424,기막힌유산,,37회,전국,002742,드라마&영화,드라마,일일연속극,0,0,0,0,0.06441,0,0.16279,0,0,0,0,0.12895,0.05364,0.01445,"부영배역:박인환,공계옥역:강세정,부설악역:신정윤,부백두역:강신조,윤민주역:이아현,부금강역:남성진,신애리역:김가연,정미희역:박순천,김용미역:이응경,부한라역:박신우,성판금역:조양자,부가온역:김비주,부태희역:김연지,부혜교역:김효경,부지현역:강유라,공소영역:김난주,이장원역:이일준,김수민역:조서후,김종두역:이춘식,차정건역:조순창,이청아역:정서하,손보미역:박민지,김영지역:주민하,강선희역:박현정,천호식역:백신,이정태역:노상보,고향숙역:박소정"
20200610,KBS W,250431,253145,기막힌유산,,38회,전국,002714,드라마&영화,드라마,일일연속극,0,0,0,0,0,0,0.22586,0,0,0.02865,0,0.01621,0.0852,0.18673,"부영배역:박인환,공계옥역:강세정,부설악역:신정윤,부백두역:강신조,윤민주역:이아현,부금강역:남성진,신애리역:김가연,정미희역:박순천,김용미역:이응경,부한라역:박신우,성판금역:조양자,부가온역:김비주,부태희역:김연지,부혜교역:김효경,부지현역:강유라,공소영역:김난주,이장원역:이일준,김수민역:조서후,김종두역:이춘식,차정건역:조순창,이청아역:정서하,손보미역:박민지,김영지역:주민하,강선희역:박현정,천호식역:백신,이정태역:노상보,고향숙역:박소정"
20200610,KBS W,254442,255959,위험한약속,,48회,전국,001517,드라마&영화,드라마,일일연속극,0,0,0,0,0,0,0.06606,0,0,0,0.03191,0,0.0852,0.17846,"차은동역:박하나,강태인역:고세원,최준혁역:강성민,오혜원역:박영린,한지훈역:이창욱,차만종역:이대연,차은찬역:유준서,공영심역:유지연,봉석구역:현우섭,강일섭역:강신일,연두심역:이칸희,한광훈역:길용우,한서주역:김혜지,최명희역:김나운,고재숙역:윤복인,최영국역:송민형,민주란역:오영실,최준경역:이효나,이창욱역:김정운"
20200610,K-STAR,020000,024242,부부의세계,,6회,전국,004242,드라마&영화,드라마,미니시리즈,0,0.02366,0.00293,0,0.00809,0.02247,0.00317,0.01762,0,0,0,0,0.01397,0.02171,"지선우역:김희애,이태오역:박해준,여다경역:한소희,고예림역:박선영,손제혁역:김영민,설명숙역:채국희,여병규역:이경영,엄효정역:김선경,이준영역:전진서,민현서역:심은우,박인규역:이학주,마강석역:박충선,공지철역:정재성,김윤기역:이무생,하동식역:김종태,윤노을역:신수연,차해강역:정준원,최회장아내역:서이숙,공지철아내역:박미현,차도철아내역:윤인조"
20200610,K-STAR,104250,114534,부부클리닉사랑과전쟁,,415회,전국,010244,드라마&영화,드라마,주간연속극,0,0.08021,0,0,0.02113,0.04026,0.25966,0,0,0,0.17453,0.03189,0.05868,0.05964,"이재만,민지영,최영완,이정수,장가현,손유경,이준우"
20200610,K-STAR,115812,125925,부부클리닉사랑과전쟁,,146회,전국,010113,드라마&영화,드라마,주간연속극,0.03908,0,0,0.01097,0,0,0.24047,0,0,0,0.00833,0.20551,0.06617,0.18075,"이재만,민지영,최영완,이정수,장가현,손유경,이준우"
20200610,K-STAR,131309,143422,부부의세계,,6회,전국,012113,드라마&영화,드라마,미니시리즈,0.20523,0,0,0.1767,0.14208,0.06809,0.23156,0,0,0.01194,0.07617,0.04925,0.08375,0.38299,"지선우역:김희애,이태오역:박해준,여다경역:한소희,고예림역:박선영,손제혁역:김영민,설명숙역:채국희,여병규역:이경영,엄효정역:김선경,이준영역:전진서,민현서역:심은우,박인규역:이학주,마강석역:박충선,공지철역:정재성,김윤기역:이무생,하동식역:김종태,윤노을역:신수연,차해강역:정준원,최회장아내역:서이숙,공지철아내역:박미현,차도철아내역:윤인조"
20200610,K-STAR,144821,160908,부부의세계,,7회,전국,012047,드라마&영화,드라마,미니시리즈,0,0,0,0.14103,0.03283,0.15802,0.0866,0,0,0.00688,0.10048,0.01638,0.17586,0.19686,"지선우역:김희애,이태오역:박해준,여다경역:한소희,고예림역:박선영,손제혁역:김영민,설명숙역:채국희,여병규역:이경영,엄효정역:김선경,이준영역:전진서,민현서역:심은우,박인규역:이학주,마강석역:박충선,공지철역:정재성,김윤기역:이무생,하동식역:김종태,윤노을역:신수연,차해강역:정준원,최회장아내역:서이숙,공지철아내역:박미현,차도철아내역:윤인조"
20200610,K-STAR,221800,231913,부부클리닉사랑과전쟁,,416회,전국,010113,드라마&영화,드라마,주간연속극,0.03723,0,0,0.16937,0.00845,0.00286,0.05769,0.03257,0.06944,0,0,0.01254,0.03138,0.15762,"이재만,민지영,최영완,이정수,장가현,손유경,이준우"
20200610,KTV,020000,024328,전원일기,,394회,전국,004328,드라마&영화,드라마,주말연속극,0,0,0.02412,0,0,0.02027,0.06302,0,0,0,0,0,0.02919,0.07921,"최불암,김혜자,김용건,김수미,고두심,유인촌,정대홍"
20200610,KTV,061130,065951,전원일기,,771회,전국,004821,드라마&영화,드라마,주말연속극,0,0,0.14565,0,0,0.06623,0.07561,0,0,0,0,0,0.08157,0.2295,"최불암,김혜자,김용건,김수미,고두심,유인촌,정대홍"
20200610,KTV,210234,212610,파랑새는있다,<1부>,23회,전국,002336,드라마&영화,드라마,주간연속극,0,0,0,0,0,0.08191,0.25584,0,0,0.04375,0,0,0,0.18413,"이상인,정선경,백윤식,송경철,박남현,한진희,동방우,양금석"
20200610,KTV,212706,215229,파랑새는있다,<2부>,23회,전국,002523,드라마&영화,드라마,주간연속극,0,0,0.10582,0,0,0.14458,0.40692,0,0,0.20126,0,0,0.02232,0.39671,"이상인,정선경,백윤식,송경철,박남현,한진희,동방우,양금석"
20200610,KTV,215413,221546,전원일기,<1부>,395회,전국,002133,드라마&영화,드라마,주말연속극,0,0,0.18897,0,0.0536,0.18417,0.39119,0,0,0.20126,0,0.08376,0.1726,0.63083,"최불암,김혜자,김용건,김수미,고두심,유인촌,정대홍"
20200610,KTV,221750,224133,전원일기,<2부>,395회,전국,002343,드라마&영화,드라마,주말연속극,0,0,0.32725,0.01152,0.0117,0.31702,0.423,0,0,0.20126,0.00848,0.2077,0.31253,0.66626,"최불암,김혜자,김용건,김수미,고두심,유인촌,정대홍"
20200610,KTV,224341,230946,바람은불어도,,123회,전국,002605,드라마&영화,드라마,주간연속극,0,0,0,0,0,0.04348,0.42546,0,0,0.20126,0,0,0.02042,0.43837,"최수종,유호정,윤손하,송나영,송기윤,나문희"
20200610,KTV,231248,233917,바람은불어도,,124회,전국,002629,드라마&영화,드라마,주간연속극,0,0,0,0,0,0.02263,0.38795,0,0.0475,0.20126,0,0.04448,0,0.42694,"최수종,유호정,윤손하,송나영,송기윤,나문희"
20200610,KTV,243235,252131,파랑새는있다,,23회,전국,004856,드라마&영화,드라마,주간연속극,0,0,0,0,0,0.01476,0.13281,0,0,0.05545,0,0,0.01685,0.2651,"이상인,정선경,백윤식,송경철,박남현,한진희,동방우,양금석"
20200610,KTV,255112,255959,전원일기,,395회,전국,000847,드라마&영화,드라마,주말연속극,0,0,0,0,0,0,0.18046,0,0,0,0,0.12135,0,0.18817,"최불암,김혜자,김용건,김수미,고두심,유인촌,정대홍"
20200610,MBC M,100355,110204,그녀는예뻤다,,15회,전국,005809,드라마&영화,드라마,미니시리즈,0,0,0,0,0,0,0,0,0,0,0,0.00635,0.00924,0,"김혜진역:황정음,지성준역:박서준,민하리역:고준희,김신혁역:시원,차혜정역:윤유선,나지선역:서정연,민용길역:이병준,김혜린역:정다빈,김중섭역:박충선,한정혜역:이일화,김라라역:황석정,김풍호역:안세하,차주영역:신동미,김준우역:박유환,주아름역:신주연,한설역:신혜선,선민역:차정원,이경역:배민정,은영역:임세주,부중만역:김하균,이슬비역:진혜원,광희역:조창근,발등남역:임강성,마트직원역:안상태,김혜진어린시절역:정다빈,지성준어린시절역:양한열"
20200610,MBC M,111433,121254,그녀는예뻤다,,16회,전국,005821,드라마&영화,드라마,미니시리즈,0,0,0.05411,0,0,0.02461,0,0,0.00678,0,0,0,0.01538,0,"김혜진역:황정음,지성준역:박서준,민하리역:고준희,김신혁역:시원,차혜정역:윤유선,나지선역:서정연,민용길역:이병준,김혜린역:정다빈,김중섭역:박충선,한정혜역:이일화,김라라역:황석정,김풍호역:안세하,차주영역:신동미,김준우역:박유환,주아름역:신주연,한설역:신혜선,선민역:차정원,이경역:배민정,은영역:임세주,부중만역:김하균,이슬비역:진혜원,광희역:조창근,발등남역:임강성,마트직원역:안상태,김혜진어린시절역:정다빈,지성준어린시절역:양한열"
20200610,O tvN,030956,041124,시카고타자기,,12회,전국,010128,드라마&영화,드라마,미니시리즈,0.07446,0,0,0,0.3658,0.00401,0.15402,0.06513,0,0.01459,0.07381,0.2241,0.31338,0.31927,"한세주역:유아인,전설역:임수정,유진오역:고경표,백태민역:곽시양,갈지석역:조우진,마방진역:양진성,왕방울역:전수경,원대한역:강홍석,원만해역:지대한,백도하역:천호진,홍소희역:조경숙,강비서역:오나라,송기자역:이규복,전설모역:전미선"
20200610,O tvN,042414,052832,시카고타자기,,13회,전국,010418,드라마&영화,드라마,미니시리즈,0.03915,0,0,0,0.15109,0,0.00979,0.03783,0,0,0.02322,0.06275,0.11089,0.11645,"한세주역:유아인,전설역:임수정,유진오역:고경표,백태민역:곽시양,갈지석역:조우진,마방진역:양진성,왕방울역:전수경,원대한역:강홍석,원만해역:지대한,백도하역:천호진,홍소희역:조경숙,강비서역:오나라,송기자역:이규복,전설모역:전미선"
20200610,O tvN,085507,100949,아는건별로없지만가족입니다,,3회,전국,011442,드라마&영화,드라마,미니시리즈,0,0.10951,0,0.07463,0.07945,0.03796,0.04602,0,0,0.03352,0.04779,0.11245,0.0493,0.02837,"김은희역:한예리,박찬혁역:김지석,김은주역:추자현,김상식역:정진영,이진숙역:원미경,김지우역:신재하,임건주역:신동욱,윤태형역:김태훈,젊은상식역:한준우,젊은진숙역:조아영,유선일역:서상원,안효석역:이종원,서경옥역:가득희,윤서영역:혜정,전하라역:배윤경,유민우역:권율"
20200610,O tvN,101940,113819,아는건별로없지만가족입니다,,4회,전국,011839,드라마&영화,드라마,미니시리즈,0.45796,0.22796,0.0055,0.22621,0.17826,0.1382,0.23888,0,0.02913,0.19336,0.13067,0.21898,0.13932,0.26324,"김은희역:한예리,박찬혁역:김지석,김은주역:추자현,김상식역:정진영,이진숙역:원미경,김지우역:신재하,임건주역:신동욱,윤태형역:김태훈,젊은상식역:한준우,젊은진숙역:조아영,유선일역:서상원,안효석역:이종원,서경옥역:가득희,윤서영역:혜정,전하라역:배윤경,유민우역:권율"
20200610,O tvN,115350,131013,톱스타유백이,,5회,전국,011623,드라마&영화,드라마,주간연속극,0.17,0,0,0.02856,0,0.02461,0.05209,0,0,0.05154,0.10997,0.01359,0.01997,0.05832,"유백역:김지석,오강순역:전소민,최마돌역:이상엽,동춘아빠역:정은표,아서라역:이아현,깡순할머니역:예수정,마돌엄마역:김현,마을이장역:이한위,장흥댁역:허진,군산댁역:성병숙,동춘엄마역:정이랑,박동만역:유주원,강민역:김정민,남조역:허정민,서일역:조희봉,박동춘역:김민석"
20200610,O tvN,132520,144135,톱스타유백이,,6회,전국,011615,드라마&영화,드라마,주간연속극,0,0.10326,0,0.00217,0.07836,0.0259,0.06159,0.172,0.01759,0.01069,0.00344,0.20055,0.09457,0.06345,"유백역:김지석,오강순역:전소민,최마돌역:이상엽,동춘아빠역:정은표,아서라역:이아현,깡순할머니역:예수정,마돌엄마역:김현,마을이장역:이한위,장흥댁역:허진,군산댁역:성병숙,동춘엄마역:정이랑,박동만역:유주원,강민역:김정민,남조역:허정민,서일역:조희봉,박동춘역:김민석"
20200610,O tvN,145703,161252,슬기로운의사생활,,,전국,011549,드라마&영화,드라마,미니시리즈,0,0.23695,0.03743,0.13367,0.32124,0.20474,0.31874,0.24397,0,0.16311,0.06523,0.42024,0.32175,0.12764,"이익준역:조정석,안정원역:유연석,김준완역:정경호,양석형역:김대명,채송화역:전미도,정로사역:김해숙,주종수역:김갑수,도재학역:정문성,용석민역:문태유,장겨울역:신현빈,안치홍역:김준한,봉광현역:최영준,추민하역:안은진,허선빈역:하윤경,명은원역:김혜인,장윤복역:조이현,장홍도역:배현성,송수빈역:김수진,소이현역:윤혜리,배준희역:신도현,주전역:조승연,황재신역:양조아,이우주역:김준,민기준역:서진원,종세혁역:전광진,이영하역:이노아,김재환역:이달,국해성역:이혜은,함덕주역:김비비,한현희역:이지원,한승주역:김지성,은선진역:설유진,이익순역:곽선영,조영혜역:문희경,양태양역:남명렬,김태연역:이소윤,천명태역:최영우,선우희수역:박한솔,장겨울남동생역:박정우,고아라역:고아라"
20200610,O tvN,180008,190053,화양연화삶이꽃이되는순간,,13회,전국,010045,드라마&영화,드라마,미니시리즈,0,0,0,0,0.05324,0.04869,0.02982,0.02171,0,0.01349,0,0.07053,0.0535,0.03347,"한재현역:유지태,윤지수역:이보영,과거재현역:진영,과거지수역:전소니,장서경역:박시연,장산역:문성근,한준서역:박민수,한인호역:남명렬,이경자역:손숙,윤형구역:장광,이영민역:고우림,정숙희역:이종남,윤지영역:채원빈,이동진역:민성욱,과거동진역:은해성,성화진역:김주령,과거화진역:한지원,강준우역:강영석,정윤기역:김호창,이세훈역:김영훈,주영우역:이태성,과거영우역:병헌,양혜정역:우정원,과거혜정역:박한솔,최선희역:김영아"
20200610,O tvN,191412,201529,화양연화삶이꽃이되는순간,,14회,전국,010117,드라마&영화,드라마,미니시리즈,0,0,0,0,0.00523,0.01143,0.04274,0,0,0.0045,0.03411,0.01928,0.13817,0.17479,"한재현역:유지태,윤지수역:이보영,과거재현역:진영,과거지수역:전소니,장서경역:박시연,장산역:문성근,한준서역:박민수,한인호역:남명렬,이경자역:손숙,윤형구역:장광,이영민역:고우림,정숙희역:이종남,윤지영역:채원빈,이동진역:민성욱,과거동진역:은해성,성화진역:김주령,과거화진역:한지원,강준우역:강영석,정윤기역:김호창,이세훈역:김영훈,주영우역:이태성,과거영우역:병헌,양혜정역:우정원,과거혜정역:박한솔,최선희역:김영아"
20200610,O tvN,203102,214447,검색어를입력하세요WWW,,10회,전국,011345,드라마&영화,드라마,미니시리즈,0,0,0,0.16287,0.33358,0.12478,0.04868,0,0,0.00835,0.20146,0.57499,0.01338,0.02077,"배타미역:임수정,차현역:이다희,송가경역:전혜진,박모건역:장기용,설지환역:이재욱,오진우역:지승현,민홍주역:권해효,표준수역:김남희,최봉기역:우지현,조아라역:오아연,홍유진역:하승리,최정훈역:송지호,나인경역:유서진,김선우역:탁우석,정다인역:한지완,윤동주역:조혜주,장희은역:예수정,유도부선배역:지호,전남자친구역:이동욱"
20200610,O tvN,215922,231237,검색어를입력하세요WWW,,11회,전국,011315,드라마&영화,드라마,미니시리즈,0.01023,0,0.02115,0.23747,0.20381,0.01035,0.14631,0,0,0,0.2055,0.33557,0.04917,0.03601,"배타미역:임수정,차현역:이다희,송가경역:전혜진,박모건역:장기용,설지환역:이재욱,오진우역:지승현,민홍주역:권해효,표준수역:김남희,최봉기역:우지현,조아라역:오아연,홍유진역:하승리,최정훈역:송지호,나인경역:유서진,김선우역:탁우석,정다인역:한지완,윤동주역:조혜주,장희은역:예수정,유도부선배역:지호,전남자친구역:이동욱"
20200610,O tvN,232757,244121,검색어를입력하세요WWW,,12회,전국,011324,드라마&영화,드라마,미니시리즈,0.00886,0.00407,0.11561,0.32546,0.02314,0.11404,0.08728,0,0,0.10511,0.18527,0.19583,0.00737,0.05863,"배타미역:임수정,차현역:이다희,송가경역:전혜진,박모건역:장기용,설지환역:이재욱,오진우역:지승현,민홍주역:권해효,표준수역:김남희,최봉기역:우지현,조아라역:오아연,홍유진역:하승리,최정훈역:송지호,나인경역:유서진,김선우역:탁우석,정다인역:한지완,윤동주역:조혜주,장희은역:예수정,유도부선배역:지호,전남자친구역:이동욱"
20200610,OCN,143620,154337,번외수사,,5회,전국,010717,드라마&영화,드라마,미니시리즈,0.03806,0.55057,0,0.35529,0.43192,0.51256,0.39598,0.29214,0.1154,0.04489,0.03984,0.41389,0.20184,0.56025,"진강호역:차태현,강무영역:이선빈,이반석역:정상훈,테디정역:윤경호,탁원역:지승현,민대진역:박정우,맨손역:박태산,연장역:장진희,지수철역:이영석,노순이역:민경옥"
20200610,OCN,155446,165608,번외수사,,6회,전국,010122,드라마&영화,드라마,미니시리즈,0,0.50898,0.03459,0.05199,0.53124,0.81742,0.3386,0.18455,0.53547,0.2733,0.08171,0.9409,0.34798,0.82056,"진강호역:차태현,강무영역:이선빈,이반석역:정상훈,테디정역:윤경호,탁원역:지승현,민대진역:박정우,맨손역:박태산,연장역:장진희,지수철역:이영석,노순이역:민경옥"
20200610,On Style,124533,135500,라이브,,7회,전국,010927,드라마&영화,드라마,미니시리즈,0.01097,0,0.01322,0.00353,0,0.06177,0.02837,0.0096,0.00366,0,0.00569,0.00805,0.05791,0.03452,"한정오역:정유미,염상수역:이광수,오양촌역:배성우,안장미역:배종옥,양촌부역:이순재,기한솔역:성동일,은경모역:장현성,최명호역:신동욱,강남일역:이시언,정오모역:우현주,상수모역:염혜란,김민석역:조완기,반종민역:이순원,김한표역:김건우,송혜리역:이주영,민원우역:김종훈,고승재역:백승도,오송이역:고민시,오대관역:장호준,이삼보역:이얼"
20200610,On Style,135722,150826,라이브,,8회,전국,011104,드라마&영화,드라마,미니시리즈,0,0,0,0,0.04634,0.09445,0.12676,0,0,0,0.0036,0.26417,0.10156,0.12939,"한정오역:정유미,염상수역:이광수,오양촌역:배성우,안장미역:배종옥,양촌부역:이순재,기한솔역:성동일,은경모역:장현성,최명호역:신동욱,강남일역:이시언,정오모역:우현주,상수모역:염혜란,김민석역:조완기,반종민역:이순원,김한표역:김건우,송혜리역:이주영,민원우역:김종훈,고승재역:백승도,오송이역:고민시,오대관역:장호준,이삼보역:이얼"
20200610,On Style,151047,161800,라이브,,9회,전국,010713,드라마&영화,드라마,미니시리즈,0,0,0.0124,0.04304,0.13081,0.16916,0.1053,0,0,0.01711,0.03091,0.19985,0.16308,0.11427,"한정오역:정유미,염상수역:이광수,오양촌역:배성우,안장미역:배종옥,양촌부역:이순재,기한솔역:성동일,은경모역:장현성,최명호역:신동욱,강남일역:이시언,정오모역:우현주,상수모역:염혜란,김민석역:조완기,반종민역:이순원,김한표역:김건우,송혜리역:이주영,민원우역:김종훈,고승재역:백승도,오송이역:고민시,오대관역:장호준,이삼보역:이얼"
20200610,SBS플러스,071357,074347,엄마가바람났다,,26회,전국,002950,드라마&영화,드라마,아침드라마,0,0.50721,0.11149,0.02447,0.3656,0.13758,0.42,0.35317,0,0,0.35715,0.68362,0.93014,0.52153,"오필정역:현쥬니,강석준역:이재황,이은주역:문보령,강석환역:김형범,오순정역:남이안,김복순역:박순천,박민호역:길정우,박민지역:홍제이,김해정역:양금석,강태수역:이원재,이태우역:서현석,최동석역:김동균,최은자역:이진아,최유경역:이영은,최미영역:전은채,왕기범역:차승우,하열도역:김영훈,홍수경역:노정명,박태섭역:강서준,박혜진역:박지수"
20200610,SBS플러스,074458,081452,엄마가바람났다,,27회,전국,002954,드라마&영화,드라마,아침드라마,0,0.50721,0.12838,0,0.35872,0.13409,0.29211,0,0,0.00329,0.35715,0.40367,0.68982,0.43932,"오필정역:현쥬니,강석준역:이재황,이은주역:문보령,강석환역:김형범,오순정역:남이안,김복순역:박순천,박민호역:길정우,박민지역:홍제이,김해정역:양금석,강태수역:이원재,이태우역:서현석,최동석역:김동균,최은자역:이진아,최유경역:이영은,최미영역:전은채,왕기범역:차승우,하열도역:김영훈,홍수경역:노정명,박태섭역:강서준,박혜진역:박지수"
20200610,SBS플러스,082738,093239,주군의태양,,3회,전국,010501,드라마&영화,드라마,미니시리즈,1.36247,0.00574,0.01029,0.0194,0.60567,0.20166,0.08894,0,0.02368,0.11865,0.68351,0.26199,0.14886,0.19648,"주중원역:소지섭,태공실역:공효진,강우역:서인국,태이령역:김유리,김귀도역:최정우,주성란역:김미경,도석철역:이종원,태공리역:박희본,이한주역:이재원,안진주역:정가은,주중원어린시절역:김명수,TV프로그램자역:김상중,미경역:송채윤,하유진역:김보라,가영역:방민아,이은설역:이혜인,차희주역:한보름,주중원아버지역:김용건,이승모역:이도현,이승준역:홍은택,선영역:김보미,지우역:유민규,강길자역:김희정,루이장역:정찬,박서현역:서효림,이재석역:이종혁,이회장역:이재용,한나브라운역:황선희,유진우역:이천희,고여사역:이용녀,유혜성역:진이한"
20200610,SBS플러스,175614,190745,더킹영원의군주,,14회,전국,011131,드라마&영화,드라마,미니시리즈,0.03648,0.13064,0.02413,0.08262,0.01844,0.1819,0.05692,0,0.28403,0.09937,0.23656,0.41325,0.1975,0.13007,"이곤역:이민호,정태을역:김고은,조은섭역:우도환,조영역:우도환,강신재역:김경남,구서령역:정은채,이림역:이정진,루나역:김고은,노옥남역:김영옥,정도인역:전배수,송정혜역:서정연,박문식역:박원상,장미카엘역:강홍석,이종인역:전무송,명나리역:김용지,명승아역:김용지,유경무역:이해영,민화연역:황영희,박지영역:박지연,모비서역:백현주,석호필역:이홍내"
20200610,SBS플러스,192611,204713,더킹영원의군주,,15회,전국,012102,드라마&영화,드라마,미니시리즈,0.05946,0.0392,0.12631,0.06793,0.14139,0.22062,0.19689,1.01157,0.32011,0,0.29149,0.48688,0.23541,0.18452,"이곤역:이민호,정태을역:김고은,조은섭역:우도환,조영역:우도환,강신재역:김경남,구서령역:정은채,이림역:이정진,루나역:김고은,노옥남역:김영옥,정도인역:전배수,송정혜역:서정연,박문식역:박원상,장미카엘역:강홍석,이종인역:전무송,명나리역:김용지,명승아역:김용지,유경무역:이해영,민화연역:황영희,박지영역:박지연,모비서역:백현주,석호필역:이홍내"
20200610,SBS플러스,245122,255408,굿캐스팅,,11회,전국,010246,드라마&영화,드라마,미니시리즈,0,0.52066,0.15973,0,0.31366,0.32522,0.10698,0,0,0.07198,0.29005,0.2808,0.24087,0.19994,"백찬미역:최강희,윤석호역:이상엽,임예은역:유인영,황미순역:김지영,강우원역:이준영,동관수역:이종혁,서국환역:정인기,배무혁역:박경순,간태희역:황보미,명계철역:우현,탁상기역:이상훈,옥철역:김용희,변우석역:허재호,구비서역:한수진,설영훈역:조영훈,심화란역:차수연,남봉만역:이승형,남주연역:김보윤,피철웅역:배진웅,권민석역:성혁,권소희역:노하연"
20200610,SKY,034138,045412,낭만닥터김사부2,,2회,전국,011234,드라마&영화,드라마,미니시리즈,0,0,0.00838,0.02713,0,0.01898,0.11768,0,0.00267,0.02287,0.01411,0.00122,0.01707,0.13118,"김사부역:한석규,서우진역:안효섭,차은재역:이성경,박민국역:김주헌,배문정역:신동욱,윤아름역:소주연,정인수역:윤나무,여운영역:김홍파,오명심역:진경,장기태역:임원희,남도일역:변우민,박은탁역:김민재,양호준역:고상호,심혜진역:박효주,허영규역:배명진,도윤완역:최진호,엄현정역:정지안,주영미역:윤보라,주지배인역:서영"
20200610,SKY,050337,060757,낭만닥터김사부2,,3회,전국,010420,드라마&영화,드라마,미니시리즈,0.03187,0,0,0.00429,0.01045,0,0.20211,0.02788,0.00659,0,0.01069,0.02896,0.03321,0.1793,"김사부역:한석규,서우진역:안효섭,차은재역:이성경,박민국역:김주헌,배문정역:신동욱,윤아름역:소주연,정인수역:윤나무,여운영역:김홍파,오명심역:진경,장기태역:임원희,남도일역:변우민,박은탁역:김민재,양호준역:고상호,심혜진역:박효주,허영규역:배명진,도윤완역:최진호,엄현정역:정지안,주영미역:윤보라,주지배인역:서영"
20200610,SKY,065301,075947,굿캐스팅,,12회,전국,010646,드라마&영화,드라마,미니시리즈,0.0226,0,0,0,0,0.0026,0.00378,0.01977,0,0,0,0.03194,0,0.00611,"백찬미역:최강희,윤석호역:이상엽,임예은역:유인영,황미순역:김지영,강우원역:이준영,동관수역:이종혁,서국환역:정인기,배무혁역:박경순,간태희역:황보미,명계철역:우현,탁상기역:이상훈,옥철역:김용희,변우석역:허재호,구비서역:한수진,설영훈역:조영훈,심화란역:차수연,남봉만역:이승형,남주연역:김보윤,피철웅역:배진웅,권민석역:성혁,권소희역:노하연"
20200610,ONCE,020000,024353,전원일기,,424회,전국,004353,드라마&영화,드라마,주말연속극,0,0,0,0,0,0.19066,0.03057,0,0,0,0,0,0.01472,0.09038,"최불암,김혜자,김용건,김수미,고두심,유인촌,정대홍"
20200610,ONCE,025217,033559,전원일기,,425회,전국,004342,드라마&영화,드라마,주말연속극,0,0,0,0,0.02987,0.06799,0.03823,0,0,0,0,0.0407,0.00654,0.02877,"최불암,김혜자,김용건,김수미,고두심,유인촌,정대홍"
20200610,ONCE,061423,071706,동이,,49회,전국,010243,드라마&영화,드라마,주간연속극,0,0.04785,0,0,0.24971,0.04432,0.15058,0.28861,0,0,0,0.05254,0,0.06455,"동이역:한효주,숙종역:지진희,희빈장씨역:이소연,차천수역:배수빈,서용기역:정진영,인현왕후역:박하선,오태석역:정동환,이종욱역:이정훈,홍태윤역:손일권,박도식역:최재호,도승지역:신국,오호양역:여호민,황주식역:이희도,정인국역:나성균,최효원역:천호진,장익헌역:이재용,김환역:정인기,은금역:한다민,오태풍역:이계인,태풍처역:이숙,장희재역:김유석,설희역:김혜진,게둬라부역:정은표,오윤역:최철호,게둬라역:최수한,심운택역:김동윤,동이어린시절역:김유정,봉상궁역:김소이,조상궁역:안여진,유상궁역:임성민,정임역:정유미,애종역:강유미,시비역:오은호,미지역:최하나,대전내관역:정선일,명성대비역:박정수,정상궁역:김혜선,영달역:이광수,최동주역:정성운,장무열역:최종환,이금역:이형석,경종역:윤찬,김구선역:맹상훈,인원왕후역:오연서"
20200610,ONCE,073121,083259,동이,,50회,전국,010138,드라마&영화,드라마,주간연속극,0.0213,0,0,0.00104,0.23527,0.136,0.14405,0,0,0.02597,0.00665,0.06965,0.05204,0.07872,"동이역:한효주,숙종역:지진희,희빈장씨역:이소연,차천수역:배수빈,서용기역:정진영,인현왕후역:박하선,오태석역:정동환,이종욱역:이정훈,홍태윤역:손일권,박도식역:최재호,도승지역:신국,오호양역:여호민,황주식역:이희도,정인국역:나성균,최효원역:천호진,장익헌역:이재용,김환역:정인기,은금역:한다민,오태풍역:이계인,태풍처역:이숙,장희재역:김유석,설희역:김혜진,게둬라부역:정은표,오윤역:최철호,게둬라역:최수한,심운택역:김동윤,동이어린시절역:김유정,봉상궁역:김소이,조상궁역:안여진,유상궁역:임성민,정임역:정유미,애종역:강유미,시비역:오은호,미지역:최하나,대전내관역:정선일,명성대비역:박정수,정상궁역:김혜선,영달역:이광수,최동주역:정성운,장무열역:최종환,이금역:이형석,경종역:윤찬,김구선역:맹상훈,인원왕후역:오연서"
20200610,ONCE,084239,092816,전원일기,,424회,전국,004537,드라마&영화,드라마,주말연속극,0,0,0,0,0.05158,0.01162,0.03656,0,0,0,0,0.02036,0.01827,0.02137,"최불암,김혜자,김용건,김수미,고두심,유인촌,정대홍"
20200610,ONCE,093920,102302,전원일기,,425회,전국,004342,드라마&영화,드라마,주말연속극,0.12191,0,0,0.04449,0.14397,0.10019,0.07264,0,0,0,0,0.14408,0.10962,0.059,"최불암,김혜자,김용건,김수미,고두심,유인촌,정대홍"
20200610,ONCE,103406,111159,전원일기,,421회,전국,003753,드라마&영화,드라마,주말연속극,0,0,0,0,0.15451,0.03584,0.02688,0,0,0,0,0.00458,0.00174,0.02665,"최불암,김혜자,김용건,김수미,고두심,유인촌,정대홍"
20200610,ONCE,112203,120316,전원일기,,422회,전국,004113,드라마&영화,드라마,주말연속극,0,0,0,0,0.20617,0.18094,0.12158,0,0.35144,0,0,0.36235,0,0.15604,"최불암,김혜자,김용건,김수미,고두심,유인촌,정대홍"
20200610,ONCE,121655,131159,대조영,,49회,전국,005504,드라마&영화,드라마,주말연속극,0,0,0,0,0.22252,0,0.0181,0,0,0,0,0.00278,0,0.02392,"대조영역:최수종,이해고역:정보석,설인귀역:이덕화,초린역:박예진,검이역:정태우,숙영역:홍수현,양만춘역:임동진,흑수돌역:김학철,연남생역:임호,대중상역:임혁,걸사비우역:최철호,검모잠역:김명수,당태종역:송용태,부지광역:박지일,미모사역:김정현,금란역:심은진,부기원역:김하균,보장왕역:길용우,이진충역:김동현,손만영역:조인표,신홍역:김규철,계필사문역:윤용현,퉁소역:방형주,홍패역:유태술,이문역:남성진,팔보역:우봉식"
20200610,ONCE,170301,175805,대조영,,49회,전국,005504,드라마&영화,드라마,주말연속극,0,0.5022,0,0.01761,0.31852,0.02924,0.12594,0,0.00415,0,0,0.21626,0.0346,0.10675,"대조영역:최수종,이해고역:정보석,설인귀역:이덕화,초린역:박예진,검이역:정태우,숙영역:홍수현,양만춘역:임동진,흑수돌역:김학철,연남생역:임호,대중상역:임혁,걸사비우역:최철호,검모잠역:김명수,당태종역:송용태,부지광역:박지일,미모사역:김정현,금란역:심은진,부기원역:김하균,보장왕역:길용우,이진충역:김동현,손만영역:조인표,신홍역:김규철,계필사문역:윤용현,퉁소역:방형주,홍패역:유태술,이문역:남성진,팔보역:우봉식"
20200610,ONCE,181220,191341,동이,,47회,전국,010121,드라마&영화,드라마,주간연속극,0,0,0,0,0.37523,0,0.19112,0,0,0.00974,0,0.00587,0.07398,0.23761,"동이역:한효주,숙종역:지진희,희빈장씨역:이소연,차천수역:배수빈,서용기역:정진영,인현왕후역:박하선,오태석역:정동환,이종욱역:이정훈,홍태윤역:손일권,박도식역:최재호,도승지역:신국,오호양역:여호민,황주식역:이희도,정인국역:나성균,최효원역:천호진,장익헌역:이재용,김환역:정인기,은금역:한다민,오태풍역:이계인,태풍처역:이숙,장희재역:김유석,설희역:김혜진,게둬라부역:정은표,오윤역:최철호,게둬라역:최수한,심운택역:김동윤,동이어린시절역:김유정,봉상궁역:김소이,조상궁역:안여진,유상궁역:임성민,정임역:정유미,애종역:강유미,시비역:오은호,미지역:최하나,대전내관역:정선일,명성대비역:박정수,정상궁역:김혜선,영달역:이광수,최동주역:정성운,장무열역:최종환,이금역:이형석,경종역:윤찬,김구선역:맹상훈,인원왕후역:오연서"
20200610,ONCE,192756,203038,동이,,48회,전국,010242,드라마&영화,드라마,주간연속극,0.0189,0.0319,0.09805,0.05955,0.12674,0.19656,0.15144,0.19241,0,0.09366,0.0034,0.02073,0.10897,0.504,"동이역:한효주,숙종역:지진희,희빈장씨역:이소연,차천수역:배수빈,서용기역:정진영,인현왕후역:박하선,오태석역:정동환,이종욱역:이정훈,홍태윤역:손일권,박도식역:최재호,도승지역:신국,오호양역:여호민,황주식역:이희도,정인국역:나성균,최효원역:천호진,장익헌역:이재용,김환역:정인기,은금역:한다민,오태풍역:이계인,태풍처역:이숙,장희재역:김유석,설희역:김혜진,게둬라부역:정은표,오윤역:최철호,게둬라역:최수한,심운택역:김동윤,동이어린시절역:김유정,봉상궁역:김소이,조상궁역:안여진,유상궁역:임성민,정임역:정유미,애종역:강유미,시비역:오은호,미지역:최하나,대전내관역:정선일,명성대비역:박정수,정상궁역:김혜선,영달역:이광수,최동주역:정성운,장무열역:최종환,이금역:이형석,경종역:윤찬,김구선역:맹상훈,인원왕후역:오연서"
20200610,ONCE,223916,231709,전원일기,,421회,전국,003753,드라마&영화,드라마,주말연속극,0,0,0.19104,0,0.14618,0.326,0.07849,0,0.31418,0,0.02158,0.29421,0.20831,0.10409,"최불암,김혜자,김용건,김수미,고두심,유인촌,정대홍"
20200610,ONCE,232713,240826,전원일기,,422회,전국,004113,드라마&영화,드라마,주말연속극,0,0,0.23272,0,0,0.18171,0.15902,0,0,0.00982,0.028,0,0.20663,0.17846,"최불암,김혜자,김용건,김수미,고두심,유인촌,정대홍"
20200610,ONCE,242106,251609,대조영,,49회,전국,005503,드라마&영화,드라마,주말연속극,0,0.0076,0,0.04196,0.10099,0.21694,0.02377,0,0.05753,0.15123,0,0,0.05559,0.04515,"대조영역:최수종,이해고역:정보석,설인귀역:이덕화,초린역:박예진,검이역:정태우,숙영역:홍수현,양만춘역:임동진,흑수돌역:김학철,연남생역:임호,대중상역:임혁,걸사비우역:최철호,검모잠역:김명수,당태종역:송용태,부지광역:박지일,미모사역:김정현,금란역:심은진,부기원역:김하균,보장왕역:길용우,이진충역:김동현,손만영역:조인표,신홍역:김규철,계필사문역:윤용현,퉁소역:방형주,홍패역:유태술,이문역:남성진,팔보역:우봉식"
20200610,ONCE,252714,255959,동이,,47회,전국,003245,드라마&영화,드라마,주간연속극,0,0,0,0,0.02832,0.04231,0.01168,0,0,0.19516,0,0.02068,0,0.15235,"동이역:한효주,숙종역:지진희,희빈장씨역:이소연,차천수역:배수빈,서용기역:정진영,인현왕후역:박하선,오태석역:정동환,이종욱역:이정훈,홍태윤역:손일권,박도식역:최재호,도승지역:신국,오호양역:여호민,황주식역:이희도,정인국역:나성균,최효원역:천호진,장익헌역:이재용,김환역:정인기,은금역:한다민,오태풍역:이계인,태풍처역:이숙,장희재역:김유석,설희역:김혜진,게둬라부역:정은표,오윤역:최철호,게둬라역:최수한,심운택역:김동윤,동이어린시절역:김유정,봉상궁역:김소이,조상궁역:안여진,유상궁역:임성민,정임역:정유미,애종역:강유미,시비역:오은호,미지역:최하나,대전내관역:정선일,명성대비역:박정수,정상궁역:김혜선,영달역:이광수,최동주역:정성운,장무열역:최종환,이금역:이형석,경종역:윤찬,김구선역:맹상훈,인원왕후역:오연서"
20200610,SKYUHD,113511,134517,야식남녀,,1회/2회,전국,021006,드라마&영화,드라마,미니시리즈,0,0,0,0,0,0,0,0,0,0,0,0,0,0,"박진성역:정일우,김아진역:강지영,강태완역:이학주,이상영역:김승수,차주희역:김수진,남규장역:양대혁,유성은역:공민정,노재수역:박성준,박진우역:최재현"
20200610,SKYUHD,165354,190401,야식남녀,,1회/2회,전국,021007,드라마&영화,드라마,미니시리즈,0,0,0,0,0,0,0,0,0,0,0,0,0,0,"박진성역:정일우,김아진역:강지영,강태완역:이학주,이상영역:김승수,차주희역:김수진,남규장역:양대혁,유성은역:공민정,노재수역:박성준,박진우역:최재현"
20200610,SKYUHD,205559,215702,야식남녀,,3회,전국,010103,드라마&영화,드라마,미니시리즈,0,0,0,0,0,0,0,0,0,0,0,0,0,0,"박진성역:정일우,김아진역:강지영,강태완역:이학주,이상영역:김승수,차주희역:김수진,남규장역:양대혁,유성은역:공민정,노재수역:박성준,박진우역:최재현"
20200610,SKYUHD,241647,251750,야식남녀,,3회,전국,010103,드라마&영화,드라마,미니시리즈,0,0,0,0,0,0,0,0,0,0,0,0,0,0,"박진성역:정일우,김아진역:강지영,강태완역:이학주,이상영역:김승수,차주희역:김수진,남규장역:양대혁,유성은역:공민정,노재수역:박성준,박진우역:최재현"
20200610,OCN Thrills,083215,095756,블랙,,1회,전국,012541,드라마&영화,드라마,미니시리즈,0,0.04224,0,0.03861,0.02568,0.07887,0.02201,0,0.01236,0.00225,0.02551,0.01562,0.03321,0.03062,"블랙역:송승헌,강하람역:고아라,윤수완역:이엘,오만수역:김동준,오십견,저승사자No.007역:조재윤,저승사자No.416역:이규복,나광견역:김원해,봉만식역:정석용,오소태역:이철민,박귀남역:허재호,김선영역:송수현,저승사자블랙역:김태우"
20200610,OCN Thrills,100928,112651,블랙,,2회,전국,011723,드라마&영화,드라마,미니시리즈,0,0.01469,0.00323,0.17277,0.03017,0.21734,0.02726,0,0.0074,0,0.14758,0.0309,0.0253,0.05183,"블랙역:송승헌,강하람역:고아라,윤수완역:이엘,오만수역:김동준,오십견,저승사자No.007역:조재윤,저승사자No.416역:이규복,나광견역:김원해,봉만식역:정석용,오소태역:이철민,박귀남역:허재호,김선영역:송수현,저승사자블랙역:김태우"
20200610,OCN Thrills,113553,125526,블랙,,3회,전국,011933,드라마&영화,드라마,미니시리즈,0,0.58033,0.19722,0.03159,0,0.27558,0.01171,0,0,0.13544,0.02017,0.07259,0.26772,0.03081,"블랙역:송승헌,강하람역:고아라,윤수완역:이엘,오만수역:김동준,오십견,저승사자No.007역:조재윤,저승사자No.416역:이규복,나광견역:김원해,봉만식역:정석용,오소태역:이철민,박귀남역:허재호,김선영역:송수현,저승사자블랙역:김태우"
20200610,OCN Thrills,183835,194537,번외수사,,5회,전국,010702,드라마&영화,드라마,미니시리즈,0,0.00304,0.12507,0.06171,0.0036,0.26548,0.00585,0,0.01162,0.01209,0.06135,0.05348,0.23852,0.03148,"진강호역:차태현,강무영역:이선빈,이반석역:정상훈,테디정역:윤경호,탁원역:지승현,민대진역:박정우,맨손역:박태산,연장역:장진희,지수철역:이영석,노순이역:민경옥"
20200610,OCN Thrills,195415,205523,번외수사,,6회,전국,010108,드라마&영화,드라마,미니시리즈,0,0.07015,0.08013,0.05582,0.06041,0.1913,0.05806,0,0.01216,0.12098,0.0555,0.33675,0.11036,0.13713,"진강호역:차태현,강무영역:이선빈,이반석역:정상훈,테디정역:윤경호,탁원역:지승현,민대진역:박정우,맨손역:박태산,연장역:장진희,지수철역:이영석,노순이역:민경옥"
20200610,TRENDY,065339,080104,부부클리닉사랑과전쟁2,,23회,전국,010725,드라마&영화,드라마,단막극,0,0,0.00468,0.22465,0,0.00372,0,0,0,0.00568,0,0,0.00321,0.12955,"이재만,민지영,최영완,이정수,장가현,손유경,이준우"
20200610,TRENDY,081140,091852,부부클리닉사랑과전쟁2,,24회,전국,010712,드라마&영화,드라마,단막극,0.10169,0,0,0.00723,0,0.02905,0.01938,0.08895,0,0,0,0.07941,0.023,0.00405,"이재만,민지영,최영완,이정수,장가현,손유경,이준우"
20200610,TRENDY,135612,150341,부부클리닉사랑과전쟁2,,23회,전국,010729,드라마&영화,드라마,단막극,0,0,0,0.00895,0.02893,0.00794,0.21125,0.14432,0,0,0.0068,0.02171,0.22784,0.07043,"이재만,민지영,최영완,이정수,장가현,손유경,이준우"
20200610,TRENDY,151712,162429,부부클리닉사랑과전쟁2,,24회,전국,010717,드라마&영화,드라마,단막극,0,0.03649,0,0.03253,0.01008,0.01383,0.12965,0,0,0.00852,0,0.01355,0.10779,0.14468,"이재만,민지영,최영완,이정수,장가현,손유경,이준우"
20200610,TRENDY,225925,240654,부부클리닉사랑과전쟁2,,23회,전국,010729,드라마&영화,드라마,단막극,0,0,0,0,0,0.00177,0.00642,0,0.01258,0,0,0.00949,0,0.05319,"이재만,민지영,최영완,이정수,장가현,손유경,이준우"
20200610,TRENDY,242036,252752,부부클리닉사랑과전쟁2,,24회,전국,010716,드라마&영화,드라마,단막극,0,0,0,0.20281,0,0.00558,0.05775,0,0,0,0,0,0.13311,0.13727,"이재만,민지영,최영완,이정수,장가현,손유경,이준우"
20200611,KBS1,203114,205920,기막힌유산,,39회,전국,002806,드라마&영화,드라마,일일연속극,3.01169,2.924,3.14712,4.80688,4.33277,9.88532,25.68999,6.21583,1.74945,3.31921,5.33134,6.85131,13.70159,32.533,"부영배역:박인환,공계옥역:강세정,부설악역:신정윤,부백두역:강신조,윤민주역:이아현,부금강역:남성진,신애리역:김가연,정미희역:박순천,김용미역:이응경,부한라역:박신우,성판금역:조양자,부가온역:김비주,부태희역:김연지,부혜교역:김효경,부지현역:강유라,공소영역:김난주,이장원역:이일준,김수민역:조서후,김종두역:이춘식,차정건역:조순창,이청아역:정서하,손보미역:박민지,김영지역:주민하,강선희역:박현정,천호식역:백신,이정태역:노상보,고향숙역:박소정"
20200611,KBS2,090451,093242,기막힌유산,,38회,전국,002751,드라마&영화,드라마,일일연속극,1.55692,1.27822,0.51294,0.2772,1.22849,2.50549,3.95227,1.13828,0.85377,0.45113,0.93585,2.45129,2.77929,4.59394,"부영배역:박인환,공계옥역:강세정,부설악역:신정윤,부백두역:강신조,윤민주역:이아현,부금강역:남성진,신애리역:김가연,정미희역:박순천,김용미역:이응경,부한라역:박신우,성판금역:조양자,부가온역:김비주,부태희역:김연지,부혜교역:김효경,부지현역:강유라,공소영역:김난주,이장원역:이일준,김수민역:조서후,김종두역:이춘식,차정건역:조순창,이청아역:정서하,손보미역:박민지,김영지역:주민하,강선희역:박현정,천호식역:백신,이정태역:노상보,고향숙역:박소정"
20200611,KBS2,110248,120246,영혼수선공,,21회/22회,전국,005958,드라마&영화,드라마,미니시리즈,0,0,0.16016,0.13729,0,0.18525,0.65594,0,0.0086,0,0.2807,0.30336,0.07162,1.18588,"이시준역:신하균,한우주역:정소민,인동혁역:태인호,지영원역:박예진,공지선역:주민경,조인혜역:조경숙,오기태역:박수영,박대하역:정해균,이택경역:최정우,노우정역:안동구,강누리역:하영,임세찬역:장유상,공지희역:박한솔,장유미역:김가란,김영석역:김강민,송민수역:류시원"
20200611,KBS2,195011,202444,위험한약속,,51회,전국,003433,드라마&영화,드라마,일일연속극,1.84553,1.79695,3.21183,3.96727,3.91194,6.65569,17.15786,3.67997,0.94144,2.30928,5.49825,4.7753,10.869,21.9265,"차은동역:박하나,강태인역:고세원,최준혁역:강성민,오혜원역:박영린,한지훈역:이창욱,차만종역:이대연,차은찬역:유준서,공영심역:유지연,봉석구역:현우섭,강일섭역:강신일,연두심역:이칸희,한광훈역:길용우,한서주역:김혜지,최명희역:김나운,고재숙역:윤복인,최영국역:송민형,민주란역:오영실,최준경역:이효나,이창욱역:김정운"
20200611,KBS2,220112,223501,영혼수선공,<23회>,23회,전국,003349,드라마&영화,드라마,미니시리즈,0.05493,0.70807,0.3678,0.29244,0.69746,0.86626,0.85015,0.04638,0.38602,0.56933,0.86125,1.49386,0.88192,1.26815,"이시준역:신하균,한우주역:정소민,인동혁역:태인호,지영원역:박예진,공지선역:주민경,조인혜역:조경숙,오기태역:박수영,박대하역:정해균,이택경역:최정우,노우정역:안동구,강누리역:하영,임세찬역:장유상,공지희역:박한솔,장유미역:김가란,김영석역:김강민,송민수역:류시원"
20200611,KBS2,223614,230355,영혼수선공,<24회>,24회,전국,002741,드라마&영화,드라마,미니시리즈,0.28747,0.8036,0.45359,0.76446,0.53989,1.00621,0.80692,0.43288,0.25811,0.34898,1.29677,1.6058,0.94548,1.40027,"이시준역:신하균,한우주역:정소민,인동혁역:태인호,지영원역:박예진,공지선역:주민경,조인혜역:조경숙,오기태역:박수영,박대하역:정해균,이택경역:최정우,노우정역:안동구,강누리역:하영,임세찬역:장유상,공지희역:박한솔,장유미역:김가란,김영석역:김강민,송민수역:류시원"
20200611,MBC,104814,110050,꼰대인턴,<13회>,13회,전국,001236,드라마&영화,드라마,미니시리즈,0.49613,0.96121,0.0704,0.09246,1.39251,0.68733,0.27574,0.37606,0,0.02759,0.72185,0.61123,1.22216,0.51671,"가열찬역:박해진,이만식역:김응수,이태리역:한지은,남궁준수역:박기웅,탁정은역:박아인,주윤수역:노종현,오동근역:고건한,김승진역:홍승범,구자숙역:김선영,안상종역:손종학,남궁표역:고인범,엄한길역:김기천,옥경이역:문숙,고선녀역:정경순,열찬모역:전국향,박범준역:장성규,백범역:정성호,은혜수역:정영주,가열찬친구역:권수현,차형석역:영탁"
20200611,MBC,110820,112504,꼰대인턴,<13회>,13회,전국,001644,드라마&영화,드라마,미니시리즈,0.47424,0.90467,0.02692,0.05656,0.84502,0.59789,0.73156,0.35947,0,0.11686,0.81324,0.69115,1.2841,0.56931,"가열찬역:박해진,이만식역:김응수,이태리역:한지은,남궁준수역:박기웅,탁정은역:박아인,주윤수역:노종현,오동근역:고건한,김승진역:홍승범,구자숙역:김선영,안상종역:손종학,남궁표역:고인범,엄한길역:김기천,옥경이역:문숙,고선녀역:정경순,열찬모역:전국향,박범준역:장성규,백범역:정성호,은혜수역:정영주,가열찬친구역:권수현,차형석역:영탁"
20200611,MBC,112616,115859,꼰대인턴,<14회>,14회,전국,003243,드라마&영화,드라마,미니시리즈,0.01782,0.06673,0.04387,0.30932,0.353,0.42589,0.96925,0.01999,0.02387,0.04682,0.78473,0.5787,1.05285,1.05489,"가열찬역:박해진,이만식역:김응수,이태리역:한지은,남궁준수역:박기웅,탁정은역:박아인,주윤수역:노종현,오동근역:고건한,김승진역:홍승범,구자숙역:김선영,안상종역:손종학,남궁표역:고인범,엄한길역:김기천,옥경이역:문숙,고선녀역:정경순,열찬모역:전국향,박범준역:장성규,백범역:정성호,은혜수역:정영주,가열찬친구역:권수현,차형석역:영탁"
20200611,MBC,205907,213105,꼰대인턴,<15회>,15회,전국,003158,드라마&영화,드라마,미니시리즈,0.98225,0.74277,1.26797,1.6542,2.60888,3.35719,2.49404,1.0179,0.70641,1.56911,1.55167,4.44951,4.19961,3.73858,"가열찬역:박해진,이만식역:김응수,이태리역:한지은,남궁준수역:박기웅,탁정은역:박아인,주윤수역:노종현,오동근역:고건한,김승진역:홍승범,구자숙역:김선영,안상종역:손종학,남궁표역:고인범,엄한길역:김기천,옥경이역:문숙,고선녀역:정경순,열찬모역:전국향,박범준역:장성규,백범역:정성호,은혜수역:정영주,가열찬친구역:권수현,차형석역:영탁"
20200611,MBC,213219,220246,꼰대인턴,<16회>,16회,전국,003027,드라마&영화,드라마,미니시리즈,1.3719,0.50305,1.11665,1.54341,3.13978,5.14699,3.49725,1.12484,1.11434,1.68444,2.91143,5.20135,5.91852,4.72776,"가열찬역:박해진,이만식역:김응수,이태리역:한지은,남궁준수역:박기웅,탁정은역:박아인,주윤수역:노종현,오동근역:고건한,김승진역:홍승범,구자숙역:김선영,안상종역:손종학,남궁표역:고인범,엄한길역:김기천,옥경이역:문숙,고선녀역:정경순,열찬모역:전국향,박범준역:장성규,백범역:정성호,은혜수역:정영주,가열찬친구역:권수현,차형석역:영탁"
20200611,SBS,083543,090652,엄마가바람났다,,29회,전국,003109,드라마&영화,드라마,아침드라마,1.63653,1.12229,2.49923,1.50074,2.61946,3.68409,6.01743,0.94513,0.49259,0.40107,2.4871,2.32856,4.01562,7.29045,"오필정역:현쥬니,강석준역:이재황,이은주역:문보령,강석환역:김형범,오순정역:남이안,김복순역:박순천,박민호역:길정우,박민지역:홍제이,김해정역:양금석,강태수역:이원재,이태우역:서현석,최동석역:김동균,최은자역:이진아,최유경역:이영은,최미영역:전은채,왕기범역:차승우,하열도역:김영훈,홍수경역:노정명,박태섭역:강서준,박혜진역:박지수"
20200611,OBS,094910,104015,구가의서,,8회,전국,005105,드라마&영화,드라마,주간연속극,0,0,0,0,0,0,0,0,0,0.01144,0,0,0.00704,0.05232,"최강치역:이승기,담여울역:수지,조관웅역:이성재,담평준역:조성하,박태서역:유연석,박청조역:이유비,곤역:성준,구월령역:최진혁,윤서화역:이연희,소정법사역:김희원,천수련역:정혜영,자홍명역:윤세아,박무솔역:엄효섭,월선역:손승우,이순신역:유동근,마봉출역:조재윤,카게시마역:데이비드맥기니스,한노역:박주형,윤씨역:김희정,억만역:김기방,윤정윤역:이다윗,담이역:김보미,필목역:송영규,공달선생역:이도경"
20200611,OBS,181911,192213,구가의서,,9회,전국,010302,드라마&영화,드라마,주간연속극,0,0,0,0.12592,0.0027,0.02718,0.18332,0,0,0,0,0.01101,0.01136,0.16485,"최강치역:이승기,담여울역:수지,조관웅역:이성재,담평준역:조성하,박태서역:유연석,박청조역:이유비,곤역:성준,구월령역:최진혁,윤서화역:이연희,소정법사역:김희원,천수련역:정혜영,자홍명역:윤세아,박무솔역:엄효섭,월선역:손승우,이순신역:유동근,마봉출역:조재윤,카게시마역:데이비드맥기니스,한노역:박주형,윤씨역:김희정,억만역:김기방,윤정윤역:이다윗,담이역:김보미,필목역:송영규,공달선생역:이도경"
20200611,JTBC,123838,134908,쌍갑포차,,7회,전국,011030,드라마&영화,드라마,미니시리즈,0.68179,0.64835,0.14735,0.3226,0.50101,0.6162,0.30912,0.4267,0.39372,0.46813,1.06584,0.95582,0.87018,0.47236,"월주역:황정음,한강배역:육성재,귀반장역:최원영,염부장역:이준혁,강여린역:정다은,최진동역:안태환,송미란역:박하나,박대리역:박주형,김원형역:나인우"
20200611,JTBC,213619,224620,쌍갑포차,,8회,전국,011001,드라마&영화,드라마,미니시리즈,0.4406,0.78176,1.03071,0.53121,1.147,2.43799,1.26048,0,1.04858,1.46161,0.62168,3.34278,3.56341,1.44419,"월주역:황정음,한강배역:육성재,귀반장역:최원영,염부장역:이준혁,강여린역:정다은,최진동역:안태환,송미란역:박하나,박대리역:박주형,김원형역:나인우"
20200611,tvN,022745,040604,슬기로운감빵생활,,13회,전국,013819,드라마&영화,드라마,미니시리즈,0,0.45243,0.06216,0.3966,0.40428,0.27407,0.06048,0,0,0,0.11095,0.5018,0.36924,0.48231,"제혁역:박해수,준호역:정경호,지호역:정수정,제희역:임화영,준돌역:김경남,조주임역:성동일,법자역:김성철,명교수역:정재성,건달역:이호철,똘마니역:안창환,장기수역:최무성,문래동카이스트역:박호산,장발장역:강승윤,고박사역:정민성,한양역:이규형,유대위역:정해인,팽부장역:정웅인,점박이역:최성원,교도소장역:안상우,나과장역:박형수,송담당역:강기둥,한양엄마역:염혜란,유정민역:정문성,김은수역:김지민,송지원역:김준한"
20200611,tvN,042248,054247,슬기로운감빵생활,,14회,전국,011959,드라마&영화,드라마,미니시리즈,0,0.44338,0.01795,0.09833,0.0054,0.26205,0.10627,0,0,0.01503,0.01733,0.36005,0.39993,0.4796,"제혁역:박해수,준호역:정경호,지호역:정수정,제희역:임화영,준돌역:김경남,조주임역:성동일,법자역:김성철,명교수역:정재성,건달역:이호철,똘마니역:안창환,장기수역:최무성,문래동카이스트역:박호산,장발장역:강승윤,고박사역:정민성,한양역:이규형,유대위역:정해인,팽부장역:정웅인,점박이역:최성원,교도소장역:안상우,나과장역:박형수,송담당역:강기둥,한양엄마역:염혜란,유정민역:정문성,김은수역:김지민,송지원역:김준한"
20200611,tvN,061046,074123,슬기로운의사생활,,8회,전국,013037,드라마&영화,드라마,미니시리즈,0.04018,0.12605,0.00975,0.13071,0.15997,0.12675,0.25563,0,0.0363,0.22332,0.06226,0.55799,0.18957,0.2892,"이익준역:조정석,안정원역:유연석,김준완역:정경호,양석형역:김대명,채송화역:전미도,정로사역:김해숙,주종수역:김갑수,도재학역:정문성,용석민역:문태유,장겨울역:신현빈,안치홍역:김준한,봉광현역:최영준,추민하역:안은진,허선빈역:하윤경,명은원역:김혜인,장윤복역:조이현,장홍도역:배현성,송수빈역:김수진,소이현역:윤혜리,배준희역:신도현,주전역:조승연,황재신역:양조아,이우주역:김준,민기준역:서진원,종세혁역:전광진,이영하역:이노아,김재환역:이달,국해성역:이혜은,함덕주역:김비비,한현희역:이지원,한승주역:김지성,은선진역:설유진,이익순역:곽선영,조영혜역:문희경,양태양역:남명렬,김태연역:이소윤,천명태역:최영우,선우희수역:박한솔,장겨울남동생역:박정우,고아라역:고아라"
20200611,tvN,075735,091620,슬기로운의사생활,,9회,전국,011845,드라마&영화,드라마,미니시리즈,0.24783,0.36786,0.08953,0.24599,0.80559,0.45991,0.15553,0.10636,0.21411,0.22726,0.43321,1.17636,0.35947,0.31222,"이익준역:조정석,안정원역:유연석,김준완역:정경호,양석형역:김대명,채송화역:전미도,정로사역:김해숙,주종수역:김갑수,도재학역:정문성,용석민역:문태유,장겨울역:신현빈,안치홍역:김준한,봉광현역:최영준,추민하역:안은진,허선빈역:하윤경,명은원역:김혜인,장윤복역:조이현,장홍도역:배현성,송수빈역:김수진,소이현역:윤혜리,배준희역:신도현,주전역:조승연,황재신역:양조아,이우주역:김준,민기준역:서진원,종세혁역:전광진,이영하역:이노아,김재환역:이달,국해성역:이혜은,함덕주역:김비비,한현희역:이지원,한승주역:김지성,은선진역:설유진,이익순역:곽선영,조영혜역:문희경,양태양역:남명렬,김태연역:이소윤,천명태역:최영우,선우희수역:박한솔,장겨울남동생역:박정우,고아라역:고아라"
20200611,tvN,093338,110746,슬기로운의사생활,,10회,전국,013408,드라마&영화,드라마,미니시리즈,0.41244,0.43463,0.18601,0.75805,1.12017,0.76481,0.05845,0.04237,0.23661,0.54447,0.83481,1.88891,0.68229,0.45077,"이익준역:조정석,안정원역:유연석,김준완역:정경호,양석형역:김대명,채송화역:전미도,정로사역:김해숙,주종수역:김갑수,도재학역:정문성,용석민역:문태유,장겨울역:신현빈,안치홍역:김준한,봉광현역:최영준,추민하역:안은진,허선빈역:하윤경,명은원역:김혜인,장윤복역:조이현,장홍도역:배현성,송수빈역:김수진,소이현역:윤혜리,배준희역:신도현,주전역:조승연,황재신역:양조아,이우주역:김준,민기준역:서진원,종세혁역:전광진,이영하역:이노아,김재환역:이달,국해성역:이혜은,함덕주역:김비비,한현희역:이지원,한승주역:김지성,은선진역:설유진,이익순역:곽선영,조영혜역:문희경,양태양역:남명렬,김태연역:이소윤,천명태역:최영우,선우희수역:박한솔,장겨울남동생역:박정우,고아라역:고아라"
20200611,tvN,124507,135714,오마이베이비,,9회,전국,011207,드라마&영화,드라마,미니시리즈,0,0,0.01931,0.02639,0.34428,0.40838,0.07368,0,0.5476,0.20508,0.35075,0.90275,0.16688,0.1228,"장하리역:장나라,한이상역:고준,윤재영역:박병은,최강으뜸역:정건주,이옥란역:김혜옥,남수철역:조희봉,김은영역:이미도,김철중역:유승목,주승태역:전진기,박연호역:백승희,최효주역:박수영,주선생역:문현정,심정화역:김재화,이소윤역:정라엘,이옥희역:김예령,박재한역:이한위,김상희역:손화령,순남역:이주실,조회장역:장광,조아저씨역:최홍일,강효주역:전혜빈"
20200611,tvN,224956,235859,오마이베이비,,10회,전국,010903,드라마&영화,드라마,미니시리즈,0.35723,0.43303,0.395,1.44964,0.90671,1.44581,0.4104,0.56091,0.21996,0.50383,2.47409,3.64525,1.49894,0.86784,"장하리역:장나라,한이상역:고준,윤재영역:박병은,최강으뜸역:정건주,이옥란역:김혜옥,남수철역:조희봉,김은영역:이미도,김철중역:유승목,주승태역:전진기,박연호역:백승희,최효주역:박수영,주선생역:문현정,심정화역:김재화,이소윤역:정라엘,이옥희역:김예령,박재한역:이한위,김상희역:손화령,순남역:이주실,조회장역:장광,조아저씨역:최홍일,강효주역:전혜빈"
20200611,국방TV,210035,212743,바람은불어도,,93회,전국,002708,드라마&영화,드라마,미니시리즈,0,0,0.01925,0,0.01541,0.00466,0,0,0,0.0158,0.00842,0.03508,0.00442,0,"최수종,유호정,윤손하,송나영,송기윤,나문희"
20200611,국방TV,213034,215635,바람은불어도,,94회,전국,002601,드라마&영화,드라마,미니시리즈,0,0,0,0,0,0.02277,0.00996,0,0,0,0,0,0.00643,0,"최수종,유호정,윤손하,송나영,송기윤,나문희"
20200611,국방TV,240035,242743,바람은불어도,,93회,전국,002708,드라마&영화,드라마,미니시리즈,0,0,0,0,0,0,0,0,0,0,0,0,0.00509,0,"최수종,유호정,윤손하,송나영,송기윤,나문희"
20200611,국방TV,243034,245635,바람은불어도,,94회,전국,002601,드라마&영화,드라마,미니시리즈,0,0,0,0,0,0,0,0,0,0,0,0,0,0,"최수종,유호정,윤손하,송나영,송기윤,나문희"
20200611,국방TV,250035,252335,바람은불어도,,95회,전국,002300,드라마&영화,드라마,미니시리즈,0,0,0,0,0,0,0,0,0,0,0,0,0.00976,0.00914,"최수종,유호정,윤손하,송나영,송기윤,나문희"
20200611,국방TV,253037,255621,바람은불어도,,96회,전국,002544,드라마&영화,드라마,미니시리즈,0,0,0,0.00984,0,0,0,0,0,0,0,0,0,0,"최수종,유호정,윤손하,송나영,송기윤,나문희"
20200611,AsiaUHD,030051,041536,위대한이야기,,7회,전국,011445,드라마&영화,드라마,주말연속극,0,0,0,0,0,0,0,0,0,0,0,0,0,0,"이난영역:소유진,김시스터즈숙자역:정다은,김시스터즈애자역:최배영,김시스터즈민자역:허은정,상준역:김영재,영자역:임수향,경아역:임세미,김일역:문원주,안토니오이노키역:지건우,역:도산역:조경훈,강호역:홍경인,상준역:이유준,박신자역:김단비,이주일역:박영수,최대표역:윤기원,박종환역:백도빈,아내역:김난휘,할매역:이미지,박여사역:전미선,찬영역:도지한,연지역:이가원,근창역:최일화,미영역:김정연,봉순역:임성언,남숙역:황화순,순옥역:박순천,창만역:이영범,민수역:서준영,성철역:손병호,지호역:김수호,아내역:정윤서"
20200611,AsiaUHD,043017,054534,위대한이야기,,8회,전국,011517,드라마&영화,드라마,주말연속극,0,0,0,0,0,0,0,0,0,0,0,0,0,0,"이난영역:소유진,김시스터즈숙자역:정다은,김시스터즈애자역:최배영,김시스터즈민자역:허은정,상준역:김영재,영자역:임수향,경아역:임세미,김일역:문원주,안토니오이노키역:지건우,역:도산역:조경훈,강호역:홍경인,상준역:이유준,박신자역:김단비,이주일역:박영수,최대표역:윤기원,박종환역:백도빈,아내역:김난휘,할매역:이미지,박여사역:전미선,찬영역:도지한,연지역:이가원,근창역:최일화,미영역:김정연,봉순역:임성언,남숙역:황화순,순옥역:박순천,창만역:이영범,민수역:서준영,성철역:손병호,지호역:김수호,아내역:정윤서"
20200611,AXN,074849,085137,내딸서영이,,49회,전국,010248,드라마&영화,드라마,주말연속극,0,0.08604,0,0,0.33575,0.23269,0.20976,0.1552,0,0.01664,0.23441,0.20821,0.03447,0.19011,"이서영역:이보영,강우재역:이상윤,이삼재역:천호진,이상우역:박해진,강미경역:박정아,최호정역:최윤영,강기범역:최정우,차지선역:김혜옥,강성재역:이정신,최민석역:홍요섭,김강순역:송옥숙,최경호역:심형탁,윤소미역:조은숙,정선우역:장희진,이연희역:민영원,고승찬역:곽승남,재희역:주아성,서은수역:설현,서영모역:김민경,만세역:권율,방심덕역:이일화,아이돌배우역:양요섭,호태역:남태부,배영택역:전노민,음악학원원장역:전태관,성태역:조동혁"
20200611,AXN,091229,101456,내딸서영이,,50회,전국,010227,드라마&영화,드라마,주말연속극,0,0,0,0,0.39597,0.27995,0.28527,0,0,0.18003,0.13745,0.16318,0.14816,0.23203,"이서영역:이보영,강우재역:이상윤,이삼재역:천호진,이상우역:박해진,강미경역:박정아,최호정역:최윤영,강기범역:최정우,차지선역:김혜옥,강성재역:이정신,최민석역:홍요섭,김강순역:송옥숙,최경호역:심형탁,윤소미역:조은숙,정선우역:장희진,이연희역:민영원,고승찬역:곽승남,재희역:주아성,서은수역:설현,서영모역:김민경,만세역:권율,방심덕역:이일화,아이돌배우역:양요섭,호태역:남태부,배영택역:전노민,음악학원원장역:전태관,성태역:조동혁"
20200611,AXN,134000,144317,내딸서영이,,49회,전국,010317,드라마&영화,드라마,주말연속극,0.00689,0,0,0,0,0.00507,0.20673,0,0.01381,0,0.03687,0.00791,0.15385,0.3281,"이서영역:이보영,강우재역:이상윤,이삼재역:천호진,이상우역:박해진,강미경역:박정아,최호정역:최윤영,강기범역:최정우,차지선역:김혜옥,강성재역:이정신,최민석역:홍요섭,김강순역:송옥숙,최경호역:심형탁,윤소미역:조은숙,정선우역:장희진,이연희역:민영원,고승찬역:곽승남,재희역:주아성,서은수역:설현,서영모역:김민경,만세역:권율,방심덕역:이일화,아이돌배우역:양요섭,호태역:남태부,배영택역:전노민,음악학원원장역:전태관,성태역:조동혁"
20200611,AXN,150044,160343,내딸서영이,,50회,전국,010259,드라마&영화,드라마,주말연속극,0,0,0,0,0,0.0338,0.39198,0,0,0,0.00436,0,0.07726,0.47323,"이서영역:이보영,강우재역:이상윤,이삼재역:천호진,이상우역:박해진,강미경역:박정아,최호정역:최윤영,강기범역:최정우,차지선역:김혜옥,강성재역:이정신,최민석역:홍요섭,김강순역:송옥숙,최경호역:심형탁,윤소미역:조은숙,정선우역:장희진,이연희역:민영원,고승찬역:곽승남,재희역:주아성,서은수역:설현,서영모역:김민경,만세역:권율,방심덕역:이일화,아이돌배우역:양요섭,호태역:남태부,배영택역:전노민,음악학원원장역:전태관,성태역:조동혁"
20200611,AXN,212419,222809,내딸서영이,,49회,전국,010350,드라마&영화,드라마,주말연속극,0,0,0,0.11092,0.0213,0.19992,0.19835,0,0.0559,0,0,0.05516,0.09789,0.14426,"이서영역:이보영,강우재역:이상윤,이삼재역:천호진,이상우역:박해진,강미경역:박정아,최호정역:최윤영,강기범역:최정우,차지선역:김혜옥,강성재역:이정신,최민석역:홍요섭,김강순역:송옥숙,최경호역:심형탁,윤소미역:조은숙,정선우역:장희진,이연희역:민영원,고승찬역:곽승남,재희역:주아성,서은수역:설현,서영모역:김민경,만세역:권율,방심덕역:이일화,아이돌배우역:양요섭,호태역:남태부,배영택역:전노민,음악학원원장역:전태관,성태역:조동혁"
20200611,AXN,224239,234623,내딸서영이,,50회,전국,010344,드라마&영화,드라마,주말연속극,0,0,0,0,0,0.22535,0.27043,0,0,0,0,0.00092,0.11602,0.24126,"이서영역:이보영,강우재역:이상윤,이삼재역:천호진,이상우역:박해진,강미경역:박정아,최호정역:최윤영,강기범역:최정우,차지선역:김혜옥,강성재역:이정신,최민석역:홍요섭,김강순역:송옥숙,최경호역:심형탁,윤소미역:조은숙,정선우역:장희진,이연희역:민영원,고승찬역:곽승남,재희역:주아성,서은수역:설현,서영모역:김민경,만세역:권율,방심덕역:이일화,아이돌배우역:양요섭,호태역:남태부,배영택역:전노민,음악학원원장역:전태관,성태역:조동혁"
20200611,CHING,020000,022446,이산,,11회,전국,002446,드라마&영화,드라마,주간연속극,0,0,0,0,0,0,0.11602,0,0,0,0,0,0.02753,0,"정조이산역:이서진,성송연역:한지민,영조역:이순재,정순왕후역:김여진,화완옹주역:성현아,정후겸역:조연우,박대수역:이종수,효의왕후역:박은혜,혜경궁홍씨역:견미리,사도세자역:이창훈,홍국영역:한상진,최석주역:조경환,채제공역:한인수,정약용역:송창의,장태우역:이재용,민주식역:정호근,박제가역:정재곤,남사초역:맹상훈,박달호역:이희도,김정금상궁역:김소이,강미비상궁역:이숙,원빈홍씨역:지성원,화빈윤씨역:유연지,박영문역:신국,초비역:이도은,이천역:지상렬,탁지수역:유민혁,이산어린시절역:박지빈,성송연어린시절역:이한나,박대수어린시절역:권오민,정후겸어린시절역:이인성"
20200611,CHING,024237,034434,이산,,12회,전국,010157,드라마&영화,드라마,주간연속극,0.013,0,0,0.05577,0,0.0277,0.08628,0.00986,0,0,0.02613,0.00349,0.00244,0.00226,"정조이산역:이서진,성송연역:한지민,영조역:이순재,정순왕후역:김여진,화완옹주역:성현아,정후겸역:조연우,박대수역:이종수,효의왕후역:박은혜,혜경궁홍씨역:견미리,사도세자역:이창훈,홍국영역:한상진,최석주역:조경환,채제공역:한인수,정약용역:송창의,장태우역:이재용,민주식역:정호근,박제가역:정재곤,남사초역:맹상훈,박달호역:이희도,김정금상궁역:김소이,강미비상궁역:이숙,원빈홍씨역:지성원,화빈윤씨역:유연지,박영문역:신국,초비역:이도은,이천역:지상렬,탁지수역:유민혁,이산어린시절역:박지빈,성송연어린시절역:이한나,박대수어린시절역:권오민,정후겸어린시절역:이인성"
20200611,CHING,084100,094644,이산,,13회,전국,010544,드라마&영화,드라마,주간연속극,0,0,0,0,0,0.00692,0.03569,0,0,0,0,0,0.0557,0.05921,"정조이산역:이서진,성송연역:한지민,영조역:이순재,정순왕후역:김여진,화완옹주역:성현아,정후겸역:조연우,박대수역:이종수,효의왕후역:박은혜,혜경궁홍씨역:견미리,사도세자역:이창훈,홍국영역:한상진,최석주역:조경환,채제공역:한인수,정약용역:송창의,장태우역:이재용,민주식역:정호근,박제가역:정재곤,남사초역:맹상훈,박달호역:이희도,김정금상궁역:김소이,강미비상궁역:이숙,원빈홍씨역:지성원,화빈윤씨역:유연지,박영문역:신국,초비역:이도은,이천역:지상렬,탁지수역:유민혁,이산어린시절역:박지빈,성송연어린시절역:이한나,박대수어린시절역:권오민,정후겸어린시절역:이인성"
20200611,CHING,095817,110532,이산,,14회,전국,010715,드라마&영화,드라마,주간연속극,0,0,0,0,0,0.16511,0.23245,0,0,0,0,0,0.23545,0.2365,"정조이산역:이서진,성송연역:한지민,영조역:이순재,정순왕후역:김여진,화완옹주역:성현아,정후겸역:조연우,박대수역:이종수,효의왕후역:박은혜,혜경궁홍씨역:견미리,사도세자역:이창훈,홍국영역:한상진,최석주역:조경환,채제공역:한인수,정약용역:송창의,장태우역:이재용,민주식역:정호근,박제가역:정재곤,남사초역:맹상훈,박달호역:이희도,김정금상궁역:김소이,강미비상궁역:이숙,원빈홍씨역:지성원,화빈윤씨역:유연지,박영문역:신국,초비역:이도은,이천역:지상렬,탁지수역:유민혁,이산어린시절역:박지빈,성송연어린시절역:이한나,박대수어린시절역:권오민,정후겸어린시절역:이인성"
20200611,CHING,144100,151230,인어아가씨,,73회,전국,003130,드라마&영화,드라마,주간연속극,0.47768,0,0,0.12516,0,0,0.01549,0,0,0,0.09498,0,0,0,"은아리영역:장서희,한경혜역:정영숙,은진섭역:박근형,심수정역:한혜숙,은예영역:우희진,이주왕역:김성민,이성수역:김병기,금옥선역:사미자,금실라역:김용림,조수아역:고두심,마마준역:정보석,마마린역:이재은"
20200611,CHING,151341,154453,인어아가씨,,74회,전국,003112,드라마&영화,드라마,주간연속극,0.71033,0,0,0.15404,0.03324,0.00988,0.01451,0.07735,0,0,0.14886,0.01099,0,0.00533,"은아리영역:장서희,한경혜역:정영숙,은진섭역:박근형,심수정역:한혜숙,은예영역:우희진,이주왕역:김성민,이성수역:김병기,금옥선역:사미자,금실라역:김용림,조수아역:고두심,마마준역:정보석,마마린역:이재은"
20200611,CHING,155635,162731,인어아가씨,,75회,전국,003056,드라마&영화,드라마,주간연속극,0.58791,0,0,0.15404,0,0.00593,0,0,0,0,0.1169,0.00659,0,0,"은아리영역:장서희,한경혜역:정영숙,은진섭역:박근형,심수정역:한혜숙,은예영역:우희진,이주왕역:김성민,이성수역:김병기,금옥선역:사미자,금실라역:김용림,조수아역:고두심,마마준역:정보석,마마린역:이재은"
20200611,CHING,162842,170103,인어아가씨,,76회,전국,003221,드라마&영화,드라마,주간연속극,0.58791,0,0,0.15404,0,0,0.00669,0,0,0,0.1169,0,0,0.00822,"은아리영역:장서희,한경혜역:정영숙,은진섭역:박근형,심수정역:한혜숙,은예영역:우희진,이주왕역:김성민,이성수역:김병기,금옥선역:사미자,금실라역:김용림,조수아역:고두심,마마준역:정보석,마마린역:이재은"
20200611,CHING,171231,181815,이산,,13회,전국,010544,드라마&영화,드라마,주간연속극,0.59837,0,0,0.15774,0,0.00371,0.13879,0,0,0,0.29926,0,0.00432,0.04218,"정조이산역:이서진,성송연역:한지민,영조역:이순재,정순왕후역:김여진,화완옹주역:성현아,정후겸역:조연우,박대수역:이종수,효의왕후역:박은혜,혜경궁홍씨역:견미리,사도세자역:이창훈,홍국영역:한상진,최석주역:조경환,채제공역:한인수,정약용역:송창의,장태우역:이재용,민주식역:정호근,박제가역:정재곤,남사초역:맹상훈,박달호역:이희도,김정금상궁역:김소이,강미비상궁역:이숙,원빈홍씨역:지성원,화빈윤씨역:유연지,박영문역:신국,초비역:이도은,이천역:지상렬,탁지수역:유민혁,이산어린시절역:박지빈,성송연어린시절역:이한나,박대수어린시절역:권오민,정후겸어린시절역:이인성"
20200611,CHING,183101,193815,이산,,14회,전국,010714,드라마&영화,드라마,주간연속극,0.06142,0,0,0.01609,0.1853,0,0.06718,0,0,0,0.01221,0,0.05726,0.02877,"정조이산역:이서진,성송연역:한지민,영조역:이순재,정순왕후역:김여진,화완옹주역:성현아,정후겸역:조연우,박대수역:이종수,효의왕후역:박은혜,혜경궁홍씨역:견미리,사도세자역:이창훈,홍국영역:한상진,최석주역:조경환,채제공역:한인수,정약용역:송창의,장태우역:이재용,민주식역:정호근,박제가역:정재곤,남사초역:맹상훈,박달호역:이희도,김정금상궁역:김소이,강미비상궁역:이숙,원빈홍씨역:지성원,화빈윤씨역:유연지,박영문역:신국,초비역:이도은,이천역:지상렬,탁지수역:유민혁,이산어린시절역:박지빈,성송연어린시절역:이한나,박대수어린시절역:권오민,정후겸어린시절역:이인성"
20200611,CHING,230757,233927,인어아가씨,,73회,전국,003130,드라마&영화,드라마,주간연속극,0,0.10772,0,0,0.04491,0,0.10838,0,0.06552,0,0,0.05283,0,0.00153,"은아리영역:장서희,한경혜역:정영숙,은진섭역:박근형,심수정역:한혜숙,은예영역:우희진,이주왕역:김성민,이성수역:김병기,금옥선역:사미자,금실라역:김용림,조수아역:고두심,마마준역:정보석,마마린역:이재은"
20200611,CHING,234038,241150,인어아가씨,,74회,전국,003112,드라마&영화,드라마,주간연속극,0,0,0,0,0,0.00592,0.22601,0,0,0,0,0,0.00479,0.00436,"은아리영역:장서희,한경혜역:정영숙,은진섭역:박근형,심수정역:한혜숙,은예영역:우희진,이주왕역:김성민,이성수역:김병기,금옥선역:사미자,금실라역:김용림,조수아역:고두심,마마준역:정보석,마마린역:이재은"
20200611,CHING,242132,245229,인어아가씨,,75회,전국,003057,드라마&영화,드라마,주간연속극,0,0,0,0,0.02864,0,0.10731,0,0,0,0,0,0.00749,0.01942,"은아리영역:장서희,한경혜역:정영숙,은진섭역:박근형,심수정역:한혜숙,은예영역:우희진,이주왕역:김성민,이성수역:김병기,금옥선역:사미자,금실라역:김용림,조수아역:고두심,마마준역:정보석,마마린역:이재은"
20200611,CHING,245340,252600,인어아가씨,,76회,전국,003220,드라마&영화,드라마,주간연속극,0,0.05862,0,0,0.02788,0,0.11456,0,0,0,0,0.32706,0.00702,0.00277,"은아리영역:장서희,한경혜역:정영숙,은진섭역:박근형,심수정역:한혜숙,은예영역:우희진,이주왕역:김성민,이성수역:김병기,금옥선역:사미자,금실라역:김용림,조수아역:고두심,마마준역:정보석,마마린역:이재은"
20200611,CHING,253523,255959,이산,,13회,전국,002436,드라마&영화,드라마,주간연속극,0,0,0,0,0,0,0.12009,0,0,0,0,0.1573,0,0,"정조이산역:이서진,성송연역:한지민,영조역:이순재,정순왕후역:김여진,화완옹주역:성현아,정후겸역:조연우,박대수역:이종수,효의왕후역:박은혜,혜경궁홍씨역:견미리,사도세자역:이창훈,홍국영역:한상진,최석주역:조경환,채제공역:한인수,정약용역:송창의,장태우역:이재용,민주식역:정호근,박제가역:정재곤,남사초역:맹상훈,박달호역:이희도,김정금상궁역:김소이,강미비상궁역:이숙,원빈홍씨역:지성원,화빈윤씨역:유연지,박영문역:신국,초비역:이도은,이천역:지상렬,탁지수역:유민혁,이산어린시절역:박지빈,성송연어린시절역:이한나,박대수어린시절역:권오민,정후겸어린시절역:이인성"
20200611,CNTV,031912,040334,녹두꽃,,5회,전국,004422,드라마&영화,드라마,미니시리즈,0,0,0,0.02985,0,0,0.00129,0,0.01602,0,0.05268,0.00739,0,0.12457,"백이강역:조정석,백이현역:윤시윤,송자인역:한예리,전봉준역:최무성,백가역:박혁권,최덕기역:김상호,황석주역:최원영,채씨역:황영희,백이화역:백은혜,유월이역:서영희,남서방역:정선철,최경선역:민성욱,해승역:안길강,버들이역:노행하,번개역:병헌,동록개역:정규수,김가역:박지환,김개남역:김정호,손화중역:홍우진,송희옥역:이태검,황명심역:박규영,홍가역:조희봉,억쇠역:조현식,철두역:김도연,박원명역:김하균,송봉길역:박지일,김당손역:문원주,김문현역:이순원,김학진역:남문철,홍계훈역:윤서현,이규태역:손우현,이두황역:서종봉,대원군역:전국환,민비역:김지현,고종역:이윤건,조병갑역:장광,이용태역:이정헌,최시형역:전무송,다케다요스케역:이기찬,김홍집역:황만익"
20200611,CNTV,040359,041755,녹두꽃,,6회,전국,001356,드라마&영화,드라마,미니시리즈,0,0,0,0,0.00508,0.06983,0,0,0,0,0,0.11632,0.04793,0.12327,"백이강역:조정석,백이현역:윤시윤,송자인역:한예리,전봉준역:최무성,백가역:박혁권,최덕기역:김상호,황석주역:최원영,채씨역:황영희,백이화역:백은혜,유월이역:서영희,남서방역:정선철,최경선역:민성욱,해승역:안길강,버들이역:노행하,번개역:병헌,동록개역:정규수,김가역:박지환,김개남역:김정호,손화중역:홍우진,송희옥역:이태검,황명심역:박규영,홍가역:조희봉,억쇠역:조현식,철두역:김도연,박원명역:김하균,송봉길역:박지일,김당손역:문원주,김문현역:이순원,김학진역:남문철,홍계훈역:윤서현,이규태역:손우현,이두황역:서종봉,대원군역:전국환,민비역:김지현,고종역:이윤건,조병갑역:장광,이용태역:이정헌,최시형역:전무송,다케다요스케역:이기찬,김홍집역:황만익"
20200611,CNTV,060735,065739,용의눈물,,71회,전국,005004,드라마&영화,드라마,주간연속극,0.01612,0,0.0065,0.00457,0,0.02709,0.17707,0.01222,0,0.00159,0.00547,0.21531,0.03679,0.10402,"유동근,최명길,이민우,안재모,김무생,김혜리"
20200611,CNTV,071147,075835,용의눈물,,72회,전국,004648,드라마&영화,드라마,주간연속극,0.08577,0,0,0,0,0.00745,0.10519,0.06501,0,0,0.01127,0.01768,0.00798,0.12812,"유동근,최명길,이민우,안재모,김무생,김혜리"
20200611,CNTV,092510,103102,자이언트,,42회,전국,010552,드라마&영화,드라마,주간연속극,0,0,0,0.31743,0.15497,0.01393,0.29891,0,0,0,0.16153,0.09621,0.08292,0.08375,"이강모역:이범수,황정연역:박진희,조민우역:주상욱,이성모역:박상민,이미주역:황정음,조필연역:정보석,황태섭역:이덕화,박소태역:이문식,유경옥역:김서형,염재수역:유형관,황정식역:김정현,한명석역:이효정,오병탁역:김학철,이성모어린시절역:김수현,조민우어린시절역:노영학,이미주어린시절역:박하영,황정연어린시절역:남지현,이강모어린시절역:여진구,민홍기역:이기영,백파역:임혁,말죽거리파두목역:최민,홍기표역:손병호,염시덕역:신승환,이복자역:한경선,염경자역:최하나,남영출역:송경철,오남숙역:문희경,주영국역:장순국,문성중역:이승형,양명자역:홍여진,고재춘역:윤용현,유찬성역:황택하,윤기훈역:임종윤,지연수역:유호린,천수연역:한다민,차부철역:김성오"
20200611,CNTV,105036,115246,야인시대,,45회,전국,010210,드라마&영화,드라마,주간연속극,0,0,0.03669,0.00539,0.15834,0.09952,0.40768,0,0,0.00382,0.05599,0.13161,0.08176,0.22976,"청년김두한역:안재모,소년김두한역:곽정욱,장년김두한역:김영철,장년정진영역:차광수,구마적역:이원종,쌍칼역:박준규,김무옥역:이혁재,문영철역:장세진,장년개코역:성동일,신마적역:최철호,하야시역:이창훈,가미소리역:이상인,시바루역:이세창,나미꼬역:이세은,시라소니역:조상구,최동열역:정동환,미와역:이재용,마루오까역:최재성,설향역:허영란,애란역:조여정,정운경역:심형탁,김좌진역:최동준,오숙근역:이덕희,박계숙역:전미선,원노인역:이순재,유진산역:이효정,이정재역:김영호,조병옥역:김학철,이화룡역:안승훈,청년개코역:이동훈,신영균역:윤용현,청년정진영역:김정민,김영태역:박영록,박인애역:정소영,이영숙역:이일화,김두한어린시절역:곽정욱"
20200611,CNTV,121104,130406,광개토태왕,,78회,전국,005302,드라마&영화,드라마,주말연속극,0,0,0.00773,0,0.26241,0.04794,0.88008,0,0.25837,0,0.01447,0.12301,0.25607,0.40229,"담덕역:이태곤,고운역:김승수,모용보역:임호,도영역:오지은,연살타역:홍경인,약연역:이인혜,고무역:김진태,고창역:남성진,모두영역:이원발,모두루역:임대호,모용수역:김동현,풍발역:정호근,개연수역:최동준,가라지역:오욱철,연도부역:반석진,계필역:선동혁,이영역:최상훈,담망역:정태우,이련역:송용태,고야역:이보희,담주역:조안,설도안역:김규철,설지역:김정화,마수역:고인범,여소이역:임병기,돌비수역:김정현,갈사무역:강신조,도광역:박승호,소모역:강지후,여문역:나주석,모용희역:조인표,거보역:김덕현,무갑역:유종근,여석개역:방형주,황회역:김명수,원봉역:박유승,하무지역:윤승원,사갈현역:김철기,아신역:박정철"
20200611,CNTV,132130,141212,용의눈물,,71회,전국,005042,드라마&영화,드라마,주간연속극,0.03361,0.01178,0,0.05822,0.01343,0.15527,0.29268,0.00748,0.01032,0,0.02213,0.00397,0.44261,0.33349,"유동근,최명길,이민우,안재모,김무생,김혜리"
20200611,CNTV,143009,151713,용의눈물,,72회,전국,004704,드라마&영화,드라마,주간연속극,0,0.02507,0,0.00181,0.15592,0.02292,0.52415,0,0,0.00899,0,0,0.13594,0.4685,"유동근,최명길,이민우,안재모,김무생,김혜리"
20200611,CNTV,153955,164603,자이언트,,42회,전국,010608,드라마&영화,드라마,주간연속극,0,0,0,0.03011,0,0.05552,0.39434,0.11288,0.00578,0.01059,0,0,0.16347,0.35254,"이강모역:이범수,황정연역:박진희,조민우역:주상욱,이성모역:박상민,이미주역:황정음,조필연역:정보석,황태섭역:이덕화,박소태역:이문식,유경옥역:김서형,염재수역:유형관,황정식역:김정현,한명석역:이효정,오병탁역:김학철,이성모어린시절역:김수현,조민우어린시절역:노영학,이미주어린시절역:박하영,황정연어린시절역:남지현,이강모어린시절역:여진구,민홍기역:이기영,백파역:임혁,말죽거리파두목역:최민,홍기표역:손병호,염시덕역:신승환,이복자역:한경선,염경자역:최하나,남영출역:송경철,오남숙역:문희경,주영국역:장순국,문성중역:이승형,양명자역:홍여진,고재춘역:윤용현,유찬성역:황택하,윤기훈역:임종윤,지연수역:유호린,천수연역:한다민,차부철역:김성오"
20200611,CNTV,170549,180801,야인시대,,45회,전국,010212,드라마&영화,드라마,주간연속극,0.01896,0,0.14778,0.08795,0.24263,0.13226,0.47312,0,0,0,0.0087,0.05944,0.03865,0.34467,"청년김두한역:안재모,소년김두한역:곽정욱,장년김두한역:김영철,장년정진영역:차광수,구마적역:이원종,쌍칼역:박준규,김무옥역:이혁재,문영철역:장세진,장년개코역:성동일,신마적역:최철호,하야시역:이창훈,가미소리역:이상인,시바루역:이세창,나미꼬역:이세은,시라소니역:조상구,최동열역:정동환,미와역:이재용,마루오까역:최재성,설향역:허영란,애란역:조여정,정운경역:심형탁,김좌진역:최동준,오숙근역:이덕희,박계숙역:전미선,원노인역:이순재,유진산역:이효정,이정재역:김영호,조병옥역:김학철,이화룡역:안승훈,청년개코역:이동훈,신영균역:윤용현,청년정진영역:김정민,김영태역:박영록,박인애역:정소영,이영숙역:이일화,김두한어린시절역:곽정욱"
20200611,CNTV,182612,191914,광개토태왕,,78회,전국,005302,드라마&영화,드라마,주말연속극,0.08182,0,0.31826,0.07468,0.00771,0.00101,0.23381,0,0,0.03242,0.03372,0.00448,0.1329,0.29109,"담덕역:이태곤,고운역:김승수,모용보역:임호,도영역:오지은,연살타역:홍경인,약연역:이인혜,고무역:김진태,고창역:남성진,모두영역:이원발,모두루역:임대호,모용수역:김동현,풍발역:정호근,개연수역:최동준,가라지역:오욱철,연도부역:반석진,계필역:선동혁,이영역:최상훈,담망역:정태우,이련역:송용태,고야역:이보희,담주역:조안,설도안역:김규철,설지역:김정화,마수역:고인범,여소이역:임병기,돌비수역:김정현,갈사무역:강신조,도광역:박승호,소모역:강지후,여문역:나주석,모용희역:조인표,거보역:김덕현,무갑역:유종근,여석개역:방형주,황회역:김명수,원봉역:박유승,하무지역:윤승원,사갈현역:김철기,아신역:박정철"
20200611,CNTV,193713,202741,용의눈물,,71회,전국,005028,드라마&영화,드라마,주간연속극,0.0573,0,0,0.0022,0.02425,0.02947,0.25713,0.05642,0,0.01041,0.02331,0.00086,0.0284,0.23761,"유동근,최명길,이민우,안재모,김무생,김혜리"
20200611,CNTV,204620,213324,용의눈물,,72회,전국,004704,드라마&영화,드라마,주간연속극,0,0.00289,0,0.09012,0.0905,0.00224,0.20448,0.1035,0.00968,0.00493,0.00332,0.06108,0,0.09144,"유동근,최명길,이민우,안재모,김무생,김혜리"
20200611,CNTV,215117,225639,자이언트,,42회,전국,010522,드라마&영화,드라마,주간연속극,0.0191,0.24008,0,0.04912,0.2144,0.00862,0.12805,0,0,0.14079,0.04493,0.22281,0.04356,0.15804,"이강모역:이범수,황정연역:박진희,조민우역:주상욱,이성모역:박상민,이미주역:황정음,조필연역:정보석,황태섭역:이덕화,박소태역:이문식,유경옥역:김서형,염재수역:유형관,황정식역:김정현,한명석역:이효정,오병탁역:김학철,이성모어린시절역:김수현,조민우어린시절역:노영학,이미주어린시절역:박하영,황정연어린시절역:남지현,이강모어린시절역:여진구,민홍기역:이기영,백파역:임혁,말죽거리파두목역:최민,홍기표역:손병호,염시덕역:신승환,이복자역:한경선,염경자역:최하나,남영출역:송경철,오남숙역:문희경,주영국역:장순국,문성중역:이승형,양명자역:홍여진,고재춘역:윤용현,유찬성역:황택하,윤기훈역:임종윤,지연수역:유호린,천수연역:한다민,차부철역:김성오"
20200611,CNTV,231446,241626,야인시대,,45회,전국,010140,드라마&영화,드라마,주간연속극,0,0,0.07603,0.0167,0,0.03661,0.11561,0,0,0.08455,0.01068,0.02625,0.0078,0.03226,"청년김두한역:안재모,소년김두한역:곽정욱,장년김두한역:김영철,장년정진영역:차광수,구마적역:이원종,쌍칼역:박준규,김무옥역:이혁재,문영철역:장세진,장년개코역:성동일,신마적역:최철호,하야시역:이창훈,가미소리역:이상인,시바루역:이세창,나미꼬역:이세은,시라소니역:조상구,최동열역:정동환,미와역:이재용,마루오까역:최재성,설향역:허영란,애란역:조여정,정운경역:심형탁,김좌진역:최동준,오숙근역:이덕희,박계숙역:전미선,원노인역:이순재,유진산역:이효정,이정재역:김영호,조병옥역:김학철,이화룡역:안승훈,청년개코역:이동훈,신영균역:윤용현,청년정진영역:김정민,김영태역:박영록,박인애역:정소영,이영숙역:이일화,김두한어린시절역:곽정욱"
20200611,CNTV,243016,252304,광개토태왕,,78회,전국,005248,드라마&영화,드라마,주말연속극,0,0,0,0.06635,0,0.42003,0.37502,0,0.02159,0,0.01381,0.4163,0.0617,0.20448,"담덕역:이태곤,고운역:김승수,모용보역:임호,도영역:오지은,연살타역:홍경인,약연역:이인혜,고무역:김진태,고창역:남성진,모두영역:이원발,모두루역:임대호,모용수역:김동현,풍발역:정호근,개연수역:최동준,가라지역:오욱철,연도부역:반석진,계필역:선동혁,이영역:최상훈,담망역:정태우,이련역:송용태,고야역:이보희,담주역:조안,설도안역:김규철,설지역:김정화,마수역:고인범,여소이역:임병기,돌비수역:김정현,갈사무역:강신조,도광역:박승호,소모역:강지후,여문역:나주석,모용희역:조인표,거보역:김덕현,무갑역:유종근,여석개역:방형주,황회역:김명수,원봉역:박유승,하무지역:윤승원,사갈현역:김철기,아신역:박정철"
20200611,DRAMAcube,051702,061715,시크릿부티크,,11회,전국,010013,드라마&영화,드라마,미니시리즈,0,0,0.00633,0.0082,0.04064,0.03513,0.02981,0,0,0.04076,0,0,0.0596,0.00889,"제니장역:김선아,김여옥역:장미희,위예남역:박희본,이현지역:고민시,윤선우역:김재영,위정혁역:김태훈,위예은역:류원,차승재역:류승수,황집사역:한정수,미세스왕역:김영아,위동섭역:여무영,운산스님역:박병호,도준섭역:김법래,오태석역:주석태,이주호역:장률,박주현역:장영남,김미진역:윤지인,예준역:최동화,조양오역:임철형,이상훈역:정욱진,윤혜라역:송지우,장도윤역:박재준,우선정역:박성연,어린도영역:박서경,18세도영역:정다은,18세예남역:조민아,20세정혁역:김성현,어린선우역:이시우"
20200611,DRAMAcube,062011,072217,배가본드,,4회,전국,010206,드라마&영화,드라마,미니시리즈,0.13003,0,0,0.06453,0,0.02354,0.0252,0.09856,0.00688,0.00859,0.06371,0,0.05341,0.00585,"차달건역:이승기,고해리역:배수지,기태웅역:신성록,제시카리역:문정희,정국표역:백윤식,홍순조역:문성근,에드워드박역:이경영,강주철역:이기영,윤한기역:김민종,민재식역:정만식,공화숙역:황보라,박만영역:최광일,안기동역:김종수,김세훈역:신승환,한기수역:김민서,미키역:류원,홍승범역:김정현,릴리역:박아인,박광덕역:고규필,제롬역:유태오,김우기역:장혁진,오상미역:강경헌,김도수역:최대철"
20200611,DRAMAcube,143912,154531,굿캐스팅,,12회,전국,010619,드라마&영화,드라마,미니시리즈,0,0,0,0,0.06968,0.08585,0.13206,0,0,0,0,0.01973,0.0097,0.28612,"백찬미역:최강희,윤석호역:이상엽,임예은역:유인영,황미순역:김지영,강우원역:이준영,동관수역:이종혁,서국환역:정인기,배무혁역:박경순,간태희역:황보미,명계철역:우현,탁상기역:이상훈,옥철역:김용희,변우석역:허재호,구비서역:한수진,설영훈역:조영훈,심화란역:차수연,남봉만역:이승형,남주연역:김보윤,피철웅역:배진웅,권민석역:성혁,권소희역:노하연"
20200611,DramaH,101359,111503,바람과구름과비,,7회,전국,010104,드라마&영화,드라마,미니시리즈,0,0,0.01992,0.00596,0.00737,0.2714,0.11531,0,0,0.02594,0.01721,0,0.29584,0.16971,"최천중역:박시후,봉련역:고성희,흥선대원군이하응역:전광렬,채인규역:성혁,김병운역:김승수,김좌근역:차광수,나합역:윤아정,김병학역:한재영,조대비역:김보연,철종역:정욱,이하전역:이루,명성황후민자영역:박정연,고종이재황역:박상훈,용팔룡역:조복래,주모역:김주령,적도사진상역:한동규,팽구철역:노형욱,만석역:박노식,연치성역:임현수,반달역:왕빛나,임종사관역:허태희,최천중어린시절역:강태우,봉련어린시절역:홍승희,채인규어린시절역:최정우,상복역:허성태,민승호역:이해우,저자이병주,출판그림같은세상2020.08.28.,e북무료판매처 1건"
20200611,DramaH,113144,123556,영혼수선공,,11회,전국,010412,드라마&영화,드라마,미니시리즈,0,0,0,0.13713,0,0,0.0395,0,0,0.00912,0,0,0.01196,0.13504,"이시준역:신하균,한우주역:정소민,인동혁역:태인호,지영원역:박예진,공지선역:주민경,조인혜역:조경숙,오기태역:박수영,박대하역:정해균,이택경역:최정우,노우정역:안동구,강누리역:하영,임세찬역:장유상,공지희역:박한솔,장유미역:김가란,김영석역:김강민,송민수역:류시원"
20200611,DramaH,161817,171906,번외수사,,3회,전국,010049,드라마&영화,드라마,미니시리즈,0,0,0,0.00807,0,0.03584,0.00954,0,0,0,0.01558,0,0.00342,0.02493,"진강호역:차태현,강무영역:이선빈,이반석역:정상훈,테디정역:윤경호,탁원역:지승현,민대진역:박정우,맨손역:박태산,연장역:장진희,지수철역:이영석,노순이역:민경옥"
20200611,DramaH,173505,183530,번외수사,,4회,전국,010025,드라마&영화,드라마,미니시리즈,0,0,0.01498,0,0,0.01184,0.26597,0,0,0,0.10295,0.00264,0.0739,0.22793,"진강호역:차태현,강무영역:이선빈,이반석역:정상훈,테디정역:윤경호,탁원역:지승현,민대진역:박정우,맨손역:박태산,연장역:장진희,지수철역:이영석,노순이역:민경옥"
20200611,DramaH,244337,254838,바람과구름과비,,6회,전국,010501,드라마&영화,드라마,미니시리즈,0.0124,0.00491,0,0.00559,0.00372,0.05123,0.0872,0.0188,0,0,0,0.00511,0.05181,0.09008,"최천중역:박시후,봉련역:고성희,흥선대원군이하응역:전광렬,채인규역:성혁,김병운역:김승수,김좌근역:차광수,나합역:윤아정,김병학역:한재영,조대비역:김보연,철종역:정욱,이하전역:이루,명성황후민자영역:박정연,고종이재황역:박상훈,용팔룡역:조복래,주모역:김주령,적도사진상역:한동규,팽구철역:노형욱,만석역:박노식,연치성역:임현수,반달역:왕빛나,임종사관역:허태희,최천중어린시절역:강태우,봉련어린시절역:홍승희,채인규어린시절역:최정우,상복역:허성태,민승호역:이해우,저자이병주,출판그림같은세상2020.08.28.,e북무료판매처 1건"
20200611,Dramax,101303,111348,VIP,,9회,전국,010045,드라마&영화,드라마,미니시리즈,0,0,0,0.01426,0.02211,0.01251,0.08364,0,0,0.00666,0.02836,0.06718,0.04171,0.08238,"나정선역:장나라,박성준역:이상윤,이현아역:이청아,송미나역:곽선영,온유리역:표예진,마상우역:신재하,이병훈역:이재원,차진호역:정준원,하재웅역:박성근,배도일역:장혁진,하영웅역:조승연,강지영역:이진희,계미옥역:김미경,나영철역:최홍일,한숙영역:정애리,한숙자역:김서라,장진철역:장현성,이명은역:전혜진,하태영역:박지영"
20200611,Dramax,112443,122608,VIP,,10회,전국,010125,드라마&영화,드라마,미니시리즈,0,0.00377,0.01303,0.01268,0.0098,0.01199,0.01809,0,0,0.01038,0.02953,0.06141,0.01995,0.01606,"나정선역:장나라,박성준역:이상윤,이현아역:이청아,송미나역:곽선영,온유리역:표예진,마상우역:신재하,이병훈역:이재원,차진호역:정준원,하재웅역:박성근,배도일역:장혁진,하영웅역:조승연,강지영역:이진희,계미옥역:김미경,나영철역:최홍일,한숙영역:정애리,한숙자역:김서라,장진철역:장현성,이명은역:전혜진,하태영역:박지영"
20200611,Dramax,123940,134054,VIP,,11회,전국,010114,드라마&영화,드라마,미니시리즈,0,0.00966,0,0.0121,0.00519,0.00672,0.12002,0,0,0,0.13416,0.00543,0.01753,0.11556,"나정선역:장나라,박성준역:이상윤,이현아역:이청아,송미나역:곽선영,온유리역:표예진,마상우역:신재하,이병훈역:이재원,차진호역:정준원,하재웅역:박성근,배도일역:장혁진,하영웅역:조승연,강지영역:이진희,계미옥역:김미경,나영철역:최홍일,한숙영역:정애리,한숙자역:김서라,장진철역:장현성,이명은역:전혜진,하태영역:박지영"
20200611,Dramax,135203,145325,VIP,,12회,전국,010122,드라마&영화,드라마,미니시리즈,0.02135,0.03199,0.00852,0.01668,0.00546,0.0114,0.04947,0.12796,0.00761,0,0.07704,0.00436,0.02099,0.08209,"나정선역:장나라,박성준역:이상윤,이현아역:이청아,송미나역:곽선영,온유리역:표예진,마상우역:신재하,이병훈역:이재원,차진호역:정준원,하재웅역:박성근,배도일역:장혁진,하영웅역:조승연,강지영역:이진희,계미옥역:김미경,나영철역:최홍일,한숙영역:정애리,한숙자역:김서라,장진철역:장현성,이명은역:전혜진,하태영역:박지영"
20200611,E채널,041405,052224,야식남녀,,5회,전국,010819,드라마&영화,드라마,미니시리즈,0,0,0,0.00454,0.01036,0.00355,0.00842,0,0,0.00913,0,0.00481,0.00131,0.00559,"박진성역:정일우,김아진역:강지영,강태완역:이학주,이상영역:김승수,차주희역:김수진,남규장역:양대혁,유성은역:공민정,노재수역:박성준,박진우역:최재현"
20200611,FX,040653,050617,야인시대,,100회,전국,005924,드라마&영화,드라마,주간연속극,0,0.01621,0,0,0,0,0.018,0,0,0,0,0.00845,0.00842,0.00109,"청년김두한역:안재모,소년김두한역:곽정욱,장년김두한역:김영철,장년정진영역:차광수,구마적역:이원종,쌍칼역:박준규,김무옥역:이혁재,문영철역:장세진,장년개코역:성동일,신마적역:최철호,하야시역:이창훈,가미소리역:이상인,시바루역:이세창,나미꼬역:이세은,시라소니역:조상구,최동열역:정동환,미와역:이재용,마루오까역:최재성,설향역:허영란,애란역:조여정,정운경역:심형탁,김좌진역:최동준,오숙근역:이덕희,박계숙역:전미선,원노인역:이순재,유진산역:이효정,이정재역:김영호,조병옥역:김학철,이화룡역:안승훈,청년개코역:이동훈,신영균역:윤용현,청년정진영역:김정민,김영태역:박영록,박인애역:정소영,이영숙역:이일화,김두한어린시절역:곽정욱"
20200611,FX,084723,093658,허준,,34회,전국,004935,드라마&영화,드라마,주간연속극,0,0,0,0,0,0.00541,0.00115,0,0,0,0,0,0.00417,0,"허준역:전광렬,유의태역:이순재,유도지역:김병세,예진역:황수정,임오근역:임현식,구일서역:이희도"
20200611,FX,095206,104154,허준,,35회,전국,004948,드라마&영화,드라마,주간연속극,0,0,0,0,0,0.00305,0.00417,0,0,0.02439,0,0,0.01691,0.01381,"허준역:전광렬,유의태역:이순재,유도지역:김병세,예진역:황수정,임오근역:임현식,구일서역:이희도"
20200611,FX,163808,174831,간택여인들의전쟁,,8회,전국,011023,드라마&영화,드라마,미니시리즈,0,0.00449,0,0,0.00341,0.02011,0.00317,0.00861,0,0,0,0.00234,0,0.07955,"강은보역:진세연,이경역:김민규,이재화역:도상우,조영지역:이열음,왈역:이시언,김송이역:이화겸,대왕대비역:정애리,대비역:조은숙,조흥견역:이재용,김만찬역:손병호,용호역:이주진"
20200611,FX,180350,190514,야인시대,,100회,전국,010124,드라마&영화,드라마,주간연속극,0,0,0,0,0,0,0.02111,0,0,0,0,0,0.07665,0.00429,"청년김두한역:안재모,소년김두한역:곽정욱,장년김두한역:김영철,장년정진영역:차광수,구마적역:이원종,쌍칼역:박준규,김무옥역:이혁재,문영철역:장세진,장년개코역:성동일,신마적역:최철호,하야시역:이창훈,가미소리역:이상인,시바루역:이세창,나미꼬역:이세은,시라소니역:조상구,최동열역:정동환,미와역:이재용,마루오까역:최재성,설향역:허영란,애란역:조여정,정운경역:심형탁,김좌진역:최동준,오숙근역:이덕희,박계숙역:전미선,원노인역:이순재,유진산역:이효정,이정재역:김영호,조병옥역:김학철,이화룡역:안승훈,청년개코역:이동훈,신영균역:윤용현,청년정진영역:김정민,김영태역:박영록,박인애역:정소영,이영숙역:이일화,김두한어린시절역:곽정욱"
20200611,FX,242953,253116,야인시대,,100회,전국,010123,드라마&영화,드라마,주간연속극,0,0,0,0,0,0,0.02794,0,0,0.00162,0,0,0.00123,0.04365,"청년김두한역:안재모,소년김두한역:곽정욱,장년김두한역:김영철,장년정진영역:차광수,구마적역:이원종,쌍칼역:박준규,김무옥역:이혁재,문영철역:장세진,장년개코역:성동일,신마적역:최철호,하야시역:이창훈,가미소리역:이상인,시바루역:이세창,나미꼬역:이세은,시라소니역:조상구,최동열역:정동환,미와역:이재용,마루오까역:최재성,설향역:허영란,애란역:조여정,정운경역:심형탁,김좌진역:최동준,오숙근역:이덕희,박계숙역:전미선,원노인역:이순재,유진산역:이효정,이정재역:김영호,조병옥역:김학철,이화룡역:안승훈,청년개코역:이동훈,신영균역:윤용현,청년정진영역:김정민,김영태역:박영록,박인애역:정소영,이영숙역:이일화,김두한어린시절역:곽정욱"
20200611,JTBC2,020000,024851,쌍갑포차,,7회,전국,004851,드라마&영화,드라마,미니시리즈,0,0.02856,0.16575,0,0.12646,0.14452,0.12411,0,0,0,0,0.12509,0.08435,0.06881,"월주역:황정음,한강배역:육성재,귀반장역:최원영,염부장역:이준혁,강여린역:정다은,최진동역:안태환,송미란역:박하나,박대리역:박주형,김원형역:나인우"
20200611,JTBC2,063227,074142,쌍갑포차,,7회,전국,010915,드라마&영화,드라마,미니시리즈,0,0,0,0,0,0.02791,0.06786,0,0,0,0.00221,0.03052,0.01507,0.1035,"월주역:황정음,한강배역:육성재,귀반장역:최원영,염부장역:이준혁,강여린역:정다은,최진동역:안태환,송미란역:박하나,박대리역:박주형,김원형역:나인우"
20200611,JTBC2,100811,111726,쌍갑포차,,4회,전국,010915,드라마&영화,드라마,미니시리즈,0.7533,0.07855,0.00198,0.05804,0.08199,0.21094,0.09561,0,0.02875,0,0.13663,0.40202,0.23168,0.13543,"월주역:황정음,한강배역:육성재,귀반장역:최원영,염부장역:이준혁,강여린역:정다은,최진동역:안태환,송미란역:박하나,박대리역:박주형,김원형역:나인우"
20200611,JTBC2,152041,162957,쌍갑포차,,7회,전국,010916,드라마&영화,드라마,미니시리즈,0.39429,0.60988,0.00698,0,0.36985,0.23491,0.1929,1.05817,0.22687,0.16932,0.19534,1.07228,0.08229,0.45873,"월주역:황정음,한강배역:육성재,귀반장역:최원영,염부장역:이준혁,강여린역:정다은,최진동역:안태환,송미란역:박하나,박대리역:박주형,김원형역:나인우"
20200611,JTBC2,190606,201522,쌍갑포차,,7회,전국,010916,드라마&영화,드라마,미니시리즈,0.222,0,0,0.12186,0.43596,0.39931,0.05978,0,0,0.21979,0.07207,0.84915,0.32919,0.03879,"월주역:황정음,한강배역:육성재,귀반장역:최원영,염부장역:이준혁,강여린역:정다은,최진동역:안태환,송미란역:박하나,박대리역:박주형,김원형역:나인우"
20200611,JTBC2,225126,240042,쌍갑포차,,7회,전국,010916,드라마&영화,드라마,미니시리즈,0.39433,0.0516,0.06598,0.12935,0.3425,0.63268,0.01561,0,0,0.54273,0.0636,0.27578,0.38734,0.08703,"월주역:황정음,한강배역:육성재,귀반장역:최원영,염부장역:이준혁,강여린역:정다은,최진동역:안태환,송미란역:박하나,박대리역:박주형,김원형역:나인우"
20200611,JTBC2,241158,252106,쌍갑포차,,8회,전국,010908,드라마&영화,드라마,미니시리즈,0.02337,0.18476,0.11552,0.05957,0.29531,0.41846,0.27615,0.09708,0,0.35471,0.32337,0.73464,0.58583,0.14322,"월주역:황정음,한강배역:육성재,귀반장역:최원영,염부장역:이준혁,강여린역:정다은,최진동역:안태환,송미란역:박하나,박대리역:박주형,김원형역:나인우"
20200611,JTBC2,253427,255959,쌍갑포차,,8회,전국,002532,드라마&영화,드라마,미니시리즈,0,0,0.22281,0.06159,0.1851,0.18576,0.20077,0,0,0,0,0.28137,0.32338,0.13223,"월주역:황정음,한강배역:육성재,귀반장역:최원영,염부장역:이준혁,강여린역:정다은,최진동역:안태환,송미란역:박하나,박대리역:박주형,김원형역:나인우"
20200611,KBS DRAMA,045141,051924,기막힌유산,,37회,전국,002743,드라마&영화,드라마,일일연속극,0,0,0,0,0,0.02513,0.13004,0,0,0,0,0,0.4491,0.24963,"부영배역:박인환,공계옥역:강세정,부설악역:신정윤,부백두역:강신조,윤민주역:이아현,부금강역:남성진,신애리역:김가연,정미희역:박순천,김용미역:이응경,부한라역:박신우,성판금역:조양자,부가온역:김비주,부태희역:김연지,부혜교역:김효경,부지현역:강유라,공소영역:김난주,이장원역:이일준,김수민역:조서후,김종두역:이춘식,차정건역:조순창,이청아역:정서하,손보미역:박민지,김영지역:주민하,강선희역:박현정,천호식역:백신,이정태역:노상보,고향숙역:박소정"
20200611,KBS DRAMA,051931,054645,기막힌유산,,38회,전국,002714,드라마&영화,드라마,일일연속극,0,0,0,0.05306,0,0.15177,0.15415,0,0.08352,0,0.05503,0.00991,0.51411,0.21792,"부영배역:박인환,공계옥역:강세정,부설악역:신정윤,부백두역:강신조,윤민주역:이아현,부금강역:남성진,신애리역:김가연,정미희역:박순천,김용미역:이응경,부한라역:박신우,성판금역:조양자,부가온역:김비주,부태희역:김연지,부혜교역:김효경,부지현역:강유라,공소영역:김난주,이장원역:이일준,김수민역:조서후,김종두역:이춘식,차정건역:조순창,이청아역:정서하,손보미역:박민지,김영지역:주민하,강선희역:박현정,천호식역:백신,이정태역:노상보,고향숙역:박소정"
20200611,KBS DRAMA,055032,062429,위험한약속,,46회,전국,003357,드라마&영화,드라마,일일연속극,0,0,0,0.2623,0,0.00862,0.29386,0,0.19817,0,0.14535,0,0.61909,0.53089,"차은동역:박하나,강태인역:고세원,최준혁역:강성민,오혜원역:박영린,한지훈역:이창욱,차만종역:이대연,차은찬역:유준서,공영심역:유지연,봉석구역:현우섭,강일섭역:강신일,연두심역:이칸희,한광훈역:길용우,한서주역:김혜지,최명희역:김나운,고재숙역:윤복인,최영국역:송민형,민주란역:오영실,최준경역:이효나,이창욱역:김정운"
20200611,KBS DRAMA,062436,065820,위험한약속,,47회,전국,003344,드라마&영화,드라마,일일연속극,0,0,0,0.37354,0.01362,0.43381,0.78466,0.04526,0.24702,0.2637,0.4348,0.23078,0.55017,0.87522,"차은동역:박하나,강태인역:고세원,최준혁역:강성민,오혜원역:박영린,한지훈역:이창욱,차만종역:이대연,차은찬역:유준서,공영심역:유지연,봉석구역:현우섭,강일섭역:강신일,연두심역:이칸희,한광훈역:길용우,한서주역:김혜지,최명희역:김나운,고재숙역:윤복인,최영국역:송민형,민주란역:오영실,최준경역:이효나,이창욱역:김정운"
20200611,KBS DRAMA,070909,074314,위험한약속,,48회,전국,003405,드라마&영화,드라마,일일연속극,0,0,0,0.29592,0,0.36973,0.81001,0,0.2255,0.37835,0.19094,0.13524,0.57376,0.75927,"차은동역:박하나,강태인역:고세원,최준혁역:강성민,오혜원역:박영린,한지훈역:이창욱,차만종역:이대연,차은찬역:유준서,공영심역:유지연,봉석구역:현우섭,강일섭역:강신일,연두심역:이칸희,한광훈역:길용우,한서주역:김혜지,최명희역:김나운,고재숙역:윤복인,최영국역:송민형,민주란역:오영실,최준경역:이효나,이창욱역:김정운"
20200611,KBS DRAMA,074321,081718,위험한약속,,49회,전국,003357,드라마&영화,드라마,일일연속극,0.5841,0.20177,0,0.2397,0.28088,0.66002,0.8938,0,0.16581,0.13353,0.1881,0.73357,0.45646,1.24414,"차은동역:박하나,강태인역:고세원,최준혁역:강성민,오혜원역:박영린,한지훈역:이창욱,차만종역:이대연,차은찬역:유준서,공영심역:유지연,봉석구역:현우섭,강일섭역:강신일,연두심역:이칸희,한광훈역:길용우,한서주역:김혜지,최명희역:김나운,고재숙역:윤복인,최영국역:송민형,민주란역:오영실,최준경역:이효나,이창욱역:김정운"
20200611,KBS DRAMA,081725,085116,위험한약속,,50회,전국,003351,드라마&영화,드라마,일일연속극,1.00393,0.47232,0.22868,0.13436,0.29013,0.56952,0.92581,0,0,0.20386,0.17738,0.68486,0.46898,1.33052,"차은동역:박하나,강태인역:고세원,최준혁역:강성민,오혜원역:박영린,한지훈역:이창욱,차만종역:이대연,차은찬역:유준서,공영심역:유지연,봉석구역:현우섭,강일섭역:강신일,연두심역:이칸희,한광훈역:길용우,한서주역:김혜지,최명희역:김나운,고재숙역:윤복인,최영국역:송민형,민주란역:오영실,최준경역:이효나,이창욱역:김정운"
20200611,KBS DRAMA,131818,135645,한번다녀왔습니다,,41회,전국,003827,드라마&영화,드라마,주말연속극,0,0.24526,0.0428,0.01597,0.22033,0.11802,0.00924,0,0,0.15297,0.5476,0.70443,0.29266,0.0666,"송영달역:천호진,장옥분역:차화연,최윤정역:김보연,강초연역:이정은,송나희역:이민정,윤규진역:이상엽,송준선역:오대환,송가희역:오윤아,송다희역:이초희,양치수역:안길강,장옥자역:백지원,성현경역:임정은,윤재석역:이상이,박효신역:기도훈,김지훈역:문우진,이주리역:김소라,김가연역:송다은,건어물역:신미영,꽈배기역:김가영,송서영역:이가연,송서진역:안서연,이정록역:알렉스,유보영역:손성윤,유시후역:송민재,박지연역:신수정,한기영역:강유석,홍성우역:김현목,신혜정역:김미은,심정희역:이상경,오연지역:한봄,오정봉역:오의식,이종수역:장원혁,김승현역:배호근,송이역:김주영,지원역:찬희,이현역:이필모"
20200611,KBS DRAMA,135756,142837,한번다녀왔습니다,,42회,전국,003041,드라마&영화,드라마,주말연속극,0,0.4834,0,0.0736,0.24623,0.03013,0.22868,0,0.08002,0.02958,0.37679,0.8961,0.25119,0.20197,"송영달역:천호진,장옥분역:차화연,최윤정역:김보연,강초연역:이정은,송나희역:이민정,윤규진역:이상엽,송준선역:오대환,송가희역:오윤아,송다희역:이초희,양치수역:안길강,장옥자역:백지원,성현경역:임정은,윤재석역:이상이,박효신역:기도훈,김지훈역:문우진,이주리역:김소라,김가연역:송다은,건어물역:신미영,꽈배기역:김가영,송서영역:이가연,송서진역:안서연,이정록역:알렉스,유보영역:손성윤,유시후역:송민재,박지연역:신수정,한기영역:강유석,홍성우역:김현목,신혜정역:김미은,심정희역:이상경,오연지역:한봄,오정봉역:오의식,이종수역:장원혁,김승현역:배호근,송이역:김주영,지원역:찬희,이현역:이필모"
20200611,KBS DRAMA,144217,151950,한번다녀왔습니다,,43회,전국,003733,드라마&영화,드라마,주말연속극,0,0.63768,0.00632,0.11727,0.26238,0.15902,0.65854,0,0.0747,0.30727,0.3862,0.68607,0.29348,0.43654,"송영달역:천호진,장옥분역:차화연,최윤정역:김보연,강초연역:이정은,송나희역:이민정,윤규진역:이상엽,송준선역:오대환,송가희역:오윤아,송다희역:이초희,양치수역:안길강,장옥자역:백지원,성현경역:임정은,윤재석역:이상이,박효신역:기도훈,김지훈역:문우진,이주리역:김소라,김가연역:송다은,건어물역:신미영,꽈배기역:김가영,송서영역:이가연,송서진역:안서연,이정록역:알렉스,유보영역:손성윤,유시후역:송민재,박지연역:신수정,한기영역:강유석,홍성우역:김현목,신혜정역:김미은,심정희역:이상경,오연지역:한봄,오정봉역:오의식,이종수역:장원혁,김승현역:배호근,송이역:김주영,지원역:찬희,이현역:이필모"
20200611,KBS DRAMA,152059,155245,한번다녀왔습니다,,44회,전국,003146,드라마&영화,드라마,주말연속극,0.00761,0.63768,0,0.33865,0.26238,0.08551,0.83537,0.00749,0,0.46793,0.381,0.99266,0.76602,0.51252,"송영달역:천호진,장옥분역:차화연,최윤정역:김보연,강초연역:이정은,송나희역:이민정,윤규진역:이상엽,송준선역:오대환,송가희역:오윤아,송다희역:이초희,양치수역:안길강,장옥자역:백지원,성현경역:임정은,윤재석역:이상이,박효신역:기도훈,김지훈역:문우진,이주리역:김소라,김가연역:송다은,건어물역:신미영,꽈배기역:김가영,송서영역:이가연,송서진역:안서연,이정록역:알렉스,유보영역:손성윤,유시후역:송민재,박지연역:신수정,한기영역:강유석,홍성우역:김현목,신혜정역:김미은,심정희역:이상경,오연지역:한봄,오정봉역:오의식,이종수역:장원혁,김승현역:배호근,송이역:김주영,지원역:찬희,이현역:이필모"
20200611,KBS DRAMA,243928,251413,영혼수선공,,23회,전국,003445,드라마&영화,드라마,미니시리즈,0,0.01822,0,0.01344,0,0.00473,0.01062,0,0,0,0.01394,0.40305,0.03647,0.21707,"이시준역:신하균,한우주역:정소민,인동혁역:태인호,지영원역:박예진,공지선역:주민경,조인혜역:조경숙,오기태역:박수영,박대하역:정해균,이택경역:최정우,노우정역:안동구,강누리역:하영,임세찬역:장유상,공지희역:박한솔,장유미역:김가란,김영석역:김강민,송민수역:류시원"
20200611,KBS DRAMA,251522,254230,영혼수선공,,24회,전국,002708,드라마&영화,드라마,미니시리즈,0,0,0,0,0,0,0.00375,0,0,0.14585,0.01236,0.04901,0.08978,0.25164,"이시준역:신하균,한우주역:정소민,인동혁역:태인호,지영원역:박예진,공지선역:주민경,조인혜역:조경숙,오기태역:박수영,박대하역:정해균,이택경역:최정우,노우정역:안동구,강누리역:하영,임세찬역:장유상,공지희역:박한솔,장유미역:김가란,김영석역:김강민,송민수역:류시원"
20200611,KBS W,020000,021846,위험한약속,,48회,전국,001846,드라마&영화,드라마,일일연속극,0,0,0,0,0,0,0.05297,0,0,0,0.09479,0,0.00428,0.31489,"차은동역:박하나,강태인역:고세원,최준혁역:강성민,오혜원역:박영린,한지훈역:이창욱,차만종역:이대연,차은찬역:유준서,공영심역:유지연,봉석구역:현우섭,강일섭역:강신일,연두심역:이칸희,한광훈역:길용우,한서주역:김혜지,최명희역:김나운,고재숙역:윤복인,최영국역:송민형,민주란역:오영실,최준경역:이효나,이창욱역:김정운"
20200611,KBS W,021857,025252,위험한약속,,49회,전국,003355,드라마&영화,드라마,일일연속극,0,0.02745,0,0,0.00881,0,0.10959,0,0.00627,0.00783,0,0.01099,0.00564,0.36541,"차은동역:박하나,강태인역:고세원,최준혁역:강성민,오혜원역:박영린,한지훈역:이창욱,차만종역:이대연,차은찬역:유준서,공영심역:유지연,봉석구역:현우섭,강일섭역:강신일,연두심역:이칸희,한광훈역:길용우,한서주역:김혜지,최명희역:김나운,고재숙역:윤복인,최영국역:송민형,민주란역:오영실,최준경역:이효나,이창욱역:김정운"
20200611,KBS W,060052,063524,뻐꾸기둥지,,89회,전국,003432,드라마&영화,드라마,일일연속극,0,0,0,0.0208,0.0186,0.00377,0.00468,0,0,0,0,0.00474,0,0.01729,"백연희역:장서희,정병국역:황동주,이화영역:이채영,유성빈역:김경남,백철역:임채무,홍금옥역:엄유신,백준희역:손승우,정진우역:정지훈,이명운역:현우성,곽희자역:서권순,정진숙역:지수원,정유미역:김민좌,오기섭역:이정훈,배추자역:박준금,배찬식역:전노민,이공희역:한경선,이소라역:전민서,최상두역:이창욱,직원역:이하나,이동현역:정민진,소진역:김리원,순남역:허인영,이상순역:이숙,사기꾼역:지상렬,이소라어린시절역:박지소"
20200611,KBS W,063534,070958,뻐꾸기둥지,,90회,전국,003424,드라마&영화,드라마,일일연속극,0,0.03486,0,0,0,0,0,0,0,0,0,0,0,0.01661,"백연희역:장서희,정병국역:황동주,이화영역:이채영,유성빈역:김경남,백철역:임채무,홍금옥역:엄유신,백준희역:손승우,정진우역:정지훈,이명운역:현우성,곽희자역:서권순,정진숙역:지수원,정유미역:김민좌,오기섭역:이정훈,배추자역:박준금,배찬식역:전노민,이공희역:한경선,이소라역:전민서,최상두역:이창욱,직원역:이하나,이동현역:정민진,소진역:김리원,순남역:허인영,이상순역:이숙,사기꾼역:지상렬,이소라어린시절역:박지소"
20200611,KBS W,072059,075502,뻐꾸기둥지,,91회,전국,003403,드라마&영화,드라마,일일연속극,0,0,0,0.12278,0,0.01231,0.00247,0,0,0.01562,0.03135,0,0.00653,0.00476,"백연희역:장서희,정병국역:황동주,이화영역:이채영,유성빈역:김경남,백철역:임채무,홍금옥역:엄유신,백준희역:손승우,정진우역:정지훈,이명운역:현우성,곽희자역:서권순,정진숙역:지수원,정유미역:김민좌,오기섭역:이정훈,배추자역:박준금,배찬식역:전노민,이공희역:한경선,이소라역:전민서,최상두역:이창욱,직원역:이하나,이동현역:정민진,소진역:김리원,순남역:허인영,이상순역:이숙,사기꾼역:지상렬,이소라어린시절역:박지소"
20200611,KBS W,075512,082856,뻐꾸기둥지,,92회,전국,003344,드라마&영화,드라마,일일연속극,0,0,0.03907,0.07236,0,0,0.01825,0,0,0,0.01254,0,0.01987,0.00262,"백연희역:장서희,정병국역:황동주,이화영역:이채영,유성빈역:김경남,백철역:임채무,홍금옥역:엄유신,백준희역:손승우,정진우역:정지훈,이명운역:현우성,곽희자역:서권순,정진숙역:지수원,정유미역:김민좌,오기섭역:이정훈,배추자역:박준금,배찬식역:전노민,이공희역:한경선,이소라역:전민서,최상두역:이창욱,직원역:이하나,이동현역:정민진,소진역:김리원,순남역:허인영,이상순역:이숙,사기꾼역:지상렬,이소라어린시절역:박지소"
20200611,KBS W,095249,104923,부부클리닉사랑과전쟁,,401회,전국,005634,드라마&영화,드라마,단막극,0,0,0,0.0102,0.00526,0,0.04314,0,0,0,0.01159,0.00602,0.08383,0.02169,"이재만,민지영,최영완,이정수,장가현,손유경,이준우"
20200611,KBS W,110029,115925,부부클리닉사랑과전쟁,,402회,전국,005856,드라마&영화,드라마,단막극,0,0,0,0.06769,0,0.07102,0.03138,0,0,0,0.04918,0.07028,0.02989,0.01777,"이재만,민지영,최영완,이정수,장가현,손유경,이준우"
20200611,KBS W,121407,131554,넝쿨째굴러온당신,,9회,전국,010147,드라마&영화,드라마,주말연속극,0,0,0,0,0,0.00692,0.03506,0,0,0.08104,0,0.09052,0,0.07068,"차윤희역:김남주,방귀남역:유준상,엄청애역:윤여정,방장수역:장용,전막례역:강부자,한만희역:김영란,차세중역:김용희,민지영역:진경,차세광역:강민혁,엄보애역:유지인,엄순애역:양희경,방일숙역:양정아,방이숙역:조윤희,방말숙역:오연서,장양실역:나영희,방정배역:김상호,고옥역:심이영,방장군역:곽동연,천재용역:이희준,윤빈역:김원준,남남구역:김형범,고시생역:김승우,예능국PD역:김준현,라디오DJ역:양희은,홍은희역:홍은희,송수지역:박수진,매니저역:이수근,목사역:지진희,차태봉역:차태현,성시갱역:성시경,노래강사역:이종박,한규현역:강동호,태영역:김형진,지피디역:곽민석,강혜수역:최윤소,동대문옷가게상인역:탁재훈,소개팅남역:이정신,유신혜역:유인영,지환역:이도현,김장훈역:김장훈,뚱보아버지역:유민상,뚱보아들역:김수영,인기여배우역:이혜영,인기남배우역:송준근,심사위원역:김종민,막장모녀엄마역:정경미,막장모녀딸역:박소영,신세경역:신세경,재용첫째누나역:김서형,재용둘째누나역:조민아,재용막내누나역:이제인,호들갑남역:공형진,라디오DJ역:박소현,귀남의양아버지역:길용우,귀남의양어머니역:김창숙,천재용아버지역:이재용,배PD역:이지영,방귀남어린시절역:홍현택"
20200611,KBS W,132656,142838,넝쿨째굴러온당신,,10회,전국,010142,드라마&영화,드라마,주말연속극,0,0,0,0,0,0.03586,0.07832,0,0,0.35566,0,0.08599,0.06316,0.11646,"차윤희역:김남주,방귀남역:유준상,엄청애역:윤여정,방장수역:장용,전막례역:강부자,한만희역:김영란,차세중역:김용희,민지영역:진경,차세광역:강민혁,엄보애역:유지인,엄순애역:양희경,방일숙역:양정아,방이숙역:조윤희,방말숙역:오연서,장양실역:나영희,방정배역:김상호,고옥역:심이영,방장군역:곽동연,천재용역:이희준,윤빈역:김원준,남남구역:김형범,고시생역:김승우,예능국PD역:김준현,라디오DJ역:양희은,홍은희역:홍은희,송수지역:박수진,매니저역:이수근,목사역:지진희,차태봉역:차태현,성시갱역:성시경,노래강사역:이종박,한규현역:강동호,태영역:김형진,지피디역:곽민석,강혜수역:최윤소,동대문옷가게상인역:탁재훈,소개팅남역:이정신,유신혜역:유인영,지환역:이도현,김장훈역:김장훈,뚱보아버지역:유민상,뚱보아들역:김수영,인기여배우역:이혜영,인기남배우역:송준근,심사위원역:김종민,막장모녀엄마역:정경미,막장모녀딸역:박소영,신세경역:신세경,재용첫째누나역:김서형,재용둘째누나역:조민아,재용막내누나역:이제인,호들갑남역:공형진,라디오DJ역:박소현,귀남의양아버지역:길용우,귀남의양어머니역:김창숙,천재용아버지역:이재용,배PD역:이지영,방귀남어린시절역:홍현택"
20200611,KBS W,144253,151034,기막힌유산,,35회,전국,002741,드라마&영화,드라마,일일연속극,0.04199,0,0,0.011,0,0.11073,0.04698,0,0.19981,0.08407,0.00835,0.19189,0.03497,0.17318,"부영배역:박인환,공계옥역:강세정,부설악역:신정윤,부백두역:강신조,윤민주역:이아현,부금강역:남성진,신애리역:김가연,정미희역:박순천,김용미역:이응경,부한라역:박신우,성판금역:조양자,부가온역:김비주,부태희역:김연지,부혜교역:김효경,부지현역:강유라,공소영역:김난주,이장원역:이일준,김수민역:조서후,김종두역:이춘식,차정건역:조순창,이청아역:정서하,손보미역:박민지,김영지역:주민하,강선희역:박현정,천호식역:백신,이정태역:노상보,고향숙역:박소정"
20200611,KBS W,151044,153827,기막힌유산,,36회,전국,002743,드라마&영화,드라마,일일연속극,0,0,0,0,0,0.23164,0.08625,0,0.39962,0.21399,0,0.47682,0.089,0.32748,"부영배역:박인환,공계옥역:강세정,부설악역:신정윤,부백두역:강신조,윤민주역:이아현,부금강역:남성진,신애리역:김가연,정미희역:박순천,김용미역:이응경,부한라역:박신우,성판금역:조양자,부가온역:김비주,부태희역:김연지,부혜교역:김효경,부지현역:강유라,공소영역:김난주,이장원역:이일준,김수민역:조서후,김종두역:이춘식,차정건역:조순창,이청아역:정서하,손보미역:박민지,김영지역:주민하,강선희역:박현정,천호식역:백신,이정태역:노상보,고향숙역:박소정"
20200611,KBS W,154930,161710,기막힌유산,,37회,전국,002740,드라마&영화,드라마,일일연속극,0,0,0,0,0,0.1841,0.12031,0,0.39962,0,0.06079,0.46529,0,0.32318,"부영배역:박인환,공계옥역:강세정,부설악역:신정윤,부백두역:강신조,윤민주역:이아현,부금강역:남성진,신애리역:김가연,정미희역:박순천,김용미역:이응경,부한라역:박신우,성판금역:조양자,부가온역:김비주,부태희역:김연지,부혜교역:김효경,부지현역:강유라,공소영역:김난주,이장원역:이일준,김수민역:조서후,김종두역:이춘식,차정건역:조순창,이청아역:정서하,손보미역:박민지,김영지역:주민하,강선희역:박현정,천호식역:백신,이정태역:노상보,고향숙역:박소정"
20200611,KBS W,161720,164431,기막힌유산,,38회,전국,002711,드라마&영화,드라마,일일연속극,0,0,0,0,0.0269,0.1841,0.1812,0,0.39962,0,0.18236,0.46985,0.03108,0.30129,"부영배역:박인환,공계옥역:강세정,부설악역:신정윤,부백두역:강신조,윤민주역:이아현,부금강역:남성진,신애리역:김가연,정미희역:박순천,김용미역:이응경,부한라역:박신우,성판금역:조양자,부가온역:김비주,부태희역:김연지,부혜교역:김효경,부지현역:강유라,공소영역:김난주,이장원역:이일준,김수민역:조서후,김종두역:이춘식,차정건역:조순창,이청아역:정서하,손보미역:박민지,김영지역:주민하,강선희역:박현정,천호식역:백신,이정태역:노상보,고향숙역:박소정"
20200611,KBS W,165916,173306,위험한약속,,47회,전국,003350,드라마&영화,드라마,일일연속극,0,0,0,0,0,0.01422,0.08106,0,0,0,0,0.08151,0.03295,0.14073,"차은동역:박하나,강태인역:고세원,최준혁역:강성민,오혜원역:박영린,한지훈역:이창욱,차만종역:이대연,차은찬역:유준서,공영심역:유지연,봉석구역:현우섭,강일섭역:강신일,연두심역:이칸희,한광훈역:길용우,한서주역:김혜지,최명희역:김나운,고재숙역:윤복인,최영국역:송민형,민주란역:오영실,최준경역:이효나,이창욱역:김정운"
20200611,KBS W,173319,180710,위험한약속,,48회,전국,003351,드라마&영화,드라마,일일연속극,0,0,0.01153,0,0,0.0031,0.01339,0,0.02108,0.05662,0,0.08151,0.09067,0.21411,"차은동역:박하나,강태인역:고세원,최준혁역:강성민,오혜원역:박영린,한지훈역:이창욱,차만종역:이대연,차은찬역:유준서,공영심역:유지연,봉석구역:현우섭,강일섭역:강신일,연두심역:이칸희,한광훈역:길용우,한서주역:김혜지,최명희역:김나운,고재숙역:윤복인,최영국역:송민형,민주란역:오영실,최준경역:이효나,이창욱역:김정운"
20200611,KBS W,181812,185213,위험한약속,,49회,전국,003401,드라마&영화,드라마,일일연속극,0,0,0,0,0.01424,0.13027,0.09813,0,0.0212,0.03528,0,0.09804,0.10729,0.16388,"차은동역:박하나,강태인역:고세원,최준혁역:강성민,오혜원역:박영린,한지훈역:이창욱,차만종역:이대연,차은찬역:유준서,공영심역:유지연,봉석구역:현우섭,강일섭역:강신일,연두심역:이칸희,한광훈역:길용우,한서주역:김혜지,최명희역:김나운,고재숙역:윤복인,최영국역:송민형,민주란역:오영실,최준경역:이효나,이창욱역:김정운"
20200611,KBS W,185226,192611,위험한약속,,50회,전국,003345,드라마&영화,드라마,일일연속극,0,0,0,0.13041,0.03967,0.09103,0.20178,0.13178,0.14225,0,0,0.11322,0.09856,0.33653,"차은동역:박하나,강태인역:고세원,최준혁역:강성민,오혜원역:박영린,한지훈역:이창욱,차만종역:이대연,차은찬역:유준서,공영심역:유지연,봉석구역:현우섭,강일섭역:강신일,연두심역:이칸희,한광훈역:길용우,한서주역:김혜지,최명희역:김나운,고재숙역:윤복인,최영국역:송민형,민주란역:오영실,최준경역:이효나,이창욱역:김정운"
20200611,KBS W,222143,231952,부부클리닉사랑과전쟁,,384회,전국,005809,드라마&영화,드라마,단막극,0,0,0.02688,0.00848,0.1077,0.00843,0.08717,0.19354,0,0.05348,0,0.12605,0.05854,0.01214,"이재만,민지영,최영완,이정수,장가현,손유경,이준우"
20200611,KBS W,233056,242935,부부클리닉사랑과전쟁,,385회,전국,005839,드라마&영화,드라마,단막극,0.03734,0,0,0.01347,0.0082,0.00311,0.08004,0,0,0.01218,0,0.00952,0.14287,0.02654,"이재만,민지영,최영완,이정수,장가현,손유경,이준우"
20200611,KBS W,244240,250959,기막힌유산,,38회,전국,002719,드라마&영화,드라마,일일연속극,0,0,0,0,0,0.30332,0.16113,0,0,0.25928,0,0.13542,0,0.05568,"부영배역:박인환,공계옥역:강세정,부설악역:신정윤,부백두역:강신조,윤민주역:이아현,부금강역:남성진,신애리역:김가연,정미희역:박순천,김용미역:이응경,부한라역:박신우,성판금역:조양자,부가온역:김비주,부태희역:김연지,부혜교역:김효경,부지현역:강유라,공소영역:김난주,이장원역:이일준,김수민역:조서후,김종두역:이춘식,차정건역:조순창,이청아역:정서하,손보미역:박민지,김영지역:주민하,강선희역:박현정,천호식역:백신,이정태역:노상보,고향숙역:박소정"
20200611,KBS W,251011,253740,기막힌유산,,39회,전국,002729,드라마&영화,드라마,일일연속극,0,0,0,0,0,0.22221,0.12029,0,0,0.29169,0.01236,0.16619,0,0.12522,"부영배역:박인환,공계옥역:강세정,부설악역:신정윤,부백두역:강신조,윤민주역:이아현,부금강역:남성진,신애리역:김가연,정미희역:박순천,김용미역:이응경,부한라역:박신우,성판금역:조양자,부가온역:김비주,부태희역:김연지,부혜교역:김효경,부지현역:강유라,공소영역:김난주,이장원역:이일준,김수민역:조서후,김종두역:이춘식,차정건역:조순창,이청아역:정서하,손보미역:박민지,김영지역:주민하,강선희역:박현정,천호식역:백신,이정태역:노상보,고향숙역:박소정"
20200611,KBS W,254841,255959,위험한약속,,49회,전국,001118,드라마&영화,드라마,일일연속극,0,0,0,0,0,0.22221,0.14042,0,0,0.29169,0,0.01511,0,0,"차은동역:박하나,강태인역:고세원,최준혁역:강성민,오혜원역:박영린,한지훈역:이창욱,차만종역:이대연,차은찬역:유준서,공영심역:유지연,봉석구역:현우섭,강일섭역:강신일,연두심역:이칸희,한광훈역:길용우,한서주역:김혜지,최명희역:김나운,고재숙역:윤복인,최영국역:송민형,민주란역:오영실,최준경역:이효나,이창욱역:김정운"
20200611,K-STAR,021250,031421,궁중잔혹사꽃들의전쟁,,34회,전국,010131,드라마&영화,드라마,주말연속극,0,0,0,0.18166,0,0.00194,0.0244,0,0,0,0,0.0319,0.00582,0.14438,"소용조씨역:김현주,인조역:이덕화,민회빈강씨역:송선미,김자점역:정성모,소현세자역:정성운,봉림대군역:김주영,장렬왕후조씨역:고원희,남혁역:전태수,설죽역:서이숙,박숙의역:이서연,유덕역:이설희,소용조씨어린시절역:이채미,이형익역:손병호,심기원역:김규철,김인역:우현,한옥역:정선경,장귀인역:이혜은,이상궁역:연미주,김상궁역:엄유신,언년역:정유민"
20200611,K-STAR,112306,122419,부부클리닉사랑과전쟁,,416회,전국,010113,드라마&영화,드라마,주간연속극,0,0,0,0.16677,0.02387,0.00863,0.05745,0,0,0,0.16446,0.04775,0.09837,0.21928,"이재만,민지영,최영완,이정수,장가현,손유경,이준우"
20200611,K-STAR,123642,134130,부부클리닉사랑과전쟁,,417회,전국,010448,드라마&영화,드라마,주간연속극,0.06716,0,0.00474,0.19823,0,0.02064,0.30963,0,0,0.01944,0.04097,0.08019,0.0818,0.44182,"이재만,민지영,최영완,이정수,장가현,손유경,이준우"
20200611,K-STAR,135307,151354,부부의세계,,7회,전국,012047,드라마&영화,드라마,미니시리즈,0,0,0,0,0.0064,0.00955,0.11084,0,0,0.00545,0.00191,0.06742,0.02278,0.12855,"지선우역:김희애,이태오역:박해준,여다경역:한소희,고예림역:박선영,손제혁역:김영민,설명숙역:채국희,여병규역:이경영,엄효정역:김선경,이준영역:전진서,민현서역:심은우,박인규역:이학주,마강석역:박충선,공지철역:정재성,김윤기역:이무생,하동식역:김종태,윤노을역:신수연,차해강역:정준원,최회장아내역:서이숙,공지철아내역:박미현,차도철아내역:윤인조"
20200611,K-STAR,152753,164154,부부의세계,,8회,전국,011401,드라마&영화,드라마,미니시리즈,0.01488,0,0,0.00491,0.23423,0.04034,0.02706,0,0,0.09986,0.01295,0.01795,0.00358,0.15382,"지선우역:김희애,이태오역:박해준,여다경역:한소희,고예림역:박선영,손제혁역:김영민,설명숙역:채국희,여병규역:이경영,엄효정역:김선경,이준영역:전진서,민현서역:심은우,박인규역:이학주,마강석역:박충선,공지철역:정재성,김윤기역:이무생,하동식역:김종태,윤노을역:신수연,차해강역:정준원,최회장아내역:서이숙,공지철아내역:박미현,차도철아내역:윤인조"
20200611,K-STAR,213617,224105,부부클리닉사랑과전쟁,,417회,전국,010448,드라마&영화,드라마,주간연속극,0,0,0.00904,0,0.03724,0.01705,0.06089,0.71065,0.02801,0.00638,0,0.01019,0.03346,0.1614,"이재만,민지영,최영완,이정수,장가현,손유경,이준우"
20200611,K-STAR,245613,255959,부부의세계,,8회,전국,010346,드라마&영화,드라마,미니시리즈,0,0,0.06419,0,0.04192,0.17078,0,0,0,0.01906,0.00204,0,0.19472,0.03604,"지선우역:김희애,이태오역:박해준,여다경역:한소희,고예림역:박선영,손제혁역:김영민,설명숙역:채국희,여병규역:이경영,엄효정역:김선경,이준영역:전진서,민현서역:심은우,박인규역:이학주,마강석역:박충선,공지철역:정재성,김윤기역:이무생,하동식역:김종태,윤노을역:신수연,차해강역:정준원,최회장아내역:서이숙,공지철아내역:박미현,차도철아내역:윤인조"
20200611,KTV,020000,023547,전원일기,,395회,전국,003547,드라마&영화,드라마,주말연속극,0,0,0,0,0.0063,0,0.04916,0,0,0,0,0.10636,0,0.01003,"최불암,김혜자,김용건,김수미,고두심,유인촌,정대홍"
20200611,KTV,061120,070003,전원일기,,772회,전국,004843,드라마&영화,드라마,주말연속극,0,0,0,0,0,0,0.00795,0,0,0,0.00769,0,0.00313,0.00787,"최불암,김혜자,김용건,김수미,고두심,유인촌,정대홍"
20200611,KTV,210058,212545,파랑새는있다,<1부>,24회,전국,002447,드라마&영화,드라마,주간연속극,0,0,0,0,0,0,0.07695,0,0,0.14407,0,0,0,0.12689,"이상인,정선경,백윤식,송경철,박남현,한진희,동방우,양금석"
20200611,KTV,212718,215408,파랑새는있다,<2부>,24회,전국,002650,드라마&영화,드라마,주간연속극,0,0,0.01012,0,0,0.01501,0.28971,0,0,0.22511,0,0,0.00286,0.46344,"이상인,정선경,백윤식,송경철,박남현,한진희,동방우,양금석"
20200611,KTV,215552,221822,전원일기,<1부>,396회,전국,002230,드라마&영화,드라마,주말연속극,0,0,0.01477,0,0,0.00878,0.28814,0,0,0,0,0,0.04588,0.36391,"최불암,김혜자,김용건,김수미,고두심,유인촌,정대홍"
20200611,KTV,222225,224422,전원일기,<2부>,396회,전국,002157,드라마&영화,드라마,주말연속극,0,0,0.16247,0,0,0.09656,0.12869,0,0,0,0,0,0.03968,0.22331,"최불암,김혜자,김용건,김수미,고두심,유인촌,정대홍"
20200611,KTV,224630,231021,바람은불어도,,125회,전국,002351,드라마&영화,드라마,주간연속극,0,0,0.13421,0,0,0.07976,0.04402,0,0,0.14681,0,0,0.03278,0.07576,"최수종,유호정,윤손하,송나영,송기윤,나문희"
20200611,KTV,231248,233921,바람은불어도,,126회,전국,002633,드라마&영화,드라마,주간연속극,0,0,0,0,0,0,0.04402,0,0,0.22511,0,0,0,0.10062,"최수종,유호정,윤손하,송나영,송기윤,나문희"
20200611,KTV,250139,255312,파랑새는있다,,24회,전국,005133,드라마&영화,드라마,주간연속극,0,0,0,0,0,0,0.0082,0,0,0.23249,0,0,0.01252,0.07752,"이상인,정선경,백윤식,송경철,박남현,한진희,동방우,양금석"
20200611,O tvN,023151,033419,시카고타자기,,14회,전국,010228,드라마&영화,드라마,미니시리즈,0,0,0,0.07567,0,0.00623,0.00796,0,0,0,0.05612,0,0.00256,0.09142,"한세주역:유아인,전설역:임수정,유진오역:고경표,백태민역:곽시양,갈지석역:조우진,마방진역:양진성,왕방울역:전수경,원대한역:강홍석,원만해역:지대한,백도하역:천호진,홍소희역:조경숙,강비서역:오나라,송기자역:이규복,전설모역:전미선"
20200611,O tvN,034411,044801,시카고타자기,,15회,전국,010350,드라마&영화,드라마,미니시리즈,0,0.00827,0,0.11646,0.00568,0.00184,0.03273,0,0.00776,0,0.05005,0.05618,0.03933,0,"한세주역:유아인,전설역:임수정,유진오역:고경표,백태민역:곽시양,갈지석역:조우진,마방진역:양진성,왕방울역:전수경,원대한역:강홍석,원만해역:지대한,백도하역:천호진,홍소희역:조경숙,강비서역:오나라,송기자역:이규복,전설모역:전미선"
20200611,O tvN,045812,061502,시카고타자기,,16회,전국,011650,드라마&영화,드라마,미니시리즈,0,0,0,0.11738,0,0.01838,0.00611,0,0,0.0015,0.04777,0.08574,0.00366,0.08881,"한세주역:유아인,전설역:임수정,유진오역:고경표,백태민역:곽시양,갈지석역:조우진,마방진역:양진성,왕방울역:전수경,원대한역:강홍석,원만해역:지대한,백도하역:천호진,홍소희역:조경숙,강비서역:오나라,송기자역:이규복,전설모역:전미선"
20200611,O tvN,091944,102043,화양연화삶이꽃이되는순간,,13회,전국,010059,드라마&영화,드라마,미니시리즈,0.0457,0,0,0.0052,0.03476,0.02471,0.03263,0,0,0,0.02052,0.35194,0.01332,0.0978,"한재현역:유지태,윤지수역:이보영,과거재현역:진영,과거지수역:전소니,장서경역:박시연,장산역:문성근,한준서역:박민수,한인호역:남명렬,이경자역:손숙,윤형구역:장광,이영민역:고우림,정숙희역:이종남,윤지영역:채원빈,이동진역:민성욱,과거동진역:은해성,성화진역:김주령,과거화진역:한지원,강준우역:강영석,정윤기역:김호창,이세훈역:김영훈,주영우역:이태성,과거영우역:병헌,양혜정역:우정원,과거혜정역:박한솔,최선희역:김영아"
20200611,O tvN,103209,113340,화양연화삶이꽃이되는순간,,14회,전국,010131,드라마&영화,드라마,미니시리즈,0.06852,0.31884,0.20382,0,0.0114,0.21677,0.10317,0,0,0.17071,0.10241,0.42958,0.02913,0.02471,"한재현역:유지태,윤지수역:이보영,과거재현역:진영,과거지수역:전소니,장서경역:박시연,장산역:문성근,한준서역:박민수,한인호역:남명렬,이경자역:손숙,윤형구역:장광,이영민역:고우림,정숙희역:이종남,윤지영역:채원빈,이동진역:민성욱,과거동진역:은해성,성화진역:김주령,과거화진역:한지원,강준우역:강영석,정윤기역:김호창,이세훈역:김영훈,주영우역:이태성,과거영우역:병헌,양혜정역:우정원,과거혜정역:박한솔,최선희역:김영아"
20200611,O tvN,114457,130758,톱스타유백이,,7회,전국,012301,드라마&영화,드라마,주간연속극,0,0.12677,0.01372,0.01745,0,0.09871,0.06035,0,0.00548,0.02095,0.05563,0.11118,0.15118,0.04254,"유백역:김지석,오강순역:전소민,최마돌역:이상엽,동춘아빠역:정은표,아서라역:이아현,깡순할머니역:예수정,마돌엄마역:김현,마을이장역:이한위,장흥댁역:허진,군산댁역:성병숙,동춘엄마역:정이랑,박동만역:유주원,강민역:김정민,남조역:허정민,서일역:조희봉,박동춘역:김민석"
20200611,O tvN,131931,144517,톱스타유백이,,8회,전국,012546,드라마&영화,드라마,주간연속극,0,0,0.00953,0.03097,0.14194,0.01321,0.05663,0,0.20796,0.01241,0.06222,0.25352,0.14333,0.07784,"유백역:김지석,오강순역:전소민,최마돌역:이상엽,동춘아빠역:정은표,아서라역:이아현,깡순할머니역:예수정,마돌엄마역:김현,마을이장역:이한위,장흥댁역:허진,군산댁역:성병숙,동춘엄마역:정이랑,박동만역:유주원,강민역:김정민,남조역:허정민,서일역:조희봉,박동춘역:김민석"
20200611,O tvN,163237,174826,슬기로운의사생활,,,전국,011549,드라마&영화,드라마,미니시리즈,0.08153,0,0.06125,0.01478,0.08885,0.03474,0.03211,0.08028,0.55834,0.19606,0.15236,0.15522,0.08021,0.14469,"이익준역:조정석,안정원역:유연석,김준완역:정경호,양석형역:김대명,채송화역:전미도,정로사역:김해숙,주종수역:김갑수,도재학역:정문성,용석민역:문태유,장겨울역:신현빈,안치홍역:김준한,봉광현역:최영준,추민하역:안은진,허선빈역:하윤경,명은원역:김혜인,장윤복역:조이현,장홍도역:배현성,송수빈역:김수진,소이현역:윤혜리,배준희역:신도현,주전역:조승연,황재신역:양조아,이우주역:김준,민기준역:서진원,종세혁역:전광진,이영하역:이노아,김재환역:이달,국해성역:이혜은,함덕주역:김비비,한현희역:이지원,한승주역:김지성,은선진역:설유진,이익순역:곽선영,조영혜역:문희경,양태양역:남명렬,김태연역:이소윤,천명태역:최영우,선우희수역:박한솔,장겨울남동생역:박정우,고아라역:고아라"
20200611,O tvN,175957,191439,아는건별로없지만가족입니다,,3회,전국,011442,드라마&영화,드라마,미니시리즈,0,0,0.14973,0.0057,0.07723,0.18519,0.07474,0,0.00853,0.11923,0.01918,0.09168,0.35184,0.02038,"김은희역:한예리,박찬혁역:김지석,김은주역:추자현,김상식역:정진영,이진숙역:원미경,김지우역:신재하,임건주역:신동욱,윤태형역:김태훈,젊은상식역:한준우,젊은진숙역:조아영,유선일역:서상원,안효석역:이종원,서경옥역:가득희,윤서영역:혜정,전하라역:배윤경,유민우역:권율"
20200611,O tvN,192646,204525,아는건별로없지만가족입니다,,4회,전국,011839,드라마&영화,드라마,미니시리즈,0,0.00614,0.03135,0.10738,0.06217,0.05624,0.05105,0.01567,0.01156,0.34804,0.06083,0.01925,0.23804,0.05468,"김은희역:한예리,박찬혁역:김지석,김은주역:추자현,김상식역:정진영,이진숙역:원미경,김지우역:신재하,임건주역:신동욱,윤태형역:김태훈,젊은상식역:한준우,젊은진숙역:조아영,유선일역:서상원,안효석역:이종원,서경옥역:가득희,윤서영역:혜정,전하라역:배윤경,유민우역:권율"
20200611,O tvN,210006,221345,검색어를입력하세요WWW,,13회,전국,011339,드라마&영화,드라마,미니시리즈,0,0,0,0,0.1377,0,0.06873,0,0,0,0.10222,0.0852,0.10853,0.00394,"배타미역:임수정,차현역:이다희,송가경역:전혜진,박모건역:장기용,설지환역:이재욱,오진우역:지승현,민홍주역:권해효,표준수역:김남희,최봉기역:우지현,조아라역:오아연,홍유진역:하승리,최정훈역:송지호,나인경역:유서진,김선우역:탁우석,정다인역:한지완,윤동주역:조혜주,장희은역:예수정,유도부선배역:지호,전남자친구역:이동욱"
20200611,O tvN,223239,234619,검색어를입력하세요WWW,,14회,전국,011340,드라마&영화,드라마,미니시리즈,0,0,0,0.42659,0.011,0.07735,0.0965,0,0.07417,0.00648,0.00259,0.39525,0.13571,0.01599,"배타미역:임수정,차현역:이다희,송가경역:전혜진,박모건역:장기용,설지환역:이재욱,오진우역:지승현,민홍주역:권해효,표준수역:김남희,최봉기역:우지현,조아라역:오아연,홍유진역:하승리,최정훈역:송지호,나인경역:유서진,김선우역:탁우석,정다인역:한지완,윤동주역:조혜주,장희은역:예수정,유도부선배역:지호,전남자친구역:이동욱"
20200611,O tvN,240156,251813,검색어를입력하세요WWW,,15회,전국,011617,드라마&영화,드라마,미니시리즈,0.07016,0,0,0.52145,0.03323,0.18213,0.15933,0,0.11602,0.08097,0.27786,0.4142,0.06375,0.00297,"배타미역:임수정,차현역:이다희,송가경역:전혜진,박모건역:장기용,설지환역:이재욱,오진우역:지승현,민홍주역:권해효,표준수역:김남희,최봉기역:우지현,조아라역:오아연,홍유진역:하승리,최정훈역:송지호,나인경역:유서진,김선우역:탁우석,정다인역:한지완,윤동주역:조혜주,장희은역:예수정,유도부선배역:지호,전남자친구역:이동욱"
20200611,O tvN,252930,255959,검색어를입력하세요WWW,,16회,전국,003029,드라마&영화,드라마,미니시리즈,0.02687,0.05658,0,0.5713,0.00996,0.09192,0.3507,0,0,0.56776,0.44924,0.28397,0.24823,0.02026,"배타미역:임수정,차현역:이다희,송가경역:전혜진,박모건역:장기용,설지환역:이재욱,오진우역:지승현,민홍주역:권해효,표준수역:김남희,최봉기역:우지현,조아라역:오아연,홍유진역:하승리,최정훈역:송지호,나인경역:유서진,김선우역:탁우석,정다인역:한지완,윤동주역:조혜주,장희은역:예수정,유도부선배역:지호,전남자친구역:이동욱"
20200611,O'live,251133,255959,아는건별로없지만가족입니다,,1회,전국,004826,드라마&영화,드라마,미니시리즈,0,0,0,0.13139,0,0.23483,0.0544,0,0,0.1123,0.34283,0.02219,0.09338,0.02387,"김은희역:한예리,박찬혁역:김지석,김은주역:추자현,김상식역:정진영,이진숙역:원미경,김지우역:신재하,임건주역:신동욱,윤태형역:김태훈,젊은상식역:한준우,젊은진숙역:조아영,유선일역:서상원,안효석역:이종원,서경옥역:가득희,윤서영역:혜정,전하라역:배윤경,유민우역:권율"
20200611,On Style,081039,091906,위대한쇼,,1회,전국,010827,드라마&영화,드라마,미니시리즈,0,0,0,0.00469,0.03599,0.00156,0.00676,0,0,0,0.0077,0,0.00609,0.01075,"위대한역:송승헌,정수현역:이선빈,강준호역:임주환,한다정역:노정의,한탁역:정준원,한태풍역:김준,한송이역:박예나,김혜진역:박하나,강경훈역:손병호,정종철역:이원종,최정우역:한상혁,양미숙역:김현,정한수역:유성주,구피디역:유장영,고봉주역:김동영,안작가역:송지현,마작가역:표혜림,한동남역:강성진,정지현역:강은아,위대한어린시절역:이도현"
20200611,On Style,092058,103254,위대한쇼,,2회,전국,011156,드라마&영화,드라마,미니시리즈,0,0,0,0,0.00583,0.00096,0.00394,0,0,0.00121,0.00184,0.00954,0.00124,0.0022,"위대한역:송승헌,정수현역:이선빈,강준호역:임주환,한다정역:노정의,한탁역:정준원,한태풍역:김준,한송이역:박예나,김혜진역:박하나,강경훈역:손병호,정종철역:이원종,최정우역:한상혁,양미숙역:김현,정한수역:유성주,구피디역:유장영,고봉주역:김동영,안작가역:송지현,마작가역:표혜림,한동남역:강성진,정지현역:강은아,위대한어린시절역:이도현"
20200611,On Style,132459,143627,라이브,,10회,전국,011128,드라마&영화,드라마,미니시리즈,0,0,0.07372,0,0.01416,0.21398,0.08451,0,0,0,0,0.05736,0.06995,0.09236,"한정오역:정유미,염상수역:이광수,오양촌역:배성우,안장미역:배종옥,양촌부역:이순재,기한솔역:성동일,은경모역:장현성,최명호역:신동욱,강남일역:이시언,정오모역:우현주,상수모역:염혜란,김민석역:조완기,반종민역:이순원,김한표역:김건우,송혜리역:이주영,민원우역:김종훈,고승재역:백승도,오송이역:고민시,오대관역:장호준,이삼보역:이얼"
20200611,On Style,144146,155414,라이브,,11회,전국,011228,드라마&영화,드라마,미니시리즈,0,0,0.03421,0,0.00179,0.20538,0.07386,0,0,0,0,0.02839,0.0942,0.10846,"한정오역:정유미,염상수역:이광수,오양촌역:배성우,안장미역:배종옥,양촌부역:이순재,기한솔역:성동일,은경모역:장현성,최명호역:신동욱,강남일역:이시언,정오모역:우현주,상수모역:염혜란,김민석역:조완기,반종민역:이순원,김한표역:김건우,송혜리역:이주영,민원우역:김종훈,고승재역:백승도,오송이역:고민시,오대관역:장호준,이삼보역:이얼"
20200611,On Style,160003,171403,라이브,,12회,전국,011400,드라마&영화,드라마,미니시리즈,0,0,0,0,0.0643,0.17741,0.00387,0.03536,0.02085,0.04395,0,0.06435,0.0942,0.00584,"한정오역:정유미,염상수역:이광수,오양촌역:배성우,안장미역:배종옥,양촌부역:이순재,기한솔역:성동일,은경모역:장현성,최명호역:신동욱,강남일역:이시언,정오모역:우현주,상수모역:염혜란,김민석역:조완기,반종민역:이순원,김한표역:김건우,송혜리역:이주영,민원우역:김종훈,고승재역:백승도,오송이역:고민시,오대관역:장호준,이삼보역:이얼"
20200611,SBS플러스,020509,030638,굿캐스팅,,12회,전국,010129,드라마&영화,드라마,미니시리즈,0,0.182,0.17466,0,0.121,0.12526,0.01357,0,0,0.12997,0,0.14044,0.07419,0.03605,"백찬미역:최강희,윤석호역:이상엽,임예은역:유인영,황미순역:김지영,강우원역:이준영,동관수역:이종혁,서국환역:정인기,배무혁역:박경순,간태희역:황보미,명계철역:우현,탁상기역:이상훈,옥철역:김용희,변우석역:허재호,구비서역:한수진,설영훈역:조영훈,심화란역:차수연,남봉만역:이승형,남주연역:김보윤,피철웅역:배진웅,권민석역:성혁,권소희역:노하연"
20200611,SBS플러스,065610,072615,엄마가바람났다,,27회,전국,003005,드라마&영화,드라마,아침드라마,0,0,0,0.49397,0,0.01205,0.46135,0,0,0,0.01157,0.63564,0.34007,0.47781,"오필정역:현쥬니,강석준역:이재황,이은주역:문보령,강석환역:김형범,오순정역:남이안,김복순역:박순천,박민호역:길정우,박민지역:홍제이,김해정역:양금석,강태수역:이원재,이태우역:서현석,최동석역:김동균,최은자역:이진아,최유경역:이영은,최미영역:전은채,왕기범역:차승우,하열도역:김영훈,홍수경역:노정명,박태섭역:강서준,박혜진역:박지수"
20200611,SBS플러스,072726,075728,엄마가바람났다,,28회,전국,003002,드라마&영화,드라마,아침드라마,0,0,0.07286,0.32931,0,0.06413,0.67802,0,0,0,0.26047,0.2607,0.59168,0.7913,"오필정역:현쥬니,강석준역:이재황,이은주역:문보령,강석환역:김형범,오순정역:남이안,김복순역:박순천,박민호역:길정우,박민지역:홍제이,김해정역:양금석,강태수역:이원재,이태우역:서현석,최동석역:김동균,최은자역:이진아,최유경역:이영은,최미영역:전은채,왕기범역:차승우,하열도역:김영훈,홍수경역:노정명,박태섭역:강서준,박혜진역:박지수"
20200611,SBS플러스,081004,091430,주군의태양,,4회,전국,010426,드라마&영화,드라마,미니시리즈,1.36142,0,0.00961,0.01763,0.77414,0.00298,0.02198,0,0.02775,0.00269,0.61572,0.08125,0.16129,0.019,"주중원역:소지섭,태공실역:공효진,강우역:서인국,태이령역:김유리,김귀도역:최정우,주성란역:김미경,도석철역:이종원,태공리역:박희본,이한주역:이재원,안진주역:정가은,주중원어린시절역:김명수,TV프로그램자역:김상중,미경역:송채윤,하유진역:김보라,가영역:방민아,이은설역:이혜인,차희주역:한보름,주중원아버지역:김용건,이승모역:이도현,이승준역:홍은택,선영역:김보미,지우역:유민규,강길자역:김희정,루이장역:정찬,박서현역:서효림,이재석역:이종혁,이회장역:이재용,한나브라운역:황선희,유진우역:이천희,고여사역:이용녀,유혜성역:진이한"
20200611,SBS플러스,145045,160215,더킹영원의군주,,14회,전국,011130,드라마&영화,드라마,미니시리즈,0,0.0138,0.00342,0.36707,0,0.03331,0.24663,0.23239,0,0.37187,0.20075,0.27824,0.27076,0.31445,"이곤역:이민호,정태을역:김고은,조은섭역:우도환,조영역:우도환,강신재역:김경남,구서령역:정은채,이림역:이정진,루나역:김고은,노옥남역:김영옥,정도인역:전배수,송정혜역:서정연,박문식역:박원상,장미카엘역:강홍석,이종인역:전무송,명나리역:김용지,명승아역:김용지,유경무역:이해영,민화연역:황영희,박지영역:박지연,모비서역:백현주,석호필역:이홍내"
20200611,SBS플러스,162102,174204,더킹영원의군주,,15회,전국,012102,드라마&영화,드라마,미니시리즈,0.05972,0.0433,0.22417,0.58067,0.04077,0.68999,0.09288,0.21879,0.01967,0.19941,0.27436,0.17425,0.28805,0.25612,"이곤역:이민호,정태을역:김고은,조은섭역:우도환,조영역:우도환,강신재역:김경남,구서령역:정은채,이림역:이정진,루나역:김고은,노옥남역:김영옥,정도인역:전배수,송정혜역:서정연,박문식역:박원상,장미카엘역:강홍석,이종인역:전무송,명나리역:김용지,명승아역:김용지,유경무역:이해영,민화연역:황영희,박지영역:박지연,모비서역:백현주,석호필역:이홍내"
20200611,SKY,033153,040346,열혈사제,,9회,전국,003153,드라마&영화,드라마,미니시리즈,0,0,0,0.11641,0.19501,0.04124,0,0,0,0,0.01332,0.15118,0,0.00228,"김해일역:김남길,구대영역:김성균,박경선역:이하늬,황철범역:고준,서승아역:금새록,정동자역:정영주,강석태역:김형묵,남석구역:정인기,박원무역:한기중,기용문역:이문식,블라디미르고자예프역:김원해,이영준역:정동환,한성규역:전성우,김인경역:백지원,쏭삭테카라타나푸라서트역:안창환,오요한역:고규필,배희정역:윤주희,이명수역:신담수,허익구역:전정관,나대길역:지찬,이중권역:김민재,김훈석역:이제연,장룡역:음문석"
20200611,SKY,040458,043251,열혈사제,,10회,전국,002753,드라마&영화,드라마,미니시리즈,0,0,0,0,0.20801,0.05438,0.04649,0,0,0,0,0,0,0.03455,"김해일역:김남길,구대영역:김성균,박경선역:이하늬,황철범역:고준,서승아역:금새록,정동자역:정영주,강석태역:김형묵,남석구역:정인기,박원무역:한기중,기용문역:이문식,블라디미르고자예프역:김원해,이영준역:정동환,한성규역:전성우,김인경역:백지원,쏭삭테카라타나푸라서트역:안창환,오요한역:고규필,배희정역:윤주희,이명수역:신담수,허익구역:전정관,나대길역:지찬,이중권역:김민재,김훈석역:이제연,장룡역:음문석"
20200611,SKY,051403,062159,야식남녀,,5회,전국,010756,드라마&영화,드라마,미니시리즈,0,0.0046,0,0.02171,0.00219,0.01634,0.00601,0,0,0.01623,0,0.04487,0.00153,0.0273,"박진성역:정일우,김아진역:강지영,강태완역:이학주,이상영역:김승수,차주희역:김수진,남규장역:양대혁,유성은역:공민정,노재수역:박성준,박진우역:최재현"
20200611,SKY,063154,073802,야식남녀,,6회,전국,010608,드라마&영화,드라마,미니시리즈,0,0,0,0.01026,0.01362,0.00159,0.02209,0,0,0.00351,0.04514,0.02383,0.01569,0.01701,"박진성역:정일우,김아진역:강지영,강태완역:이학주,이상영역:김승수,차주희역:김수진,남규장역:양대혁,유성은역:공민정,노재수역:박성준,박진우역:최재현"
20200611,ONCE,020000,022834,동이,,47회,전국,002834,드라마&영화,드라마,주간연속극,0,0,0,0,0.10759,0.11348,0.02293,0,0,0.03105,0,0.14954,0,0.1628,"동이역:한효주,숙종역:지진희,희빈장씨역:이소연,차천수역:배수빈,서용기역:정진영,인현왕후역:박하선,오태석역:정동환,이종욱역:이정훈,홍태윤역:손일권,박도식역:최재호,도승지역:신국,오호양역:여호민,황주식역:이희도,정인국역:나성균,최효원역:천호진,장익헌역:이재용,김환역:정인기,은금역:한다민,오태풍역:이계인,태풍처역:이숙,장희재역:김유석,설희역:김혜진,게둬라부역:정은표,오윤역:최철호,게둬라역:최수한,심운택역:김동윤,동이어린시절역:김유정,봉상궁역:김소이,조상궁역:안여진,유상궁역:임성민,정임역:정유미,애종역:강유미,시비역:오은호,미지역:최하나,대전내관역:정선일,명성대비역:박정수,정상궁역:김혜선,영달역:이광수,최동주역:정성운,장무열역:최종환,이금역:이형석,경종역:윤찬,김구선역:맹상훈,인원왕후역:오연서"
20200611,ONCE,023940,034222,동이,,48회,전국,010242,드라마&영화,드라마,주간연속극,0,0,0,0,0.17782,0.15226,0.00462,0,0,0,0,0.18283,0,0.06269,"동이역:한효주,숙종역:지진희,희빈장씨역:이소연,차천수역:배수빈,서용기역:정진영,인현왕후역:박하선,오태석역:정동환,이종욱역:이정훈,홍태윤역:손일권,박도식역:최재호,도승지역:신국,오호양역:여호민,황주식역:이희도,정인국역:나성균,최효원역:천호진,장익헌역:이재용,김환역:정인기,은금역:한다민,오태풍역:이계인,태풍처역:이숙,장희재역:김유석,설희역:김혜진,게둬라부역:정은표,오윤역:최철호,게둬라역:최수한,심운택역:김동윤,동이어린시절역:김유정,봉상궁역:김소이,조상궁역:안여진,유상궁역:임성민,정임역:정유미,애종역:강유미,시비역:오은호,미지역:최하나,대전내관역:정선일,명성대비역:박정수,정상궁역:김혜선,영달역:이광수,최동주역:정성운,장무열역:최종환,이금역:이형석,경종역:윤찬,김구선역:맹상훈,인원왕후역:오연서"
20200611,ONCE,060025,063815,전원일기,,421회,전국,003750,드라마&영화,드라마,주말연속극,0,0,0.19035,0,0,0.16125,0.00048,0,0,0.00592,0,0,0.19321,0.01664,"최불암,김혜자,김용건,김수미,고두심,유인촌,정대홍"
20200611,ONCE,064612,072722,전원일기,,422회,전국,004110,드라마&영화,드라마,주말연속극,0,0,0.16588,0,0.14282,0.12149,0,0,0,0.08785,0,0,0.11034,0.08869,"최불암,김혜자,김용건,김수미,고두심,유인촌,정대홍"
20200611,ONCE,074303,084423,동이,,47회,전국,010120,드라마&영화,드라마,주간연속극,0,0,0,0.07647,0.20192,0,0.18318,0,0,0,0,0,0.08894,0.1682,"동이역:한효주,숙종역:지진희,희빈장씨역:이소연,차천수역:배수빈,서용기역:정진영,인현왕후역:박하선,오태석역:정동환,이종욱역:이정훈,홍태윤역:손일권,박도식역:최재호,도승지역:신국,오호양역:여호민,황주식역:이희도,정인국역:나성균,최효원역:천호진,장익헌역:이재용,김환역:정인기,은금역:한다민,오태풍역:이계인,태풍처역:이숙,장희재역:김유석,설희역:김혜진,게둬라부역:정은표,오윤역:최철호,게둬라역:최수한,심운택역:김동윤,동이어린시절역:김유정,봉상궁역:김소이,조상궁역:안여진,유상궁역:임성민,정임역:정유미,애종역:강유미,시비역:오은호,미지역:최하나,대전내관역:정선일,명성대비역:박정수,정상궁역:김혜선,영달역:이광수,최동주역:정성운,장무열역:최종환,이금역:이형석,경종역:윤찬,김구선역:맹상훈,인원왕후역:오연서"
20200611,ONCE,085609,095851,동이,,48회,전국,010242,드라마&영화,드라마,주간연속극,0,0,0,0.11944,0.20872,0.02153,0.22726,0,0.00605,0,0.03813,0.01163,0.07711,0.22915,"동이역:한효주,숙종역:지진희,희빈장씨역:이소연,차천수역:배수빈,서용기역:정진영,인현왕후역:박하선,오태석역:정동환,이종욱역:이정훈,홍태윤역:손일권,박도식역:최재호,도승지역:신국,오호양역:여호민,황주식역:이희도,정인국역:나성균,최효원역:천호진,장익헌역:이재용,김환역:정인기,은금역:한다민,오태풍역:이계인,태풍처역:이숙,장희재역:김유석,설희역:김혜진,게둬라부역:정은표,오윤역:최철호,게둬라역:최수한,심운택역:김동윤,동이어린시절역:김유정,봉상궁역:김소이,조상궁역:안여진,유상궁역:임성민,정임역:정유미,애종역:강유미,시비역:오은호,미지역:최하나,대전내관역:정선일,명성대비역:박정수,정상궁역:김혜선,영달역:이광수,최동주역:정성운,장무열역:최종환,이금역:이형석,경종역:윤찬,김구선역:맹상훈,인원왕후역:오연서"
20200611,ONCE,101031,105609,전원일기,,424회,전국,004538,드라마&영화,드라마,주말연속극,0,0,0,0,0.20192,0.10524,0.09248,0,0,0,0,0.15868,0.10436,0.10962,"최불암,김혜자,김용건,김수미,고두심,유인촌,정대홍"
20200611,ONCE,110745,115125,전원일기,,425회,전국,004340,드라마&영화,드라마,주말연속극,0.01367,0,0,0,0.09861,0.01906,0.05256,0,0,0,0.15284,0,0.0323,0.04429,"최불암,김혜자,김용건,김수미,고두심,유인촌,정대홍"
20200611,ONCE,120506,130038,대조영,,50회,전국,005532,드라마&영화,드라마,주말연속극,0,0,0,0,0,0.00634,0.02645,0,0,0,0,0,0.03571,0.0322,"대조영역:최수종,이해고역:정보석,설인귀역:이덕화,초린역:박예진,검이역:정태우,숙영역:홍수현,양만춘역:임동진,흑수돌역:김학철,연남생역:임호,대중상역:임혁,걸사비우역:최철호,검모잠역:김명수,당태종역:송용태,부지광역:박지일,미모사역:김정현,금란역:심은진,부기원역:김하균,보장왕역:길용우,이진충역:김동현,손만영역:조인표,신홍역:김규철,계필사문역:윤용현,퉁소역:방형주,홍패역:유태술,이문역:남성진,팔보역:우봉식"
20200611,ONCE,164809,174339,대조영,,50회,전국,005530,드라마&영화,드라마,주말연속극,0,0,0,0.04132,0.00371,0.01438,0.02948,0,0,0,0,0.00327,0.00894,0.08333,"대조영역:최수종,이해고역:정보석,설인귀역:이덕화,초린역:박예진,검이역:정태우,숙영역:홍수현,양만춘역:임동진,흑수돌역:김학철,연남생역:임호,대중상역:임혁,걸사비우역:최철호,검모잠역:김명수,당태종역:송용태,부지광역:박지일,미모사역:김정현,금란역:심은진,부기원역:김하균,보장왕역:길용우,이진충역:김동현,손만영역:조인표,신홍역:김규철,계필사문역:윤용현,퉁소역:방형주,홍패역:유태술,이문역:남성진,팔보역:우봉식"
20200611,ONCE,175756,190038,동이,,49회,전국,010242,드라마&영화,드라마,주간연속극,0,0,0.04041,0,0.21554,0.00204,0.19383,0,0,0.03933,0,0.06467,0.09132,0.29433,"동이역:한효주,숙종역:지진희,희빈장씨역:이소연,차천수역:배수빈,서용기역:정진영,인현왕후역:박하선,오태석역:정동환,이종욱역:이정훈,홍태윤역:손일권,박도식역:최재호,도승지역:신국,오호양역:여호민,황주식역:이희도,정인국역:나성균,최효원역:천호진,장익헌역:이재용,김환역:정인기,은금역:한다민,오태풍역:이계인,태풍처역:이숙,장희재역:김유석,설희역:김혜진,게둬라부역:정은표,오윤역:최철호,게둬라역:최수한,심운택역:김동윤,동이어린시절역:김유정,봉상궁역:김소이,조상궁역:안여진,유상궁역:임성민,정임역:정유미,애종역:강유미,시비역:오은호,미지역:최하나,대전내관역:정선일,명성대비역:박정수,정상궁역:김혜선,영달역:이광수,최동주역:정성운,장무열역:최종환,이금역:이형석,경종역:윤찬,김구선역:맹상훈,인원왕후역:오연서"
20200611,ONCE,191456,201631,동이,,50회,전국,010135,드라마&영화,드라마,주간연속극,0,0,0.07528,0.08954,0.39438,0.01249,0.20335,0,0,0.07804,0.01765,0.12816,0.09049,0.34922,"동이역:한효주,숙종역:지진희,희빈장씨역:이소연,차천수역:배수빈,서용기역:정진영,인현왕후역:박하선,오태석역:정동환,이종욱역:이정훈,홍태윤역:손일권,박도식역:최재호,도승지역:신국,오호양역:여호민,황주식역:이희도,정인국역:나성균,최효원역:천호진,장익헌역:이재용,김환역:정인기,은금역:한다민,오태풍역:이계인,태풍처역:이숙,장희재역:김유석,설희역:김혜진,게둬라부역:정은표,오윤역:최철호,게둬라역:최수한,심운택역:김동윤,동이어린시절역:김유정,봉상궁역:김소이,조상궁역:안여진,유상궁역:임성민,정임역:정유미,애종역:강유미,시비역:오은호,미지역:최하나,대전내관역:정선일,명성대비역:박정수,정상궁역:김혜선,영달역:이광수,최동주역:정성운,장무열역:최종환,이금역:이형석,경종역:윤찬,김구선역:맹상훈,인원왕후역:오연서"
20200611,ONCE,222219,230757,전원일기,,424회,전국,004538,드라마&영화,드라마,주말연속극,0,0,0.33729,0.01605,0.11808,0.16561,0.08351,0,0,0,0,0.01832,0.29839,0.06121,"최불암,김혜자,김용건,김수미,고두심,유인촌,정대홍"
20200611,ONCE,231803,240143,전원일기,,425회,전국,004340,드라마&영화,드라마,주말연속극,0,0,0.1866,0.0022,0,0.30327,0.0013,0,0,0.00502,0,0.12245,0.18941,0.00159,"최불암,김혜자,김용건,김수미,고두심,유인촌,정대홍"
20200611,ONCE,241425,250957,대조영,,50회,전국,005532,드라마&영화,드라마,주말연속극,0,0,0.06211,0.01616,0,0.20053,0.00544,0,0,0.07962,0.00456,0.00579,0.00143,0.01473,"대조영역:최수종,이해고역:정보석,설인귀역:이덕화,초린역:박예진,검이역:정태우,숙영역:홍수현,양만춘역:임동진,흑수돌역:김학철,연남생역:임호,대중상역:임혁,걸사비우역:최철호,검모잠역:김명수,당태종역:송용태,부지광역:박지일,미모사역:김정현,금란역:심은진,부기원역:김하균,보장왕역:길용우,이진충역:김동현,손만영역:조인표,신홍역:김규철,계필사문역:윤용현,퉁소역:방형주,홍패역:유태술,이문역:남성진,팔보역:우봉식"
20200611,ONCE,251633,255959,동이,,49회,전국,004326,드라마&영화,드라마,주간연속극,0,0,0,0,0,0.19847,0.00422,0,0,0,0.00848,0.00773,0.00485,0.01356,"동이역:한효주,숙종역:지진희,희빈장씨역:이소연,차천수역:배수빈,서용기역:정진영,인현왕후역:박하선,오태석역:정동환,이종욱역:이정훈,홍태윤역:손일권,박도식역:최재호,도승지역:신국,오호양역:여호민,황주식역:이희도,정인국역:나성균,최효원역:천호진,장익헌역:이재용,김환역:정인기,은금역:한다민,오태풍역:이계인,태풍처역:이숙,장희재역:김유석,설희역:김혜진,게둬라부역:정은표,오윤역:최철호,게둬라역:최수한,심운택역:김동윤,동이어린시절역:김유정,봉상궁역:김소이,조상궁역:안여진,유상궁역:임성민,정임역:정유미,애종역:강유미,시비역:오은호,미지역:최하나,대전내관역:정선일,명성대비역:박정수,정상궁역:김혜선,영달역:이광수,최동주역:정성운,장무열역:최종환,이금역:이형석,경종역:윤찬,김구선역:맹상훈,인원왕후역:오연서"
20200611,SKYUHD,122544,132647,야식남녀,,3회,전국,010103,드라마&영화,드라마,미니시리즈,0,0,0,0,0,0,0,0,0,0,0,0,0,0,"박진성역:정일우,김아진역:강지영,강태완역:이학주,이상영역:김승수,차주희역:김수진,남규장역:양대혁,유성은역:공민정,노재수역:박성준,박진우역:최재현"
20200611,SKYUHD,163134,173237,야식남녀,,3회,전국,010103,드라마&영화,드라마,미니시리즈,0,0,0,0,0,0,0,0,0,0,0,0,0,0,"박진성역:정일우,김아진역:강지영,강태완역:이학주,이상영역:김승수,차주희역:김수진,남규장역:양대혁,유성은역:공민정,노재수역:박성준,박진우역:최재현"
20200611,SKYUHD,205143,215251,야식남녀,,4회,전국,010108,드라마&영화,드라마,미니시리즈,0,0,0,0,0,0,0,0,0,0,0,0,0,0,"박진성역:정일우,김아진역:강지영,강태완역:이학주,이상영역:김승수,차주희역:김수진,남규장역:양대혁,유성은역:공민정,노재수역:박성준,박진우역:최재현"
20200611,SKYUHD,241728,251835,야식남녀,,4회,전국,010107,드라마&영화,드라마,미니시리즈,0,0,0,0,0,0,0,0,0,0,0,0,0,0,"박진성역:정일우,김아진역:강지영,강태완역:이학주,이상영역:김승수,차주희역:김수진,남규장역:양대혁,유성은역:공민정,노재수역:박성준,박진우역:최재현"
20200611,OCN Thrills,083515,094913,블랙,,4회,전국,011358,드라마&영화,드라마,미니시리즈,0,0.00919,0.00504,0.00556,0.04921,0.01061,0.01718,0.00506,0.0176,0.01532,0.00744,0.00268,0.03917,0.03277,"블랙역:송승헌,강하람역:고아라,윤수완역:이엘,오만수역:김동준,오십견,저승사자No.007역:조재윤,저승사자No.416역:이규복,나광견역:김원해,봉만식역:정석용,오소태역:이철민,박귀남역:허재호,김선영역:송수현,저승사자블랙역:김태우"
20200611,OCN Thrills,100224,111257,블랙,,5회,전국,011033,드라마&영화,드라마,미니시리즈,0,0,0.0035,0.01311,0.00515,0.20371,0.00641,0.02582,0,0.01071,0.00654,0,0.09352,0.01117,"블랙역:송승헌,강하람역:고아라,윤수완역:이엘,오만수역:김동준,오십견,저승사자No.007역:조재윤,저승사자No.416역:이규복,나광견역:김원해,봉만식역:정석용,오소태역:이철민,박귀남역:허재호,김선영역:송수현,저승사자블랙역:김태우"
20200611,OCN Thrills,112235,124120,블랙,,6회,전국,011845,드라마&영화,드라마,미니시리즈,0,0,0.00479,0.0664,0,0.17267,0.016,0,0,0,0.01871,0.15692,0.16714,0.0142,"블랙역:송승헌,강하람역:고아라,윤수완역:이엘,오만수역:김동준,오십견,저승사자No.007역:조재윤,저승사자No.416역:이규복,나광견역:김원해,봉만식역:정석용,오소태역:이철민,박귀남역:허재호,김선영역:송수현,저승사자블랙역:김태우"
20200611,OCN Thrills,151152,161839,번외수사,,5회,전국,010647,드라마&영화,드라마,미니시리즈,0,0.03919,0,0.00428,0.00361,0.09072,0.04915,0,0.05832,0.0858,0.24652,0.02977,0.01262,0.11784,"진강호역:차태현,강무영역:이선빈,이반석역:정상훈,테디정역:윤경호,탁원역:지승현,민대진역:박정우,맨손역:박태산,연장역:장진희,지수철역:이영석,노순이역:민경옥"
20200611,OCN Thrills,162617,172709,번외수사,,6회,전국,010052,드라마&영화,드라마,미니시리즈,0.03849,0.17525,0,0.0039,0.09593,0.08839,0.06462,0.02004,0.02135,0,0.11739,0.01733,0.085,0.07316,"진강호역:차태현,강무영역:이선빈,이반석역:정상훈,테디정역:윤경호,탁원역:지승현,민대진역:박정우,맨손역:박태산,연장역:장진희,지수철역:이영석,노순이역:민경옥"
20200611,TRENDY,070034,080558,부부클리닉사랑과전쟁2,,25회,전국,010524,드라마&영화,드라마,단막극,0.00749,0,0,0.01677,0.30494,0.00987,0.01631,0.00738,0.02024,0.01441,0.00305,0.05235,0.03447,0.11652,"이재만,민지영,최영완,이정수,장가현,손유경,이준우"
20200611,TRENDY,081619,092050,부부클리닉사랑과전쟁2,,26회,전국,010431,드라마&영화,드라마,단막극,0,0,0,0.17048,0.24121,0.00516,0.11998,0.01532,0.00621,0.00331,0.00532,0.0056,0.0873,0.19804,"이재만,민지영,최영완,이정수,장가현,손유경,이준우"
20200611,TRENDY,135805,150333,부부클리닉사랑과전쟁2,,25회,전국,010528,드라마&영화,드라마,단막극,0,0,0,0.0764,0.0351,0.05821,0.03545,0,0,0.01059,0.17743,0.04029,0.08964,0.18497,"이재만,민지영,최영완,이정수,장가현,손유경,이준우"
20200611,TRENDY,151805,162240,부부클리닉사랑과전쟁2,,26회,전국,010435,드라마&영화,드라마,단막극,0.02586,0.00785,0.00774,0,0.01015,0.017,0.06609,0,0.00752,0.00713,0.00528,0.0041,0.07211,0.05702,"이재만,민지영,최영완,이정수,장가현,손유경,이준우"
20200611,TRENDY,225817,240345,부부클리닉사랑과전쟁2,,25회,전국,010528,드라마&영화,드라마,단막극,0.29871,0,0.00788,0,0,0.00191,0.06102,0,0,0.02696,0,0.01179,0.00181,0.06897,"이재만,민지영,최영완,이정수,장가현,손유경,이준우"
20200611,TRENDY,241603,252037,부부클리닉사랑과전쟁2,,26회,전국,010434,드라마&영화,드라마,단막극,0,0,0,0,0.09979,0.02085,0.00873,0,0,0,0.06047,0.02245,0.01209,0.00519,"이재만,민지영,최영완,이정수,장가현,손유경,이준우"
20200612,KBS1,203108,205919,기막힌유산,,40회,전국,002811,드라마&영화,드라마,일일연속극,2.43478,3.45118,4.61469,5.56783,4.37296,8.23015,25.96486,2.39171,1.70385,3.06982,5.12674,7.69744,14.43314,29.96977,"부영배역:박인환,공계옥역:강세정,부설악역:신정윤,부백두역:강신조,윤민주역:이아현,부금강역:남성진,신애리역:김가연,정미희역:박순천,김용미역:이응경,부한라역:박신우,성판금역:조양자,부가온역:김비주,부태희역:김연지,부혜교역:김효경,부지현역:강유라,공소영역:김난주,이장원역:이일준,김수민역:조서후,김종두역:이춘식,차정건역:조순창,이청아역:정서하,손보미역:박민지,김영지역:주민하,강선희역:박현정,천호식역:백신,이정태역:노상보,고향숙역:박소정"
20200612,KBS2,090558,093404,기막힌유산,,39회,전국,002806,드라마&영화,드라마,일일연속극,1.9086,1.27166,1.36631,0.91585,1.57475,1.75682,3.35562,0.49562,1.04237,0.87722,1.19253,2.40884,2.61695,4.24802,"부영배역:박인환,공계옥역:강세정,부설악역:신정윤,부백두역:강신조,윤민주역:이아현,부금강역:남성진,신애리역:김가연,정미희역:박순천,김용미역:이응경,부한라역:박신우,성판금역:조양자,부가온역:김비주,부태희역:김연지,부혜교역:김효경,부지현역:강유라,공소영역:김난주,이장원역:이일준,김수민역:조서후,김종두역:이춘식,차정건역:조순창,이청아역:정서하,손보미역:박민지,김영지역:주민하,강선희역:박현정,천호식역:백신,이정태역:노상보,고향숙역:박소정"
20200612,KBS2,110411,121321,한번다녀왔습니다,<41회/42회>,41회/42회,전국,010910,드라마&영화,드라마,주말연속극,0.02478,0.55349,0.0742,0.52607,0.26877,0.68457,0.87951,0.20392,0.49747,0.22506,0.56975,0.84273,0.86179,1.56469,"송영달역:천호진,장옥분역:차화연,최윤정역:김보연,강초연역:이정은,송나희역:이민정,윤규진역:이상엽,송준선역:오대환,송가희역:오윤아,송다희역:이초희,양치수역:안길강,장옥자역:백지원,성현경역:임정은,윤재석역:이상이,박효신역:기도훈,김지훈역:문우진,이주리역:김소라,김가연역:송다은,건어물역:신미영,꽈배기역:김가영,송서영역:이가연,송서진역:안서연,이정록역:알렉스,유보영역:손성윤,유시후역:송민재,박지연역:신수정,한기영역:강유석,홍성우역:김현목,신혜정역:김미은,심정희역:이상경,오연지역:한봄,오정봉역:오의식,이종수역:장원혁,김승현역:배호근,송이역:김주영,지원역:찬희,이현역:이필모"
20200612,KBS2,122556,133508,한번다녀왔습니다,<43회/44회>,43회/44회,전국,010912,드라마&영화,드라마,주말연속극,0.65553,0.35801,0.21077,0.59998,0.17423,0.88044,1.16701,0.877,0.13057,0.01344,0.48739,0.91063,1.38457,1.57662,"송영달역:천호진,장옥분역:차화연,최윤정역:김보연,강초연역:이정은,송나희역:이민정,윤규진역:이상엽,송준선역:오대환,송가희역:오윤아,송다희역:이초희,양치수역:안길강,장옥자역:백지원,성현경역:임정은,윤재석역:이상이,박효신역:기도훈,김지훈역:문우진,이주리역:김소라,김가연역:송다은,건어물역:신미영,꽈배기역:김가영,송서영역:이가연,송서진역:안서연,이정록역:알렉스,유보영역:손성윤,유시후역:송민재,박지연역:신수정,한기영역:강유석,홍성우역:김현목,신혜정역:김미은,심정희역:이상경,오연지역:한봄,오정봉역:오의식,이종수역:장원혁,김승현역:배호근,송이역:김주영,지원역:찬희,이현역:이필모"
20200612,KBS2,195057,202533,위험한약속,,52회,전국,003436,드라마&영화,드라마,일일연속극,1.51177,2.3224,3.20783,3.6111,2.95772,6.84722,18.77032,2.10942,2.2902,1.5577,5.65484,6.1581,13.15125,22.78749,"차은동역:박하나,강태인역:고세원,최준혁역:강성민,오혜원역:박영린,한지훈역:이창욱,차만종역:이대연,차은찬역:유준서,공영심역:유지연,봉석구역:현우섭,강일섭역:강신일,연두심역:이칸희,한광훈역:길용우,한서주역:김혜지,최명희역:김나운,고재숙역:윤복인,최영국역:송민형,민주란역:오영실,최준경역:이효나,이창욱역:김정운"
20200612,SBS,083647,090739,엄마가바람났다,,30회,전국,003052,드라마&영화,드라마,아침드라마,1.82213,1.95194,2.1191,1.30694,2.75501,1.80155,5.29905,0,1.91699,0.62195,2.52738,2.78714,3.02685,6.3579,"오필정역:현쥬니,강석준역:이재황,이은주역:문보령,강석환역:김형범,오순정역:남이안,김복순역:박순천,박민호역:길정우,박민지역:홍제이,김해정역:양금석,강태수역:이원재,이태우역:서현석,최동석역:김동균,최은자역:이진아,최유경역:이영은,최미영역:전은채,왕기범역:차승우,하열도역:김영훈,홍수경역:노정명,박태섭역:강서준,박혜진역:박지수"
20200612,SBS,123319,130714,더킹영원의군주,<1부>,15회,전국,003355,드라마&영화,드라마,미니시리즈,0.0494,0.07127,0.08637,0.37273,0.36336,0.40742,0.48589,0.05002,0.01253,0.01651,0.43717,0.08012,0.64817,0.72201,"이곤역:이민호,정태을역:김고은,조은섭역:우도환,조영역:우도환,강신재역:김경남,구서령역:정은채,이림역:이정진,루나역:김고은,노옥남역:김영옥,정도인역:전배수,송정혜역:서정연,박문식역:박원상,장미카엘역:강홍석,이종인역:전무송,명나리역:김용지,명승아역:김용지,유경무역:이해영,민화연역:황영희,박지영역:박지연,모비서역:백현주,석호필역:이홍내"
20200612,SBS,130841,135412,더킹영원의군주,<2부>,15회,전국,004531,드라마&영화,드라마,미니시리즈,0.17096,0.07266,0.14698,0.19976,0.36901,0.59345,0.72899,0.45813,0.09399,0.11503,1.03746,0.41812,1.05459,0.9495,"이곤역:이민호,정태을역:김고은,조은섭역:우도환,조영역:우도환,강신재역:김경남,구서령역:정은채,이림역:이정진,루나역:김고은,노옥남역:김영옥,정도인역:전배수,송정혜역:서정연,박문식역:박원상,장미카엘역:강홍석,이종인역:전무송,명나리역:김용지,명승아역:김용지,유경무역:이해영,민화연역:황영희,박지영역:박지연,모비서역:백현주,석호필역:이홍내"
20200612,SBS,220112,223556,더킹영원의군주,<1부>,16회,전국,003444,드라마&영화,드라마,미니시리즈,2.4329,1.53487,1.64091,2.26164,4.16446,4.09796,3.16265,1.64155,2.80485,1.73352,4.89865,5.73092,6.40512,2.82614,"이곤역:이민호,정태을역:김고은,조은섭역:우도환,조영역:우도환,강신재역:김경남,구서령역:정은채,이림역:이정진,루나역:김고은,노옥남역:김영옥,정도인역:전배수,송정혜역:서정연,박문식역:박원상,장미카엘역:강홍석,이종인역:전무송,명나리역:김용지,명승아역:김용지,유경무역:이해영,민화연역:황영희,박지영역:박지연,모비서역:백현주,석호필역:이홍내"
20200612,SBS,223805,231920,더킹영원의군주,<2부>,16회,전국,004115,드라마&영화,드라마,미니시리즈,2.62614,2.04273,1.82787,3.43337,5.23514,5.29933,4.03948,2.55947,4.10033,2.64393,5.55954,8.77579,8.10294,3.73475,"이곤역:이민호,정태을역:김고은,조은섭역:우도환,조영역:우도환,강신재역:김경남,구서령역:정은채,이림역:이정진,루나역:김고은,노옥남역:김영옥,정도인역:전배수,송정혜역:서정연,박문식역:박원상,장미카엘역:강홍석,이종인역:전무송,명나리역:김용지,명승아역:김용지,유경무역:이해영,민화연역:황영희,박지영역:박지연,모비서역:백현주,석호필역:이홍내"
20200612,OBS,094833,105134,구가의서,,9회,전국,010301,드라마&영화,드라마,주간연속극,0.0121,0,0,0.00739,0.13517,0.00367,0.01742,0,0.18321,0.05188,0.00619,0.10673,0.05181,0.0723,"최강치역:이승기,담여울역:수지,조관웅역:이성재,담평준역:조성하,박태서역:유연석,박청조역:이유비,곤역:성준,구월령역:최진혁,윤서화역:이연희,소정법사역:김희원,천수련역:정혜영,자홍명역:윤세아,박무솔역:엄효섭,월선역:손승우,이순신역:유동근,마봉출역:조재윤,카게시마역:데이비드맥기니스,한노역:박주형,윤씨역:김희정,억만역:김기방,윤정윤역:이다윗,담이역:김보미,필목역:송영규,공달선생역:이도경"
20200612,OBS,181812,192118,구가의서,,10회,전국,010306,드라마&영화,드라마,주간연속극,0,0.00957,0,0.04065,0.01931,0,0.23495,0,0.06886,0.00375,0,0.07509,0.00146,0.3179,"최강치역:이승기,담여울역:수지,조관웅역:이성재,담평준역:조성하,박태서역:유연석,박청조역:이유비,곤역:성준,구월령역:최진혁,윤서화역:이연희,소정법사역:김희원,천수련역:정혜영,자홍명역:윤세아,박무솔역:엄효섭,월선역:손승우,이순신역:유동근,마봉출역:조재윤,카게시마역:데이비드맥기니스,한노역:박주형,윤씨역:김희정,억만역:김기방,윤정윤역:이다윗,담이역:김보미,필목역:송영규,공달선생역:이도경"
20200612,JTBC,124050,135113,쌍갑포차,,8회,전국,011023,드라마&영화,드라마,미니시리즈,0.17946,0.22643,0.2297,0.0334,0.21661,0.40879,0.33495,0,0.27018,0.06722,0.30352,0.7354,1.06188,0.48049,"월주역:황정음,한강배역:육성재,귀반장역:최원영,염부장역:이준혁,강여린역:정다은,최진동역:안태환,송미란역:박하나,박대리역:박주형,김원형역:나인우"
20200612,TV CHOSUN,103141,113214,바람과구름과비,,6회,전국,010033,드라마&영화,드라마,미니시리즈,0,0.08354,0.08055,0.18572,1.0511,0.65853,1.05084,0,0.12805,0.0855,0.28916,0.62125,0.5155,1.056,"최천중역:박시후,봉련역:고성희,흥선대원군이하응역:전광렬,채인규역:성혁,김병운역:김승수,김좌근역:차광수,나합역:윤아정,김병학역:한재영,조대비역:김보연,철종역:정욱,이하전역:이루,명성황후민자영역:박정연,고종이재황역:박상훈,용팔룡역:조복래,주모역:김주령,적도사진상역:한동규,팽구철역:노형욱,만석역:박노식,연치성역:임현수,반달역:왕빛나,임종사관역:허태희,최천중어린시절역:강태우,봉련어린시절역:홍승희,채인규어린시절역:최정우,상복역:허성태,민승호역:이해우,저자이병주,출판그림같은세상2020.08.28.,e북무료판매처 1건"
20200612,TV CHOSUN,114342,124357,바람과구름과비,,7회,전국,010015,드라마&영화,드라마,미니시리즈,0,0,0.17482,0.53538,0.93408,0.80238,1.08688,0,0.07043,0.17584,0.56609,0.97935,0.98244,1.22991,"최천중역:박시후,봉련역:고성희,흥선대원군이하응역:전광렬,채인규역:성혁,김병운역:김승수,김좌근역:차광수,나합역:윤아정,김병학역:한재영,조대비역:김보연,철종역:정욱,이하전역:이루,명성황후민자영역:박정연,고종이재황역:박상훈,용팔룡역:조복래,주모역:김주령,적도사진상역:한동규,팽구철역:노형욱,만석역:박노식,연치성역:임현수,반달역:왕빛나,임종사관역:허태희,최천중어린시절역:강태우,봉련어린시절역:홍승희,채인규어린시절역:최정우,상복역:허성태,민승호역:이해우,저자이병주,출판그림같은세상2020.08.28.,e북무료판매처 1건"
20200612,tvN,020722,033341,슬기로운감빵생활,,15회,전국,012619,드라마&영화,드라마,미니시리즈,0,0.00493,0,0.09374,0.14696,0.06858,0.20756,0.23641,0.04029,0,0.07221,0.18747,0.09271,0.36391,"제혁역:박해수,준호역:정경호,지호역:정수정,제희역:임화영,준돌역:김경남,조주임역:성동일,법자역:김성철,명교수역:정재성,건달역:이호철,똘마니역:안창환,장기수역:최무성,문래동카이스트역:박호산,장발장역:강승윤,고박사역:정민성,한양역:이규형,유대위역:정해인,팽부장역:정웅인,점박이역:최성원,교도소장역:안상우,나과장역:박형수,송담당역:강기둥,한양엄마역:염혜란,유정민역:정문성,김은수역:김지민,송지원역:김준한"
20200612,tvN,034733,052948,슬기로운감빵생활,,16회,전국,014215,드라마&영화,드라마,미니시리즈,0,0.34683,0,0,0,0.35894,0.10842,0,0,0,0,0.17768,0.11476,0.09332,"제혁역:박해수,준호역:정경호,지호역:정수정,제희역:임화영,준돌역:김경남,조주임역:성동일,법자역:김성철,명교수역:정재성,건달역:이호철,똘마니역:안창환,장기수역:최무성,문래동카이스트역:박호산,장발장역:강승윤,고박사역:정민성,한양역:이규형,유대위역:정해인,팽부장역:정웅인,점박이역:최성원,교도소장역:안상우,나과장역:박형수,송담당역:강기둥,한양엄마역:염혜란,유정민역:정문성,김은수역:김지민,송지원역:김준한"
20200612,tvN,070225,083416,슬기로운의사생활,,11회,전국,013151,드라마&영화,드라마,미니시리즈,0.09062,0.01636,0.13011,0.35877,0.15315,0.39542,0.23923,0.09854,0.0749,0.11115,0.52179,1.0168,0.85225,0.18457,"이익준역:조정석,안정원역:유연석,김준완역:정경호,양석형역:김대명,채송화역:전미도,정로사역:김해숙,주종수역:김갑수,도재학역:정문성,용석민역:문태유,장겨울역:신현빈,안치홍역:김준한,봉광현역:최영준,추민하역:안은진,허선빈역:하윤경,명은원역:김혜인,장윤복역:조이현,장홍도역:배현성,송수빈역:김수진,소이현역:윤혜리,배준희역:신도현,주전역:조승연,황재신역:양조아,이우주역:김준,민기준역:서진원,종세혁역:전광진,이영하역:이노아,김재환역:이달,국해성역:이혜은,함덕주역:김비비,한현희역:이지원,한승주역:김지성,은선진역:설유진,이익순역:곽선영,조영혜역:문희경,양태양역:남명렬,김태연역:이소윤,천명태역:최영우,선우희수역:박한솔,장겨울남동생역:박정우,고아라역:고아라"
20200612,tvN,085154,104841,슬기로운의사생활,,12회,전국,015647,드라마&영화,드라마,미니시리즈,1.189,0.43564,0.57712,0.64652,0.83718,0.76478,0.52122,0.71263,0.82315,0.35389,1.3594,1.87725,0.86033,0.5894,"이익준역:조정석,안정원역:유연석,김준완역:정경호,양석형역:김대명,채송화역:전미도,정로사역:김해숙,주종수역:김갑수,도재학역:정문성,용석민역:문태유,장겨울역:신현빈,안치홍역:김준한,봉광현역:최영준,추민하역:안은진,허선빈역:하윤경,명은원역:김혜인,장윤복역:조이현,장홍도역:배현성,송수빈역:김수진,소이현역:윤혜리,배준희역:신도현,주전역:조승연,황재신역:양조아,이우주역:김준,민기준역:서진원,종세혁역:전광진,이영하역:이노아,김재환역:이달,국해성역:이혜은,함덕주역:김비비,한현희역:이지원,한승주역:김지성,은선진역:설유진,이익순역:곽선영,조영혜역:문희경,양태양역:남명렬,김태연역:이소윤,천명태역:최영우,선우희수역:박한솔,장겨울남동생역:박정우,고아라역:고아라"
20200612,tvN,130838,142047,오마이베이비,,9회,전국,011209,드라마&영화,드라마,미니시리즈,1.14147,0.19996,0.45207,0,0.33188,0.69603,0.15247,0.68558,0.10812,0.32713,0.57397,1.41896,0.95825,0.29135,"장하리역:장나라,한이상역:고준,윤재영역:박병은,최강으뜸역:정건주,이옥란역:김혜옥,남수철역:조희봉,김은영역:이미도,김철중역:유승목,주승태역:전진기,박연호역:백승희,최효주역:박수영,주선생역:문현정,심정화역:김재화,이소윤역:정라엘,이옥희역:김예령,박재한역:이한위,김상희역:손화령,순남역:이주실,조회장역:장광,조아저씨역:최홍일,강효주역:전혜빈"
20200612,tvN,143628,154514,오마이베이비,,10회,전국,010846,드라마&영화,드라마,미니시리즈,1.32764,0.31014,0,0.00819,0.2532,0.23448,0.19878,0.68558,0.13188,0.18394,0.60236,0.6577,0.60488,0.41807,"장하리역:장나라,한이상역:고준,윤재영역:박병은,최강으뜸역:정건주,이옥란역:김혜옥,남수철역:조희봉,김은영역:이미도,김철중역:유승목,주승태역:전진기,박연호역:백승희,최효주역:박수영,주선생역:문현정,심정화역:김재화,이소윤역:정라엘,이옥희역:김예령,박재한역:이한위,김상희역:손화령,순남역:이주실,조회장역:장광,조아저씨역:최홍일,강효주역:전혜빈"
20200612,tvN,231550,243050,아는건별로없지만가족입니다,,3회,전국,011500,드라마&영화,드라마,미니시리즈,0.29762,1.1404,0.34472,1.35295,0.94184,1.06909,1.25546,0.7137,0.40454,1.0803,0.807,2.41186,1.5035,1.27173,"김은희역:한예리,박찬혁역:김지석,김은주역:추자현,김상식역:정진영,이진숙역:원미경,김지우역:신재하,임건주역:신동욱,윤태형역:김태훈,젊은상식역:한준우,젊은진숙역:조아영,유선일역:서상원,안효석역:이종원,서경옥역:가득희,윤서영역:혜정,전하라역:배윤경,유민우역:권율"
20200612,tvN,244826,255959,아는건별로없지만가족입니다,,4회,전국,011133,드라마&영화,드라마,미니시리즈,0,0.57841,0.09078,0.66356,0.88104,0.3097,0.55204,0.08088,0.40176,0.44547,0.26319,1.51182,0.37316,0.50407,"김은희역:한예리,박찬혁역:김지석,김은주역:추자현,김상식역:정진영,이진숙역:원미경,김지우역:신재하,임건주역:신동욱,윤태형역:김태훈,젊은상식역:한준우,젊은진숙역:조아영,유선일역:서상원,안효석역:이종원,서경옥역:가득희,윤서영역:혜정,전하라역:배윤경,유민우역:권율"
20200612,국방TV,210036,212339,바람은불어도,,95회,전국,002303,드라마&영화,드라마,미니시리즈,0,0,0,0,0,0,0,0,0,0,0,0,0,0,"최수종,유호정,윤손하,송나영,송기윤,나문희"
20200612,국방TV,213038,215627,바람은불어도,,96회,전국,002549,드라마&영화,드라마,미니시리즈,0,0,0,0,0,0,0.02365,0,0,0,0,0,0,0.00737,"최수종,유호정,윤손하,송나영,송기윤,나문희"
20200612,국방TV,240036,242339,바람은불어도,,95회,전국,002303,드라마&영화,드라마,미니시리즈,0,0,0,0,0,0,0,0,0,0,0,0,0,0,"최수종,유호정,윤손하,송나영,송기윤,나문희"
20200612,국방TV,243038,245627,바람은불어도,,96회,전국,002549,드라마&영화,드라마,미니시리즈,0,0,0.02817,0,0,0,0.01856,0,0,0,0,0,0.02134,0,"최수종,유호정,윤손하,송나영,송기윤,나문희"
20200612,국방TV,250039,252823,바람은불어도,,97회,전국,002744,드라마&영화,드라마,미니시리즈,0,0,0,0,0,0,0.01063,0,0,0,0,0,0,0.00865,"최수종,유호정,윤손하,송나영,송기윤,나문희"
20200612,국방TV,253019,255837,바람은불어도,,98회,전국,002818,드라마&영화,드라마,미니시리즈,0,0,0,0.00803,0,0,0,0,0,0,0,0,0,0,"최수종,유호정,윤손하,송나영,송기윤,나문희"
20200612,CHING,020000,024107,이산,,13회,전국,004107,드라마&영화,드라마,주간연속극,0,0,0,0,0,0.02398,0.03789,0,0,0.06967,0,0,0.01846,0,"정조이산역:이서진,성송연역:한지민,영조역:이순재,정순왕후역:김여진,화완옹주역:성현아,정후겸역:조연우,박대수역:이종수,효의왕후역:박은혜,혜경궁홍씨역:견미리,사도세자역:이창훈,홍국영역:한상진,최석주역:조경환,채제공역:한인수,정약용역:송창의,장태우역:이재용,민주식역:정호근,박제가역:정재곤,남사초역:맹상훈,박달호역:이희도,김정금상궁역:김소이,강미비상궁역:이숙,원빈홍씨역:지성원,화빈윤씨역:유연지,박영문역:신국,초비역:이도은,이천역:지상렬,탁지수역:유민혁,이산어린시절역:박지빈,성송연어린시절역:이한나,박대수어린시절역:권오민,정후겸어린시절역:이인성"
20200612,CHING,025244,035959,이산,,14회,전국,010715,드라마&영화,드라마,주간연속극,0,0,0,0,0,0,0,0,0,0,0,0,0.03332,0,"정조이산역:이서진,성송연역:한지민,영조역:이순재,정순왕후역:김여진,화완옹주역:성현아,정후겸역:조연우,박대수역:이종수,효의왕후역:박은혜,혜경궁홍씨역:견미리,사도세자역:이창훈,홍국영역:한상진,최석주역:조경환,채제공역:한인수,정약용역:송창의,장태우역:이재용,민주식역:정호근,박제가역:정재곤,남사초역:맹상훈,박달호역:이희도,김정금상궁역:김소이,강미비상궁역:이숙,원빈홍씨역:지성원,화빈윤씨역:유연지,박영문역:신국,초비역:이도은,이천역:지상렬,탁지수역:유민혁,이산어린시절역:박지빈,성송연어린시절역:이한나,박대수어린시절역:권오민,정후겸어린시절역:이인성"
20200612,CHING,083308,094035,이산,,15회,전국,010727,드라마&영화,드라마,주간연속극,0,0,0,0,0.00282,0.02007,0.05008,0,0,0,0.0986,0,0,0.01975,"정조이산역:이서진,성송연역:한지민,영조역:이순재,정순왕후역:김여진,화완옹주역:성현아,정후겸역:조연우,박대수역:이종수,효의왕후역:박은혜,혜경궁홍씨역:견미리,사도세자역:이창훈,홍국영역:한상진,최석주역:조경환,채제공역:한인수,정약용역:송창의,장태우역:이재용,민주식역:정호근,박제가역:정재곤,남사초역:맹상훈,박달호역:이희도,김정금상궁역:김소이,강미비상궁역:이숙,원빈홍씨역:지성원,화빈윤씨역:유연지,박영문역:신국,초비역:이도은,이천역:지상렬,탁지수역:유민혁,이산어린시절역:박지빈,성송연어린시절역:이한나,박대수어린시절역:권오민,정후겸어린시절역:이인성"
20200612,CHING,095138,105607,이산,,16회,전국,010429,드라마&영화,드라마,주간연속극,0,0,0,0,0,0.07001,0.00771,0,0,0,0,0.00221,0,0.01499,"정조이산역:이서진,성송연역:한지민,영조역:이순재,정순왕후역:김여진,화완옹주역:성현아,정후겸역:조연우,박대수역:이종수,효의왕후역:박은혜,혜경궁홍씨역:견미리,사도세자역:이창훈,홍국영역:한상진,최석주역:조경환,채제공역:한인수,정약용역:송창의,장태우역:이재용,민주식역:정호근,박제가역:정재곤,남사초역:맹상훈,박달호역:이희도,김정금상궁역:김소이,강미비상궁역:이숙,원빈홍씨역:지성원,화빈윤씨역:유연지,박영문역:신국,초비역:이도은,이천역:지상렬,탁지수역:유민혁,이산어린시절역:박지빈,성송연어린시절역:이한나,박대수어린시절역:권오민,정후겸어린시절역:이인성"
20200612,CHING,143931,151106,인어아가씨,,77회,전국,003135,드라마&영화,드라마,주간연속극,0,0,0,0,0,0,0.03583,0,0,0,0,0.00349,0,0,"은아리영역:장서희,한경혜역:정영숙,은진섭역:박근형,심수정역:한혜숙,은예영역:우희진,이주왕역:김성민,이성수역:김병기,금옥선역:사미자,금실라역:김용림,조수아역:고두심,마마준역:정보석,마마린역:이재은"
20200612,CHING,151219,154442,인어아가씨,,78회,전국,003223,드라마&영화,드라마,주간연속극,0,0,0,0,0,0,0,0,0,0,0,0,0,0,"은아리영역:장서희,한경혜역:정영숙,은진섭역:박근형,심수정역:한혜숙,은예영역:우희진,이주왕역:김성민,이성수역:김병기,금옥선역:사미자,금실라역:김용림,조수아역:고두심,마마준역:정보석,마마린역:이재은"
20200612,CHING,155901,162859,인어아가씨,,79회,전국,002958,드라마&영화,드라마,주간연속극,0,0,0,0.00776,0,0,0,0,0,0,0,0,0,0,"은아리영역:장서희,한경혜역:정영숙,은진섭역:박근형,심수정역:한혜숙,은예영역:우희진,이주왕역:김성민,이성수역:김병기,금옥선역:사미자,금실라역:김용림,조수아역:고두심,마마준역:정보석,마마린역:이재은"
20200612,CHING,163012,170241,인어아가씨,,80회,전국,003229,드라마&영화,드라마,주간연속극,0,0,0,0,0,0.00878,0,0,0,0,0,0,0.00875,0,"은아리영역:장서희,한경혜역:정영숙,은진섭역:박근형,심수정역:한혜숙,은예영역:우희진,이주왕역:김성민,이성수역:김병기,금옥선역:사미자,금실라역:김용림,조수아역:고두심,마마준역:정보석,마마린역:이재은"
20200612,CHING,171354,182117,이산,,15회,전국,010723,드라마&영화,드라마,주간연속극,0,0,0,0,0.03934,0.0773,0.01569,0,0,0,0.00572,0.03022,0.01817,0.01004,"정조이산역:이서진,성송연역:한지민,영조역:이순재,정순왕후역:김여진,화완옹주역:성현아,정후겸역:조연우,박대수역:이종수,효의왕후역:박은혜,혜경궁홍씨역:견미리,사도세자역:이창훈,홍국영역:한상진,최석주역:조경환,채제공역:한인수,정약용역:송창의,장태우역:이재용,민주식역:정호근,박제가역:정재곤,남사초역:맹상훈,박달호역:이희도,김정금상궁역:김소이,강미비상궁역:이숙,원빈홍씨역:지성원,화빈윤씨역:유연지,박영문역:신국,초비역:이도은,이천역:지상렬,탁지수역:유민혁,이산어린시절역:박지빈,성송연어린시절역:이한나,박대수어린시절역:권오민,정후겸어린시절역:이인성"
20200612,CHING,183235,193659,이산,,16회,전국,010424,드라마&영화,드라마,주간연속극,0,0,0,0,0.19305,0,0.04838,0,0,0,0,0.14052,0,0.00496,"정조이산역:이서진,성송연역:한지민,영조역:이순재,정순왕후역:김여진,화완옹주역:성현아,정후겸역:조연우,박대수역:이종수,효의왕후역:박은혜,혜경궁홍씨역:견미리,사도세자역:이창훈,홍국영역:한상진,최석주역:조경환,채제공역:한인수,정약용역:송창의,장태우역:이재용,민주식역:정호근,박제가역:정재곤,남사초역:맹상훈,박달호역:이희도,김정금상궁역:김소이,강미비상궁역:이숙,원빈홍씨역:지성원,화빈윤씨역:유연지,박영문역:신국,초비역:이도은,이천역:지상렬,탁지수역:유민혁,이산어린시절역:박지빈,성송연어린시절역:이한나,박대수어린시절역:권오민,정후겸어린시절역:이인성"
20200612,CHING,231050,234229,인어아가씨,,77회,전국,003139,드라마&영화,드라마,주간연속극,0,0,0.09087,0.01458,0,0.11419,0.0091,0,0,0.12866,0.01118,0,0.10707,0,"은아리영역:장서희,한경혜역:정영숙,은진섭역:박근형,심수정역:한혜숙,은예영역:우희진,이주왕역:김성민,이성수역:김병기,금옥선역:사미자,금실라역:김용림,조수아역:고두심,마마준역:정보석,마마린역:이재은"
20200612,CHING,234343,241605,인어아가씨,,78회,전국,003222,드라마&영화,드라마,주간연속극,0,0,0.02201,0,0,0.0305,0.01157,0,0,0.03116,0,0,0.02247,0.06302,"은아리영역:장서희,한경혜역:정영숙,은진섭역:박근형,심수정역:한혜숙,은예영역:우희진,이주왕역:김성민,이성수역:김병기,금옥선역:사미자,금실라역:김용림,조수아역:고두심,마마준역:정보석,마마린역:이재은"
20200612,CHING,242649,245648,인어아가씨,,79회,전국,002959,드라마&영화,드라마,주간연속극,0,0,0,0,0,0,0.04887,0,0,0,0,0,0,0.0032,"은아리영역:장서희,한경혜역:정영숙,은진섭역:박근형,심수정역:한혜숙,은예영역:우희진,이주왕역:김성민,이성수역:김병기,금옥선역:사미자,금실라역:김용림,조수아역:고두심,마마준역:정보석,마마린역:이재은"
20200612,CHING,245802,253031,인어아가씨,,80회,전국,003229,드라마&영화,드라마,주간연속극,0,0,0,0,0.00756,0,0.00374,0,0,0,0,0,0,0.00458,"은아리영역:장서희,한경혜역:정영숙,은진섭역:박근형,심수정역:한혜숙,은예영역:우희진,이주왕역:김성민,이성수역:김병기,금옥선역:사미자,금실라역:김용림,조수아역:고두심,마마준역:정보석,마마린역:이재은"
20200612,CHING,254240,255959,이산,,15회,전국,001719,드라마&영화,드라마,주간연속극,0,0,0,0,0,0.00593,0,0,0,0,0,0.01392,0,0.006,"정조이산역:이서진,성송연역:한지민,영조역:이순재,정순왕후역:김여진,화완옹주역:성현아,정후겸역:조연우,박대수역:이종수,효의왕후역:박은혜,혜경궁홍씨역:견미리,사도세자역:이창훈,홍국영역:한상진,최석주역:조경환,채제공역:한인수,정약용역:송창의,장태우역:이재용,민주식역:정호근,박제가역:정재곤,남사초역:맹상훈,박달호역:이희도,김정금상궁역:김소이,강미비상궁역:이숙,원빈홍씨역:지성원,화빈윤씨역:유연지,박영문역:신국,초비역:이도은,이천역:지상렬,탁지수역:유민혁,이산어린시절역:박지빈,성송연어린시절역:이한나,박대수어린시절역:권오민,정후겸어린시절역:이인성"
20200612,CNTV,032705,035657,녹두꽃,,7회,전국,002952,드라마&영화,드라마,미니시리즈,0,0,0.00688,0,0,0.02839,0.10633,0,0,0.03809,0,0,0.02365,0,"백이강역:조정석,백이현역:윤시윤,송자인역:한예리,전봉준역:최무성,백가역:박혁권,최덕기역:김상호,황석주역:최원영,채씨역:황영희,백이화역:백은혜,유월이역:서영희,남서방역:정선철,최경선역:민성욱,해승역:안길강,버들이역:노행하,번개역:병헌,동록개역:정규수,김가역:박지환,김개남역:김정호,손화중역:홍우진,송희옥역:이태검,황명심역:박규영,홍가역:조희봉,억쇠역:조현식,철두역:김도연,박원명역:김하균,송봉길역:박지일,김당손역:문원주,김문현역:이순원,김학진역:남문철,홍계훈역:윤서현,이규태역:손우현,이두황역:서종봉,대원군역:전국환,민비역:김지현,고종역:이윤건,조병갑역:장광,이용태역:이정헌,최시형역:전무송,다케다요스케역:이기찬,김홍집역:황만익"
20200612,CNTV,035723,042619,녹두꽃,,8회,전국,002856,드라마&영화,드라마,미니시리즈,0,0,0,0.0503,0,0.00494,0.02265,0,0,0.00767,0,0,0,0.01983,"백이강역:조정석,백이현역:윤시윤,송자인역:한예리,전봉준역:최무성,백가역:박혁권,최덕기역:김상호,황석주역:최원영,채씨역:황영희,백이화역:백은혜,유월이역:서영희,남서방역:정선철,최경선역:민성욱,해승역:안길강,버들이역:노행하,번개역:병헌,동록개역:정규수,김가역:박지환,김개남역:김정호,손화중역:홍우진,송희옥역:이태검,황명심역:박규영,홍가역:조희봉,억쇠역:조현식,철두역:김도연,박원명역:김하균,송봉길역:박지일,김당손역:문원주,김문현역:이순원,김학진역:남문철,홍계훈역:윤서현,이규태역:손우현,이두황역:서종봉,대원군역:전국환,민비역:김지현,고종역:이윤건,조병갑역:장광,이용태역:이정헌,최시형역:전무송,다케다요스케역:이기찬,김홍집역:황만익"
20200612,CNTV,060418,070132,용의눈물,,73회,전국,005714,드라마&영화,드라마,주간연속극,0.10514,0,0,0.00212,0,0.00564,0.03314,0.09456,0,0,0.00348,0.02325,0.00973,0.03183,"유동근,최명길,이민우,안재모,김무생,김혜리"
20200612,CNTV,071132,080054,용의눈물,,74회,전국,004922,드라마&영화,드라마,주간연속극,0,0,0,0.01425,0,0,0.17439,0,0,0,0,0.0183,0,0.15663,"유동근,최명길,이민우,안재모,김무생,김혜리"
20200612,CNTV,092039,102535,자이언트,,43회,전국,010456,드라마&영화,드라마,주간연속극,0.268,0.00334,0,0.23255,0.19618,0.12698,0.16347,0,0,0,0.38269,0.02574,0.13041,0.36764,"이강모역:이범수,황정연역:박진희,조민우역:주상욱,이성모역:박상민,이미주역:황정음,조필연역:정보석,황태섭역:이덕화,박소태역:이문식,유경옥역:김서형,염재수역:유형관,황정식역:김정현,한명석역:이효정,오병탁역:김학철,이성모어린시절역:김수현,조민우어린시절역:노영학,이미주어린시절역:박하영,황정연어린시절역:남지현,이강모어린시절역:여진구,민홍기역:이기영,백파역:임혁,말죽거리파두목역:최민,홍기표역:손병호,염시덕역:신승환,이복자역:한경선,염경자역:최하나,남영출역:송경철,오남숙역:문희경,주영국역:장순국,문성중역:이승형,양명자역:홍여진,고재춘역:윤용현,유찬성역:황택하,윤기훈역:임종윤,지연수역:유호린,천수연역:한다민,차부철역:김성오"
20200612,CNTV,104258,114742,바람과구름과비,,6회,전국,010444,드라마&영화,드라마,미니시리즈,0,0,0,0,0.0643,0.24543,0.14,0.01667,0,0.00769,0.00365,0.00259,0.13629,0.18747,"최천중역:박시후,봉련역:고성희,흥선대원군이하응역:전광렬,채인규역:성혁,김병운역:김승수,김좌근역:차광수,나합역:윤아정,김병학역:한재영,조대비역:김보연,철종역:정욱,이하전역:이루,명성황후민자영역:박정연,고종이재황역:박상훈,용팔룡역:조복래,주모역:김주령,적도사진상역:한동규,팽구철역:노형욱,만석역:박노식,연치성역:임현수,반달역:왕빛나,임종사관역:허태희,최천중어린시절역:강태우,봉련어린시절역:홍승희,채인규어린시절역:최정우,상복역:허성태,민승호역:이해우,저자이병주,출판그림같은세상2020.08.28.,e북무료판매처 1건"
20200612,CNTV,120500,130505,바람과구름과비,,7회,전국,010005,드라마&영화,드라마,미니시리즈,0,0,0,0.00496,0.14906,0.01099,0.28241,0.04477,0,0,0.02103,0.02666,0.28523,0.35219,"최천중역:박시후,봉련역:고성희,흥선대원군이하응역:전광렬,채인규역:성혁,김병운역:김승수,김좌근역:차광수,나합역:윤아정,김병학역:한재영,조대비역:김보연,철종역:정욱,이하전역:이루,명성황후민자영역:박정연,고종이재황역:박상훈,용팔룡역:조복래,주모역:김주령,적도사진상역:한동규,팽구철역:노형욱,만석역:박노식,연치성역:임현수,반달역:왕빛나,임종사관역:허태희,최천중어린시절역:강태우,봉련어린시절역:홍승희,채인규어린시절역:최정우,상복역:허성태,민승호역:이해우,저자이병주,출판그림같은세상2020.08.28.,e북무료판매처 1건"
20200612,CNTV,132148,141940,용의눈물,,73회,전국,005752,드라마&영화,드라마,주간연속극,0,0.00846,0,0,0,0.04685,0.28969,0.03919,0,0.01153,0,0.00581,0.01787,0.173,"유동근,최명길,이민우,안재모,김무생,김혜리"
20200612,CNTV,143732,152710,용의눈물,,74회,전국,004938,드라마&영화,드라마,주간연속극,0,0,0,0.05226,0.00656,0.00435,0.5982,0,0,0.1491,0.00712,0.03337,0.04535,0.47923,"유동근,최명길,이민우,안재모,김무생,김혜리"
20200612,CNTV,154750,165300,자이언트,,43회,전국,010510,드라마&영화,드라마,주간연속극,0,0.03242,0.00558,0.00445,0.13856,0.10033,0.51081,0,0,0.00426,0.00384,0.03561,0.09208,0.25918,"이강모역:이범수,황정연역:박진희,조민우역:주상욱,이성모역:박상민,이미주역:황정음,조필연역:정보석,황태섭역:이덕화,박소태역:이문식,유경옥역:김서형,염재수역:유형관,황정식역:김정현,한명석역:이효정,오병탁역:김학철,이성모어린시절역:김수현,조민우어린시절역:노영학,이미주어린시절역:박하영,황정연어린시절역:남지현,이강모어린시절역:여진구,민홍기역:이기영,백파역:임혁,말죽거리파두목역:최민,홍기표역:손병호,염시덕역:신승환,이복자역:한경선,염경자역:최하나,남영출역:송경철,오남숙역:문희경,주영국역:장순국,문성중역:이승형,양명자역:홍여진,고재춘역:윤용현,유찬성역:황택하,윤기훈역:임종윤,지연수역:유호린,천수연역:한다민,차부철역:김성오"
20200612,CNTV,170943,181427,바람과구름과비,,6회,전국,010444,드라마&영화,드라마,미니시리즈,0,0.14472,0.00283,0,0.00657,0.08242,0.25802,0.31961,0,0.02157,0.11438,0.01844,0.10883,0.12965,"최천중역:박시후,봉련역:고성희,흥선대원군이하응역:전광렬,채인규역:성혁,김병운역:김승수,김좌근역:차광수,나합역:윤아정,김병학역:한재영,조대비역:김보연,철종역:정욱,이하전역:이루,명성황후민자영역:박정연,고종이재황역:박상훈,용팔룡역:조복래,주모역:김주령,적도사진상역:한동규,팽구철역:노형욱,만석역:박노식,연치성역:임현수,반달역:왕빛나,임종사관역:허태희,최천중어린시절역:강태우,봉련어린시절역:홍승희,채인규어린시절역:최정우,상복역:허성태,민승호역:이해우,저자이병주,출판그림같은세상2020.08.28.,e북무료판매처 1건"
20200612,CNTV,182910,192930,바람과구름과비,,7회,전국,010020,드라마&영화,드라마,미니시리즈,0,0.00494,0,0,0.15789,0.20004,0.15948,0.42668,0.23153,0.03574,0,0.32184,0.06588,0.2487,"최천중역:박시후,봉련역:고성희,흥선대원군이하응역:전광렬,채인규역:성혁,김병운역:김승수,김좌근역:차광수,나합역:윤아정,김병학역:한재영,조대비역:김보연,철종역:정욱,이하전역:이루,명성황후민자영역:박정연,고종이재황역:박상훈,용팔룡역:조복래,주모역:김주령,적도사진상역:한동규,팽구철역:노형욱,만석역:박노식,연치성역:임현수,반달역:왕빛나,임종사관역:허태희,최천중어린시절역:강태우,봉련어린시절역:홍승희,채인규어린시절역:최정우,상복역:허성태,민승호역:이해우,저자이병주,출판그림같은세상2020.08.28.,e북무료판매처 1건"
20200612,CNTV,194525,204303,용의눈물,,73회,전국,005738,드라마&영화,드라마,주간연속극,0,0,0,0.14762,0.08149,0.02487,0.26169,0,0.20206,0.00196,0,0.07207,0.00344,0.1636,"유동근,최명길,이민우,안재모,김무생,김혜리"
20200612,CNTV,205858,214836,용의눈물,,74회,전국,004938,드라마&영화,드라마,주간연속극,0.01063,0.01052,0,0.04638,0.06188,0.06448,0.18055,0,0.15342,0.00824,0.00259,0.05472,0.07687,0.22231,"유동근,최명길,이민우,안재모,김무생,김혜리"
20200612,CNTV,220133,230559,자이언트,,43회,전국,010426,드라마&영화,드라마,주간연속극,0,0.01643,0.0022,0.08572,0,0.09105,0.18769,0,0,0.00752,0.02642,0.0506,0.07564,0.0557,"이강모역:이범수,황정연역:박진희,조민우역:주상욱,이성모역:박상민,이미주역:황정음,조필연역:정보석,황태섭역:이덕화,박소태역:이문식,유경옥역:김서형,염재수역:유형관,황정식역:김정현,한명석역:이효정,오병탁역:김학철,이성모어린시절역:김수현,조민우어린시절역:노영학,이미주어린시절역:박하영,황정연어린시절역:남지현,이강모어린시절역:여진구,민홍기역:이기영,백파역:임혁,말죽거리파두목역:최민,홍기표역:손병호,염시덕역:신승환,이복자역:한경선,염경자역:최하나,남영출역:송경철,오남숙역:문희경,주영국역:장순국,문성중역:이승형,양명자역:홍여진,고재춘역:윤용현,유찬성역:황택하,윤기훈역:임종윤,지연수역:유호린,천수연역:한다민,차부철역:김성오"
20200612,CNTV,231847,242301,바람과구름과비,,6회,전국,010414,드라마&영화,드라마,미니시리즈,0,0,0.33385,0,0,0.30066,0.19113,0,0,0.03888,0.00299,0.00287,0.33449,0.10237,"최천중역:박시후,봉련역:고성희,흥선대원군이하응역:전광렬,채인규역:성혁,김병운역:김승수,김좌근역:차광수,나합역:윤아정,김병학역:한재영,조대비역:김보연,철종역:정욱,이하전역:이루,명성황후민자영역:박정연,고종이재황역:박상훈,용팔룡역:조복래,주모역:김주령,적도사진상역:한동규,팽구철역:노형욱,만석역:박노식,연치성역:임현수,반달역:왕빛나,임종사관역:허태희,최천중어린시절역:강태우,봉련어린시절역:홍승희,채인규어린시절역:최정우,상복역:허성태,민승호역:이해우,저자이병주,출판그림같은세상2020.08.28.,e북무료판매처 1건"
20200612,CNTV,243213,253219,바람과구름과비,,7회,전국,010006,드라마&영화,드라마,미니시리즈,0,0.03186,0.12615,0.02637,0.0159,0.12926,0.08191,0.05838,0,0,0.03957,0.02005,0.31188,0.12007,"최천중역:박시후,봉련역:고성희,흥선대원군이하응역:전광렬,채인규역:성혁,김병운역:김승수,김좌근역:차광수,나합역:윤아정,김병학역:한재영,조대비역:김보연,철종역:정욱,이하전역:이루,명성황후민자영역:박정연,고종이재황역:박상훈,용팔룡역:조복래,주모역:김주령,적도사진상역:한동규,팽구철역:노형욱,만석역:박노식,연치성역:임현수,반달역:왕빛나,임종사관역:허태희,최천중어린시절역:강태우,봉련어린시절역:홍승희,채인규어린시절역:최정우,상복역:허성태,민승호역:이해우,저자이병주,출판그림같은세상2020.08.28.,e북무료판매처 1건"
20200612,DRAMAcube,050008,060213,시크릿부티크,,12회,전국,010205,드라마&영화,드라마,미니시리즈,0,0,0,0,0,0.00303,0.04919,0.0469,0,0.00612,0,0.01018,0.20279,0.0944,"제니장역:김선아,김여옥역:장미희,위예남역:박희본,이현지역:고민시,윤선우역:김재영,위정혁역:김태훈,위예은역:류원,차승재역:류승수,황집사역:한정수,미세스왕역:김영아,위동섭역:여무영,운산스님역:박병호,도준섭역:김법래,오태석역:주석태,이주호역:장률,박주현역:장영남,김미진역:윤지인,예준역:최동화,조양오역:임철형,이상훈역:정욱진,윤혜라역:송지우,장도윤역:박재준,우선정역:박성연,어린도영역:박서경,18세도영역:정다은,18세예남역:조민아,20세정혁역:김성현,어린선우역:이시우"
20200612,DRAMAcube,060507,070712,배가본드,,5회,전국,010205,드라마&영화,드라마,미니시리즈,0.19671,0,0,0.0029,0,0,0.00629,0.17692,0,0.05504,0.00926,0.04351,0.34849,0.00527,"차달건역:이승기,고해리역:배수지,기태웅역:신성록,제시카리역:문정희,정국표역:백윤식,홍순조역:문성근,에드워드박역:이경영,강주철역:이기영,윤한기역:김민종,민재식역:정만식,공화숙역:황보라,박만영역:최광일,안기동역:김종수,김세훈역:신승환,한기수역:김민서,미키역:류원,홍승범역:김정현,릴리역:박아인,박광덕역:고규필,제롬역:유태오,김우기역:장혁진,오상미역:강경헌,김도수역:최대철"
20200612,DRAMAcube,101546,112000,굿캐스팅,,11회,전국,010414,드라마&영화,드라마,미니시리즈,0,0,0,0,0.0188,0.23777,0.05757,0,0.04661,0,0.02727,0.03285,0.12343,0.00833,"백찬미역:최강희,윤석호역:이상엽,임예은역:유인영,황미순역:김지영,강우원역:이준영,동관수역:이종혁,서국환역:정인기,배무혁역:박경순,간태희역:황보미,명계철역:우현,탁상기역:이상훈,옥철역:김용희,변우석역:허재호,구비서역:한수진,설영훈역:조영훈,심화란역:차수연,남봉만역:이승형,남주연역:김보윤,피철웅역:배진웅,권민석역:성혁,권소희역:노하연"
20200612,DRAMAcube,113450,124112,굿캐스팅,,12회,전국,010622,드라마&영화,드라마,미니시리즈,0,0.00621,0.0168,0,0,0.09491,0.03355,0,0,0,0,0.07663,0.06995,0.02405,"백찬미역:최강희,윤석호역:이상엽,임예은역:유인영,황미순역:김지영,강우원역:이준영,동관수역:이종혁,서국환역:정인기,배무혁역:박경순,간태희역:황보미,명계철역:우현,탁상기역:이상훈,옥철역:김용희,변우석역:허재호,구비서역:한수진,설영훈역:조영훈,심화란역:차수연,남봉만역:이승형,남주연역:김보윤,피철웅역:배진웅,권민석역:성혁,권소희역:노하연"
20200612,DramaH,020126,030230,바람과구름과비,,7회,전국,010104,드라마&영화,드라마,미니시리즈,0,0,0.11765,0.01274,0,0.17927,0.14252,0,0,0.04782,0.00591,0,0.15789,0.1409,"최천중역:박시후,봉련역:고성희,흥선대원군이하응역:전광렬,채인규역:성혁,김병운역:김승수,김좌근역:차광수,나합역:윤아정,김병학역:한재영,조대비역:김보연,철종역:정욱,이하전역:이루,명성황후민자영역:박정연,고종이재황역:박상훈,용팔룡역:조복래,주모역:김주령,적도사진상역:한동규,팽구철역:노형욱,만석역:박노식,연치성역:임현수,반달역:왕빛나,임종사관역:허태희,최천중어린시절역:강태우,봉련어린시절역:홍승희,채인규어린시절역:최정우,상복역:허성태,민승호역:이해우,저자이병주,출판그림같은세상2020.08.28.,e북무료판매처 1건"
20200612,DramaH,101730,112126,영혼수선공,,11회,전국,010356,드라마&영화,드라마,미니시리즈,0,0,0.13526,0,0.0017,0.08359,0.06532,0,0,0,0.17877,0.01432,0.03905,0.07184,"이시준역:신하균,한우주역:정소민,인동혁역:태인호,지영원역:박예진,공지선역:주민경,조인혜역:조경숙,오기태역:박수영,박대하역:정해균,이택경역:최정우,노우정역:안동구,강누리역:하영,임세찬역:장유상,공지희역:박한솔,장유미역:김가란,김영석역:김강민,송민수역:류시원"
20200612,DramaH,113855,124146,영혼수선공,,12회,전국,010251,드라마&영화,드라마,미니시리즈,0,0.06254,0,0,0.04632,0,0.03358,0,0,0,0.00128,0.05693,0.02403,0.05358,"이시준역:신하균,한우주역:정소민,인동혁역:태인호,지영원역:박예진,공지선역:주민경,조인혜역:조경숙,오기태역:박수영,박대하역:정해균,이택경역:최정우,노우정역:안동구,강누리역:하영,임세찬역:장유상,공지희역:박한솔,장유미역:김가란,김영석역:김강민,송민수역:류시원"
20200612,DramaH,144406,154908,바람과구름과비,,6회,전국,010502,드라마&영화,드라마,미니시리즈,0,0,0.01024,0.17228,0.00965,0,0.14139,0,0.02688,0.00563,0.01104,0.18094,0.1853,0.22227,"최천중역:박시후,봉련역:고성희,흥선대원군이하응역:전광렬,채인규역:성혁,김병운역:김승수,김좌근역:차광수,나합역:윤아정,김병학역:한재영,조대비역:김보연,철종역:정욱,이하전역:이루,명성황후민자영역:박정연,고종이재황역:박상훈,용팔룡역:조복래,주모역:김주령,적도사진상역:한동규,팽구철역:노형욱,만석역:박노식,연치성역:임현수,반달역:왕빛나,임종사관역:허태희,최천중어린시절역:강태우,봉련어린시절역:홍승희,채인규어린시절역:최정우,상복역:허성태,민승호역:이해우,저자이병주,출판그림같은세상2020.08.28.,e북무료판매처 1건"
20200612,DramaH,160504,170610,바람과구름과비,,7회,전국,010106,드라마&영화,드라마,미니시리즈,0,0,0.01233,0.00424,0,0.17007,0.0248,0,0,0.01545,0.0046,0.00539,0.49106,0.16521,"최천중역:박시후,봉련역:고성희,흥선대원군이하응역:전광렬,채인규역:성혁,김병운역:김승수,김좌근역:차광수,나합역:윤아정,김병학역:한재영,조대비역:김보연,철종역:정욱,이하전역:이루,명성황후민자영역:박정연,고종이재황역:박상훈,용팔룡역:조복래,주모역:김주령,적도사진상역:한동규,팽구철역:노형욱,만석역:박노식,연치성역:임현수,반달역:왕빛나,임종사관역:허태희,최천중어린시절역:강태우,봉련어린시절역:홍승희,채인규어린시절역:최정우,상복역:허성태,민승호역:이해우,저자이병주,출판그림같은세상2020.08.28.,e북무료판매처 1건"
20200612,DramaH,222746,232838,번외수사,,3회,전국,010052,드라마&영화,드라마,미니시리즈,0,0,0.00722,0.00741,0,0.22206,0.01771,0.0183,0,0,0.00832,0.06105,0.08018,0.00515,"진강호역:차태현,강무영역:이선빈,이반석역:정상훈,테디정역:윤경호,탁원역:지승현,민대진역:박정우,맨손역:박태산,연장역:장진희,지수철역:이영석,노순이역:민경옥"
20200612,DramaH,234857,244925,번외수사,,4회,전국,010028,드라마&영화,드라마,미니시리즈,0,0,0.00505,0,0,0.05763,0.00115,0,0,0,0,0,0.02419,0,"진강호역:차태현,강무영역:이선빈,이반석역:정상훈,테디정역:윤경호,탁원역:지승현,민대진역:박정우,맨손역:박태산,연장역:장진희,지수철역:이영석,노순이역:민경옥"
20200612,Dramax,022338,032423,VIP,,9회,전국,010045,드라마&영화,드라마,미니시리즈,0,0,0.02387,0,0,0.02108,0.02508,0,0,0.00498,0.00582,0.02449,0.02637,0.14149,"나정선역:장나라,박성준역:이상윤,이현아역:이청아,송미나역:곽선영,온유리역:표예진,마상우역:신재하,이병훈역:이재원,차진호역:정준원,하재웅역:박성근,배도일역:장혁진,하영웅역:조승연,강지영역:이진희,계미옥역:김미경,나영철역:최홍일,한숙영역:정애리,한숙자역:김서라,장진철역:장현성,이명은역:전혜진,하태영역:박지영"
20200612,Dramax,033155,043321,VIP,,10회,전국,010126,드라마&영화,드라마,미니시리즈,0,0,0,0,0.00404,0,0.04621,0,0,0,0,0.09848,0.00245,0.08509,"나정선역:장나라,박성준역:이상윤,이현아역:이청아,송미나역:곽선영,온유리역:표예진,마상우역:신재하,이병훈역:이재원,차진호역:정준원,하재웅역:박성근,배도일역:장혁진,하영웅역:조승연,강지영역:이진희,계미옥역:김미경,나영철역:최홍일,한숙영역:정애리,한숙자역:김서라,장진철역:장현성,이명은역:전혜진,하태영역:박지영"
20200612,Dramax,044238,054352,VIP,,11회,전국,010114,드라마&영화,드라마,미니시리즈,0,0,0,0,0,0.01112,0.04028,0,0,0,0.01429,0.05887,0.02471,0.05224,"나정선역:장나라,박성준역:이상윤,이현아역:이청아,송미나역:곽선영,온유리역:표예진,마상우역:신재하,이병훈역:이재원,차진호역:정준원,하재웅역:박성근,배도일역:장혁진,하영웅역:조승연,강지영역:이진희,계미옥역:김미경,나영철역:최홍일,한숙영역:정애리,한숙자역:김서라,장진철역:장현성,이명은역:전혜진,하태영역:박지영"
20200612,Dramax,055154,065316,VIP,,12회,전국,010122,드라마&영화,드라마,미니시리즈,0,0,0,0,0.00147,0.00388,0.01389,0,0.00344,0.00399,0.00436,0.06577,0.01425,0.00502,"나정선역:장나라,박성준역:이상윤,이현아역:이청아,송미나역:곽선영,온유리역:표예진,마상우역:신재하,이병훈역:이재원,차진호역:정준원,하재웅역:박성근,배도일역:장혁진,하영웅역:조승연,강지영역:이진희,계미옥역:김미경,나영철역:최홍일,한숙영역:정애리,한숙자역:김서라,장진철역:장현성,이명은역:전혜진,하태영역:박지영"
20200612,E채널,032912,043536,야식남녀,,6회,전국,010624,드라마&영화,드라마,미니시리즈,0,0,0,0.00165,0,0.00853,0,0,0,0,0.00417,0.1205,0,0.01106,"박진성역:정일우,김아진역:강지영,강태완역:이학주,이상영역:김승수,차주희역:김수진,남규장역:양대혁,유성은역:공민정,노재수역:박성준,박진우역:최재현"
20200612,FOX채널,172026,182822,뷰티인사이드,,5회,전국,010756,드라마&영화,드라마,미니시리즈,0,0,0,0,0.01544,0.03194,0.00923,0,0,0.00735,0,0,0,0.00827,"한세계역:서현진,서도재역:이민기,강사라역:이다희,류은호역:안재현,정주환역:이태리,유우미역:문지인,임정연역:나영희,임회장역:이문수,강대식역:강남길,한숙희역:김희정,채유리역:류화영,이희섭역:김승욱,은호부역:이한위,은호모역:김예령,김이사역:이철민"
20200612,FOX채널,255127,255959,뷰티인사이드,,5회,전국,000832,드라마&영화,드라마,미니시리즈,0,0,0,0,0,0.01896,0.00916,0,0,0,0,0,0,0.01133,"한세계역:서현진,서도재역:이민기,강사라역:이다희,류은호역:안재현,정주환역:이태리,유우미역:문지인,임정연역:나영희,임회장역:이문수,강대식역:강남길,한숙희역:김희정,채유리역:류화영,이희섭역:김승욱,은호부역:이한위,은호모역:김예령,김이사역:이철민"
20200612,FX,084401,093350,허준,,35회,전국,004949,드라마&영화,드라마,주간연속극,0,0,0,0.01384,0,0,0.01194,0,0,0,0,0,0,0.01065,"허준역:전광렬,유의태역:이순재,유도지역:김병세,예진역:황수정,임오근역:임현식,구일서역:이희도"
20200612,FX,094337,103344,허준,,36회,전국,005007,드라마&영화,드라마,주간연속극,0,0,0,0,0,0.00426,0,0,0,0,0,0,0,0,"허준역:전광렬,유의태역:이순재,유도지역:김병세,예진역:황수정,임오근역:임현식,구일서역:이희도"
20200612,JTBC2,020000,024335,쌍갑포차,,8회,전국,004335,드라마&영화,드라마,미니시리즈,0,0,0,0.10621,0.14024,0.16492,0.04721,0,0,0,0.01016,0.13486,0.32447,0.06292,"월주역:황정음,한강배역:육성재,귀반장역:최원영,염부장역:이준혁,강여린역:정다은,최진동역:안태환,송미란역:박하나,박대리역:박주형,김원형역:나인우"
20200612,JTBC2,093043,103905,쌍갑포차,,7회,전국,010822,드라마&영화,드라마,미니시리즈,0.4843,0,0,0.13807,0.13629,0.00569,0.10385,0,0,0,0.2015,0.08374,0.08372,0.20419,"월주역:황정음,한강배역:육성재,귀반장역:최원영,염부장역:이준혁,강여린역:정다은,최진동역:안태환,송미란역:박하나,박대리역:박주형,김원형역:나인우"
20200612,JTBC2,105315,120321,쌍갑포차,,8회,전국,011006,드라마&영화,드라마,미니시리즈,0,0.11624,0.13938,0.12234,0.11488,0.09851,0.10653,0.20898,0,0.05964,0.33452,0.31054,0.29775,0.3687,"월주역:황정음,한강배역:육성재,귀반장역:최원영,염부장역:이준혁,강여린역:정다은,최진동역:안태환,송미란역:박하나,박대리역:박주형,김원형역:나인우"
20200612,JTBC2,210949,221808,쌍갑포차,,7회,전국,010819,드라마&영화,드라마,미니시리즈,0,0.05317,0.06399,0.02982,0.12575,0.18643,0.1326,0,0,0.04881,0.10684,0.02398,0.079,0.00643,"월주역:황정음,한강배역:육성재,귀반장역:최원영,염부장역:이준혁,강여린역:정다은,최진동역:안태환,송미란역:박하나,박대리역:박주형,김원형역:나인우"
20200612,JTBC2,223425,234427,쌍갑포차,,8회,전국,011002,드라마&영화,드라마,미니시리즈,0,0.00246,0.07082,0.10667,0.21595,0.19404,0.17054,0,0.01324,0.02173,0.14725,0.17141,0.21403,0.06567,"월주역:황정음,한강배역:육성재,귀반장역:최원영,염부장역:이준혁,강여린역:정다은,최진동역:안태환,송미란역:박하나,박대리역:박주형,김원형역:나인우"
20200612,JTBC2,235927,252754,부부의세계,,5회,전국,012827,드라마&영화,드라마,미니시리즈,0,0,0.07257,0.085,0.15989,0.16193,0.02449,0.02176,0.25906,0.07194,0.02263,0.02876,0.1607,0.11573,"지선우역:김희애,이태오역:박해준,여다경역:한소희,고예림역:박선영,손제혁역:김영민,설명숙역:채국희,여병규역:이경영,엄효정역:김선경,이준영역:전진서,민현서역:심은우,박인규역:이학주,마강석역:박충선,공지철역:정재성,김윤기역:이무생,하동식역:김종태,윤노을역:신수연,차해강역:정준원,최회장아내역:서이숙,공지철아내역:박미현,차도철아내역:윤인조"
20200612,KBS DRAMA,044453,051218,기막힌유산,,38회,전국,002725,드라마&영화,드라마,일일연속극,0,0,0,0,0,0,0.29765,0,0,0,0.35159,0.22808,0.36154,0.15807,"부영배역:박인환,공계옥역:강세정,부설악역:신정윤,부백두역:강신조,윤민주역:이아현,부금강역:남성진,신애리역:김가연,정미희역:박순천,김용미역:이응경,부한라역:박신우,성판금역:조양자,부가온역:김비주,부태희역:김연지,부혜교역:김효경,부지현역:강유라,공소영역:김난주,이장원역:이일준,김수민역:조서후,김종두역:이춘식,차정건역:조순창,이청아역:정서하,손보미역:박민지,김영지역:주민하,강선희역:박현정,천호식역:백신,이정태역:노상보,고향숙역:박소정"
20200612,KBS DRAMA,051224,053959,기막힌유산,,39회,전국,002735,드라마&영화,드라마,일일연속극,0,0,0,0,0,0.07868,0.52934,0,0,0,0.3612,0.60042,0.6691,0.2937,"부영배역:박인환,공계옥역:강세정,부설악역:신정윤,부백두역:강신조,윤민주역:이아현,부금강역:남성진,신애리역:김가연,정미희역:박순천,김용미역:이응경,부한라역:박신우,성판금역:조양자,부가온역:김비주,부태희역:김연지,부혜교역:김효경,부지현역:강유라,공소영역:김난주,이장원역:이일준,김수민역:조서후,김종두역:이춘식,차정건역:조순창,이청아역:정서하,손보미역:박민지,김영지역:주민하,강선희역:박현정,천호식역:백신,이정태역:노상보,고향숙역:박소정"
20200612,KBS DRAMA,054856,062250,위험한약속,,47회,전국,003354,드라마&영화,드라마,일일연속극,0,0,0.01178,0,0,0.14342,0.47,0,0,0.31008,0,0.13702,0.74576,0.49562,"차은동역:박하나,강태인역:고세원,최준혁역:강성민,오혜원역:박영린,한지훈역:이창욱,차만종역:이대연,차은찬역:유준서,공영심역:유지연,봉석구역:현우섭,강일섭역:강신일,연두심역:이칸희,한광훈역:길용우,한서주역:김혜지,최명희역:김나운,고재숙역:윤복인,최영국역:송민형,민주란역:오영실,최준경역:이효나,이창욱역:김정운"
20200612,KBS DRAMA,062256,065656,위험한약속,,48회,전국,003400,드라마&영화,드라마,일일연속극,0,0.40254,0,0,0.13727,0.12885,0.47951,0,0,0.32946,0.04322,0.32232,0.35573,0.62592,"차은동역:박하나,강태인역:고세원,최준혁역:강성민,오혜원역:박영린,한지훈역:이창욱,차만종역:이대연,차은찬역:유준서,공영심역:유지연,봉석구역:현우섭,강일섭역:강신일,연두심역:이칸희,한광훈역:길용우,한서주역:김혜지,최명희역:김나운,고재숙역:윤복인,최영국역:송민형,민주란역:오영실,최준경역:이효나,이창욱역:김정운"
20200612,KBS DRAMA,070741,074146,위험한약속,,49회,전국,003405,드라마&영화,드라마,일일연속극,0,0.50691,0,0.00508,0.17286,0.27007,0.54422,0,0,0.32946,0.19328,0.30473,0.49681,0.73137,"차은동역:박하나,강태인역:고세원,최준혁역:강성민,오혜원역:박영린,한지훈역:이창욱,차만종역:이대연,차은찬역:유준서,공영심역:유지연,봉석구역:현우섭,강일섭역:강신일,연두심역:이칸희,한광훈역:길용우,한서주역:김혜지,최명희역:김나운,고재숙역:윤복인,최영국역:송민형,민주란역:오영실,최준경역:이효나,이창욱역:김정운"
20200612,KBS DRAMA,074152,081545,위험한약속,,50회,전국,003353,드라마&영화,드라마,일일연속극,0.21621,0.5937,0.17126,0.28767,0.3992,0.34213,1.10501,0.01455,0.04035,0.24173,0.35739,0.35729,0.42835,1.27085,"차은동역:박하나,강태인역:고세원,최준혁역:강성민,오혜원역:박영린,한지훈역:이창욱,차만종역:이대연,차은찬역:유준서,공영심역:유지연,봉석구역:현우섭,강일섭역:강신일,연두심역:이칸희,한광훈역:길용우,한서주역:김혜지,최명희역:김나운,고재숙역:윤복인,최영국역:송민형,민주란역:오영실,최준경역:이효나,이창욱역:김정운"
20200612,KBS DRAMA,081551,084946,위험한약속,,51회,전국,003355,드라마&영화,드라마,일일연속극,0.96291,0.68198,0.30515,0.29639,0.71836,0.55847,1.30614,0.04365,0.01148,0.20875,0.82606,0.46883,0.94444,1.83119,"차은동역:박하나,강태인역:고세원,최준혁역:강성민,오혜원역:박영린,한지훈역:이창욱,차만종역:이대연,차은찬역:유준서,공영심역:유지연,봉석구역:현우섭,강일섭역:강신일,연두심역:이칸희,한광훈역:길용우,한서주역:김혜지,최명희역:김나운,고재숙역:윤복인,최영국역:송민형,민주란역:오영실,최준경역:이효나,이창욱역:김정운"
20200612,KBS DRAMA,090344,094213,한번다녀왔습니다,,41회,전국,003829,드라마&영화,드라마,주말연속극,0,0,0.12031,0,0.1472,0.18269,0.41522,0,0.05851,0.01311,0,0.29863,0.56706,0.33827,"송영달역:천호진,장옥분역:차화연,최윤정역:김보연,강초연역:이정은,송나희역:이민정,윤규진역:이상엽,송준선역:오대환,송가희역:오윤아,송다희역:이초희,양치수역:안길강,장옥자역:백지원,성현경역:임정은,윤재석역:이상이,박효신역:기도훈,김지훈역:문우진,이주리역:김소라,김가연역:송다은,건어물역:신미영,꽈배기역:김가영,송서영역:이가연,송서진역:안서연,이정록역:알렉스,유보영역:손성윤,유시후역:송민재,박지연역:신수정,한기영역:강유석,홍성우역:김현목,신혜정역:김미은,심정희역:이상경,오연지역:한봄,오정봉역:오의식,이종수역:장원혁,김승현역:배호근,송이역:김주영,지원역:찬희,이현역:이필모"
20200612,KBS DRAMA,094322,101405,한번다녀왔습니다,,42회,전국,003043,드라마&영화,드라마,주말연속극,0,0,0.27264,0.06307,0.0167,0.33152,0.37174,0,0.24703,0.4304,0.04193,0.50178,0.5719,0.5259,"송영달역:천호진,장옥분역:차화연,최윤정역:김보연,강초연역:이정은,송나희역:이민정,윤규진역:이상엽,송준선역:오대환,송가희역:오윤아,송다희역:이초희,양치수역:안길강,장옥자역:백지원,성현경역:임정은,윤재석역:이상이,박효신역:기도훈,김지훈역:문우진,이주리역:김소라,김가연역:송다은,건어물역:신미영,꽈배기역:김가영,송서영역:이가연,송서진역:안서연,이정록역:알렉스,유보영역:손성윤,유시후역:송민재,박지연역:신수정,한기영역:강유석,홍성우역:김현목,신혜정역:김미은,심정희역:이상경,오연지역:한봄,오정봉역:오의식,이종수역:장원혁,김승현역:배호근,송이역:김주영,지원역:찬희,이현역:이필모"
20200612,KBS DRAMA,102759,110532,한번다녀왔습니다,,43회,전국,003733,드라마&영화,드라마,주말연속극,0.59487,0,0.01922,0.14107,0.03326,0.26289,0.34336,0,0,0.30791,1.10999,0.27799,0.23016,0.3178,"송영달역:천호진,장옥분역:차화연,최윤정역:김보연,강초연역:이정은,송나희역:이민정,윤규진역:이상엽,송준선역:오대환,송가희역:오윤아,송다희역:이초희,양치수역:안길강,장옥자역:백지원,성현경역:임정은,윤재석역:이상이,박효신역:기도훈,김지훈역:문우진,이주리역:김소라,김가연역:송다은,건어물역:신미영,꽈배기역:김가영,송서영역:이가연,송서진역:안서연,이정록역:알렉스,유보영역:손성윤,유시후역:송민재,박지연역:신수정,한기영역:강유석,홍성우역:김현목,신혜정역:김미은,심정희역:이상경,오연지역:한봄,오정봉역:오의식,이종수역:장원혁,김승현역:배호근,송이역:김주영,지원역:찬희,이현역:이필모"
20200612,KBS DRAMA,110640,113827,한번다녀왔습니다,,44회,전국,003147,드라마&영화,드라마,주말연속극,0.63613,0,0.13268,0,0.07185,0.27289,0.63926,0,0,0.11379,1.07776,0.27633,0.37927,0.48839,"송영달역:천호진,장옥분역:차화연,최윤정역:김보연,강초연역:이정은,송나희역:이민정,윤규진역:이상엽,송준선역:오대환,송가희역:오윤아,송다희역:이초희,양치수역:안길강,장옥자역:백지원,성현경역:임정은,윤재석역:이상이,박효신역:기도훈,김지훈역:문우진,이주리역:김소라,김가연역:송다은,건어물역:신미영,꽈배기역:김가영,송서영역:이가연,송서진역:안서연,이정록역:알렉스,유보영역:손성윤,유시후역:송민재,박지연역:신수정,한기영역:강유석,홍성우역:김현목,신혜정역:김미은,심정희역:이상경,오연지역:한봄,오정봉역:오의식,이종수역:장원혁,김승현역:배호근,송이역:김주영,지원역:찬희,이현역:이필모"
20200612,KBS DRAMA,253835,255959,본어게인,,29회,전국,002124,드라마&영화,드라마,미니시리즈,0,0,0.21625,0,0,0.19127,0,0,0,0.16602,0,0.11316,0.12457,0.04527,"공지철역:장기용,천종범역:장기용,정하은역:진세연,정사빈역:진세연,차형빈역:이수혁,김수혁역:이수혁,장혜미역:김정난,천석태역:최광일,주인도역:장원영,백상아역:이서엘,서태하역:최대철,서영역:한해림,제이역:차민지,공인우역:정인겸,장혜미역:위지연,천석태역:조덕회"
20200612,KBS W,020000,022244,위험한약속,,49회,전국,002244,드라마&영화,드라마,일일연속극,0,0,0,0,0,0.21322,0.16332,0,0,0,0,0,0,0,"차은동역:박하나,강태인역:고세원,최준혁역:강성민,오혜원역:박영린,한지훈역:이창욱,차만종역:이대연,차은찬역:유준서,공영심역:유지연,봉석구역:현우섭,강일섭역:강신일,연두심역:이칸희,한광훈역:길용우,한서주역:김혜지,최명희역:김나운,고재숙역:윤복인,최영국역:송민형,민주란역:오영실,최준경역:이효나,이창욱역:김정운"
20200612,KBS W,022251,025642,위험한약속,,50회,전국,003351,드라마&영화,드라마,일일연속극,0,0,0,0,0,0.21322,0.11136,0,0,0.15743,0,0.03404,0,0.0017,"차은동역:박하나,강태인역:고세원,최준혁역:강성민,오혜원역:박영린,한지훈역:이창욱,차만종역:이대연,차은찬역:유준서,공영심역:유지연,봉석구역:현우섭,강일섭역:강신일,연두심역:이칸희,한광훈역:길용우,한서주역:김혜지,최명희역:김나운,고재숙역:윤복인,최영국역:송민형,민주란역:오영실,최준경역:이효나,이창욱역:김정운"
20200612,KBS W,060631,064039,뻐꾸기둥지,,93회,전국,003408,드라마&영화,드라마,일일연속극,0,0,0,0,0,0.02274,0,0,0,0,0,0,0.02574,0,"백연희역:장서희,정병국역:황동주,이화영역:이채영,유성빈역:김경남,백철역:임채무,홍금옥역:엄유신,백준희역:손승우,정진우역:정지훈,이명운역:현우성,곽희자역:서권순,정진숙역:지수원,정유미역:김민좌,오기섭역:이정훈,배추자역:박준금,배찬식역:전노민,이공희역:한경선,이소라역:전민서,최상두역:이창욱,직원역:이하나,이동현역:정민진,소진역:김리원,순남역:허인영,이상순역:이숙,사기꾼역:지상렬,이소라어린시절역:박지소"
20200612,KBS W,064046,071502,뻐꾸기둥지,,94회,전국,003416,드라마&영화,드라마,일일연속극,0.01481,0,0,0.00229,0,0.03032,0,0,0,0,0.00285,0,0.03847,0,"백연희역:장서희,정병국역:황동주,이화영역:이채영,유성빈역:김경남,백철역:임채무,홍금옥역:엄유신,백준희역:손승우,정진우역:정지훈,이명운역:현우성,곽희자역:서권순,정진숙역:지수원,정유미역:김민좌,오기섭역:이정훈,배추자역:박준금,배찬식역:전노민,이공희역:한경선,이소라역:전민서,최상두역:이창욱,직원역:이하나,이동현역:정민진,소진역:김리원,순남역:허인영,이상순역:이숙,사기꾼역:지상렬,이소라어린시절역:박지소"
20200612,KBS W,072603,080006,뻐꾸기둥지,,95회,전국,003403,드라마&영화,드라마,일일연속극,0,0,0,0.05671,0,0.00626,0.01082,0,0.0564,0,0,0.06362,0.00993,0.0027,"백연희역:장서희,정병국역:황동주,이화영역:이채영,유성빈역:김경남,백철역:임채무,홍금옥역:엄유신,백준희역:손승우,정진우역:정지훈,이명운역:현우성,곽희자역:서권순,정진숙역:지수원,정유미역:김민좌,오기섭역:이정훈,배추자역:박준금,배찬식역:전노민,이공희역:한경선,이소라역:전민서,최상두역:이창욱,직원역:이하나,이동현역:정민진,소진역:김리원,순남역:허인영,이상순역:이숙,사기꾼역:지상렬,이소라어린시절역:박지소"
20200612,KBS W,080013,083406,뻐꾸기둥지,,96회,전국,003353,드라마&영화,드라마,일일연속극,0,0.03094,0.01074,0.06162,0,0,0.02019,0,0,0,0,0,0.02604,0,"백연희역:장서희,정병국역:황동주,이화영역:이채영,유성빈역:김경남,백철역:임채무,홍금옥역:엄유신,백준희역:손승우,정진우역:정지훈,이명운역:현우성,곽희자역:서권순,정진숙역:지수원,정유미역:김민좌,오기섭역:이정훈,배추자역:박준금,배찬식역:전노민,이공희역:한경선,이소라역:전민서,최상두역:이창욱,직원역:이하나,이동현역:정민진,소진역:김리원,순남역:허인영,이상순역:이숙,사기꾼역:지상렬,이소라어린시절역:박지소"
20200612,KBS W,095404,105343,부부클리닉사랑과전쟁,,403회,전국,005939,드라마&영화,드라마,단막극,0,0,0.01437,0.11367,0,0.00752,0.00742,0,0,0.00371,0,0.0981,0.01685,0.02626,"이재만,민지영,최영완,이정수,장가현,손유경,이준우"
20200612,KBS W,110444,120626,부부클리닉사랑과전쟁,,404회,전국,010142,드라마&영화,드라마,단막극,0,0,0.03811,0.00803,0,0,0.00694,0.22478,0,0.18524,0,0.04899,0.01288,0.13719,"이재만,민지영,최영완,이정수,장가현,손유경,이준우"
20200612,KBS W,122036,132209,넝쿨째굴러온당신,,11회,전국,010133,드라마&영화,드라마,주말연속극,0.08265,0.05692,0.01634,0,0.03505,0,0.02096,0,0.05185,0.01382,0.01713,0.00662,0.0146,0.01471,"차윤희역:김남주,방귀남역:유준상,엄청애역:윤여정,방장수역:장용,전막례역:강부자,한만희역:김영란,차세중역:김용희,민지영역:진경,차세광역:강민혁,엄보애역:유지인,엄순애역:양희경,방일숙역:양정아,방이숙역:조윤희,방말숙역:오연서,장양실역:나영희,방정배역:김상호,고옥역:심이영,방장군역:곽동연,천재용역:이희준,윤빈역:김원준,남남구역:김형범,고시생역:김승우,예능국PD역:김준현,라디오DJ역:양희은,홍은희역:홍은희,송수지역:박수진,매니저역:이수근,목사역:지진희,차태봉역:차태현,성시갱역:성시경,노래강사역:이종박,한규현역:강동호,태영역:김형진,지피디역:곽민석,강혜수역:최윤소,동대문옷가게상인역:탁재훈,소개팅남역:이정신,유신혜역:유인영,지환역:이도현,김장훈역:김장훈,뚱보아버지역:유민상,뚱보아들역:김수영,인기여배우역:이혜영,인기남배우역:송준근,심사위원역:김종민,막장모녀엄마역:정경미,막장모녀딸역:박소영,신세경역:신세경,재용첫째누나역:김서형,재용둘째누나역:조민아,재용막내누나역:이제인,호들갑남역:공형진,라디오DJ역:박소현,귀남의양아버지역:길용우,귀남의양어머니역:김창숙,천재용아버지역:이재용,배PD역:이지영,방귀남어린시절역:홍현택"
20200612,KBS W,133310,143453,넝쿨째굴러온당신,,12회,전국,010143,드라마&영화,드라마,주말연속극,0,0,0,0.00528,0.03111,0.00389,0.09913,0,0,0,0.00382,0.00436,0,0.00189,"차윤희역:김남주,방귀남역:유준상,엄청애역:윤여정,방장수역:장용,전막례역:강부자,한만희역:김영란,차세중역:김용희,민지영역:진경,차세광역:강민혁,엄보애역:유지인,엄순애역:양희경,방일숙역:양정아,방이숙역:조윤희,방말숙역:오연서,장양실역:나영희,방정배역:김상호,고옥역:심이영,방장군역:곽동연,천재용역:이희준,윤빈역:김원준,남남구역:김형범,고시생역:김승우,예능국PD역:김준현,라디오DJ역:양희은,홍은희역:홍은희,송수지역:박수진,매니저역:이수근,목사역:지진희,차태봉역:차태현,성시갱역:성시경,노래강사역:이종박,한규현역:강동호,태영역:김형진,지피디역:곽민석,강혜수역:최윤소,동대문옷가게상인역:탁재훈,소개팅남역:이정신,유신혜역:유인영,지환역:이도현,김장훈역:김장훈,뚱보아버지역:유민상,뚱보아들역:김수영,인기여배우역:이혜영,인기남배우역:송준근,심사위원역:김종민,막장모녀엄마역:정경미,막장모녀딸역:박소영,신세경역:신세경,재용첫째누나역:김서형,재용둘째누나역:조민아,재용막내누나역:이제인,호들갑남역:공형진,라디오DJ역:박소현,귀남의양아버지역:길용우,귀남의양어머니역:김창숙,천재용아버지역:이재용,배PD역:이지영,방귀남어린시절역:홍현택"
20200612,KBS W,144753,151549,기막힌유산,,36회,전국,002756,드라마&영화,드라마,일일연속극,0,0,0,0,0,0.06504,0.12144,0,0,0,0.01781,0,0,0.01173,"부영배역:박인환,공계옥역:강세정,부설악역:신정윤,부백두역:강신조,윤민주역:이아현,부금강역:남성진,신애리역:김가연,정미희역:박순천,김용미역:이응경,부한라역:박신우,성판금역:조양자,부가온역:김비주,부태희역:김연지,부혜교역:김효경,부지현역:강유라,공소영역:김난주,이장원역:이일준,김수민역:조서후,김종두역:이춘식,차정건역:조순창,이청아역:정서하,손보미역:박민지,김영지역:주민하,강선희역:박현정,천호식역:백신,이정태역:노상보,고향숙역:박소정"
20200612,KBS W,151556,154328,기막힌유산,,37회,전국,002732,드라마&영화,드라마,일일연속극,0,0,0,0,0.01539,0.06504,0.11136,0,0,0,0,0.05478,0,0,"부영배역:박인환,공계옥역:강세정,부설악역:신정윤,부백두역:강신조,윤민주역:이아현,부금강역:남성진,신애리역:김가연,정미희역:박순천,김용미역:이응경,부한라역:박신우,성판금역:조양자,부가온역:김비주,부태희역:김연지,부혜교역:김효경,부지현역:강유라,공소영역:김난주,이장원역:이일준,김수민역:조서후,김종두역:이춘식,차정건역:조순창,이청아역:정서하,손보미역:박민지,김영지역:주민하,강선희역:박현정,천호식역:백신,이정태역:노상보,고향숙역:박소정"
20200612,KBS W,155428,162152,기막힌유산,,38회,전국,002724,드라마&영화,드라마,일일연속극,0,0,0,0,0,0.06504,0.13668,0,0,0,0,0,0,0.05141,"부영배역:박인환,공계옥역:강세정,부설악역:신정윤,부백두역:강신조,윤민주역:이아현,부금강역:남성진,신애리역:김가연,정미희역:박순천,김용미역:이응경,부한라역:박신우,성판금역:조양자,부가온역:김비주,부태희역:김연지,부혜교역:김효경,부지현역:강유라,공소영역:김난주,이장원역:이일준,김수민역:조서후,김종두역:이춘식,차정건역:조순창,이청아역:정서하,손보미역:박민지,김영지역:주민하,강선희역:박현정,천호식역:백신,이정태역:노상보,고향숙역:박소정"
20200612,KBS W,162159,164933,기막힌유산,,39회,전국,002734,드라마&영화,드라마,일일연속극,0,0.01173,0,0,0.09691,0.06504,0.07997,0,0,0.04035,0,0.10323,0,0.0959,"부영배역:박인환,공계옥역:강세정,부설악역:신정윤,부백두역:강신조,윤민주역:이아현,부금강역:남성진,신애리역:김가연,정미희역:박순천,김용미역:이응경,부한라역:박신우,성판금역:조양자,부가온역:김비주,부태희역:김연지,부혜교역:김효경,부지현역:강유라,공소영역:김난주,이장원역:이일준,김수민역:조서후,김종두역:이춘식,차정건역:조순창,이청아역:정서하,손보미역:박민지,김영지역:주민하,강선희역:박현정,천호식역:백신,이정태역:노상보,고향숙역:박소정"
20200612,KBS W,170303,173709,위험한약속,,48회,전국,003406,드라마&영화,드라마,일일연속극,0,0,0,0,0.08073,0,0,0,0,0,0,0.06352,0,0.03486,"차은동역:박하나,강태인역:고세원,최준혁역:강성민,오혜원역:박영린,한지훈역:이창욱,차만종역:이대연,차은찬역:유준서,공영심역:유지연,봉석구역:현우섭,강일섭역:강신일,연두심역:이칸희,한광훈역:길용우,한서주역:김혜지,최명희역:김나운,고재숙역:윤복인,최영국역:송민형,민주란역:오영실,최준경역:이효나,이창욱역:김정운"
20200612,KBS W,173716,181112,위험한약속,,49회,전국,003356,드라마&영화,드라마,일일연속극,0,0,0.23451,0.06506,0,0,0.31114,0,0,0.19843,0,0.05941,0,0.26159,"차은동역:박하나,강태인역:고세원,최준혁역:강성민,오혜원역:박영린,한지훈역:이창욱,차만종역:이대연,차은찬역:유준서,공영심역:유지연,봉석구역:현우섭,강일섭역:강신일,연두심역:이칸희,한광훈역:길용우,한서주역:김혜지,최명희역:김나운,고재숙역:윤복인,최영국역:송민형,민주란역:오영실,최준경역:이효나,이창욱역:김정운"
20200612,KBS W,182210,185610,위험한약속,,50회,전국,003400,드라마&영화,드라마,일일연속극,0,0,0,0,0.02961,0.11727,0.04324,0,0,0,0,0.00619,0,0.16028,"차은동역:박하나,강태인역:고세원,최준혁역:강성민,오혜원역:박영린,한지훈역:이창욱,차만종역:이대연,차은찬역:유준서,공영심역:유지연,봉석구역:현우섭,강일섭역:강신일,연두심역:이칸희,한광훈역:길용우,한서주역:김혜지,최명희역:김나운,고재숙역:윤복인,최영국역:송민형,민주란역:오영실,최준경역:이효나,이창욱역:김정운"
20200612,KBS W,185617,193009,위험한약속,,51회,전국,003352,드라마&영화,드라마,일일연속극,0,0,0.30751,0,0,0.44253,0.07097,0,0,0.23587,0,0.00203,0.16493,0.21571,"차은동역:박하나,강태인역:고세원,최준혁역:강성민,오혜원역:박영린,한지훈역:이창욱,차만종역:이대연,차은찬역:유준서,공영심역:유지연,봉석구역:현우섭,강일섭역:강신일,연두심역:이칸희,한광훈역:길용우,한서주역:김혜지,최명희역:김나운,고재숙역:윤복인,최영국역:송민형,민주란역:오영실,최준경역:이효나,이창욱역:김정운"
20200612,KBS W,194347,202116,한번다녀왔습니다,,41회,전국,003729,드라마&영화,드라마,주말연속극,0,0,0.08477,0,0.03709,0.07203,0,0,0,0.06502,0.01064,0.10742,0.04547,0.00947,"송영달역:천호진,장옥분역:차화연,최윤정역:김보연,강초연역:이정은,송나희역:이민정,윤규진역:이상엽,송준선역:오대환,송가희역:오윤아,송다희역:이초희,양치수역:안길강,장옥자역:백지원,성현경역:임정은,윤재석역:이상이,박효신역:기도훈,김지훈역:문우진,이주리역:김소라,김가연역:송다은,건어물역:신미영,꽈배기역:김가영,송서영역:이가연,송서진역:안서연,이정록역:알렉스,유보영역:손성윤,유시후역:송민재,박지연역:신수정,한기영역:강유석,홍성우역:김현목,신혜정역:김미은,심정희역:이상경,오연지역:한봄,오정봉역:오의식,이종수역:장원혁,김승현역:배호근,송이역:김주영,지원역:찬희,이현역:이필모"
20200612,KBS W,202123,205208,한번다녀왔습니다,,42회,전국,003045,드라마&영화,드라마,주말연속극,0,0,0,0,0.03252,0,0,0,0,0,0,0.03463,0,0,"송영달역:천호진,장옥분역:차화연,최윤정역:김보연,강초연역:이정은,송나희역:이민정,윤규진역:이상엽,송준선역:오대환,송가희역:오윤아,송다희역:이초희,양치수역:안길강,장옥자역:백지원,성현경역:임정은,윤재석역:이상이,박효신역:기도훈,김지훈역:문우진,이주리역:김소라,김가연역:송다은,건어물역:신미영,꽈배기역:김가영,송서영역:이가연,송서진역:안서연,이정록역:알렉스,유보영역:손성윤,유시후역:송민재,박지연역:신수정,한기영역:강유석,홍성우역:김현목,신혜정역:김미은,심정희역:이상경,오연지역:한봄,오정봉역:오의식,이종수역:장원혁,김승현역:배호근,송이역:김주영,지원역:찬희,이현역:이필모"
20200612,KBS W,210333,214006,한번다녀왔습니다,,43회,전국,003633,드라마&영화,드라마,주말연속극,0,0,0,0,0.0042,0,0.11262,0.01185,0.00614,0,0.00766,0.02726,0.00935,0.07549,"송영달역:천호진,장옥분역:차화연,최윤정역:김보연,강초연역:이정은,송나희역:이민정,윤규진역:이상엽,송준선역:오대환,송가희역:오윤아,송다희역:이초희,양치수역:안길강,장옥자역:백지원,성현경역:임정은,윤재석역:이상이,박효신역:기도훈,김지훈역:문우진,이주리역:김소라,김가연역:송다은,건어물역:신미영,꽈배기역:김가영,송서영역:이가연,송서진역:안서연,이정록역:알렉스,유보영역:손성윤,유시후역:송민재,박지연역:신수정,한기영역:강유석,홍성우역:김현목,신혜정역:김미은,심정희역:이상경,오연지역:한봄,오정봉역:오의식,이종수역:장원혁,김승현역:배호근,송이역:김주영,지원역:찬희,이현역:이필모"
20200612,KBS W,214013,221201,한번다녀왔습니다,,44회,전국,003148,드라마&영화,드라마,주말연속극,0,0,0,0.0873,0,0,0.167,0,0,0,0,0.10954,0,0.1612,"송영달역:천호진,장옥분역:차화연,최윤정역:김보연,강초연역:이정은,송나희역:이민정,윤규진역:이상엽,송준선역:오대환,송가희역:오윤아,송다희역:이초희,양치수역:안길강,장옥자역:백지원,성현경역:임정은,윤재석역:이상이,박효신역:기도훈,김지훈역:문우진,이주리역:김소라,김가연역:송다은,건어물역:신미영,꽈배기역:김가영,송서영역:이가연,송서진역:안서연,이정록역:알렉스,유보영역:손성윤,유시후역:송민재,박지연역:신수정,한기영역:강유석,홍성우역:김현목,신혜정역:김미은,심정희역:이상경,오연지역:한봄,오정봉역:오의식,이종수역:장원혁,김승현역:배호근,송이역:김주영,지원역:찬희,이현역:이필모"
20200612,KBS W,222303,232235,부부클리닉사랑과전쟁,,386회,전국,005932,드라마&영화,드라마,단막극,0,0,0.12598,0.00533,0,0.00355,0.08299,0,0,0.09816,0,0.27085,0.03728,0.24974,"이재만,민지영,최영완,이정수,장가현,손유경,이준우"
20200612,KBS W,233337,243705,부부클리닉사랑과전쟁,,387회,전국,010328,드라마&영화,드라마,단막극,0,0,0.30235,0,0,0.20677,0.01426,0,0.00212,0.60127,0,0.10986,0.13904,0.19348,"이재만,민지영,최영완,이정수,장가현,손유경,이준우"
20200612,KBS W,245005,251749,기막힌유산,,39회,전국,002744,드라마&영화,드라마,일일연속극,0,0.01022,0,0,0.00691,0,0,0,0.00929,0,0,0.14103,0,0.11994,"부영배역:박인환,공계옥역:강세정,부설악역:신정윤,부백두역:강신조,윤민주역:이아현,부금강역:남성진,신애리역:김가연,정미희역:박순천,김용미역:이응경,부한라역:박신우,성판금역:조양자,부가온역:김비주,부태희역:김연지,부혜교역:김효경,부지현역:강유라,공소영역:김난주,이장원역:이일준,김수민역:조서후,김종두역:이춘식,차정건역:조순창,이청아역:정서하,손보미역:박민지,김영지역:주민하,강선희역:박현정,천호식역:백신,이정태역:노상보,고향숙역:박소정"
20200612,KBS W,251756,254539,기막힌유산,,40회,전국,002743,드라마&영화,드라마,일일연속극,0,0,0,0,0,0,0.03182,0,0,0.29737,0,0.15655,0.00344,0.11994,"부영배역:박인환,공계옥역:강세정,부설악역:신정윤,부백두역:강신조,윤민주역:이아현,부금강역:남성진,신애리역:김가연,정미희역:박순천,김용미역:이응경,부한라역:박신우,성판금역:조양자,부가온역:김비주,부태희역:김연지,부혜교역:김효경,부지현역:강유라,공소영역:김난주,이장원역:이일준,김수민역:조서후,김종두역:이춘식,차정건역:조순창,이청아역:정서하,손보미역:박민지,김영지역:주민하,강선희역:박현정,천호식역:백신,이정태역:노상보,고향숙역:박소정"
20200612,KBS W,255636,255959,위험한약속,,50회,전국,000323,드라마&영화,드라마,일일연속극,0,0,0,0,0,0,0.11136,0,0,0,0,0,0.09624,0.11994,"차은동역:박하나,강태인역:고세원,최준혁역:강성민,오혜원역:박영린,한지훈역:이창욱,차만종역:이대연,차은찬역:유준서,공영심역:유지연,봉석구역:현우섭,강일섭역:강신일,연두심역:이칸희,한광훈역:길용우,한서주역:김혜지,최명희역:김나운,고재숙역:윤복인,최영국역:송민형,민주란역:오영실,최준경역:이효나,이창욱역:김정운"
20200612,K-STAR,020000,021014,부부의세계,,8회,전국,001014,드라마&영화,드라마,미니시리즈,0,0,0,0.1182,0,0,0.06291,0,0,0,0,0,0.08005,0.08339,"지선우역:김희애,이태오역:박해준,여다경역:한소희,고예림역:박선영,손제혁역:김영민,설명숙역:채국희,여병규역:이경영,엄효정역:김선경,이준영역:전진서,민현서역:심은우,박인규역:이학주,마강석역:박충선,공지철역:정재성,김윤기역:이무생,하동식역:김종태,윤노을역:신수연,차해강역:정준원,최회장아내역:서이숙,공지철아내역:박미현,차도철아내역:윤인조"
20200612,K-STAR,022504,032630,궁중잔혹사꽃들의전쟁,,35회,전국,010126,드라마&영화,드라마,주말연속극,0,0,0.01712,0.01567,0,0,0.02378,0,0,0,0.25379,0,0.04521,0.19413,"소용조씨역:김현주,인조역:이덕화,민회빈강씨역:송선미,김자점역:정성모,소현세자역:정성운,봉림대군역:김주영,장렬왕후조씨역:고원희,남혁역:전태수,설죽역:서이숙,박숙의역:이서연,유덕역:이설희,소용조씨어린시절역:이채미,이형익역:손병호,심기원역:김규철,김인역:우현,한옥역:정선경,장귀인역:이혜은,이상궁역:연미주,김상궁역:엄유신,언년역:정유민"
20200612,K-STAR,112618,123107,부부클리닉사랑과전쟁,,417회,전국,010449,드라마&영화,드라마,주간연속극,0,0.01414,0.02385,0.02448,0,0.10163,0.18382,0.02109,0,0,0,0.15339,0.14151,0.23552,"이재만,민지영,최영완,이정수,장가현,손유경,이준우"
20200612,K-STAR,124330,134848,부부클리닉사랑과전쟁,,418회,전국,010518,드라마&영화,드라마,주간연속극,0,0,0.0826,0.05486,0,0.092,0.35622,0,0,0.09133,0.01809,0.05447,0.17933,0.30171,"이재만,민지영,최영완,이정수,장가현,손유경,이준우"
20200612,K-STAR,140217,151618,부부의세계,,8회,전국,011401,드라마&영화,드라마,미니시리즈,0,0,0,0.01314,0,0.01508,0.11567,0,0.00334,0,0.00262,0.02354,0,0.07908,"지선우역:김희애,이태오역:박해준,여다경역:한소희,고예림역:박선영,손제혁역:김영민,설명숙역:채국희,여병규역:이경영,엄효정역:김선경,이준영역:전진서,민현서역:심은우,박인규역:이학주,마강석역:박충선,공지철역:정재성,김윤기역:이무생,하동식역:김종태,윤노을역:신수연,차해강역:정준원,최회장아내역:서이숙,공지철아내역:박미현,차도철아내역:윤인조"
20200612,K-STAR,234753,245310,부부클리닉사랑과전쟁,,418회,전국,010517,드라마&영화,드라마,주간연속극,0,0,0,0,0,0.10238,0.04845,0,0,0,0.31146,0.15494,0.1301,0.59119,"이재만,민지영,최영완,이정수,장가현,손유경,이준우"
20200612,KTV,022645,031047,전원일기,,396회,전국,004402,드라마&영화,드라마,주말연속극,0,0,0,0,0,0,0,0,0,0,0,0,0,0,"최불암,김혜자,김용건,김수미,고두심,유인촌,정대홍"
20200612,KTV,061132,065934,전원일기,,773회,전국,004802,드라마&영화,드라마,주말연속극,0,0,0,0,0,0,0.10087,0,0,0,0,0,0.00742,0,"최불암,김혜자,김용건,김수미,고두심,유인촌,정대홍"
20200612,KTV,210158,212812,파랑새는있다,<1부>,25회,전국,002614,드라마&영화,드라마,주간연속극,0,0,0,0.00505,0.06238,0,0.12352,0,0,0,0.02057,0.00816,0.03444,0.05035,"이상인,정선경,백윤식,송경철,박남현,한진희,동방우,양금석"
20200612,KTV,213025,215527,파랑새는있다,<2부>,25회,전국,002502,드라마&영화,드라마,주간연속극,0.02126,0,0.08703,0,0.00499,0.05105,0.1466,0,0,0.19943,0,0.00497,0.02092,0.1974,"이상인,정선경,백윤식,송경철,박남현,한진희,동방우,양금석"
20200612,KTV,215714,221810,전원일기,<1부>,397회,전국,002056,드라마&영화,드라마,주말연속극,0,0.0827,0.18131,0,0,0.18582,0.16199,0,0,0.19943,0,0,0.04357,0.26402,"최불암,김혜자,김용건,김수미,고두심,유인촌,정대홍"
20200612,KTV,222036,224415,전원일기,<2부>,397회,전국,002339,드라마&영화,드라마,주말연속극,0,0.07079,0.18131,0,0,0.17437,0.12301,0,0,0.19943,0,0,0.04357,0.28771,"최불암,김혜자,김용건,김수미,고두심,유인촌,정대홍"
20200612,KTV,224623,231255,바람은불어도,,127회,전국,002632,드라마&영화,드라마,주간연속극,0,0.03618,0.11416,0,0,0.10173,0.04346,0,0,0.19943,0,0,0.04384,0.10199,"최수종,유호정,윤손하,송나영,송기윤,나문희"
20200612,KTV,231749,234424,바람은불어도,,128회,전국,002635,드라마&영화,드라마,주간연속극,0,0,0,0,0.00207,0.02137,0.04985,0,0,0.22575,0,0.00203,0.01194,0.1192,"최수종,유호정,윤손하,송나영,송기윤,나문희"
20200612,KTV,243558,252708,파랑새는있다,,25회,전국,005110,드라마&영화,드라마,주간연속극,0,0,0,0,0.00245,0,0.03807,0,0,0.05086,0,0,0.02696,0.02213,"이상인,정선경,백윤식,송경철,박남현,한진희,동방우,양금석"
20200612,O tvN,020000,025456,검색어를입력하세요WWW,,16회,전국,005456,드라마&영화,드라마,미니시리즈,0,0,0,0.57101,0,0.00348,0.20241,0,0,0.13442,0.24935,0.2658,0.09399,0,"배타미역:임수정,차현역:이다희,송가경역:전혜진,박모건역:장기용,설지환역:이재욱,오진우역:지승현,민홍주역:권해효,표준수역:김남희,최봉기역:우지현,조아라역:오아연,홍유진역:하승리,최정훈역:송지호,나인경역:유서진,김선우역:탁우석,정다인역:한지완,윤동주역:조혜주,장희은역:예수정,유도부선배역:지호,전남자친구역:이동욱"
20200612,O tvN,090906,104106,톱스타유백이,,9회,전국,013200,드라마&영화,드라마,주간연속극,0,0,0.00907,0,0,0.00416,0.00293,0,0,0.03583,0.04137,0.01318,0.00409,0,"유백역:김지석,오강순역:전소민,최마돌역:이상엽,동춘아빠역:정은표,아서라역:이아현,깡순할머니역:예수정,마돌엄마역:김현,마을이장역:이한위,장흥댁역:허진,군산댁역:성병숙,동춘엄마역:정이랑,박동만역:유주원,강민역:김정민,남조역:허정민,서일역:조희봉,박동춘역:김민석"
20200612,O tvN,105646,122201,톱스타유백이,,10회,전국,012515,드라마&영화,드라마,주간연속극,0,0,0,0.01045,0,0.02377,0.1656,0,0,0.08152,0,0.00979,0.02233,0.12672,"유백역:김지석,오강순역:전소민,최마돌역:이상엽,동춘아빠역:정은표,아서라역:이아현,깡순할머니역:예수정,마돌엄마역:김현,마을이장역:이한위,장흥댁역:허진,군산댁역:성병숙,동춘엄마역:정이랑,박동만역:유주원,강민역:김정민,남조역:허정민,서일역:조희봉,박동춘역:김민석"
20200612,O tvN,123756,141247,톱스타유백이,,11회,전국,013451,드라마&영화,드라마,주간연속극,0,0,0,0.07078,0.08954,0.05032,0.10113,0.01041,0.00274,0.00783,0.00292,0.2082,0.05697,0.07276,"유백역:김지석,오강순역:전소민,최마돌역:이상엽,동춘아빠역:정은표,아서라역:이아현,깡순할머니역:예수정,마돌엄마역:김현,마을이장역:이한위,장흥댁역:허진,군산댁역:성병숙,동춘엄마역:정이랑,박동만역:유주원,강민역:김정민,남조역:허정민,서일역:조희봉,박동춘역:김민석"
20200612,O tvN,142829,154036,사랑의불시착,,1회,전국,011207,드라마&영화,드라마,미니시리즈,0,0,0.18047,0,0,0.12327,0.23626,0,0.10507,0.02694,0.12919,0.13976,0.24554,0.14472,"리정혁역:현빈,윤세리역:손예진,서단역:서지혜,구승준역:김정현,리충렬역:전국환,김윤희역:정애리,리무혁역:하석진,표치수역:양경원,박광범역:이신영,김주먹역:유수빈,금은동역:탕준상,윤증평역:남경읍,한정연역:방은진,윤세준역:최대훈,도혜지역:황우슬혜,윤세형역:박형수,고상아역:윤지민,홍창식역:고규필,박수찬역:임철수,고명은역:장혜진,고명석역:박명훈,천사장역:홍우진,오과장역:윤상훈,나월숙역:김선영,마영애역:김정난,현명순역:장소연,양옥금역:차청화,조철강역:오만석,정만복역:김영민,택시기사역:박성웅,차상우역:정경호,동구역:김수현,최지우역:최지우"
20200612,O tvN,155656,171544,사랑의불시착,,2회,전국,011848,드라마&영화,드라마,미니시리즈,0.05344,0.00476,0.19817,0.05524,0.13184,0.18856,0.18304,0,0.43766,0.15266,0.01556,0.2714,0.43995,0.00556,"리정혁역:현빈,윤세리역:손예진,서단역:서지혜,구승준역:김정현,리충렬역:전국환,김윤희역:정애리,리무혁역:하석진,표치수역:양경원,박광범역:이신영,김주먹역:유수빈,금은동역:탕준상,윤증평역:남경읍,한정연역:방은진,윤세준역:최대훈,도혜지역:황우슬혜,윤세형역:박형수,고상아역:윤지민,홍창식역:고규필,박수찬역:임철수,고명은역:장혜진,고명석역:박명훈,천사장역:홍우진,오과장역:윤상훈,나월숙역:김선영,마영애역:김정난,현명순역:장소연,양옥금역:차청화,조철강역:오만석,정만복역:김영민,택시기사역:박성웅,차상우역:정경호,동구역:김수현,최지우역:최지우"
20200612,O tvN,173119,184248,사랑의불시착,,3회,전국,011129,드라마&영화,드라마,미니시리즈,0,0.31009,0,0.01882,0.28003,0.01429,0.05158,0,0.10898,0.15427,0.0766,0.5392,0.2537,0.0814,"리정혁역:현빈,윤세리역:손예진,서단역:서지혜,구승준역:김정현,리충렬역:전국환,김윤희역:정애리,리무혁역:하석진,표치수역:양경원,박광범역:이신영,김주먹역:유수빈,금은동역:탕준상,윤증평역:남경읍,한정연역:방은진,윤세준역:최대훈,도혜지역:황우슬혜,윤세형역:박형수,고상아역:윤지민,홍창식역:고규필,박수찬역:임철수,고명은역:장혜진,고명석역:박명훈,천사장역:홍우진,오과장역:윤상훈,나월숙역:김선영,마영애역:김정난,현명순역:장소연,양옥금역:차청화,조철강역:오만석,정만복역:김영민,택시기사역:박성웅,차상우역:정경호,동구역:김수현,최지우역:최지우"
20200612,O tvN,185831,201822,사랑의불시착,,4회,전국,011951,드라마&영화,드라마,미니시리즈,0,0.00381,0,0.1957,0.0721,0.15901,0.35213,0,0.10821,0.00238,0.02774,0.62315,0.05988,0.13201,"리정혁역:현빈,윤세리역:손예진,서단역:서지혜,구승준역:김정현,리충렬역:전국환,김윤희역:정애리,리무혁역:하석진,표치수역:양경원,박광범역:이신영,김주먹역:유수빈,금은동역:탕준상,윤증평역:남경읍,한정연역:방은진,윤세준역:최대훈,도혜지역:황우슬혜,윤세형역:박형수,고상아역:윤지민,홍창식역:고규필,박수찬역:임철수,고명은역:장혜진,고명석역:박명훈,천사장역:홍우진,오과장역:윤상훈,나월숙역:김선영,마영애역:김정난,현명순역:장소연,양옥금역:차청화,조철강역:오만석,정만복역:김영민,택시기사역:박성웅,차상우역:정경호,동구역:김수현,최지우역:최지우"
20200612,O tvN,213704,224247,오마이베이비,,8회,전국,010543,드라마&영화,드라마,미니시리즈,0,0,0.0502,0.03464,0,0,0.10137,0,0,0.0795,0.01279,0.09527,0.20851,0.09542,"장하리역:장나라,한이상역:고준,윤재영역:박병은,최강으뜸역:정건주,이옥란역:김혜옥,남수철역:조희봉,김은영역:이미도,김철중역:유승목,주승태역:전진기,박연호역:백승희,최효주역:박수영,주선생역:문현정,심정화역:김재화,이소윤역:정라엘,이옥희역:김예령,박재한역:이한위,김상희역:손화령,순남역:이주실,조회장역:장광,조아저씨역:최홍일,강효주역:전혜빈"
20200612,O tvN,225947,241136,오마이베이비,,9회,전국,011149,드라마&영화,드라마,미니시리즈,0,0,0.0098,0.00409,0.00149,0.02352,0.00106,0,0,0.00508,0.10467,0.48927,0.00535,0.05159,"장하리역:장나라,한이상역:고준,윤재영역:박병은,최강으뜸역:정건주,이옥란역:김혜옥,남수철역:조희봉,김은영역:이미도,김철중역:유승목,주승태역:전진기,박연호역:백승희,최효주역:박수영,주선생역:문현정,심정화역:김재화,이소윤역:정라엘,이옥희역:김예령,박재한역:이한위,김상희역:손화령,순남역:이주실,조회장역:장광,조아저씨역:최홍일,강효주역:전혜빈"
20200612,O tvN,242956,255819,화유기,,1회,전국,012823,드라마&영화,드라마,미니시리즈,0.04787,0.42435,0.13729,0.01253,0.1311,0.19685,0.02895,0.07961,0.02102,0.11889,0.16299,0.10486,0.13886,0.00837,"손오공역:이승기,우마왕역:차승원,진선미역:오연서,저팔계역:이홍기,사오정역:장광,마비서역:이엘,이한주역:김성오,앨리스역:윤보라,좀비소녀역:이세영,수보리조사역:성지루,동장군역:성혁,강대성역:송종호,조나단역:마이클리,진선미어린시절역:갈소원,공작역:장근석,나찰녀역:김지수"
20200612,OCN,094902,105634,번외수사,,5회,전국,010732,드라마&영화,드라마,미니시리즈,0,0.0232,0,0,0.03756,0.02864,0.2275,0,0.15136,0.00381,0,0.08626,0.03083,0.36843,"진강호역:차태현,강무영역:이선빈,이반석역:정상훈,테디정역:윤경호,탁원역:지승현,민대진역:박정우,맨손역:박태산,연장역:장진희,지수철역:이영석,노순이역:민경옥"
20200612,OCN,110531,120707,번외수사,,6회,전국,010136,드라마&영화,드라마,미니시리즈,0.23448,0,0.13673,0.06561,0.51382,0.24381,0.31163,0.32555,0.35022,0.3034,0.02469,0.47487,0.03689,0.44041,"진강호역:차태현,강무영역:이선빈,이반석역:정상훈,테디정역:윤경호,탁원역:지승현,민대진역:박정우,맨손역:박태산,연장역:장진희,지수철역:이영석,노순이역:민경옥"
20200612,O'live,020000,023058,아는건별로없지만가족입니다,,1회,전국,003058,드라마&영화,드라마,미니시리즈,0,0,0,0,0,0.04577,0,0,0,0,0,0,0.04158,0.01094,"김은희역:한예리,박찬혁역:김지석,김은주역:추자현,김상식역:정진영,이진숙역:원미경,김지우역:신재하,임건주역:신동욱,윤태형역:김태훈,젊은상식역:한준우,젊은진숙역:조아영,유선일역:서상원,안효석역:이종원,서경옥역:가득희,윤서영역:혜정,전하라역:배윤경,유민우역:권율"
20200612,O'live,023842,035014,아는건별로없지만가족입니다,,2회,전국,011132,드라마&영화,드라마,미니시리즈,0,0.01481,0.00305,0.00961,0.01652,0,0.01772,0,0,0,0.05127,0,0.00678,0.00291,"김은희역:한예리,박찬혁역:김지석,김은주역:추자현,김상식역:정진영,이진숙역:원미경,김지우역:신재하,임건주역:신동욱,윤태형역:김태훈,젊은상식역:한준우,젊은진숙역:조아영,유선일역:서상원,안효석역:이종원,서경옥역:가득희,윤서영역:혜정,전하라역:배윤경,유민우역:권율"
20200612,On Style,072001,082308,위대한쇼,,3회,전국,010307,드라마&영화,드라마,미니시리즈,0,0,0,0,0,0.01323,0.14366,0,0,0.02172,0.00614,0.25414,0.00739,0.25526,"위대한역:송승헌,정수현역:이선빈,강준호역:임주환,한다정역:노정의,한탁역:정준원,한태풍역:김준,한송이역:박예나,김혜진역:박하나,강경훈역:손병호,정종철역:이원종,최정우역:한상혁,양미숙역:김현,정한수역:유성주,구피디역:유장영,고봉주역:김동영,안작가역:송지현,마작가역:표혜림,한동남역:강성진,정지현역:강은아,위대한어린시절역:이도현"
20200612,On Style,082429,093358,위대한쇼,,4회,전국,010929,드라마&영화,드라마,미니시리즈,0,0,0,0.05435,0,0.00506,0.00595,0.00979,0,0.06307,0,0.01049,0.00254,0.0069,"위대한역:송승헌,정수현역:이선빈,강준호역:임주환,한다정역:노정의,한탁역:정준원,한태풍역:김준,한송이역:박예나,김혜진역:박하나,강경훈역:손병호,정종철역:이원종,최정우역:한상혁,양미숙역:김현,정한수역:유성주,구피디역:유장영,고봉주역:김동영,안작가역:송지현,마작가역:표혜림,한동남역:강성진,정지현역:강은아,위대한어린시절역:이도현"
20200612,On Style,125957,141458,라이브,,13회,전국,011501,드라마&영화,드라마,미니시리즈,0,0.1192,0,0.00621,0.08527,0.03006,0.131,0,0,0,0,0.0557,0.09265,0.1848,"한정오역:정유미,염상수역:이광수,오양촌역:배성우,안장미역:배종옥,양촌부역:이순재,기한솔역:성동일,은경모역:장현성,최명호역:신동욱,강남일역:이시언,정오모역:우현주,상수모역:염혜란,김민석역:조완기,반종민역:이순원,김한표역:김건우,송혜리역:이주영,민원우역:김종훈,고승재역:백승도,오송이역:고민시,오대관역:장호준,이삼보역:이얼"
20200612,On Style,142204,153635,라이브,,14회,전국,011431,드라마&영화,드라마,미니시리즈,0,0,0,0,0.04268,0.19719,0.03757,0,0.00942,0,0,0.16085,0.11438,0.01424,"한정오역:정유미,염상수역:이광수,오양촌역:배성우,안장미역:배종옥,양촌부역:이순재,기한솔역:성동일,은경모역:장현성,최명호역:신동욱,강남일역:이시언,정오모역:우현주,상수모역:염혜란,김민석역:조완기,반종민역:이순원,김한표역:김건우,송혜리역:이주영,민원우역:김종훈,고승재역:백승도,오송이역:고민시,오대관역:장호준,이삼보역:이얼"
20200612,On Style,154311,165626,라이브,,15회,전국,011315,드라마&영화,드라마,미니시리즈,0,0,0,0.00893,0.06613,0.17699,0.01331,0,0,0,0.01235,0.07047,0.08998,0.04462,"한정오역:정유미,염상수역:이광수,오양촌역:배성우,안장미역:배종옥,양촌부역:이순재,기한솔역:성동일,은경모역:장현성,최명호역:신동욱,강남일역:이시언,정오모역:우현주,상수모역:염혜란,김민석역:조완기,반종민역:이순원,김한표역:김건우,송혜리역:이주영,민원우역:김종훈,고승재역:백승도,오송이역:고민시,오대관역:장호준,이삼보역:이얼"
20200612,SBS플러스,064102,071118,엄마가바람났다,,28회,전국,003016,드라마&영화,드라마,아침드라마,0,0,0,0,0,0,0.18603,0.41135,0,0,0,0.05376,0.36859,0.07818,"오필정역:현쥬니,강석준역:이재황,이은주역:문보령,강석환역:김형범,오순정역:남이안,김복순역:박순천,박민호역:길정우,박민지역:홍제이,김해정역:양금석,강태수역:이원재,이태우역:서현석,최동석역:김동균,최은자역:이진아,최유경역:이영은,최미영역:전은채,왕기범역:차승우,하열도역:김영훈,홍수경역:노정명,박태섭역:강서준,박혜진역:박지수"
20200612,SBS플러스,071229,074255,엄마가바람났다,,29회,전국,003026,드라마&영화,드라마,아침드라마,0,0,0.02256,0.01502,0.00338,0.00294,0.44526,0.68558,0,0,0.0825,0.12406,0.59734,0.51904,"오필정역:현쥬니,강석준역:이재황,이은주역:문보령,강석환역:김형범,오순정역:남이안,김복순역:박순천,박민호역:길정우,박민지역:홍제이,김해정역:양금석,강태수역:이원재,이태우역:서현석,최동석역:김동균,최은자역:이진아,최유경역:이영은,최미영역:전은채,왕기범역:차승우,하열도역:김영훈,홍수경역:노정명,박태섭역:강서준,박혜진역:박지수"
20200612,SBS플러스,075418,085937,주군의태양,,5회,전국,010519,드라마&영화,드라마,미니시리즈,0.70689,0.05228,0,0.00079,0.56175,0.08625,0.13195,0.80841,0.03304,0.00606,0.36081,0.08032,0.09396,0.03189,"주중원역:소지섭,태공실역:공효진,강우역:서인국,태이령역:김유리,김귀도역:최정우,주성란역:김미경,도석철역:이종원,태공리역:박희본,이한주역:이재원,안진주역:정가은,주중원어린시절역:김명수,TV프로그램자역:김상중,미경역:송채윤,하유진역:김보라,가영역:방민아,이은설역:이혜인,차희주역:한보름,주중원아버지역:김용건,이승모역:이도현,이승준역:홍은택,선영역:김보미,지우역:유민규,강길자역:김희정,루이장역:정찬,박서현역:서효림,이재석역:이종혁,이회장역:이재용,한나브라운역:황선희,유진우역:이천희,고여사역:이용녀,유혜성역:진이한"
20200612,SBS플러스,135541,150711,더킹영원의군주,,14회,전국,011130,드라마&영화,드라마,미니시리즈,0,0.00424,0,0.13264,0.02285,0.12298,0.06011,0.51812,0.35519,0.19486,0.08631,0.24419,0.20139,0.17941,"이곤역:이민호,정태을역:김고은,조은섭역:우도환,조영역:우도환,강신재역:김경남,구서령역:정은채,이림역:이정진,루나역:김고은,노옥남역:김영옥,정도인역:전배수,송정혜역:서정연,박문식역:박원상,장미카엘역:강홍석,이종인역:전무송,명나리역:김용지,명승아역:김용지,유경무역:이해영,민화연역:황영희,박지영역:박지연,모비서역:백현주,석호필역:이홍내"
20200612,SBS플러스,152433,164535,더킹영원의군주,,15회,전국,012102,드라마&영화,드라마,미니시리즈,0,0,0.11743,0.03961,0.11308,0.14936,0.07346,0,0.03133,0.08426,0.02324,0.27019,0.19296,0.21493,"이곤역:이민호,정태을역:김고은,조은섭역:우도환,조영역:우도환,강신재역:김경남,구서령역:정은채,이림역:이정진,루나역:김고은,노옥남역:김영옥,정도인역:전배수,송정혜역:서정연,박문식역:박원상,장미카엘역:강홍석,이종인역:전무송,명나리역:김용지,명승아역:김용지,유경무역:이해영,민화연역:황영희,박지영역:박지연,모비서역:백현주,석호필역:이홍내"
20200612,SBS플러스,170224,180710,주군의태양,,6회,전국,010446,드라마&영화,드라마,미니시리즈,0.08209,0.02288,0.33471,0.02013,0.18506,0.1747,0.18063,0.16883,0.13341,0.09563,0.01515,0.17143,0.2814,0.09103,"주중원역:소지섭,태공실역:공효진,강우역:서인국,태이령역:김유리,김귀도역:최정우,주성란역:김미경,도석철역:이종원,태공리역:박희본,이한주역:이재원,안진주역:정가은,주중원어린시절역:김명수,TV프로그램자역:김상중,미경역:송채윤,하유진역:김보라,가영역:방민아,이은설역:이혜인,차희주역:한보름,주중원아버지역:김용건,이승모역:이도현,이승준역:홍은택,선영역:김보미,지우역:유민규,강길자역:김희정,루이장역:정찬,박서현역:서효림,이재석역:이종혁,이회장역:이재용,한나브라운역:황선희,유진우역:이천희,고여사역:이용녀,유혜성역:진이한"
20200612,SBS플러스,182246,192729,주군의태양,,7회,전국,010443,드라마&영화,드라마,미니시리즈,0,0.12717,0.42878,0.08625,0.45196,0.25101,0.10534,0.32276,0.23856,0.11807,0.03497,0.55256,0.2031,0.0923,"주중원역:소지섭,태공실역:공효진,강우역:서인국,태이령역:김유리,김귀도역:최정우,주성란역:김미경,도석철역:이종원,태공리역:박희본,이한주역:이재원,안진주역:정가은,주중원어린시절역:김명수,TV프로그램자역:김상중,미경역:송채윤,하유진역:김보라,가영역:방민아,이은설역:이혜인,차희주역:한보름,주중원아버지역:김용건,이승모역:이도현,이승준역:홍은택,선영역:김보미,지우역:유민규,강길자역:김희정,루이장역:정찬,박서현역:서효림,이재석역:이종혁,이회장역:이재용,한나브라운역:황선희,유진우역:이천희,고여사역:이용녀,유혜성역:진이한"
20200612,SBS플러스,194125,204646,주군의태양,,8회,전국,010521,드라마&영화,드라마,미니시리즈,0.27718,0.00457,0.45007,0.27834,0.27404,0.26632,0.08337,0.44359,0.18876,0.12188,0.12836,0.88997,0.4058,0.07102,"주중원역:소지섭,태공실역:공효진,강우역:서인국,태이령역:김유리,김귀도역:최정우,주성란역:김미경,도석철역:이종원,태공리역:박희본,이한주역:이재원,안진주역:정가은,주중원어린시절역:김명수,TV프로그램자역:김상중,미경역:송채윤,하유진역:김보라,가영역:방민아,이은설역:이혜인,차희주역:한보름,주중원아버지역:김용건,이승모역:이도현,이승준역:홍은택,선영역:김보미,지우역:유민규,강길자역:김희정,루이장역:정찬,박서현역:서효림,이재석역:이종혁,이회장역:이재용,한나브라운역:황선희,유진우역:이천희,고여사역:이용녀,유혜성역:진이한"
20200612,SBS플러스,210118,220618,주군의태양,,9회,전국,010500,드라마&영화,드라마,미니시리즈,1.57337,0.06028,0.34164,0.46559,0.15218,0.18085,0.01166,0.79319,0.09466,0.07619,0.28744,0.73519,0.2511,0.02398,"주중원역:소지섭,태공실역:공효진,강우역:서인국,태이령역:김유리,김귀도역:최정우,주성란역:김미경,도석철역:이종원,태공리역:박희본,이한주역:이재원,안진주역:정가은,주중원어린시절역:김명수,TV프로그램자역:김상중,미경역:송채윤,하유진역:김보라,가영역:방민아,이은설역:이혜인,차희주역:한보름,주중원아버지역:김용건,이승모역:이도현,이승준역:홍은택,선영역:김보미,지우역:유민규,강길자역:김희정,루이장역:정찬,박서현역:서효림,이재석역:이종혁,이회장역:이재용,한나브라운역:황선희,유진우역:이천희,고여사역:이용녀,유혜성역:진이한"
20200612,SBS플러스,232905,244538,더킹영원의군주,,16회,전국,011633,드라마&영화,드라마,미니시리즈,0.94471,0.16377,0.05684,0.01005,0.40482,0.33868,0.36316,1.98729,1.20783,0.06391,0.40858,0.75657,0.70555,0.27292,"이곤역:이민호,정태을역:김고은,조은섭역:우도환,조영역:우도환,강신재역:김경남,구서령역:정은채,이림역:이정진,루나역:김고은,노옥남역:김영옥,정도인역:전배수,송정혜역:서정연,박문식역:박원상,장미카엘역:강홍석,이종인역:전무송,명나리역:김용지,명승아역:김용지,유경무역:이해영,민화연역:황영희,박지영역:박지연,모비서역:백현주,석호필역:이홍내"
20200612,ONCE,020000,021915,동이,,49회,전국,001915,드라마&영화,드라마,주간연속극,0,0,0,0.04901,0,0.19129,0.00572,0,0,0,0,0,0,0.00579,"동이역:한효주,숙종역:지진희,희빈장씨역:이소연,차천수역:배수빈,서용기역:정진영,인현왕후역:박하선,오태석역:정동환,이종욱역:이정훈,홍태윤역:손일권,박도식역:최재호,도승지역:신국,오호양역:여호민,황주식역:이희도,정인국역:나성균,최효원역:천호진,장익헌역:이재용,김환역:정인기,은금역:한다민,오태풍역:이계인,태풍처역:이숙,장희재역:김유석,설희역:김혜진,게둬라부역:정은표,오윤역:최철호,게둬라역:최수한,심운택역:김동윤,동이어린시절역:김유정,봉상궁역:김소이,조상궁역:안여진,유상궁역:임성민,정임역:정유미,애종역:강유미,시비역:오은호,미지역:최하나,대전내관역:정선일,명성대비역:박정수,정상궁역:김혜선,영달역:이광수,최동주역:정성운,장무열역:최종환,이금역:이형석,경종역:윤찬,김구선역:맹상훈,인원왕후역:오연서"
20200612,ONCE,023022,033158,동이,,50회,전국,010136,드라마&영화,드라마,주간연속극,0,0,0,0.01834,0,0.18512,0.01868,0,0,0.00717,0.0025,0,0.00701,0.01418,"동이역:한효주,숙종역:지진희,희빈장씨역:이소연,차천수역:배수빈,서용기역:정진영,인현왕후역:박하선,오태석역:정동환,이종욱역:이정훈,홍태윤역:손일권,박도식역:최재호,도승지역:신국,오호양역:여호민,황주식역:이희도,정인국역:나성균,최효원역:천호진,장익헌역:이재용,김환역:정인기,은금역:한다민,오태풍역:이계인,태풍처역:이숙,장희재역:김유석,설희역:김혜진,게둬라부역:정은표,오윤역:최철호,게둬라역:최수한,심운택역:김동윤,동이어린시절역:김유정,봉상궁역:김소이,조상궁역:안여진,유상궁역:임성민,정임역:정유미,애종역:강유미,시비역:오은호,미지역:최하나,대전내관역:정선일,명성대비역:박정수,정상궁역:김혜선,영달역:이광수,최동주역:정성운,장무열역:최종환,이금역:이형석,경종역:윤찬,김구선역:맹상훈,인원왕후역:오연서"
20200612,ONCE,045935,054513,전원일기,,424회,전국,004538,드라마&영화,드라마,주말연속극,0,0,0,0,0,0,0,0,0,0,0,0,0,0,"최불암,김혜자,김용건,김수미,고두심,유인촌,정대홍"
20200612,ONCE,055143,063523,전원일기,,425회,전국,004340,드라마&영화,드라마,주말연속극,0,0.12217,0,0,0.09049,0.00445,0.08208,0,0,0,0,0.23671,0.01483,0.19137,"최불암,김혜자,김용건,김수미,고두심,유인촌,정대홍"
20200612,ONCE,065035,075317,동이,,49회,전국,010242,드라마&영화,드라마,주간연속극,0,0,0,0,0.19673,0,0.00322,0,0,0,0,0,0.13517,0.09449,"동이역:한효주,숙종역:지진희,희빈장씨역:이소연,차천수역:배수빈,서용기역:정진영,인현왕후역:박하선,오태석역:정동환,이종욱역:이정훈,홍태윤역:손일권,박도식역:최재호,도승지역:신국,오호양역:여호민,황주식역:이희도,정인국역:나성균,최효원역:천호진,장익헌역:이재용,김환역:정인기,은금역:한다민,오태풍역:이계인,태풍처역:이숙,장희재역:김유석,설희역:김혜진,게둬라부역:정은표,오윤역:최철호,게둬라역:최수한,심운택역:김동윤,동이어린시절역:김유정,봉상궁역:김소이,조상궁역:안여진,유상궁역:임성민,정임역:정유미,애종역:강유미,시비역:오은호,미지역:최하나,대전내관역:정선일,명성대비역:박정수,정상궁역:김혜선,영달역:이광수,최동주역:정성운,장무열역:최종환,이금역:이형석,경종역:윤찬,김구선역:맹상훈,인원왕후역:오연서"
20200612,ONCE,080504,090640,동이,,50회,전국,010136,드라마&영화,드라마,주간연속극,0,0,0.00465,0,0.21399,0.13667,0.01149,0,0,0.00393,0,0,0.30406,0.0383,"동이역:한효주,숙종역:지진희,희빈장씨역:이소연,차천수역:배수빈,서용기역:정진영,인현왕후역:박하선,오태석역:정동환,이종욱역:이정훈,홍태윤역:손일권,박도식역:최재호,도승지역:신국,오호양역:여호민,황주식역:이희도,정인국역:나성균,최효원역:천호진,장익헌역:이재용,김환역:정인기,은금역:한다민,오태풍역:이계인,태풍처역:이숙,장희재역:김유석,설희역:김혜진,게둬라부역:정은표,오윤역:최철호,게둬라역:최수한,심운택역:김동윤,동이어린시절역:김유정,봉상궁역:김소이,조상궁역:안여진,유상궁역:임성민,정임역:정유미,애종역:강유미,시비역:오은호,미지역:최하나,대전내관역:정선일,명성대비역:박정수,정상궁역:김혜선,영달역:이광수,최동주역:정성운,장무열역:최종환,이금역:이형석,경종역:윤찬,김구선역:맹상훈,인원왕후역:오연서"
20200612,ONCE,101815,113643,부부의세계,,3회,전국,011828,드라마&영화,드라마,미니시리즈,0.10868,0.07988,0.12946,0,0.06696,0,0.16917,0,0,0.10953,0.07961,0.00213,0.07582,0.29852,"지선우역:김희애,이태오역:박해준,여다경역:한소희,고예림역:박선영,손제혁역:김영민,설명숙역:채국희,여병규역:이경영,엄효정역:김선경,이준영역:전진서,민현서역:심은우,박인규역:이학주,마강석역:박충선,공지철역:정재성,김윤기역:이무생,하동식역:김종태,윤노을역:신수연,차해강역:정준원,최회장아내역:서이숙,공지철아내역:박미현,차도철아내역:윤인조"
20200612,ONCE,115100,131206,부부의세계,,4회,전국,012106,드라마&영화,드라마,미니시리즈,0,0,0,0.01296,0.11765,0.05464,0.03804,0,0,0,0.20884,0.05852,0.00434,0.09629,"지선우역:김희애,이태오역:박해준,여다경역:한소희,고예림역:박선영,손제혁역:김영민,설명숙역:채국희,여병규역:이경영,엄효정역:김선경,이준영역:전진서,민현서역:심은우,박인규역:이학주,마강석역:박충선,공지철역:정재성,김윤기역:이무생,하동식역:김종태,윤노을역:신수연,차해강역:정준원,최회장아내역:서이숙,공지철아내역:박미현,차도철아내역:윤인조"
20200612,ONCE,160149,163941,전원일기,,421회,전국,003752,드라마&영화,드라마,주말연속극,0,0.09961,0.21524,0,0.01406,0.28011,0.03705,0,0,0,0.02671,0.00579,0.23366,0.13143,"최불암,김혜자,김용건,김수미,고두심,유인촌,정대홍"
20200612,ONCE,165045,173157,전원일기,,422회,전국,004112,드라마&영화,드라마,주말연속극,0,0,0.25733,0,0.22909,0.03614,0.15325,0,0,0,0,0,0.15787,0.06207,"최불암,김혜자,김용건,김수미,고두심,유인촌,정대홍"
20200612,ONCE,174608,184728,동이,,47회,전국,010120,드라마&영화,드라마,주간연속극,0,0.01976,0.26342,0.00763,0.33367,0.13594,0.21735,0.07105,0,0.01376,0.02512,0.18597,0.28341,0.05189,"동이역:한효주,숙종역:지진희,희빈장씨역:이소연,차천수역:배수빈,서용기역:정진영,인현왕후역:박하선,오태석역:정동환,이종욱역:이정훈,홍태윤역:손일권,박도식역:최재호,도승지역:신국,오호양역:여호민,황주식역:이희도,정인국역:나성균,최효원역:천호진,장익헌역:이재용,김환역:정인기,은금역:한다민,오태풍역:이계인,태풍처역:이숙,장희재역:김유석,설희역:김혜진,게둬라부역:정은표,오윤역:최철호,게둬라역:최수한,심운택역:김동윤,동이어린시절역:김유정,봉상궁역:김소이,조상궁역:안여진,유상궁역:임성민,정임역:정유미,애종역:강유미,시비역:오은호,미지역:최하나,대전내관역:정선일,명성대비역:박정수,정상궁역:김혜선,영달역:이광수,최동주역:정성운,장무열역:최종환,이금역:이형석,경종역:윤찬,김구선역:맹상훈,인원왕후역:오연서"
20200612,ONCE,185945,200225,동이,,48회,전국,010240,드라마&영화,드라마,주간연속극,0,0.08176,0,0,0.04661,0.06241,0.1515,0.3788,0,0,0.00402,0.13883,0.15731,0.05119,"동이역:한효주,숙종역:지진희,희빈장씨역:이소연,차천수역:배수빈,서용기역:정진영,인현왕후역:박하선,오태석역:정동환,이종욱역:이정훈,홍태윤역:손일권,박도식역:최재호,도승지역:신국,오호양역:여호민,황주식역:이희도,정인국역:나성균,최효원역:천호진,장익헌역:이재용,김환역:정인기,은금역:한다민,오태풍역:이계인,태풍처역:이숙,장희재역:김유석,설희역:김혜진,게둬라부역:정은표,오윤역:최철호,게둬라역:최수한,심운택역:김동윤,동이어린시절역:김유정,봉상궁역:김소이,조상궁역:안여진,유상궁역:임성민,정임역:정유미,애종역:강유미,시비역:오은호,미지역:최하나,대전내관역:정선일,명성대비역:박정수,정상궁역:김혜선,영달역:이광수,최동주역:정성운,장무열역:최종환,이금역:이형석,경종역:윤찬,김구선역:맹상훈,인원왕후역:오연서"
20200612,ONCE,224759,240627,부부의세계,,3회,전국,011828,드라마&영화,드라마,미니시리즈,0.02044,0,0,0.04399,0.01175,0.03337,0.02994,0,0.05385,0.0638,0.09669,0.08954,0.00141,0.02635,"지선우역:김희애,이태오역:박해준,여다경역:한소희,고예림역:박선영,손제혁역:김영민,설명숙역:채국희,여병규역:이경영,엄효정역:김선경,이준영역:전진서,민현서역:심은우,박인규역:이학주,마강석역:박충선,공지철역:정재성,김윤기역:이무생,하동식역:김종태,윤노을역:신수연,차해강역:정준원,최회장아내역:서이숙,공지철아내역:박미현,차도철아내역:윤인조"
20200612,ONCE,241843,253951,부부의세계,,4회,전국,012108,드라마&영화,드라마,미니시리즈,0,0,0,0.03921,0.00462,0.00159,0.02085,0,0,0.09947,0.0492,0.00563,0.00584,0.0276,"지선우역:김희애,이태오역:박해준,여다경역:한소희,고예림역:박선영,손제혁역:김영민,설명숙역:채국희,여병규역:이경영,엄효정역:김선경,이준영역:전진서,민현서역:심은우,박인규역:이학주,마강석역:박충선,공지철역:정재성,김윤기역:이무생,하동식역:김종태,윤노을역:신수연,차해강역:정준원,최회장아내역:서이숙,공지철아내역:박미현,차도철아내역:윤인조"
20200612,ONCE,255205,255959,황후의품격,,9회,전국,000754,드라마&영화,드라마,미니시리즈,0,0,0.05162,0.0582,0,0.04093,0,0,0,0.2281,0,0,0.04762,0,"오써니역:장나라,나왕식역:최진혁,이혁역:신성록,민유라역:이엘리야,태후강씨역:신은경,이윤역:오승윤,서강희역:윤소이,아리역:오아린,태황태후조씨역:박원숙,소진공주역:이희진,소현황후역:신고은,오금모역:윤다훈,오헬로역:스테파니리,변선생역:김명수,마필주역:윤주만,백도희역:황영희,나동식역:오한결,최팀장역:이수련,홍팀장역:김민옥,형사역:조동혁,수상역:고세원,나왕식역:태항호,사군자역:김수미,안형사역:안내상,강주승역:유건"
20200612,SKYUHD,113524,133725,야식남녀,,3회/4회,전국,020201,드라마&영화,드라마,미니시리즈,0,0,0,0,0,0,0,0,0,0,0,0,0,0,"박진성역:정일우,김아진역:강지영,강태완역:이학주,이상영역:김승수,차주희역:김수진,남규장역:양대혁,유성은역:공민정,노재수역:박성준,박진우역:최재현"
20200612,SKYUHD,165713,185913,야식남녀,,3회/4회,전국,020200,드라마&영화,드라마,미니시리즈,0,0,0,0,0,0,0,0,0,0,0,0,0.00487,0,"박진성역:정일우,김아진역:강지영,강태완역:이학주,이상영역:김승수,차주희역:김수진,남규장역:양대혁,유성은역:공민정,노재수역:박성준,박진우역:최재현"
20200612,SKYUHD,233102,253303,야식남녀,,3회/4회,전국,020201,드라마&영화,드라마,미니시리즈,0,0,0,0,0,0,0,0,0,0,0,0,0.08282,0,"박진성역:정일우,김아진역:강지영,강태완역:이학주,이상영역:김승수,차주희역:김수진,남규장역:양대혁,유성은역:공민정,노재수역:박성준,박진우역:최재현"
20200612,OCN Thrills,230523,241621,번외수사,,1회,전국,011058,드라마&영화,드라마,미니시리즈,0.01208,0,0,0.0343,0.09626,0.20495,0.07241,0,0,0.11396,0.0013,0.07796,0.23065,0.00212,"진강호역:차태현,강무영역:이선빈,이반석역:정상훈,테디정역:윤경호,탁원역:지승현,민대진역:박정우,맨손역:박태산,연장역:장진희,지수철역:이영석,노순이역:민경옥"
20200612,OCN Thrills,242638,252826,번외수사,,2회,전국,010148,드라마&영화,드라마,미니시리즈,0,0.1109,0,0,0.03808,0.12522,0.00374,0.02248,0,0.05726,0,0.11505,0,0.02251,"진강호역:차태현,강무영역:이선빈,이반석역:정상훈,테디정역:윤경호,탁원역:지승현,민대진역:박정우,맨손역:박태산,연장역:장진희,지수철역:이영석,노순이역:민경옥"
20200612,OCN Thrills,253658,255959,번외수사,,3회,전국,002301,드라마&영화,드라마,미니시리즈,0,0,0,0.10208,0,0.30405,0.01968,0,0,0,0,0,0.0296,0.05405,"진강호역:차태현,강무영역:이선빈,이반석역:정상훈,테디정역:윤경호,탁원역:지승현,민대진역:박정우,맨손역:박태산,연장역:장진희,지수철역:이영석,노순이역:민경옥"
20200612,TRENDY,065310,080107,부부클리닉사랑과전쟁2,,27회,전국,010757,드라마&영화,드라마,단막극,0,0,0.00372,0.01027,0.40941,0.01344,0.09782,0,0,0.03737,0,0,0.21942,0.13854,"이재만,민지영,최영완,이정수,장가현,손유경,이준우"
20200612,TRENDY,081128,091925,부부클리닉사랑과전쟁2,,28회,전국,010757,드라마&영화,드라마,단막극,0.07847,0,0.00207,0,0.36066,0.03204,0.12631,0.07057,0,0.06665,0.0156,0.27621,0.09838,0.30941,"이재만,민지영,최영완,이정수,장가현,손유경,이준우"
20200612,TRENDY,135424,150225,부부클리닉사랑과전쟁2,,27회,전국,010801,드라마&영화,드라마,단막극,0.06726,0,0,0.01027,0.00388,0.05009,0.03714,0.06049,0,0,0.011,0.00744,0.14008,0.10739,"이재만,민지영,최영완,이정수,장가현,손유경,이준우"
20200612,TRENDY,151611,162413,부부클리닉사랑과전쟁2,,28회,전국,010802,드라마&영화,드라마,단막극,0.34776,0,0,0.07096,0,0,0.0767,0,0,0,0.04054,0,0.18687,0.17033,"이재만,민지영,최영완,이정수,장가현,손유경,이준우"
20200612,TRENDY,225817,240618,부부클리닉사랑과전쟁2,,27회,전국,010801,드라마&영화,드라마,단막극,0,0.08691,0.43785,0.03494,0.28145,0.10234,0.10129,0,0.12807,0.13704,0.13271,0.40483,0.22265,0.09999,"이재만,민지영,최영완,이정수,장가현,손유경,이준우"
20200612,TRENDY,241950,252752,부부클리닉사랑과전쟁2,,28회,전국,010802,드라마&영화,드라마,단막극,0,0,0.37419,0.00773,0.17833,0.01235,0.08721,0,0,0.0094,0,0.34904,0.15164,0.07574,"이재만,민지영,최영완,이정수,장가현,손유경,이준우"
20200613,KBS2,142946,152747,본어게인,<29회/30회>,29회/30회,전국,005801,드라마&영화,드라마,미니시리즈,0.86369,0.61302,0.27996,0.90295,0.46914,0.97059,0.53785,0.28579,0.01642,0.07743,0.45525,1.02157,0.77768,1.78737,"공지철역:장기용,천종범역:장기용,정하은역:진세연,정사빈역:진세연,차형빈역:이수혁,김수혁역:이수혁,장혜미역:김정난,천석태역:최광일,주인도역:장원영,백상아역:이서엘,서태하역:최대철,서영역:한해림,제이역:차민지,공인우역:정인겸,장혜미역:위지연,천석태역:조덕회"
20200613,KBS2,153756,163605,본어게인,<31회/32회>,31회/32회,전국,005809,드라마&영화,드라마,미니시리즈,0.01815,0.0438,0.42824,0.6745,0.12688,0.68853,0.83065,0.00701,0.00596,0.63324,0.27847,0.80165,0.86607,1.37846,"공지철역:장기용,천종범역:장기용,정하은역:진세연,정사빈역:진세연,차형빈역:이수혁,김수혁역:이수혁,장혜미역:김정난,천석태역:최광일,주인도역:장원영,백상아역:이서엘,서태하역:최대철,서영역:한해림,제이역:차민지,공인우역:정인겸,장혜미역:위지연,천석태역:조덕회"
20200613,KBS2,164635,172316,한번다녀왔습니다,<43회>,43회,전국,003641,드라마&영화,드라마,주말연속극,0.98699,0.21125,0.19104,0.68773,0.332,1.06825,1.8874,1.83003,0.8575,0.75922,2.10091,1.2105,1.56579,2.34361,"송영달역:천호진,장옥분역:차화연,최윤정역:김보연,강초연역:이정은,송나희역:이민정,윤규진역:이상엽,송준선역:오대환,송가희역:오윤아,송다희역:이초희,양치수역:안길강,장옥자역:백지원,성현경역:임정은,윤재석역:이상이,박효신역:기도훈,김지훈역:문우진,이주리역:김소라,김가연역:송다은,건어물역:신미영,꽈배기역:김가영,송서영역:이가연,송서진역:안서연,이정록역:알렉스,유보영역:손성윤,유시후역:송민재,박지연역:신수정,한기영역:강유석,홍성우역:김현목,신혜정역:김미은,심정희역:이상경,오연지역:한봄,오정봉역:오의식,이종수역:장원혁,김승현역:배호근,송이역:김주영,지원역:찬희,이현역:이필모"
20200613,KBS2,172429,175712,한번다녀왔습니다,<44회>,44회,전국,003243,드라마&영화,드라마,주말연속극,0,0.24142,0.1467,0.93307,1.0399,1.48572,2.50035,1.9323,1.19007,0.66427,2.0855,1.51671,1.46299,3.82702,"송영달역:천호진,장옥분역:차화연,최윤정역:김보연,강초연역:이정은,송나희역:이민정,윤규진역:이상엽,송준선역:오대환,송가희역:오윤아,송다희역:이초희,양치수역:안길강,장옥자역:백지원,성현경역:임정은,윤재석역:이상이,박효신역:기도훈,김지훈역:문우진,이주리역:김소라,김가연역:송다은,건어물역:신미영,꽈배기역:김가영,송서영역:이가연,송서진역:안서연,이정록역:알렉스,유보영역:손성윤,유시후역:송민재,박지연역:신수정,한기영역:강유석,홍성우역:김현목,신혜정역:김미은,심정희역:이상경,오연지역:한봄,오정봉역:오의식,이종수역:장원혁,김승현역:배호근,송이역:김주영,지원역:찬희,이현역:이필모"
20200613,KBS2,200115,203839,한번다녀왔습니다,<45회>,45회,전국,003724,드라마&영화,드라마,주말연속극,4.71643,3.61192,4.72215,6.04952,6.35513,12.83034,22.0268,5.65691,3.88063,4.68756,9.76337,9.90457,21.11816,26.55038,"송영달역:천호진,장옥분역:차화연,최윤정역:김보연,강초연역:이정은,송나희역:이민정,윤규진역:이상엽,송준선역:오대환,송가희역:오윤아,송다희역:이초희,양치수역:안길강,장옥자역:백지원,성현경역:임정은,윤재석역:이상이,박효신역:기도훈,김지훈역:문우진,이주리역:김소라,김가연역:송다은,건어물역:신미영,꽈배기역:김가영,송서영역:이가연,송서진역:안서연,이정록역:알렉스,유보영역:손성윤,유시후역:송민재,박지연역:신수정,한기영역:강유석,홍성우역:김현목,신혜정역:김미은,심정희역:이상경,오연지역:한봄,오정봉역:오의식,이종수역:장원혁,김승현역:배호근,송이역:김주영,지원역:찬희,이현역:이필모"
20200613,KBS2,204107,211303,한번다녀왔습니다,<46회>,46회,전국,003156,드라마&영화,드라마,주말연속극,6.8491,4.57201,6.14084,7.22956,8.88984,16.57483,26.49753,8.0279,5.83599,5.98885,11.55384,13.84589,25.95229,32.21634,"송영달역:천호진,장옥분역:차화연,최윤정역:김보연,강초연역:이정은,송나희역:이민정,윤규진역:이상엽,송준선역:오대환,송가희역:오윤아,송다희역:이초희,양치수역:안길강,장옥자역:백지원,성현경역:임정은,윤재석역:이상이,박효신역:기도훈,김지훈역:문우진,이주리역:김소라,김가연역:송다은,건어물역:신미영,꽈배기역:김가영,송서영역:이가연,송서진역:안서연,이정록역:알렉스,유보영역:손성윤,유시후역:송민재,박지연역:신수정,한기영역:강유석,홍성우역:김현목,신혜정역:김미은,심정희역:이상경,오연지역:한봄,오정봉역:오의식,이종수역:장원혁,김승현역:배호근,송이역:김주영,지원역:찬희,이현역:이필모"
20200613,MBC,125017,132411,저녁같이드실래요,<9회>,9회,전국,003354,드라마&영화,드라마,미니시리즈,1.07547,0.72059,0.55294,0.46881,0.58657,0.92495,0.59106,1.02747,0.34897,0.3829,0.7589,0.84458,1.15123,0.88999,"김해경역:송승헌,우도희역:서지혜,정재혁역:이지훈,진노을역:손나은,남아영역:예지원,키에누역:박호산,박진규역:고규필,강건우역:이현진,이병진역:김서경,임소라역:오혜원,김정환역:안태환,이문정역:전국향,전성자역:윤복인,이영동역:김정현,이은서역:서은수,푸드트럭총각역:이시언,태진아역:태진아,환자역:박산다라"
20200613,MBC,132524,135852,저녁같이드실래요,<10회>,10회,전국,003328,드라마&영화,드라마,미니시리즈,0.4231,0.85705,0.6831,0.29744,1.10611,1.55081,0.92856,0.67212,0.53151,0.45723,1.1838,1.59147,1.86072,1.00443,"김해경역:송승헌,우도희역:서지혜,정재혁역:이지훈,진노을역:손나은,남아영역:예지원,키에누역:박호산,박진규역:고규필,강건우역:이현진,이병진역:김서경,임소라역:오혜원,김정환역:안태환,이문정역:전국향,전성자역:윤복인,이영동역:김정현,이은서역:서은수,푸드트럭총각역:이시언,태진아역:태진아,환자역:박산다라"
20200613,MBC,140135,140959,저녁같이드실래요,<11회>,11회,전국,000824,드라마&영화,드라마,미니시리즈,0,0.53384,0.36717,0.50211,0.83741,0.89505,0.72075,0,0.05902,0.13523,0.79204,1.22449,1.57889,0.64896,"김해경역:송승헌,우도희역:서지혜,정재혁역:이지훈,진노을역:손나은,남아영역:예지원,키에누역:박호산,박진규역:고규필,강건우역:이현진,이병진역:김서경,임소라역:오혜원,김정환역:안태환,이문정역:전국향,전성자역:윤복인,이영동역:김정현,이은서역:서은수,푸드트럭총각역:이시언,태진아역:태진아,환자역:박산다라"
20200613,MBC,141729,144424,저녁같이드실래요,<11회>,11회,전국,002655,드라마&영화,드라마,미니시리즈,0,0.34535,0.8864,0.74756,0.98065,0.99736,1.04393,0,0.882,0.22667,0.68796,1.74819,1.5958,1.29805,"김해경역:송승헌,우도희역:서지혜,정재혁역:이지훈,진노을역:손나은,남아영역:예지원,키에누역:박호산,박진규역:고규필,강건우역:이현진,이병진역:김서경,임소라역:오혜원,김정환역:안태환,이문정역:전국향,전성자역:윤복인,이영동역:김정현,이은서역:서은수,푸드트럭총각역:이시언,태진아역:태진아,환자역:박산다라"
20200613,MBC,144638,151827,저녁같이드실래요,<12회>,12회,전국,003149,드라마&영화,드라마,미니시리즈,0.07035,0.22478,1.18834,0.1092,1.01845,1.25179,1.10177,0.74925,0.4693,0.30021,0.85249,2.41139,2.25648,1.09435,"김해경역:송승헌,우도희역:서지혜,정재혁역:이지훈,진노을역:손나은,남아영역:예지원,키에누역:박호산,박진규역:고규필,강건우역:이현진,이병진역:김서경,임소라역:오혜원,김정환역:안태환,이문정역:전국향,전성자역:윤복인,이영동역:김정현,이은서역:서은수,푸드트럭총각역:이시언,태진아역:태진아,환자역:박산다라"
20200613,SBS,171752,175029,굿캐스팅,<1부>,13회,전국,003237,드라마&영화,드라마,미니시리즈,2.04811,0.63623,0.40247,1.29607,2.22944,0.90028,1.56143,1.05986,0.10352,0.24293,0.99561,1.05376,1.79245,2.02559,"백찬미역:최강희,윤석호역:이상엽,임예은역:유인영,황미순역:김지영,강우원역:이준영,동관수역:이종혁,서국환역:정인기,배무혁역:박경순,간태희역:황보미,명계철역:우현,탁상기역:이상훈,옥철역:김용희,변우석역:허재호,구비서역:한수진,설영훈역:조영훈,심화란역:차수연,남봉만역:이승형,남주연역:김보윤,피철웅역:배진웅,권민석역:성혁,권소희역:노하연"
20200613,SBS,175209,182821,굿캐스팅,<2부>,13회,전국,003612,드라마&영화,드라마,미니시리즈,1.83151,0.5902,0.13997,0.97336,1.5253,0.74982,1.92409,0.78681,0.46906,0.35713,1.05989,1.05961,2.3095,1.53004,"백찬미역:최강희,윤석호역:이상엽,임예은역:유인영,황미순역:김지영,강우원역:이준영,동관수역:이종혁,서국환역:정인기,배무혁역:박경순,간태희역:황보미,명계철역:우현,탁상기역:이상훈,옥철역:김용희,변우석역:허재호,구비서역:한수진,설영훈역:조영훈,심화란역:차수연,남봉만역:이승형,남주연역:김보윤,피철웅역:배진웅,권민석역:성혁,권소희역:노하연"
20200613,SBS,183834,191157,굿캐스팅,<1부>,14회,전국,003323,드라마&영화,드라마,미니시리즈,0.70377,0.44073,0.30078,1.02754,1.22163,1.35131,1.09954,0.38406,0.04394,0.4097,0.78833,1.11701,1.81297,1.49677,"백찬미역:최강희,윤석호역:이상엽,임예은역:유인영,황미순역:김지영,강우원역:이준영,동관수역:이종혁,서국환역:정인기,배무혁역:박경순,간태희역:황보미,명계철역:우현,탁상기역:이상훈,옥철역:김용희,변우석역:허재호,구비서역:한수진,설영훈역:조영훈,심화란역:차수연,남봉만역:이승형,남주연역:김보윤,피철웅역:배진웅,권민석역:성혁,권소희역:노하연"
20200613,SBS,191337,194754,굿캐스팅,<2부>,14회,전국,003417,드라마&영화,드라마,미니시리즈,0.08079,0.46842,0.47906,1.35315,1.16164,1.66007,1.80876,0.05306,0.10274,0.50528,0.95094,0.84702,3.12751,2.09951,"백찬미역:최강희,윤석호역:이상엽,임예은역:유인영,황미순역:김지영,강우원역:이준영,동관수역:이종혁,서국환역:정인기,배무혁역:박경순,간태희역:황보미,명계철역:우현,탁상기역:이상훈,옥철역:김용희,변우석역:허재호,구비서역:한수진,설영훈역:조영훈,심화란역:차수연,남봉만역:이승형,남주연역:김보윤,피철웅역:배진웅,권민석역:성혁,권소희역:노하연"
20200613,JTBC,143138,153625,쌍갑포차,,7회,전국,010447,드라마&영화,드라마,미니시리즈,0.24429,0,0.32581,0.55666,0.32398,1.26145,0.61482,1.00304,0.52318,0.29044,0.49786,0.73233,0.983,0.68186,"월주역:황정음,한강배역:육성재,귀반장역:최원영,염부장역:이준혁,강여린역:정다은,최진동역:안태환,송미란역:박하나,박대리역:박주형,김원형역:나인우"
20200613,JTBC,155201,165756,쌍갑포차,,8회,전국,010555,드라마&영화,드라마,미니시리즈,0.21031,0.37552,0.27953,0.32379,0.80535,0.69509,1.07853,0.51716,0.14205,0.20911,0.52946,1.65732,1.27955,0.7206,"월주역:황정음,한강배역:육성재,귀반장역:최원영,염부장역:이준혁,강여린역:정다은,최진동역:안태환,송미란역:박하나,박대리역:박주형,김원형역:나인우"
20200613,TV CHOSUN,162609,172243,바람과구름과비,,7회,전국,005634,드라마&영화,드라마,미니시리즈,0.86108,0.05938,0.03625,0.26444,0.27581,0.38204,1.34738,0.54746,0.17808,0.01774,0.61654,0.49896,0.98825,1.62403,"최천중역:박시후,봉련역:고성희,흥선대원군이하응역:전광렬,채인규역:성혁,김병운역:김승수,김좌근역:차광수,나합역:윤아정,김병학역:한재영,조대비역:김보연,철종역:정욱,이하전역:이루,명성황후민자영역:박정연,고종이재황역:박상훈,용팔룡역:조복래,주모역:김주령,적도사진상역:한동규,팽구철역:노형욱,만석역:박노식,연치성역:임현수,반달역:왕빛나,임종사관역:허태희,최천중어린시절역:강태우,봉련어린시절역:홍승희,채인규어린시절역:최정우,상복역:허성태,민승호역:이해우,저자이병주,출판그림같은세상2020.08.28.,e북무료판매처 1건"
20200613,TV CHOSUN,225214,235638,바람과구름과비,,8회,전국,010424,드라마&영화,드라마,미니시리즈,0.28972,0.98053,1.65188,0.91526,1.19354,3.53388,3.98447,0,0.24297,0.24383,1.65845,1.08136,4.94927,3.86367,"최천중역:박시후,봉련역:고성희,흥선대원군이하응역:전광렬,채인규역:성혁,김병운역:김승수,김좌근역:차광수,나합역:윤아정,김병학역:한재영,조대비역:김보연,철종역:정욱,이하전역:이루,명성황후민자영역:박정연,고종이재황역:박상훈,용팔룡역:조복래,주모역:김주령,적도사진상역:한동규,팽구철역:노형욱,만석역:박노식,연치성역:임현수,반달역:왕빛나,임종사관역:허태희,최천중어린시절역:강태우,봉련어린시절역:홍승희,채인규어린시절역:최정우,상복역:허성태,민승호역:이해우,저자이병주,출판그림같은세상2020.08.28.,e북무료판매처 1건"
20200613,tvN,020000,020724,아는건별로없지만가족입니다,,4회,전국,000724,드라마&영화,드라마,미니시리즈,0,0.22592,0,0.34733,0.59352,0.11156,0.37655,0,0.26706,0.34554,0.32223,0.79651,0.45778,0.23671,"김은희역:한예리,박찬혁역:김지석,김은주역:추자현,김상식역:정진영,이진숙역:원미경,김지우역:신재하,임건주역:신동욱,윤태형역:김태훈,젊은상식역:한준우,젊은진숙역:조아영,유선일역:서상원,안효석역:이종원,서경옥역:가득희,윤서영역:혜정,전하라역:배윤경,유민우역:권율"
20200613,tvN,064822,080429,슬기로운의사생활,,,전국,011607,드라마&영화,드라마,미니시리즈,0.4019,0.01997,0.5429,0.33043,0.33308,0.64902,0.36189,0.23259,0.1934,0.19396,0.68646,0.82937,0.75005,0.55247,"이익준역:조정석,안정원역:유연석,김준완역:정경호,양석형역:김대명,채송화역:전미도,정로사역:김해숙,주종수역:김갑수,도재학역:정문성,용석민역:문태유,장겨울역:신현빈,안치홍역:김준한,봉광현역:최영준,추민하역:안은진,허선빈역:하윤경,명은원역:김혜인,장윤복역:조이현,장홍도역:배현성,송수빈역:김수진,소이현역:윤혜리,배준희역:신도현,주전역:조승연,황재신역:양조아,이우주역:김준,민기준역:서진원,종세혁역:전광진,이영하역:이노아,김재환역:이달,국해성역:이혜은,함덕주역:김비비,한현희역:이지원,한승주역:김지성,은선진역:설유진,이익순역:곽선영,조영혜역:문희경,양태양역:남명렬,김태연역:이소윤,천명태역:최영우,선우희수역:박한솔,장겨울남동생역:박정우,고아라역:고아라"
20200613,tvN,123521,134728,오마이베이비,,9회,전국,011207,드라마&영화,드라마,미니시리즈,0.26775,0.69492,0.07516,0.39689,0.65375,0.81175,0.50831,0.49736,0.1815,0.58915,0.63676,0.96207,0.63199,0.74514,"장하리역:장나라,한이상역:고준,윤재영역:박병은,최강으뜸역:정건주,이옥란역:김혜옥,남수철역:조희봉,김은영역:이미도,김철중역:유승목,주승태역:전진기,박연호역:백승희,최효주역:박수영,주선생역:문현정,심정화역:김재화,이소윤역:정라엘,이옥희역:김예령,박재한역:이한위,김상희역:손화령,순남역:이주실,조회장역:장광,조아저씨역:최홍일,강효주역:전혜빈"
20200613,tvN,140722,151608,오마이베이비,,10회,전국,010846,드라마&영화,드라마,미니시리즈,0.25254,0.0624,0.19893,0.40041,0.6473,0.95242,0.28261,0.32084,0.21835,0.16861,0.88218,1.3351,1.01722,0.47345,"장하리역:장나라,한이상역:고준,윤재영역:박병은,최강으뜸역:정건주,이옥란역:김혜옥,남수철역:조희봉,김은영역:이미도,김철중역:유승목,주승태역:전진기,박연호역:백승희,최효주역:박수영,주선생역:문현정,심정화역:김재화,이소윤역:정라엘,이옥희역:김예령,박재한역:이한위,김상희역:손화령,순남역:이주실,조회장역:장광,조아저씨역:최홍일,강효주역:전혜빈"
20200613,tvN,211116,221224,화양연화삶이꽃이되는순간,,15회,전국,010108,드라마&영화,드라마,미니시리즈,0.01407,1.16758,2.37198,0.83673,1.41515,2.40866,2.95254,0.68512,0.75745,1.2467,1.86335,4.2917,4.01116,2.79868,"한재현역:유지태,윤지수역:이보영,과거재현역:진영,과거지수역:전소니,장서경역:박시연,장산역:문성근,한준서역:박민수,한인호역:남명렬,이경자역:손숙,윤형구역:장광,이영민역:고우림,정숙희역:이종남,윤지영역:채원빈,이동진역:민성욱,과거동진역:은해성,성화진역:김주령,과거화진역:한지원,강준우역:강영석,정윤기역:김호창,이세훈역:김영훈,주영우역:이태성,과거영우역:병헌,양혜정역:우정원,과거혜정역:박한솔,최선희역:김영아"
20200613,국방TV,210039,212823,바람은불어도,,97회,전국,002744,드라마&영화,드라마,미니시리즈,0,0,0,0,0,0,0,0,0,0,0,0,0,0,"최수종,유호정,윤손하,송나영,송기윤,나문희"
20200613,국방TV,213019,215838,바람은불어도,,98회,전국,002819,드라마&영화,드라마,미니시리즈,0,0,0,0,0,0,0,0,0,0,0,0,0,0,"최수종,유호정,윤손하,송나영,송기윤,나문희"
20200613,국방TV,240039,242823,바람은불어도,,97회,전국,002744,드라마&영화,드라마,미니시리즈,0,0,0,0,0,0.19526,0,0,0,0,0,0,0,0,"최수종,유호정,윤손하,송나영,송기윤,나문희"
20200613,국방TV,243019,245837,바람은불어도,,98회,전국,002818,드라마&영화,드라마,미니시리즈,0,0,0,0,0,0.02693,0,0,0,0,0,0,0,0,"최수종,유호정,윤손하,송나영,송기윤,나문희"
20200613,국방TV,250035,252653,바람은불어도,,99회,전국,002618,드라마&영화,드라마,미니시리즈,0,0,0,0,0,0,0,0,0,0,0,0,0,0,"최수종,유호정,윤손하,송나영,송기윤,나문희"
20200613,국방TV,253035,255644,바람은불어도,,100회,전국,002609,드라마&영화,드라마,미니시리즈,0,0,0,0,0,0.00496,0,0,0,0,0.01399,0.00608,0.0197,0,"최수종,유호정,윤손하,송나영,송기윤,나문희"
20200613,OCN Movies,072614,083314,번외수사,,5회,전국,010700,드라마&영화,드라마,미니시리즈,0,0,0,0.08323,0.0758,0.46992,0.04844,0,0,0,0.01153,0.29648,0.22831,0.08837,"진강호역:차태현,강무영역:이선빈,이반석역:정상훈,테디정역:윤경호,탁원역:지승현,민대진역:박정우,맨손역:박태산,연장역:장진희,지수철역:이영석,노순이역:민경옥"
20200613,OCN Movies,085255,095400,번외수사,,6회,전국,010105,드라마&영화,드라마,미니시리즈,0,0.22643,0.10369,0.12301,0.02672,0.29378,0.03571,0,0.15377,0,0,0.44166,0.16781,0.12497,"진강호역:차태현,강무영역:이선빈,이반석역:정상훈,테디정역:윤경호,탁원역:지승현,민대진역:박정우,맨손역:박태산,연장역:장진희,지수철역:이영석,노순이역:민경옥"
20200613,AXN,062033,072154,완전한사랑,,11회,전국,010121,드라마&영화,드라마,주간연속극,0,0,0,0,0,0,0.00908,0,0,0,0,0,0.01062,0.00459,"박시우역:차인표,하영애역:김희애,문지나역:이승연,박회장역:김성원,장혜자역:강부자"
20200613,AXN,074030,084414,완전한사랑,,12회,전국,010344,드라마&영화,드라마,주간연속극,0,0,0.01655,0,0,0.01141,0.00078,0,0,0,0,0.00962,0.00893,0.00478,"박시우역:차인표,하영애역:김희애,문지나역:이승연,박회장역:김성원,장혜자역:강부자"
20200613,AXN,134154,144357,완전한사랑,,11회,전국,010203,드라마&영화,드라마,주간연속극,0,0,0,0,0,0.00103,0.2211,0,0,0,0.00366,0,0,0.21997,"박시우역:차인표,하영애역:김희애,문지나역:이승연,박회장역:김성원,장혜자역:강부자"
20200613,AXN,150009,160431,완전한사랑,,12회,전국,010422,드라마&영화,드라마,주간연속극,0,0,0,0,0,0,0.23567,0,0,0.00171,0,0.13647,0.0641,0.26326,"박시우역:차인표,하영애역:김희애,문지나역:이승연,박회장역:김성원,장혜자역:강부자"
20200613,AXN,212453,222637,완전한사랑,,11회,전국,010144,드라마&영화,드라마,주간연속극,0,0,0,0,0,0.00541,0.00178,0,0,0,0,0,0.0044,0.02605,"박시우역:차인표,하영애역:김희애,문지나역:이승연,박회장역:김성원,장혜자역:강부자"
20200613,AXN,224403,234810,완전한사랑,,12회,전국,010407,드라마&영화,드라마,주간연속극,0,0,0,0.08211,0.01732,0.04895,0,0,0,0,0,0.01627,0.00695,0.00296,"박시우역:차인표,하영애역:김희애,문지나역:이승연,박회장역:김성원,장혜자역:강부자"
20200613,CHING,020000,025006,이산,,15회,전국,005006,드라마&영화,드라마,주간연속극,0,0,0,0,0,0.00522,0.0091,0,0,0,0,0,0.00221,0.01074,"정조이산역:이서진,성송연역:한지민,영조역:이순재,정순왕후역:김여진,화완옹주역:성현아,정후겸역:조연우,박대수역:이종수,효의왕후역:박은혜,혜경궁홍씨역:견미리,사도세자역:이창훈,홍국영역:한상진,최석주역:조경환,채제공역:한인수,정약용역:송창의,장태우역:이재용,민주식역:정호근,박제가역:정재곤,남사초역:맹상훈,박달호역:이희도,김정금상궁역:김소이,강미비상궁역:이숙,원빈홍씨역:지성원,화빈윤씨역:유연지,박영문역:신국,초비역:이도은,이천역:지상렬,탁지수역:유민혁,이산어린시절역:박지빈,성송연어린시절역:이한나,박대수어린시절역:권오민,정후겸어린시절역:이인성"
20200613,CHING,030022,040451,이산,,16회,전국,010429,드라마&영화,드라마,주간연속극,0,0,0,0,0,0.00832,0.01677,0,0,0,0,0,0.02025,0.00085,"정조이산역:이서진,성송연역:한지민,영조역:이순재,정순왕후역:김여진,화완옹주역:성현아,정후겸역:조연우,박대수역:이종수,효의왕후역:박은혜,혜경궁홍씨역:견미리,사도세자역:이창훈,홍국영역:한상진,최석주역:조경환,채제공역:한인수,정약용역:송창의,장태우역:이재용,민주식역:정호근,박제가역:정재곤,남사초역:맹상훈,박달호역:이희도,김정금상궁역:김소이,강미비상궁역:이숙,원빈홍씨역:지성원,화빈윤씨역:유연지,박영문역:신국,초비역:이도은,이천역:지상렬,탁지수역:유민혁,이산어린시절역:박지빈,성송연어린시절역:이한나,박대수어린시절역:권오민,정후겸어린시절역:이인성"
20200613,CNTV,032618,035641,녹두꽃,,9회,전국,003023,드라마&영화,드라마,미니시리즈,0,0,0,0.00343,0,0,0,0,0,0,0.0158,0,0,0,"백이강역:조정석,백이현역:윤시윤,송자인역:한예리,전봉준역:최무성,백가역:박혁권,최덕기역:김상호,황석주역:최원영,채씨역:황영희,백이화역:백은혜,유월이역:서영희,남서방역:정선철,최경선역:민성욱,해승역:안길강,버들이역:노행하,번개역:병헌,동록개역:정규수,김가역:박지환,김개남역:김정호,손화중역:홍우진,송희옥역:이태검,황명심역:박규영,홍가역:조희봉,억쇠역:조현식,철두역:김도연,박원명역:김하균,송봉길역:박지일,김당손역:문원주,김문현역:이순원,김학진역:남문철,홍계훈역:윤서현,이규태역:손우현,이두황역:서종봉,대원군역:전국환,민비역:김지현,고종역:이윤건,조병갑역:장광,이용태역:이정헌,최시형역:전무송,다케다요스케역:이기찬,김홍집역:황만익"
20200613,CNTV,035706,042828,녹두꽃,,10회,전국,003122,드라마&영화,드라마,미니시리즈,0,0,0,0,0,0,0.02192,0,0,0,0,0.03478,0,0.00756,"백이강역:조정석,백이현역:윤시윤,송자인역:한예리,전봉준역:최무성,백가역:박혁권,최덕기역:김상호,황석주역:최원영,채씨역:황영희,백이화역:백은혜,유월이역:서영희,남서방역:정선철,최경선역:민성욱,해승역:안길강,버들이역:노행하,번개역:병헌,동록개역:정규수,김가역:박지환,김개남역:김정호,손화중역:홍우진,송희옥역:이태검,황명심역:박규영,홍가역:조희봉,억쇠역:조현식,철두역:김도연,박원명역:김하균,송봉길역:박지일,김당손역:문원주,김문현역:이순원,김학진역:남문철,홍계훈역:윤서현,이규태역:손우현,이두황역:서종봉,대원군역:전국환,민비역:김지현,고종역:이윤건,조병갑역:장광,이용태역:이정헌,최시형역:전무송,다케다요스케역:이기찬,김홍집역:황만익"
20200613,CNTV,070645,075707,광개토태왕,,75회,전국,005022,드라마&영화,드라마,주말연속극,0,0,0.01288,0,0,0.19583,0.06503,0,0,0.00349,0,0,0.02892,0.05666,"담덕역:이태곤,고운역:김승수,모용보역:임호,도영역:오지은,연살타역:홍경인,약연역:이인혜,고무역:김진태,고창역:남성진,모두영역:이원발,모두루역:임대호,모용수역:김동현,풍발역:정호근,개연수역:최동준,가라지역:오욱철,연도부역:반석진,계필역:선동혁,이영역:최상훈,담망역:정태우,이련역:송용태,고야역:이보희,담주역:조안,설도안역:김규철,설지역:김정화,마수역:고인범,여소이역:임병기,돌비수역:김정현,갈사무역:강신조,도광역:박승호,소모역:강지후,여문역:나주석,모용희역:조인표,거보역:김덕현,무갑역:유종근,여석개역:방형주,황회역:김명수,원봉역:박유승,하무지역:윤승원,사갈현역:김철기,아신역:박정철"
20200613,CNTV,080628,085949,광개토태왕,,76회,전국,005321,드라마&영화,드라마,주말연속극,0,0,0,0.00305,0,0.03975,0.29745,0,0.05965,0,0.00286,0.104,0.03171,0.20102,"담덕역:이태곤,고운역:김승수,모용보역:임호,도영역:오지은,연살타역:홍경인,약연역:이인혜,고무역:김진태,고창역:남성진,모두영역:이원발,모두루역:임대호,모용수역:김동현,풍발역:정호근,개연수역:최동준,가라지역:오욱철,연도부역:반석진,계필역:선동혁,이영역:최상훈,담망역:정태우,이련역:송용태,고야역:이보희,담주역:조안,설도안역:김규철,설지역:김정화,마수역:고인범,여소이역:임병기,돌비수역:김정현,갈사무역:강신조,도광역:박승호,소모역:강지후,여문역:나주석,모용희역:조인표,거보역:김덕현,무갑역:유종근,여석개역:방형주,황회역:김명수,원봉역:박유승,하무지역:윤승원,사갈현역:김철기,아신역:박정철"
20200613,CNTV,102528,112911,에덴의동쪽,,51회,전국,010343,드라마&영화,드라마,주간연속극,0,0,0,0,0,0.04772,0.08211,0,0,0,0,0.00559,0.02753,0.10983,"이동철역:송승헌,이동욱역:연정훈,민혜린역:이다해,지현역:한지혜,신명훈역:박해진,국영란역:이연희,기순역:전소민,혜령역:정소영,제니스역:정혜영,마이크역:데니스오,백성현역:박성웅,미애역:신은정,신태환역:조민기,지현어린시절역:남지현"
20200613,CNTV,114828,125349,각시탈,,23회,전국,010521,드라마&영화,드라마,미니시리즈,0.03278,0,0,0,0.09059,0.00969,0.20994,0,0.0025,0.09358,0.11593,0.00668,0.03976,0.0759,"이강토역:주원,목단역:진세연,기무라슌지역:박기웅,채홍주역:한채아,이강산역:신현준,한씨역:송옥숙,이선역:이일재,백건역:전현,담사리역:전노민,조단장역:손병호,오동년역:이경실,신난다역:이병준,선화역:손여은,계순역:서윤아,기무라타로역:천호진,기무라켄지역:박주형,우에노히데키역:전국환,가츠야마준역:안형준,이화경역:김정난,미나미타마오역:최대훈,콘노고지역:김응수,아베신지역:윤봉길,고이소타다노부역:윤진호,타샤역:지서윤,봉실장역:백재진,메리역:장준유,노상엽역:이재원,최명섭역:권태원,우병준역:김규철,이시용역:안석환,박인삼역:김태영,조영근역:고인범,긴페이가토역:브루스칸,박성모역:방중현,수지역:오은호,제니역:양희윤,안나역:반민정,득수역:김방원,진홍역:정은별,무라야마요시오역:김명수,양백역:김명곤,동진역:박성웅,심순이역:이슬비,송기자역:최대철,카카와역:최웅,안섭역:지민,타케다산상역:이주현,민규역:박보검,카네코역:한수아"
20200613,CNTV,131041,141526,바람과구름과비,,6회,전국,010445,드라마&영화,드라마,미니시리즈,0,0,0.02682,0.02587,0,0.01279,0.35989,0,0,0.01322,0,0.00162,0.01593,0.34138,"최천중역:박시후,봉련역:고성희,흥선대원군이하응역:전광렬,채인규역:성혁,김병운역:김승수,김좌근역:차광수,나합역:윤아정,김병학역:한재영,조대비역:김보연,철종역:정욱,이하전역:이루,명성황후민자영역:박정연,고종이재황역:박상훈,용팔룡역:조복래,주모역:김주령,적도사진상역:한동규,팽구철역:노형욱,만석역:박노식,연치성역:임현수,반달역:왕빛나,임종사관역:허태희,최천중어린시절역:강태우,봉련어린시절역:홍승희,채인규어린시절역:최정우,상복역:허성태,민승호역:이해우,저자이병주,출판그림같은세상2020.08.28.,e북무료판매처 1건"
20200613,CNTV,164353,173445,광개토태왕,,5회,전국,005052,드라마&영화,드라마,주말연속극,0,0.24597,0.09727,0,0.36398,0.03864,0.18881,0,0,0.14039,0.09929,0.25882,0.13132,0.07456,"담덕역:이태곤,고운역:김승수,모용보역:임호,도영역:오지은,연살타역:홍경인,약연역:이인혜,고무역:김진태,고창역:남성진,모두영역:이원발,모두루역:임대호,모용수역:김동현,풍발역:정호근,개연수역:최동준,가라지역:오욱철,연도부역:반석진,계필역:선동혁,이영역:최상훈,담망역:정태우,이련역:송용태,고야역:이보희,담주역:조안,설도안역:김규철,설지역:김정화,마수역:고인범,여소이역:임병기,돌비수역:김정현,갈사무역:강신조,도광역:박승호,소모역:강지후,여문역:나주석,모용희역:조인표,거보역:김덕현,무갑역:유종근,여석개역:방형주,황회역:김명수,원봉역:박유승,하무지역:윤승원,사갈현역:김철기,아신역:박정철"
20200613,CNTV,175150,184510,광개토태왕,,76회,전국,005320,드라마&영화,드라마,주말연속극,0,0.25871,0,0,0.23705,0.21557,0.52449,0.13005,0.06842,0.14765,0.32761,0.34053,0.15835,0.0519,"담덕역:이태곤,고운역:김승수,모용보역:임호,도영역:오지은,연살타역:홍경인,약연역:이인혜,고무역:김진태,고창역:남성진,모두영역:이원발,모두루역:임대호,모용수역:김동현,풍발역:정호근,개연수역:최동준,가라지역:오욱철,연도부역:반석진,계필역:선동혁,이영역:최상훈,담망역:정태우,이련역:송용태,고야역:이보희,담주역:조안,설도안역:김규철,설지역:김정화,마수역:고인범,여소이역:임병기,돌비수역:김정현,갈사무역:강신조,도광역:박승호,소모역:강지후,여문역:나주석,모용희역:조인표,거보역:김덕현,무갑역:유종근,여석개역:방형주,황회역:김명수,원봉역:박유승,하무지역:윤승원,사갈현역:김철기,아신역:박정철"
20200613,CNTV,190418,200831,에덴의동쪽,,51회,전국,010413,드라마&영화,드라마,주간연속극,0,0,0.00714,0,0,0.07001,0.03713,0,0,0,0.0633,0.07274,0.00182,0.02231,"이동철역:송승헌,이동욱역:연정훈,민혜린역:이다해,지현역:한지혜,신명훈역:박해진,국영란역:이연희,기순역:전소민,혜령역:정소영,제니스역:정혜영,마이크역:데니스오,백성현역:박성웅,미애역:신은정,신태환역:조민기,지현어린시절역:남지현"
20200613,CNTV,202700,213220,각시탈,,23회,전국,010520,드라마&영화,드라마,미니시리즈,0.00848,0,0,0.01381,0.01726,0.15846,0.08173,0.00867,0.0058,0,0.01027,0.01254,0,0.1212,"이강토역:주원,목단역:진세연,기무라슌지역:박기웅,채홍주역:한채아,이강산역:신현준,한씨역:송옥숙,이선역:이일재,백건역:전현,담사리역:전노민,조단장역:손병호,오동년역:이경실,신난다역:이병준,선화역:손여은,계순역:서윤아,기무라타로역:천호진,기무라켄지역:박주형,우에노히데키역:전국환,가츠야마준역:안형준,이화경역:김정난,미나미타마오역:최대훈,콘노고지역:김응수,아베신지역:윤봉길,고이소타다노부역:윤진호,타샤역:지서윤,봉실장역:백재진,메리역:장준유,노상엽역:이재원,최명섭역:권태원,우병준역:김규철,이시용역:안석환,박인삼역:김태영,조영근역:고인범,긴페이가토역:브루스칸,박성모역:방중현,수지역:오은호,제니역:양희윤,안나역:반민정,득수역:김방원,진홍역:정은별,무라야마요시오역:김명수,양백역:김명곤,동진역:박성웅,심순이역:이슬비,송기자역:최대철,카카와역:최웅,안섭역:지민,타케다산상역:이주현,민규역:박보검,카네코역:한수아"
20200613,CNTV,214742,225212,바람과구름과비,,6회,전국,010430,드라마&영화,드라마,미니시리즈,0,0,0,0.05611,0.10991,0.04972,0.12619,0,0,0,0.06008,0.33971,0.16022,0.15583,"최천중역:박시후,봉련역:고성희,흥선대원군이하응역:전광렬,채인규역:성혁,김병운역:김승수,김좌근역:차광수,나합역:윤아정,김병학역:한재영,조대비역:김보연,철종역:정욱,이하전역:이루,명성황후민자영역:박정연,고종이재황역:박상훈,용팔룡역:조복래,주모역:김주령,적도사진상역:한동규,팽구철역:노형욱,만석역:박노식,연치성역:임현수,반달역:왕빛나,임종사관역:허태희,최천중어린시절역:강태우,봉련어린시절역:홍승희,채인규어린시절역:최정우,상복역:허성태,민승호역:이해우,저자이병주,출판그림같은세상2020.08.28.,e북무료판매처 1건"
20200613,CNTV,250700,255711,광개토태왕,,75회,전국,005011,드라마&영화,드라마,주말연속극,0,0,0,0,0.02062,0.25119,0.12437,0,0,0,0.09243,0.08139,0,0.15123,"담덕역:이태곤,고운역:김승수,모용보역:임호,도영역:오지은,연살타역:홍경인,약연역:이인혜,고무역:김진태,고창역:남성진,모두영역:이원발,모두루역:임대호,모용수역:김동현,풍발역:정호근,개연수역:최동준,가라지역:오욱철,연도부역:반석진,계필역:선동혁,이영역:최상훈,담망역:정태우,이련역:송용태,고야역:이보희,담주역:조안,설도안역:김규철,설지역:김정화,마수역:고인범,여소이역:임병기,돌비수역:김정현,갈사무역:강신조,도광역:박승호,소모역:강지후,여문역:나주석,모용희역:조인표,거보역:김덕현,무갑역:유종근,여석개역:방형주,황회역:김명수,원봉역:박유승,하무지역:윤승원,사갈현역:김철기,아신역:박정철"
20200613,DramaH,085219,095254,번외수사,,3회,전국,010035,드라마&영화,드라마,미니시리즈,0,0.01477,0,0.01195,0.25799,0.10383,0.00896,0,0,0,0.05585,0.05646,0.00231,0.24326,"진강호역:차태현,강무영역:이선빈,이반석역:정상훈,테디정역:윤경호,탁원역:지승현,민대진역:박정우,맨손역:박태산,연장역:장진희,지수철역:이영석,노순이역:민경옥"
20200613,DramaH,101136,111148,번외수사,,4회,전국,010012,드라마&영화,드라마,미니시리즈,0,0,0,0.00136,0.25919,0.22886,0.02288,0,0,0.00856,0.12343,0.05621,0.19917,0.1416,"진강호역:차태현,강무영역:이선빈,이반석역:정상훈,테디정역:윤경호,탁원역:지승현,민대진역:박정우,맨손역:박태산,연장역:장진희,지수철역:이영석,노순이역:민경옥"
20200613,DramaH,113116,123254,터널,,1회,전국,010138,드라마&영화,드라마,미니시리즈,0.00382,0,0,0.00719,0.00632,0.0013,0.02368,0.00378,0,0,0.28039,0,0.01399,0.13694,"박광호역:최진혁,김선재역:윤현민,신재이역:이유영,전성식역:조희봉,곽태희역:김병철,송민하역:강기영,신연숙역:이시아,목진우역:김민상,오기자역:양주호,박광호역:차학연,홍혜원역:문숙,오기사역:양주호,정호영역:허성태,유옥희역:이용녀,전성식젊은시절역:김동영,정호영어린시절역:함성민,목진우젊은시절역:노태엽"
20200613,DramaH,125331,135512,터널,,2회,전국,010141,드라마&영화,드라마,미니시리즈,0,0,0,0.00172,0.02373,0.0079,0.05562,0,0,0,0.68988,0.00311,0.00351,0.25251,"박광호역:최진혁,김선재역:윤현민,신재이역:이유영,전성식역:조희봉,곽태희역:김병철,송민하역:강기영,신연숙역:이시아,목진우역:김민상,오기자역:양주호,박광호역:차학연,홍혜원역:문숙,오기사역:양주호,정호영역:허성태,유옥희역:이용녀,전성식젊은시절역:김동영,정호영어린시절역:함성민,목진우젊은시절역:노태엽"
20200613,DramaH,141623,152404,터널,,3회,전국,010741,드라마&영화,드라마,미니시리즈,0,0.00406,0,0.0897,0.0097,0,0.11506,0,0,0,0.70888,0.00713,0.15601,0.17256,"박광호역:최진혁,김선재역:윤현민,신재이역:이유영,전성식역:조희봉,곽태희역:김병철,송민하역:강기영,신연숙역:이시아,목진우역:김민상,오기자역:양주호,박광호역:차학연,홍혜원역:문숙,오기사역:양주호,정호영역:허성태,유옥희역:이용녀,전성식젊은시절역:김동영,정호영어린시절역:함성민,목진우젊은시절역:노태엽"
20200613,DramaH,154030,164603,터널,,4회,전국,010533,드라마&영화,드라마,미니시리즈,0,0.00879,0.16996,0.00134,0.01427,0.05412,0.31968,0.03804,0.01004,0.01721,0.76514,0.01403,0.29992,0.42171,"박광호역:최진혁,김선재역:윤현민,신재이역:이유영,전성식역:조희봉,곽태희역:김병철,송민하역:강기영,신연숙역:이시아,목진우역:김민상,오기자역:양주호,박광호역:차학연,홍혜원역:문숙,오기사역:양주호,정호영역:허성태,유옥희역:이용녀,전성식젊은시절역:김동영,정호영어린시절역:함성민,목진우젊은시절역:노태엽"
20200613,DramaH,231039,242027,굿캐스팅,,13회,전국,010948,드라마&영화,드라마,미니시리즈,0.00912,0.00217,0.08394,0,0.01497,0.15966,0.01613,0,0,0.00275,0.00374,0.00167,0.12787,0.05006,"백찬미역:최강희,윤석호역:이상엽,임예은역:유인영,황미순역:김지영,강우원역:이준영,동관수역:이종혁,서국환역:정인기,배무혁역:박경순,간태희역:황보미,명계철역:우현,탁상기역:이상훈,옥철역:김용희,변우석역:허재호,구비서역:한수진,설영훈역:조영훈,심화란역:차수연,남봉만역:이승형,남주연역:김보윤,피철웅역:배진웅,권민석역:성혁,권소희역:노하연"
20200613,DramaH,243459,253512,번외수사,,4회,전국,010013,드라마&영화,드라마,미니시리즈,0,0,0.02126,0,0.00857,0.08759,0.00175,0,0.00576,0.00275,0,0.00476,0.02374,0.03386,"진강호역:차태현,강무영역:이선빈,이반석역:정상훈,테디정역:윤경호,탁원역:지승현,민대진역:박정우,맨손역:박태산,연장역:장진희,지수철역:이영석,노순이역:민경옥"
20200613,DramaH,254916,255959,번외수사,,5회,전국,001043,드라마&영화,드라마,미니시리즈,0,0,0,0,0,0.08759,0,0,0,0,0,0,0,0.03386,"진강호역:차태현,강무영역:이선빈,이반석역:정상훈,테디정역:윤경호,탁원역:지승현,민대진역:박정우,맨손역:박태산,연장역:장진희,지수철역:이영석,노순이역:민경옥"
20200613,Dramax,024054,034321,궁중잔혹사꽃들의전쟁,,13회,전국,010227,드라마&영화,드라마,주말연속극,0,0,0.08901,0,0.07163,0.12491,0.02289,0,0,0.07004,0.21958,0,0.03476,0,"소용조씨역:김현주,인조역:이덕화,민회빈강씨역:송선미,김자점역:정성모,소현세자역:정성운,봉림대군역:김주영,장렬왕후조씨역:고원희,남혁역:전태수,설죽역:서이숙,박숙의역:이서연,유덕역:이설희,소용조씨어린시절역:이채미,이형익역:손병호,심기원역:김규철,김인역:우현,한옥역:정선경,장귀인역:이혜은,이상궁역:연미주,김상궁역:엄유신,언년역:정유민"
20200613,Dramax,035515,045824,궁중잔혹사꽃들의전쟁,,14회,전국,010309,드라마&영화,드라마,주말연속극,0,0,0,0,0.24169,0,0.00374,0,0,0,0.28274,0.02177,0,0.00427,"소용조씨역:김현주,인조역:이덕화,민회빈강씨역:송선미,김자점역:정성모,소현세자역:정성운,봉림대군역:김주영,장렬왕후조씨역:고원희,남혁역:전태수,설죽역:서이숙,박숙의역:이서연,유덕역:이설희,소용조씨어린시절역:이채미,이형익역:손병호,심기원역:김규철,김인역:우현,한옥역:정선경,장귀인역:이혜은,이상궁역:연미주,김상궁역:엄유신,언년역:정유민"
20200613,Dramax,232148,242620,너의목소리가들려,,13회,전국,010432,드라마&영화,드라마,미니시리즈,0,0,0.00934,0,0,0,0,0,0.0108,0.00597,0,0.06815,0.00625,0.05893,"장혜성역:이보영,박수하역:이종석,차관우역:윤상현,서도연역:이다희,어춘심역:김해숙,민준국역:정웅인,신상덕역:윤주상,서대석역:정동환,김공숙역:김광규,황달중역:김병옥,고성빈역:김가은,최유창역:최성준,김충기역:박두식,박주혁역:조덕현,도연엄마역:장희수,어린장혜성역:김소현,어린박수하역:구승현,어린서도연역:정민아,정필재역:한기원,정필승역:한기웅,변호사역:소이현,형사역:김성균,문동희역:김수연,최윤역:김민종,고아원입양담당자역:안문숙,엄기준역:엄기준,백화점손님역:안영미,경찰역:정만식,소매치기역:강남"
20200613,Dramax,243808,254221,너의목소리가들려,,14회,전국,010413,드라마&영화,드라마,미니시리즈,0,0,0.00311,0.00332,0,0.023,0.01332,0,0,0.00647,0.00844,0.23521,0.02525,0.04424,"장혜성역:이보영,박수하역:이종석,차관우역:윤상현,서도연역:이다희,어춘심역:김해숙,민준국역:정웅인,신상덕역:윤주상,서대석역:정동환,김공숙역:김광규,황달중역:김병옥,고성빈역:김가은,최유창역:최성준,김충기역:박두식,박주혁역:조덕현,도연엄마역:장희수,어린장혜성역:김소현,어린박수하역:구승현,어린서도연역:정민아,정필재역:한기원,정필승역:한기웅,변호사역:소이현,형사역:김성균,문동희역:김수연,최윤역:김민종,고아원입양담당자역:안문숙,엄기준역:엄기준,백화점손님역:안영미,경찰역:정만식,소매치기역:강남"
20200613,Dramax,255842,255959,궁중잔혹사꽃들의전쟁,,15회,전국,000117,드라마&영화,드라마,주말연속극,0,0,0,0,0,0,0,0,0,0,0,0,0,0.05853,"소용조씨역:김현주,인조역:이덕화,민회빈강씨역:송선미,김자점역:정성모,소현세자역:정성운,봉림대군역:김주영,장렬왕후조씨역:고원희,남혁역:전태수,설죽역:서이숙,박숙의역:이서연,유덕역:이설희,소용조씨어린시절역:이채미,이형익역:손병호,심기원역:김규철,김인역:우현,한옥역:정선경,장귀인역:이혜은,이상궁역:연미주,김상궁역:엄유신,언년역:정유민"
20200613,E채널,095459,110753,프로듀사,,1회,전국,011254,드라마&영화,드라마,미니시리즈,0,0,0.00091,0.44206,0.00584,0.03927,0.09562,0.0096,0,0,0.27154,0.14051,0.02843,0.10773,"라준모역:차태현,탁예진역:공효진,백승찬역:김수현,신디역:아이유,박봉순역:임예진,탁예준역:김희찬,백보선역:김종수,이후남역:김혜옥,백재희역:박희본,백영찬역:박종환,백유빈역:최선영,명지훈역:강신철,김태호역:박혁권,김홍순역:김종국,장인표역:서기철,고양미역:예지원,박춘봉역:기주봉,FD역:이주승,손지연역:이채은,섭외작가역:노수산나,왕민정역:고보결,류일용역:배유람,형근역:신주환,김다정역:김선아,변미숙역:나영희,김실장역:조한철,신디로드역:최권,신혜주역:조윤희,지니역:제이니,유나역:나해령"
20200613,E채널,112442,124703,프로듀사,,2회,전국,012221,드라마&영화,드라마,미니시리즈,0,0,0.00162,0,0,0.1113,0.14641,0,0,0.00421,0.02773,0.25968,0.01643,0.2621,"라준모역:차태현,탁예진역:공효진,백승찬역:김수현,신디역:아이유,박봉순역:임예진,탁예준역:김희찬,백보선역:김종수,이후남역:김혜옥,백재희역:박희본,백영찬역:박종환,백유빈역:최선영,명지훈역:강신철,김태호역:박혁권,김홍순역:김종국,장인표역:서기철,고양미역:예지원,박춘봉역:기주봉,FD역:이주승,손지연역:이채은,섭외작가역:노수산나,왕민정역:고보결,류일용역:배유람,형근역:신주환,김다정역:김선아,변미숙역:나영희,김실장역:조한철,신디로드역:최권,신혜주역:조윤희,지니역:제이니,유나역:나해령"
20200613,E채널,130434,142216,프로듀사,,3회,전국,011742,드라마&영화,드라마,미니시리즈,0,0.0078,0.00789,0.19754,0.06125,0.27489,0.14675,0.01872,0,0.21284,0.12548,0.1212,0.06605,0.23677,"라준모역:차태현,탁예진역:공효진,백승찬역:김수현,신디역:아이유,박봉순역:임예진,탁예준역:김희찬,백보선역:김종수,이후남역:김혜옥,백재희역:박희본,백영찬역:박종환,백유빈역:최선영,명지훈역:강신철,김태호역:박혁권,김홍순역:김종국,장인표역:서기철,고양미역:예지원,박춘봉역:기주봉,FD역:이주승,손지연역:이채은,섭외작가역:노수산나,왕민정역:고보결,류일용역:배유람,형근역:신주환,김다정역:김선아,변미숙역:나영희,김실장역:조한철,신디로드역:최권,신혜주역:조윤희,지니역:제이니,유나역:나해령"
20200613,E채널,144252,155949,프로듀사,,4회,전국,011657,드라마&영화,드라마,미니시리즈,0,0.08642,0.00686,0.03398,0.11438,0.29509,0.20319,0,0.01033,0.35249,0,0.2153,0.05066,0.27357,"라준모역:차태현,탁예진역:공효진,백승찬역:김수현,신디역:아이유,박봉순역:임예진,탁예준역:김희찬,백보선역:김종수,이후남역:김혜옥,백재희역:박희본,백영찬역:박종환,백유빈역:최선영,명지훈역:강신철,김태호역:박혁권,김홍순역:김종국,장인표역:서기철,고양미역:예지원,박춘봉역:기주봉,FD역:이주승,손지연역:이채은,섭외작가역:노수산나,왕민정역:고보결,류일용역:배유람,형근역:신주환,김다정역:김선아,변미숙역:나영희,김실장역:조한철,신디로드역:최권,신혜주역:조윤희,지니역:제이니,유나역:나해령"
20200613,E채널,161700,174051,프로듀사,,5회,전국,012351,드라마&영화,드라마,미니시리즈,0,0,0.04843,0.04295,0.11884,0.27184,0.12066,0.03431,0.00797,0.41079,0.01566,0.20638,0.07062,0.22289,"라준모역:차태현,탁예진역:공효진,백승찬역:김수현,신디역:아이유,박봉순역:임예진,탁예준역:김희찬,백보선역:김종수,이후남역:김혜옥,백재희역:박희본,백영찬역:박종환,백유빈역:최선영,명지훈역:강신철,김태호역:박혁권,김홍순역:김종국,장인표역:서기철,고양미역:예지원,박춘봉역:기주봉,FD역:이주승,손지연역:이채은,섭외작가역:노수산나,왕민정역:고보결,류일용역:배유람,형근역:신주환,김다정역:김선아,변미숙역:나영희,김실장역:조한철,신디로드역:최권,신혜주역:조윤희,지니역:제이니,유나역:나해령"
20200613,E채널,180150,192230,프로듀사,,6회,전국,012040,드라마&영화,드라마,미니시리즈,0,0.02255,0,0.0089,0.01696,0.10889,0.14188,0.01478,0.2686,0.2501,0.00324,0.12233,0.00405,0.16843,"라준모역:차태현,탁예진역:공효진,백승찬역:김수현,신디역:아이유,박봉순역:임예진,탁예준역:김희찬,백보선역:김종수,이후남역:김혜옥,백재희역:박희본,백영찬역:박종환,백유빈역:최선영,명지훈역:강신철,김태호역:박혁권,김홍순역:김종국,장인표역:서기철,고양미역:예지원,박춘봉역:기주봉,FD역:이주승,손지연역:이채은,섭외작가역:노수산나,왕민정역:고보결,류일용역:배유람,형근역:신주환,김다정역:김선아,변미숙역:나영희,김실장역:조한철,신디로드역:최권,신혜주역:조윤희,지니역:제이니,유나역:나해령"
20200613,FOX채널,020000,025923,뷰티인사이드,,5회,전국,005923,드라마&영화,드라마,미니시리즈,0,0,0,0,0,0.01972,0.02198,0,0,0,0,0,0.00593,0.0168,"한세계역:서현진,서도재역:이민기,강사라역:이다희,류은호역:안재현,정주환역:이태리,유우미역:문지인,임정연역:나영희,임회장역:이문수,강대식역:강남길,한숙희역:김희정,채유리역:류화영,이희섭역:김승욱,은호부역:이한위,은호모역:김예령,김이사역:이철민"
20200613,FOX채널,103646,114442,뷰티인사이드,,5회,전국,010756,드라마&영화,드라마,미니시리즈,0.08362,0,0,0.01124,0.0557,0.05186,0.00871,0.01644,0,0,0,0.00637,0.01251,0.10162,"한세계역:서현진,서도재역:이민기,강사라역:이다희,류은호역:안재현,정주환역:이태리,유우미역:문지인,임정연역:나영희,임회장역:이문수,강대식역:강남길,한숙희역:김희정,채유리역:류화영,이희섭역:김승욱,은호부역:이한위,은호모역:김예령,김이사역:이철민"
20200613,FOX채널,141626,152422,뷰티인사이드,,5회,전국,010756,드라마&영화,드라마,미니시리즈,0.09744,0,0,0,0.14379,0,0.05167,0,0,0,0,0.02132,0,0.00595,"한세계역:서현진,서도재역:이민기,강사라역:이다희,류은호역:안재현,정주환역:이태리,유우미역:문지인,임정연역:나영희,임회장역:이문수,강대식역:강남길,한숙희역:김희정,채유리역:류화영,이희섭역:김승욱,은호부역:이한위,은호모역:김예령,김이사역:이철민"
20200613,FOX채널,165834,181419,뷰티인사이드,,6회,전국,011545,드라마&영화,드라마,미니시리즈,0,0,0,0,0.01472,0.00972,0.05704,0,0,0.00694,0,0.01656,0.00519,0.02633,"한세계역:서현진,서도재역:이민기,강사라역:이다희,류은호역:안재현,정주환역:이태리,유우미역:문지인,임정연역:나영희,임회장역:이문수,강대식역:강남길,한숙희역:김희정,채유리역:류화영,이희섭역:김승욱,은호부역:이한위,은호모역:김예령,김이사역:이철민"
20200613,FOX채널,253651,255959,뷰티인사이드,,6회,전국,002308,드라마&영화,드라마,미니시리즈,0,0,0.11554,0,0,0,0.01773,0,0,0,0.18023,0,0,0.00611,"한세계역:서현진,서도재역:이민기,강사라역:이다희,류은호역:안재현,정주환역:이태리,유우미역:문지인,임정연역:나영희,임회장역:이문수,강대식역:강남길,한숙희역:김희정,채유리역:류화영,이희섭역:김승욱,은호부역:이한위,은호모역:김예령,김이사역:이철민"
20200613,JTBC2,110115,120552,쌍갑포차,,7회,전국,010437,드라마&영화,드라마,미니시리즈,0.05324,0.3889,0.1237,0.26,0.04263,0.21156,0.08701,0,0.38536,0.03771,0.02439,0.35906,0.31369,0.16844,"월주역:황정음,한강배역:육성재,귀반장역:최원영,염부장역:이준혁,강여린역:정다은,최진동역:안태환,송미란역:박하나,박대리역:박주형,김원형역:나인우"
20200613,JTBC2,122028,132600,쌍갑포차,,8회,전국,010532,드라마&영화,드라마,미니시리즈,0.24718,0.38771,0,0.35129,0.26435,0.23114,0.14358,0.24398,0.47923,0.14964,0.44375,0.96473,0.27894,0.14815,"월주역:황정음,한강배역:육성재,귀반장역:최원영,염부장역:이준혁,강여린역:정다은,최진동역:안태환,송미란역:박하나,박대리역:박주형,김원형역:나인우"
20200613,JTBC2,200957,211816,쌍갑포차,,7회,전국,010819,드라마&영화,드라마,미니시리즈,0,0.11674,0.00794,0.10027,0.06344,0.02726,0.03107,0,0.05094,0.00711,0.04216,0.25761,0.05722,0.2343,"월주역:황정음,한강배역:육성재,귀반장역:최원영,염부장역:이준혁,강여린역:정다은,최진동역:안태환,송미란역:박하나,박대리역:박주형,김원형역:나인우"
20200613,JTBC2,213404,224305,쌍갑포차,,8회,전국,010901,드라마&영화,드라마,미니시리즈,0.4019,0.14073,0.10884,0.0404,0.0805,0.08967,0.09018,0,0.3563,0.01376,0.093,0.98036,0.45536,0.03609,"월주역:황정음,한강배역:육성재,귀반장역:최원영,염부장역:이준혁,강여린역:정다은,최진동역:안태환,송미란역:박하나,박대리역:박주형,김원형역:나인우"
20200613,KBS DRAMA,020000,020858,본어게인,,29회,전국,000858,드라마&영화,드라마,미니시리즈,0,0,0,0,0,0,0,0,0,0,0,0.30706,0,0.08666,"공지철역:장기용,천종범역:장기용,정하은역:진세연,정사빈역:진세연,차형빈역:이수혁,김수혁역:이수혁,장혜미역:김정난,천석태역:최광일,주인도역:장원영,백상아역:이서엘,서태하역:최대철,서영역:한해림,제이역:차민지,공인우역:정인겸,장혜미역:위지연,천석태역:조덕회"
20200613,KBS DRAMA,021008,024109,본어게인,,30회,전국,003101,드라마&영화,드라마,미니시리즈,0,0,0.0382,0.02172,0,0.02887,0,0,0,0.05513,0,0.1882,0,0.04313,"공지철역:장기용,천종범역:장기용,정하은역:진세연,정사빈역:진세연,차형빈역:이수혁,김수혁역:이수혁,장혜미역:김정난,천석태역:최광일,주인도역:장원영,백상아역:이서엘,서태하역:최대철,서영역:한해림,제이역:차민지,공인우역:정인겸,장혜미역:위지연,천석태역:조덕회"
20200613,KBS DRAMA,025206,032622,본어게인,,31회,전국,003416,드라마&영화,드라마,미니시리즈,0,0,0,0.18366,0,0,0,0,0,0,0,0.01153,0,0.05147,"공지철역:장기용,천종범역:장기용,정하은역:진세연,정사빈역:진세연,차형빈역:이수혁,김수혁역:이수혁,장혜미역:김정난,천석태역:최광일,주인도역:장원영,백상아역:이서엘,서태하역:최대철,서영역:한해림,제이역:차민지,공인우역:정인겸,장혜미역:위지연,천석태역:조덕회"
20200613,KBS DRAMA,032732,035850,본어게인,,32회,전국,003118,드라마&영화,드라마,미니시리즈,0,0,0,0.18366,0,0,0,0,0,0,0.00847,0.00322,0,0.09043,"공지철역:장기용,천종범역:장기용,정하은역:진세연,정사빈역:진세연,차형빈역:이수혁,김수혁역:이수혁,장혜미역:김정난,천석태역:최광일,주인도역:장원영,백상아역:이서엘,서태하역:최대철,서영역:한해림,제이역:차민지,공인우역:정인겸,장혜미역:위지연,천석태역:조덕회"
20200613,KBS DRAMA,054854,062259,위험한약속,,48회,전국,003405,드라마&영화,드라마,일일연속극,0,0,0,0.1039,0,0.13801,0.25988,0,0.181,0,0.40777,0.15687,0.15289,0.43866,"차은동역:박하나,강태인역:고세원,최준혁역:강성민,오혜원역:박영린,한지훈역:이창욱,차만종역:이대연,차은찬역:유준서,공영심역:유지연,봉석구역:현우섭,강일섭역:강신일,연두심역:이칸희,한광훈역:길용우,한서주역:김혜지,최명희역:김나운,고재숙역:윤복인,최영국역:송민형,민주란역:오영실,최준경역:이효나,이창욱역:김정운"
20200613,KBS DRAMA,062306,065703,위험한약속,,49회,전국,003357,드라마&영화,드라마,일일연속극,0,0,0.00774,0.17579,0.04665,0.482,0.59367,0,0.22792,0.01117,0.31759,0.40191,0.15209,0.86557,"차은동역:박하나,강태인역:고세원,최준혁역:강성민,오혜원역:박영린,한지훈역:이창욱,차만종역:이대연,차은찬역:유준서,공영심역:유지연,봉석구역:현우섭,강일섭역:강신일,연두심역:이칸희,한광훈역:길용우,한서주역:김혜지,최명희역:김나운,고재숙역:윤복인,최영국역:송민형,민주란역:오영실,최준경역:이효나,이창욱역:김정운"
20200613,KBS DRAMA,070820,074220,위험한약속,,50회,전국,003400,드라마&영화,드라마,일일연속극,0,0,0.06921,0.249,0,0.82679,0.70684,0,0.20111,0,0.48193,0.28366,0.28783,0.81813,"차은동역:박하나,강태인역:고세원,최준혁역:강성민,오혜원역:박영린,한지훈역:이창욱,차만종역:이대연,차은찬역:유준서,공영심역:유지연,봉석구역:현우섭,강일섭역:강신일,연두심역:이칸희,한광훈역:길용우,한서주역:김혜지,최명희역:김나운,고재숙역:윤복인,최영국역:송민형,민주란역:오영실,최준경역:이효나,이창욱역:김정운"
20200613,KBS DRAMA,074227,081619,위험한약속,,51회,전국,003352,드라마&영화,드라마,일일연속극,0,0.20361,0.08395,0.14611,0.07153,0.86886,0.8825,0,0,0,0.84138,0.21964,0.49257,1.54457,"차은동역:박하나,강태인역:고세원,최준혁역:강성민,오혜원역:박영린,한지훈역:이창욱,차만종역:이대연,차은찬역:유준서,공영심역:유지연,봉석구역:현우섭,강일섭역:강신일,연두심역:이칸희,한광훈역:길용우,한서주역:김혜지,최명희역:김나운,고재숙역:윤복인,최영국역:송민형,민주란역:오영실,최준경역:이효나,이창욱역:김정운"
20200613,KBS DRAMA,081626,085022,위험한약속,,52회,전국,003356,드라마&영화,드라마,일일연속극,0.02364,0.43267,0.13192,0.12738,0.152,1.18252,1.16215,0,0.00969,0,0.87396,0.45212,1.59343,1.87047,"차은동역:박하나,강태인역:고세원,최준혁역:강성민,오혜원역:박영린,한지훈역:이창욱,차만종역:이대연,차은찬역:유준서,공영심역:유지연,봉석구역:현우섭,강일섭역:강신일,연두심역:이칸희,한광훈역:길용우,한서주역:김혜지,최명희역:김나운,고재숙역:윤복인,최영국역:송민형,민주란역:오영실,최준경역:이효나,이창욱역:김정운"
20200613,KBS DRAMA,122914,130742,한번다녀왔습니다,,41회,전국,003828,드라마&영화,드라마,주말연속극,0,0,0.10909,0,0.22542,0.43131,0.61335,0,0,0.31549,0.37461,0.22261,0.33897,0.66202,"송영달역:천호진,장옥분역:차화연,최윤정역:김보연,강초연역:이정은,송나희역:이민정,윤규진역:이상엽,송준선역:오대환,송가희역:오윤아,송다희역:이초희,양치수역:안길강,장옥자역:백지원,성현경역:임정은,윤재석역:이상이,박효신역:기도훈,김지훈역:문우진,이주리역:김소라,김가연역:송다은,건어물역:신미영,꽈배기역:김가영,송서영역:이가연,송서진역:안서연,이정록역:알렉스,유보영역:손성윤,유시후역:송민재,박지연역:신수정,한기영역:강유석,홍성우역:김현목,신혜정역:김미은,심정희역:이상경,오연지역:한봄,오정봉역:오의식,이종수역:장원혁,김승현역:배호근,송이역:김주영,지원역:찬희,이현역:이필모"
20200613,KBS DRAMA,130853,133934,한번다녀왔습니다,,42회,전국,003041,드라마&영화,드라마,주말연속극,0,0,0.14142,0,0.38604,0.3535,0.4844,0,0,0.1908,0.34319,0.27584,0.42009,0.59003,"송영달역:천호진,장옥분역:차화연,최윤정역:김보연,강초연역:이정은,송나희역:이민정,윤규진역:이상엽,송준선역:오대환,송가희역:오윤아,송다희역:이초희,양치수역:안길강,장옥자역:백지원,성현경역:임정은,윤재석역:이상이,박효신역:기도훈,김지훈역:문우진,이주리역:김소라,김가연역:송다은,건어물역:신미영,꽈배기역:김가영,송서영역:이가연,송서진역:안서연,이정록역:알렉스,유보영역:손성윤,유시후역:송민재,박지연역:신수정,한기영역:강유석,홍성우역:김현목,신혜정역:김미은,심정희역:이상경,오연지역:한봄,오정봉역:오의식,이종수역:장원혁,김승현역:배호근,송이역:김주영,지원역:찬희,이현역:이필모"
20200613,KBS DRAMA,135344,143115,한번다녀왔습니다,,43회,전국,003731,드라마&영화,드라마,주말연속극,0.4424,0.01122,0.16009,0.0887,0.38235,0.22404,0.59711,0.09073,0.03841,0,0.78264,0.692,0.46364,0.76507,"송영달역:천호진,장옥분역:차화연,최윤정역:김보연,강초연역:이정은,송나희역:이민정,윤규진역:이상엽,송준선역:오대환,송가희역:오윤아,송다희역:이초희,양치수역:안길강,장옥자역:백지원,성현경역:임정은,윤재석역:이상이,박효신역:기도훈,김지훈역:문우진,이주리역:김소라,김가연역:송다은,건어물역:신미영,꽈배기역:김가영,송서영역:이가연,송서진역:안서연,이정록역:알렉스,유보영역:손성윤,유시후역:송민재,박지연역:신수정,한기영역:강유석,홍성우역:김현목,신혜정역:김미은,심정희역:이상경,오연지역:한봄,오정봉역:오의식,이종수역:장원혁,김승현역:배호근,송이역:김주영,지원역:찬희,이현역:이필모"
20200613,KBS DRAMA,143226,150411,한번다녀왔습니다,,44회,전국,003145,드라마&영화,드라마,주말연속극,1.04251,0.08332,0.35478,0.00797,0.05579,0.40568,0.71419,0.16785,0,0,1.80559,0.75918,1.02587,1.20059,"송영달역:천호진,장옥분역:차화연,최윤정역:김보연,강초연역:이정은,송나희역:이민정,윤규진역:이상엽,송준선역:오대환,송가희역:오윤아,송다희역:이초희,양치수역:안길강,장옥자역:백지원,성현경역:임정은,윤재석역:이상이,박효신역:기도훈,김지훈역:문우진,이주리역:김소라,김가연역:송다은,건어물역:신미영,꽈배기역:김가영,송서영역:이가연,송서진역:안서연,이정록역:알렉스,유보영역:손성윤,유시후역:송민재,박지연역:신수정,한기영역:강유석,홍성우역:김현목,신혜정역:김미은,심정희역:이상경,오연지역:한봄,오정봉역:오의식,이종수역:장원혁,김승현역:배호근,송이역:김주영,지원역:찬희,이현역:이필모"
20200613,KBS W,020000,023037,위험한약속,,50회,전국,003037,드라마&영화,드라마,일일연속극,0,0,0.00424,0.00469,0,0.07506,0.1483,0,0,0.23787,0.00484,0,0.07997,0.10321,"차은동역:박하나,강태인역:고세원,최준혁역:강성민,오혜원역:박영린,한지훈역:이창욱,차만종역:이대연,차은찬역:유준서,공영심역:유지연,봉석구역:현우섭,강일섭역:강신일,연두심역:이칸희,한광훈역:길용우,한서주역:김혜지,최명희역:김나운,고재숙역:윤복인,최영국역:송민형,민주란역:오영실,최준경역:이효나,이창욱역:김정운"
20200613,KBS W,023044,030436,위험한약속,,51회,전국,003352,드라마&영화,드라마,일일연속극,0,0,0,0,0,0.22495,0.22389,0,0,0.22891,0,0,0.24228,0.04079,"차은동역:박하나,강태인역:고세원,최준혁역:강성민,오혜원역:박영린,한지훈역:이창욱,차만종역:이대연,차은찬역:유준서,공영심역:유지연,봉석구역:현우섭,강일섭역:강신일,연두심역:이칸희,한광훈역:길용우,한서주역:김혜지,최명희역:김나운,고재숙역:윤복인,최영국역:송민형,민주란역:오영실,최준경역:이효나,이창욱역:김정운"
20200613,KBS W,072622,075404,기막힌유산,,37회,전국,002742,드라마&영화,드라마,일일연속극,0,0,0,0,0,0,0.08908,0,0,0,0,0,0,0.02768,"부영배역:박인환,공계옥역:강세정,부설악역:신정윤,부백두역:강신조,윤민주역:이아현,부금강역:남성진,신애리역:김가연,정미희역:박순천,김용미역:이응경,부한라역:박신우,성판금역:조양자,부가온역:김비주,부태희역:김연지,부혜교역:김효경,부지현역:강유라,공소영역:김난주,이장원역:이일준,김수민역:조서후,김종두역:이춘식,차정건역:조순창,이청아역:정서하,손보미역:박민지,김영지역:주민하,강선희역:박현정,천호식역:백신,이정태역:노상보,고향숙역:박소정"
20200613,KBS W,075411,082126,기막힌유산,,38회,전국,002715,드라마&영화,드라마,일일연속극,0,0,0,0,0.00557,0.00471,0,0,0,0.02645,0,0,0.03239,0,"부영배역:박인환,공계옥역:강세정,부설악역:신정윤,부백두역:강신조,윤민주역:이아현,부금강역:남성진,신애리역:김가연,정미희역:박순천,김용미역:이응경,부한라역:박신우,성판금역:조양자,부가온역:김비주,부태희역:김연지,부혜교역:김효경,부지현역:강유라,공소영역:김난주,이장원역:이일준,김수민역:조서후,김종두역:이춘식,차정건역:조순창,이청아역:정서하,손보미역:박민지,김영지역:주민하,강선희역:박현정,천호식역:백신,이정태역:노상보,고향숙역:박소정"
20200613,KBS W,083224,090008,기막힌유산,,39회,전국,002744,드라마&영화,드라마,일일연속극,0,0,0.00482,0,0,0.05149,0.03545,0,0,0.00432,0,0,0.12162,0.03087,"부영배역:박인환,공계옥역:강세정,부설악역:신정윤,부백두역:강신조,윤민주역:이아현,부금강역:남성진,신애리역:김가연,정미희역:박순천,김용미역:이응경,부한라역:박신우,성판금역:조양자,부가온역:김비주,부태희역:김연지,부혜교역:김효경,부지현역:강유라,공소영역:김난주,이장원역:이일준,김수민역:조서후,김종두역:이춘식,차정건역:조순창,이청아역:정서하,손보미역:박민지,김영지역:주민하,강선희역:박현정,천호식역:백신,이정태역:노상보,고향숙역:박소정"
20200613,KBS W,090015,092800,기막힌유산,,40회,전국,002745,드라마&영화,드라마,일일연속극,0,0,0,0,0,0.1507,0.0592,0,0,0,0,0,0.02627,0.18329,"부영배역:박인환,공계옥역:강세정,부설악역:신정윤,부백두역:강신조,윤민주역:이아현,부금강역:남성진,신애리역:김가연,정미희역:박순천,김용미역:이응경,부한라역:박신우,성판금역:조양자,부가온역:김비주,부태희역:김연지,부혜교역:김효경,부지현역:강유라,공소영역:김난주,이장원역:이일준,김수민역:조서후,김종두역:이춘식,차정건역:조순창,이청아역:정서하,손보미역:박민지,김영지역:주민하,강선희역:박현정,천호식역:백신,이정태역:노상보,고향숙역:박소정"
20200613,KBS W,111326,121056,연애의발견,,1회,전국,005730,드라마&영화,드라마,미니시리즈,0,0.01035,0.00295,0,0,0.00395,0.06837,0.02485,0,0.00943,0,0.30722,0.06891,0.09615,"한여름역:정유미,강태하역:에릭,남하진역:성준,안아림역:윤진이,도준호역:윤현민,윤솔역:김슬기,신윤희역:김혜옥,배민수역:안석환,하진모역:성병숙,윤정목역:이승준,장기은역:정수영,최은규역:구원,남하진의맞선녀역:최희,택시기사역:이문식,개그우먼역:정주리,당구선생역:차유람,한재식역:남경읍,공방손님역:유아인,다연역:박아인"
20200613,KBS W,122254,132421,연애의발견,,2회,전국,010127,드라마&영화,드라마,미니시리즈,0,0,0,0.0723,0.08303,0.02963,0.0461,0,0.06234,0.00389,0,0.32997,0.00561,0.04581,"한여름역:정유미,강태하역:에릭,남하진역:성준,안아림역:윤진이,도준호역:윤현민,윤솔역:김슬기,신윤희역:김혜옥,배민수역:안석환,하진모역:성병숙,윤정목역:이승준,장기은역:정수영,최은규역:구원,남하진의맞선녀역:최희,택시기사역:이문식,개그우먼역:정주리,당구선생역:차유람,한재식역:남경읍,공방손님역:유아인,다연역:박아인"
20200613,KBS W,133715,143711,연애의발견,,3회,전국,005956,드라마&영화,드라마,미니시리즈,0.23641,0,0.02401,0.0143,0,0.01352,0.11295,0,0,0.01571,0.013,0.18032,0.01305,0.11334,"한여름역:정유미,강태하역:에릭,남하진역:성준,안아림역:윤진이,도준호역:윤현민,윤솔역:김슬기,신윤희역:김혜옥,배민수역:안석환,하진모역:성병숙,윤정목역:이승준,장기은역:정수영,최은규역:구원,남하진의맞선녀역:최희,택시기사역:이문식,개그우먼역:정주리,당구선생역:차유람,한재식역:남경읍,공방손님역:유아인,다연역:박아인"
20200613,KBS W,144906,154923,연애의발견,,4회,전국,010017,드라마&영화,드라마,미니시리즈,0.67544,0.00806,0,0.03768,0.08285,0.02315,0.04603,0,0,0.07826,0,0.28173,0.01294,0.04171,"한여름역:정유미,강태하역:에릭,남하진역:성준,안아림역:윤진이,도준호역:윤현민,윤솔역:김슬기,신윤희역:김혜옥,배민수역:안석환,하진모역:성병숙,윤정목역:이승준,장기은역:정수영,최은규역:구원,남하진의맞선녀역:최희,택시기사역:이문식,개그우먼역:정주리,당구선생역:차유람,한재식역:남경읍,공방손님역:유아인,다연역:박아인"
20200613,KBS W,160217,170410,연애의발견,,5회,전국,010153,드라마&영화,드라마,미니시리즈,0,0,0,0,0,0.00091,0.00919,0,0,0.00828,0,0.45839,0.00925,0.06165,"한여름역:정유미,강태하역:에릭,남하진역:성준,안아림역:윤진이,도준호역:윤현민,윤솔역:김슬기,신윤희역:김혜옥,배민수역:안석환,하진모역:성병숙,윤정목역:이승준,장기은역:정수영,최은규역:구원,남하진의맞선녀역:최희,택시기사역:이문식,개그우먼역:정주리,당구선생역:차유람,한재식역:남경읍,공방손님역:유아인,다연역:박아인"
20200613,KBS W,171605,181711,연애의발견,,6회,전국,010106,드라마&영화,드라마,미니시리즈,0,0,0,0.03281,0,0.0032,0.00379,0.07994,0,0,0.03384,0.24162,0,0,"한여름역:정유미,강태하역:에릭,남하진역:성준,안아림역:윤진이,도준호역:윤현민,윤솔역:김슬기,신윤희역:김혜옥,배민수역:안석환,하진모역:성병숙,윤정목역:이승준,장기은역:정수영,최은규역:구원,남하진의맞선녀역:최희,택시기사역:이문식,개그우먼역:정주리,당구선생역:차유람,한재식역:남경읍,공방손님역:유아인,다연역:박아인"
20200613,KBS W,183003,193237,연애의발견,,7회,전국,010234,드라마&영화,드라마,미니시리즈,0,0,0,0,0,0.00399,0.01055,0,0,0,0,0.07008,0,0.00669,"한여름역:정유미,강태하역:에릭,남하진역:성준,안아림역:윤진이,도준호역:윤현민,윤솔역:김슬기,신윤희역:김혜옥,배민수역:안석환,하진모역:성병숙,윤정목역:이승준,장기은역:정수영,최은규역:구원,남하진의맞선녀역:최희,택시기사역:이문식,개그우먼역:정주리,당구선생역:차유람,한재식역:남경읍,공방손님역:유아인,다연역:박아인"
20200613,KBS W,194503,204712,연애의발견,,8회,전국,010209,드라마&영화,드라마,미니시리즈,0.40309,0,0,0.01311,0,0,0.02059,0,0.06691,0,0,0.27185,0.01301,0.02638,"한여름역:정유미,강태하역:에릭,남하진역:성준,안아림역:윤진이,도준호역:윤현민,윤솔역:김슬기,신윤희역:김혜옥,배민수역:안석환,하진모역:성병숙,윤정목역:이승준,장기은역:정수영,최은규역:구원,남하진의맞선녀역:최희,택시기사역:이문식,개그우먼역:정주리,당구선생역:차유람,한재식역:남경읍,공방손님역:유아인,다연역:박아인"
20200613,KBS W,252746,255959,부부클리닉사랑과전쟁2,,109회,전국,003213,드라마&영화,드라마,단막극,0,0,0,0,0,0.08413,0,0,0,0,0,0,0,0.0737,"이재만,민지영,최영완,이정수,장가현,손유경,이준우"
20200613,K-STAR,104707,115224,부부클리닉사랑과전쟁,,418회,전국,010517,드라마&영화,드라마,주간연속극,0,0,0.07532,0,0.00295,0.08097,0.26498,0,0,0,0.0636,0.00825,0.19032,0.19845,"이재만,민지영,최영완,이정수,장가현,손유경,이준우"
20200613,K-STAR,120340,130915,부부클리닉사랑과전쟁,,419회,전국,010535,드라마&영화,드라마,주간연속극,0,0,0,0.00665,0,0.00348,0.36961,0,0.0109,0,0.0306,0.09567,0.02737,0.4068,"이재만,민지영,최영완,이정수,장가현,손유경,이준우"
20200613,K-STAR,202312,212847,부부클리닉사랑과전쟁,,419회,전국,010535,드라마&영화,드라마,주간연속극,0,0,0.08582,0,0,0.03747,0.01975,0,0,0.09158,0,0.00522,0.02677,0.05082,"이재만,민지영,최영완,이정수,장가현,손유경,이준우"
20200613,KTV,020000,024455,전원일기,,397회,전국,004455,드라마&영화,드라마,주말연속극,0.03572,0.05341,0.05669,0,0.02641,0.08248,0,0.04969,0,0.00912,0.01015,0,0.05378,0.0033,"최불암,김혜자,김용건,김수미,고두심,유인촌,정대홍"
20200613,KTV,080307,085815,대추나무사랑걸렸네,,141회,전국,005508,드라마&영화,드라마,시추에이션드라마,0,0.01399,0,0.00228,0,0.01351,0.06018,0,0,0,0,0,0,0.00511,"박덕보역:김성겸,박태민역:백일섭,두심역:윤미라,순자역:송채환,현욱역:심양홍,현숙역:서혜린,만길역:권용운,상훈역:안병경,유분역:은세연"
20200613,KTV,120151,125453,대추나무사랑걸렸네,,142회,전국,005302,드라마&영화,드라마,시추에이션드라마,0,0,0,0,0,0,0.01307,0,0,0,0,0,0,0.01456,"박덕보역:김성겸,박태민역:백일섭,두심역:윤미라,순자역:송채환,현욱역:심양홍,현숙역:서혜린,만길역:권용운,상훈역:안병경,유분역:은세연"
20200613,KTV,140707,140954,전원일기,,304회,전국,000247,드라마&영화,드라마,주말연속극,0,0,0,0,0,0,0,0,0,0,0,0,0,0.01437,"최불암,김혜자,김용건,김수미,고두심,유인촌,정대홍"
20200613,KTV,142815,150609,전원일기,,304회,전국,003754,드라마&영화,드라마,주말연속극,0,0.03544,0.02302,0.01919,0,0.04662,0.19652,0,0,0,0,0.18151,0.01307,0.22408,"최불암,김혜자,김용건,김수미,고두심,유인촌,정대홍"
20200613,KTV,171514,175740,전원일기,,305회,전국,004226,드라마&영화,드라마,주말연속극,0,0.00504,0.06472,0,0,0.15826,0.00879,0.01856,0,0,0,0.14737,0.06881,0.09318,"최불암,김혜자,김용건,김수미,고두심,유인촌,정대홍"
20200613,KTV,194119,203041,파랑새는있다,,26회,전국,004922,드라마&영화,드라마,주간연속극,0,0,0,0,0,0,0.24379,0,0,0,0.00454,0,0.02796,0.03822,"이상인,정선경,백윤식,송경철,박남현,한진희,동방우,양금석"
20200613,KTV,210108,214200,전원일기,,304회,전국,004052,드라마&영화,드라마,주말연속극,0,0.06335,0,0,0,0.06115,0.23671,0,0,0.14272,0.00089,0,0.07337,0.22952,"최불암,김혜자,김용건,김수미,고두심,유인촌,정대홍"
20200613,KTV,214356,223659,대추나무사랑걸렸네,,142회,전국,005303,드라마&영화,드라마,시추에이션드라마,0,0.09619,0.12251,0,0.00261,0.16689,0.23277,0,0,0.34772,0,0.00538,0.03133,0.21615,"박덕보역:김성겸,박태민역:백일섭,두심역:윤미라,순자역:송채환,현욱역:심양홍,현숙역:서혜린,만길역:권용운,상훈역:안병경,유분역:은세연"
20200613,KTV,242430,250132,전원일기,,306회,전국,003702,드라마&영화,드라마,주말연속극,0,0,0,0,0,0,0.13159,0,0,0,0,0,0.00107,0.03745,"최불암,김혜자,김용건,김수미,고두심,유인촌,정대홍"
20200613,O tvN,021320,034138,화유기,,2회,전국,012818,드라마&영화,드라마,미니시리즈,0,0,0,0.01891,0.0448,0,0.07682,0,0,0,0.08295,0,0,0.00264,"손오공역:이승기,우마왕역:차승원,진선미역:오연서,저팔계역:이홍기,사오정역:장광,마비서역:이엘,이한주역:김성오,앨리스역:윤보라,좀비소녀역:이세영,수보리조사역:성지루,동장군역:성혁,강대성역:송종호,조나단역:마이클리,진선미어린시절역:갈소원,공작역:장근석,나찰녀역:김지수"
20200613,O tvN,070914,082819,아는건별로없지만가족입니다,,1회,전국,011905,드라마&영화,드라마,미니시리즈,0,0,0,0.01666,0,0,0.06154,0,0,0,0,0.01986,0.00271,0.05536,"김은희역:한예리,박찬혁역:김지석,김은주역:추자현,김상식역:정진영,이진숙역:원미경,김지우역:신재하,임건주역:신동욱,윤태형역:김태훈,젊은상식역:한준우,젊은진숙역:조아영,유선일역:서상원,안효석역:이종원,서경옥역:가득희,윤서영역:혜정,전하라역:배윤경,유민우역:권율"
20200613,O tvN,084024,095336,아는건별로없지만가족입니다,,2회,전국,011312,드라마&영화,드라마,미니시리즈,0,0.00586,0.01352,0.10234,0.11764,0.14033,0.09058,0,0,0.04368,0.03459,0.02073,0.21116,0.32029,"김은희역:한예리,박찬혁역:김지석,김은주역:추자현,김상식역:정진영,이진숙역:원미경,김지우역:신재하,임건주역:신동욱,윤태형역:김태훈,젊은상식역:한준우,젊은진숙역:조아영,유선일역:서상원,안효석역:이종원,서경옥역:가득희,윤서영역:혜정,전하라역:배윤경,유민우역:권율"
20200613,O tvN,100856,112340,아는건별로없지만가족입니다,,3회,전국,011444,드라마&영화,드라마,미니시리즈,0,0.00488,0.00616,0,0.04832,0.03303,0.06502,0,0.00354,0.01281,0.00668,0.21307,0.20934,0.40782,"김은희역:한예리,박찬혁역:김지석,김은주역:추자현,김상식역:정진영,이진숙역:원미경,김지우역:신재하,임건주역:신동욱,윤태형역:김태훈,젊은상식역:한준우,젊은진숙역:조아영,유선일역:서상원,안효석역:이종원,서경옥역:가득희,윤서영역:혜정,전하라역:배윤경,유민우역:권율"
20200613,O tvN,113740,125620,아는건별로없지만가족입니다,,4회,전국,011840,드라마&영화,드라마,미니시리즈,0.08147,0.09847,0.1255,0.03299,0.0619,0.24869,0.08159,0,0.13752,0.41078,0.01628,0.19439,0.33994,0.27098,"김은희역:한예리,박찬혁역:김지석,김은주역:추자현,김상식역:정진영,이진숙역:원미경,김지우역:신재하,임건주역:신동욱,윤태형역:김태훈,젊은상식역:한준우,젊은진숙역:조아영,유선일역:서상원,안효석역:이종원,서경옥역:가득희,윤서영역:혜정,전하라역:배윤경,유민우역:권율"
20200613,O tvN,131128,143305,사랑의불시착,,5회,전국,012137,드라마&영화,드라마,미니시리즈,0,0.33539,0,0.25235,0.14599,0.16604,0.01988,0.0719,0,0.07052,0.73346,0.4176,0.17124,0.1345,"리정혁역:현빈,윤세리역:손예진,서단역:서지혜,구승준역:김정현,리충렬역:전국환,김윤희역:정애리,리무혁역:하석진,표치수역:양경원,박광범역:이신영,김주먹역:유수빈,금은동역:탕준상,윤증평역:남경읍,한정연역:방은진,윤세준역:최대훈,도혜지역:황우슬혜,윤세형역:박형수,고상아역:윤지민,홍창식역:고규필,박수찬역:임철수,고명은역:장혜진,고명석역:박명훈,천사장역:홍우진,오과장역:윤상훈,나월숙역:김선영,마영애역:김정난,현명순역:장소연,양옥금역:차청화,조철강역:오만석,정만복역:김영민,택시기사역:박성웅,차상우역:정경호,동구역:김수현,최지우역:최지우"
20200613,O tvN,144715,160741,사랑의불시착,,6회,전국,012026,드라마&영화,드라마,미니시리즈,0,0.42259,0.0254,0.14992,0.2767,0.10695,0.0375,0,0.02352,0.09448,1.21221,0.5698,0.25252,0.11127,"리정혁역:현빈,윤세리역:손예진,서단역:서지혜,구승준역:김정현,리충렬역:전국환,김윤희역:정애리,리무혁역:하석진,표치수역:양경원,박광범역:이신영,김주먹역:유수빈,금은동역:탕준상,윤증평역:남경읍,한정연역:방은진,윤세준역:최대훈,도혜지역:황우슬혜,윤세형역:박형수,고상아역:윤지민,홍창식역:고규필,박수찬역:임철수,고명은역:장혜진,고명석역:박명훈,천사장역:홍우진,오과장역:윤상훈,나월숙역:김선영,마영애역:김정난,현명순역:장소연,양옥금역:차청화,조철강역:오만석,정만복역:김영민,택시기사역:박성웅,차상우역:정경호,동구역:김수현,최지우역:최지우"
20200613,O tvN,162725,175134,사랑의불시착,,7회,전국,012409,드라마&영화,드라마,미니시리즈,0,0.26935,0.00898,0.00556,0.4118,0.09216,0.01943,0.08728,0.15831,0.14592,0.28628,0.42478,0.27798,0.13814,"리정혁역:현빈,윤세리역:손예진,서단역:서지혜,구승준역:김정현,리충렬역:전국환,김윤희역:정애리,리무혁역:하석진,표치수역:양경원,박광범역:이신영,김주먹역:유수빈,금은동역:탕준상,윤증평역:남경읍,한정연역:방은진,윤세준역:최대훈,도혜지역:황우슬혜,윤세형역:박형수,고상아역:윤지민,홍창식역:고규필,박수찬역:임철수,고명은역:장혜진,고명석역:박명훈,천사장역:홍우진,오과장역:윤상훈,나월숙역:김선영,마영애역:김정난,현명순역:장소연,양옥금역:차청화,조철강역:오만석,정만복역:김영민,택시기사역:박성웅,차상우역:정경호,동구역:김수현,최지우역:최지우"
20200613,O tvN,180607,193351,사랑의불시착,,8회,전국,012744,드라마&영화,드라마,미니시리즈,0.04401,0,0.38349,0.00843,0.30911,0.13267,0.00597,0,0.18836,0.06374,0.05795,0.61807,0.10163,0.05225,"리정혁역:현빈,윤세리역:손예진,서단역:서지혜,구승준역:김정현,리충렬역:전국환,김윤희역:정애리,리무혁역:하석진,표치수역:양경원,박광범역:이신영,김주먹역:유수빈,금은동역:탕준상,윤증평역:남경읍,한정연역:방은진,윤세준역:최대훈,도혜지역:황우슬혜,윤세형역:박형수,고상아역:윤지민,홍창식역:고규필,박수찬역:임철수,고명은역:장혜진,고명석역:박명훈,천사장역:홍우진,오과장역:윤상훈,나월숙역:김선영,마영애역:김정난,현명순역:장소연,양옥금역:차청화,조철강역:오만석,정만복역:김영민,택시기사역:박성웅,차상우역:정경호,동구역:김수현,최지우역:최지우"
20200613,O tvN,195231,212209,사랑의불시착,,9회,전국,012938,드라마&영화,드라마,미니시리즈,0.01666,0,0.20224,0.01373,0.33722,0.10535,0.08336,0.20839,0.19345,0.01945,0.02926,0.69326,0.19045,0.04766,"리정혁역:현빈,윤세리역:손예진,서단역:서지혜,구승준역:김정현,리충렬역:전국환,김윤희역:정애리,리무혁역:하석진,표치수역:양경원,박광범역:이신영,김주먹역:유수빈,금은동역:탕준상,윤증평역:남경읍,한정연역:방은진,윤세준역:최대훈,도혜지역:황우슬혜,윤세형역:박형수,고상아역:윤지민,홍창식역:고규필,박수찬역:임철수,고명은역:장혜진,고명석역:박명훈,천사장역:홍우진,오과장역:윤상훈,나월숙역:김선영,마영애역:김정난,현명순역:장소연,양옥금역:차청화,조철강역:오만석,정만복역:김영민,택시기사역:박성웅,차상우역:정경호,동구역:김수현,최지우역:최지우"
20200613,O tvN,213917,225108,오마이베이비,,9회,전국,011151,드라마&영화,드라마,미니시리즈,0,0,0.00502,0.00736,0.03066,0.04772,0.01511,0,0.00969,0.01781,0.00327,0.0784,0.27276,0.00099,"장하리역:장나라,한이상역:고준,윤재영역:박병은,최강으뜸역:정건주,이옥란역:김혜옥,남수철역:조희봉,김은영역:이미도,김철중역:유승목,주승태역:전진기,박연호역:백승희,최효주역:박수영,주선생역:문현정,심정화역:김재화,이소윤역:정라엘,이옥희역:김예령,박재한역:이한위,김상희역:손화령,순남역:이주실,조회장역:장광,조아저씨역:최홍일,강효주역:전혜빈"
20200613,O tvN,230843,241711,오마이베이비,,10회,전국,010828,드라마&영화,드라마,미니시리즈,0,0,0,0.08499,0.0943,0.00675,0.07097,0,0,0.01997,0.09241,0.11749,0.29912,0.05664,"장하리역:장나라,한이상역:고준,윤재영역:박병은,최강으뜸역:정건주,이옥란역:김혜옥,남수철역:조희봉,김은영역:이미도,김철중역:유승목,주승태역:전진기,박연호역:백승희,최효주역:박수영,주선생역:문현정,심정화역:김재화,이소윤역:정라엘,이옥희역:김예령,박재한역:이한위,김상희역:손화령,순남역:이주실,조회장역:장광,조아저씨역:최홍일,강효주역:전혜빈"
20200613,O tvN,243131,255712,화유기,,3회,전국,012541,드라마&영화,드라마,미니시리즈,0,0,0,0.03225,0.21272,0.01608,0.00916,0,0,0.07053,0.07884,0.20973,0.1675,0.02173,"손오공역:이승기,우마왕역:차승원,진선미역:오연서,저팔계역:이홍기,사오정역:장광,마비서역:이엘,이한주역:김성오,앨리스역:윤보라,좀비소녀역:이세영,수보리조사역:성지루,동장군역:성혁,강대성역:송종호,조나단역:마이클리,진선미어린시절역:갈소원,공작역:장근석,나찰녀역:김지수"
20200613,OCN,214343,224514,번외수사,,6회,전국,010131,드라마&영화,드라마,미니시리즈,0,0.20411,0.23621,0.7631,1.78369,0.98141,0.5186,0.39215,0.50297,0.15657,0.59206,1.88495,0.4357,0.65778,"진강호역:차태현,강무영역:이선빈,이반석역:정상훈,테디정역:윤경호,탁원역:지승현,민대진역:박정우,맨손역:박태산,연장역:장진희,지수철역:이영석,노순이역:민경옥"
20200613,OCN,225902,240402,번외수사,,7회,전국,010500,드라마&영화,드라마,미니시리즈,0.99687,0.53041,0.48649,2.08947,4.94392,2.63431,0.92588,0.84291,1.30843,0.83868,1.92523,4.5271,1.40511,1.32715,"진강호역:차태현,강무영역:이선빈,이반석역:정상훈,테디정역:윤경호,탁원역:지승현,민대진역:박정우,맨손역:박태산,연장역:장진희,지수철역:이영석,노순이역:민경옥"
20200613,O'live,165105,181033,아는건별로없지만가족입니다,,1회,전국,011928,드라마&영화,드라마,미니시리즈,0.05264,0,0.00797,0.34089,0.00853,0.05949,0.10971,0,0,0.19076,0.00198,0.08837,0.34654,0.25886,"김은희역:한예리,박찬혁역:김지석,김은주역:추자현,김상식역:정진영,이진숙역:원미경,김지우역:신재하,임건주역:신동욱,윤태형역:김태훈,젊은상식역:한준우,젊은진숙역:조아영,유선일역:서상원,안효석역:이종원,서경옥역:가득희,윤서영역:혜정,전하라역:배윤경,유민우역:권율"
20200613,O'live,182418,193754,아는건별로없지만가족입니다,,2회,전국,011336,드라마&영화,드라마,미니시리즈,0,0.12631,0.01442,0.41676,0.09177,0.04647,0.22599,0.01893,0.01543,0.21888,0.01058,0.12525,0.19645,0.23226,"김은희역:한예리,박찬혁역:김지석,김은주역:추자현,김상식역:정진영,이진숙역:원미경,김지우역:신재하,임건주역:신동욱,윤태형역:김태훈,젊은상식역:한준우,젊은진숙역:조아영,유선일역:서상원,안효석역:이종원,서경옥역:가득희,윤서영역:혜정,전하라역:배윤경,유민우역:권율"
20200613,On Style,080533,091128,위대한쇼,,5회,전국,010555,드라마&영화,드라마,미니시리즈,0,0,0,0.00157,0.0105,0.00136,0.18048,0,0,0,0.00238,0,0.02625,0.21463,"위대한역:송승헌,정수현역:이선빈,강준호역:임주환,한다정역:노정의,한탁역:정준원,한태풍역:김준,한송이역:박예나,김혜진역:박하나,강경훈역:손병호,정종철역:이원종,최정우역:한상혁,양미숙역:김현,정한수역:유성주,구피디역:유장영,고봉주역:김동영,안작가역:송지현,마작가역:표혜림,한동남역:강성진,정지현역:강은아,위대한어린시절역:이도현"
20200613,On Style,091307,101806,위대한쇼,,6회,전국,010459,드라마&영화,드라마,미니시리즈,0,0,0.00327,0.01122,0,0.01308,0.00421,0,0,0.00348,0,0,0.00229,0.00762,"위대한역:송승헌,정수현역:이선빈,강준호역:임주환,한다정역:노정의,한탁역:정준원,한태풍역:김준,한송이역:박예나,김혜진역:박하나,강경훈역:손병호,정종철역:이원종,최정우역:한상혁,양미숙역:김현,정한수역:유성주,구피디역:유장영,고봉주역:김동영,안작가역:송지현,마작가역:표혜림,한동남역:강성진,정지현역:강은아,위대한어린시절역:이도현"
20200613,On Style,130030,141400,라이브,,16회,전국,011330,드라마&영화,드라마,미니시리즈,0.03464,0,0.04377,0,0,0.08944,0.18212,0.02961,0,0.03444,0.08584,0.03556,0.05784,0.16529,"한정오역:정유미,염상수역:이광수,오양촌역:배성우,안장미역:배종옥,양촌부역:이순재,기한솔역:성동일,은경모역:장현성,최명호역:신동욱,강남일역:이시언,정오모역:우현주,상수모역:염혜란,김민석역:조완기,반종민역:이순원,김한표역:김건우,송혜리역:이주영,민원우역:김종훈,고승재역:백승도,오송이역:고민시,오대관역:장호준,이삼보역:이얼"
20200613,On Style,142206,154006,라이브,,17회,전국,011800,드라마&영화,드라마,미니시리즈,0,0.0077,0,0.01042,0.1364,0.14344,0.13528,0,0.17728,0.08461,0,0.2226,0.0668,0.13986,"한정오역:정유미,염상수역:이광수,오양촌역:배성우,안장미역:배종옥,양촌부역:이순재,기한솔역:성동일,은경모역:장현성,최명호역:신동욱,강남일역:이시언,정오모역:우현주,상수모역:염혜란,김민석역:조완기,반종민역:이순원,김한표역:김건우,송혜리역:이주영,민원우역:김종훈,고승재역:백승도,오송이역:고민시,오대관역:장호준,이삼보역:이얼"
20200613,On Style,154612,170657,라이브,,18회,전국,012045,드라마&영화,드라마,미니시리즈,0.0415,0,0,0.12905,0.06799,0.23403,0.0352,0,0.08536,0.24787,0.01043,0.09569,0.21791,0.04408,"한정오역:정유미,염상수역:이광수,오양촌역:배성우,안장미역:배종옥,양촌부역:이순재,기한솔역:성동일,은경모역:장현성,최명호역:신동욱,강남일역:이시언,정오모역:우현주,상수모역:염혜란,김민석역:조완기,반종민역:이순원,김한표역:김건우,송혜리역:이주영,민원우역:김종훈,고승재역:백승도,오송이역:고민시,오대관역:장호준,이삼보역:이얼"
20200613,SBS플러스,160908,172541,더킹영원의군주,,16회,전국,011633,드라마&영화,드라마,미니시리즈,0.52698,0.00568,0.28522,0.63635,0.36907,0.16625,0.07106,0.22701,0.2001,0.34552,0.65567,0.82613,0.70757,0.53134,"이곤역:이민호,정태을역:김고은,조은섭역:우도환,조영역:우도환,강신재역:김경남,구서령역:정은채,이림역:이정진,루나역:김고은,노옥남역:김영옥,정도인역:전배수,송정혜역:서정연,박문식역:박원상,장미카엘역:강홍석,이종인역:전무송,명나리역:김용지,명승아역:김용지,유경무역:이해영,민화연역:황영희,박지영역:박지연,모비서역:백현주,석호필역:이홍내"
20200613,SBS플러스,195514,210312,굿캐스팅,,13회,전국,010758,드라마&영화,드라마,미니시리즈,0.0081,0.19587,0.23454,0.0889,0.17417,0.12346,0.12235,0,0.00608,0,0.0638,0.16517,0.13983,0.06491,"백찬미역:최강희,윤석호역:이상엽,임예은역:유인영,황미순역:김지영,강우원역:이준영,동관수역:이종혁,서국환역:정인기,배무혁역:박경순,간태희역:황보미,명계철역:우현,탁상기역:이상훈,옥철역:김용희,변우석역:허재호,구비서역:한수진,설영훈역:조영훈,심화란역:차수연,남봉만역:이승형,남주연역:김보윤,피철웅역:배진웅,권민석역:성혁,권소희역:노하연"
20200613,SBS플러스,212020,222511,굿캐스팅,,14회,전국,010451,드라마&영화,드라마,미니시리즈,0,0.0667,0.30104,0.00193,0.28278,0.03389,0.23713,0,0,0.01542,0.3659,0.06327,0.21861,0.22946,"백찬미역:최강희,윤석호역:이상엽,임예은역:유인영,황미순역:김지영,강우원역:이준영,동관수역:이종혁,서국환역:정인기,배무혁역:박경순,간태희역:황보미,명계철역:우현,탁상기역:이상훈,옥철역:김용희,변우석역:허재호,구비서역:한수진,설영훈역:조영훈,심화란역:차수연,남봉만역:이승형,남주연역:김보윤,피철웅역:배진웅,권민석역:성혁,권소희역:노하연"
20200613,SKY,195004,210000,굿캐스팅,,13회,전국,010956,드라마&영화,드라마,미니시리즈,0,0,0,0.08671,0.01608,0.01044,0.00284,0.43707,0.01137,0,0,0.00775,0.01489,0.01957,"백찬미역:최강희,윤석호역:이상엽,임예은역:유인영,황미순역:김지영,강우원역:이준영,동관수역:이종혁,서국환역:정인기,배무혁역:박경순,간태희역:황보미,명계철역:우현,탁상기역:이상훈,옥철역:김용희,변우석역:허재호,구비서역:한수진,설영훈역:조영훈,심화란역:차수연,남봉만역:이승형,남주연역:김보윤,피철웅역:배진웅,권민석역:성혁,권소희역:노하연"
20200613,SKY,211617,222527,굿캐스팅,,14회,전국,010910,드라마&영화,드라마,미니시리즈,0.00582,0,0.01122,0.00638,0.11175,0.0724,0.00809,0,0.00239,0.00687,0.00755,0.15858,0.12883,0.08117,"백찬미역:최강희,윤석호역:이상엽,임예은역:유인영,황미순역:김지영,강우원역:이준영,동관수역:이종혁,서국환역:정인기,배무혁역:박경순,간태희역:황보미,명계철역:우현,탁상기역:이상훈,옥철역:김용희,변우석역:허재호,구비서역:한수진,설영훈역:조영훈,심화란역:차수연,남봉만역:이승형,남주연역:김보윤,피철웅역:배진웅,권민석역:성혁,권소희역:노하연"
20200613,SKY,241217,252127,굿캐스팅,,14회,전국,010910,드라마&영화,드라마,미니시리즈,0.0699,0.01447,0.17627,0.00352,0.23381,0.16413,0.07799,0.01897,0.03638,0.14265,0.10324,0.35202,0.06521,0.0554,"백찬미역:최강희,윤석호역:이상엽,임예은역:유인영,황미순역:김지영,강우원역:이준영,동관수역:이종혁,서국환역:정인기,배무혁역:박경순,간태희역:황보미,명계철역:우현,탁상기역:이상훈,옥철역:김용희,변우석역:허재호,구비서역:한수진,설영훈역:조영훈,심화란역:차수연,남봉만역:이승형,남주연역:김보윤,피철웅역:배진웅,권민석역:성혁,권소희역:노하연"
20200613,ONCE,020000,022214,황후의품격,,9회,전국,002214,드라마&영화,드라마,미니시리즈,0.09955,0,0,0,0.04522,0.05252,0.02158,0.09826,0,0,0.02162,0,0.09238,0.01478,"오써니역:장나라,나왕식역:최진혁,이혁역:신성록,민유라역:이엘리야,태후강씨역:신은경,이윤역:오승윤,서강희역:윤소이,아리역:오아린,태황태후조씨역:박원숙,소진공주역:이희진,소현황후역:신고은,오금모역:윤다훈,오헬로역:스테파니리,변선생역:김명수,마필주역:윤주만,백도희역:황영희,나동식역:오한결,최팀장역:이수련,홍팀장역:김민옥,형사역:조동혁,수상역:고세원,나왕식역:태항호,사군자역:김수미,안형사역:안내상,강주승역:유건"
20200613,ONCE,022325,025337,황후의품격,,10회,전국,003012,드라마&영화,드라마,미니시리즈,0,0,0,0.23893,0,0.00283,0.02877,0,0,0,0,0,0.1191,0.03185,"오써니역:장나라,나왕식역:최진혁,이혁역:신성록,민유라역:이엘리야,태후강씨역:신은경,이윤역:오승윤,서강희역:윤소이,아리역:오아린,태황태후조씨역:박원숙,소진공주역:이희진,소현황후역:신고은,오금모역:윤다훈,오헬로역:스테파니리,변선생역:김명수,마필주역:윤주만,백도희역:황영희,나동식역:오한결,최팀장역:이수련,홍팀장역:김민옥,형사역:조동혁,수상역:고세원,나왕식역:태항호,사군자역:김수미,안형사역:안내상,강주승역:유건"
20200613,ONCE,030413,033423,황후의품격,,11회,전국,003010,드라마&영화,드라마,미니시리즈,0,0,0,0.0162,0,0,0,0,0,0,0,0,0.1191,0,"오써니역:장나라,나왕식역:최진혁,이혁역:신성록,민유라역:이엘리야,태후강씨역:신은경,이윤역:오승윤,서강희역:윤소이,아리역:오아린,태황태후조씨역:박원숙,소진공주역:이희진,소현황후역:신고은,오금모역:윤다훈,오헬로역:스테파니리,변선생역:김명수,마필주역:윤주만,백도희역:황영희,나동식역:오한결,최팀장역:이수련,홍팀장역:김민옥,형사역:조동혁,수상역:고세원,나왕식역:태항호,사군자역:김수미,안형사역:안내상,강주승역:유건"
20200613,ONCE,033535,040524,황후의품격,,12회,전국,002949,드라마&영화,드라마,미니시리즈,0,0,0,0,0.16906,0.00873,0,0,0,0,0,0,0.12368,0.00637,"오써니역:장나라,나왕식역:최진혁,이혁역:신성록,민유라역:이엘리야,태후강씨역:신은경,이윤역:오승윤,서강희역:윤소이,아리역:오아린,태황태후조씨역:박원숙,소진공주역:이희진,소현황후역:신고은,오금모역:윤다훈,오헬로역:스테파니리,변선생역:김명수,마필주역:윤주만,백도희역:황영희,나동식역:오한결,최팀장역:이수련,홍팀장역:김민옥,형사역:조동혁,수상역:고세원,나왕식역:태항호,사군자역:김수미,안형사역:안내상,강주승역:유건"
20200613,ONCE,062359,072520,동이,,47회,전국,010121,드라마&영화,드라마,주간연속극,0,0,0,0,0.10009,0.02234,0.02517,0,0,0,0.06497,0.00388,0.02742,0.15296,"동이역:한효주,숙종역:지진희,희빈장씨역:이소연,차천수역:배수빈,서용기역:정진영,인현왕후역:박하선,오태석역:정동환,이종욱역:이정훈,홍태윤역:손일권,박도식역:최재호,도승지역:신국,오호양역:여호민,황주식역:이희도,정인국역:나성균,최효원역:천호진,장익헌역:이재용,김환역:정인기,은금역:한다민,오태풍역:이계인,태풍처역:이숙,장희재역:김유석,설희역:김혜진,게둬라부역:정은표,오윤역:최철호,게둬라역:최수한,심운택역:김동윤,동이어린시절역:김유정,봉상궁역:김소이,조상궁역:안여진,유상궁역:임성민,정임역:정유미,애종역:강유미,시비역:오은호,미지역:최하나,대전내관역:정선일,명성대비역:박정수,정상궁역:김혜선,영달역:이광수,최동주역:정성운,장무열역:최종환,이금역:이형석,경종역:윤찬,김구선역:맹상훈,인원왕후역:오연서"
20200613,ONCE,073835,084117,동이,,48회,전국,010242,드라마&영화,드라마,주간연속극,0,0,0,0.01111,0.02063,0.02584,0.08272,0,0,0,0.04569,0,0.08344,0.02898,"동이역:한효주,숙종역:지진희,희빈장씨역:이소연,차천수역:배수빈,서용기역:정진영,인현왕후역:박하선,오태석역:정동환,이종욱역:이정훈,홍태윤역:손일권,박도식역:최재호,도승지역:신국,오호양역:여호민,황주식역:이희도,정인국역:나성균,최효원역:천호진,장익헌역:이재용,김환역:정인기,은금역:한다민,오태풍역:이계인,태풍처역:이숙,장희재역:김유석,설희역:김혜진,게둬라부역:정은표,오윤역:최철호,게둬라역:최수한,심운택역:김동윤,동이어린시절역:김유정,봉상궁역:김소이,조상궁역:안여진,유상궁역:임성민,정임역:정유미,애종역:강유미,시비역:오은호,미지역:최하나,대전내관역:정선일,명성대비역:박정수,정상궁역:김혜선,영달역:이광수,최동주역:정성운,장무열역:최종환,이금역:이형석,경종역:윤찬,김구선역:맹상훈,인원왕후역:오연서"
20200613,ONCE,084526,092319,전원일기,,421회,전국,003753,드라마&영화,드라마,주말연속극,0,0,0,0.00829,0.19696,0,0.15247,0,0,0,0.08295,0.15428,0.00355,0.20901,"최불암,김혜자,김용건,김수미,고두심,유인촌,정대홍"
20200613,ONCE,093423,101535,전원일기,,422회,전국,004112,드라마&영화,드라마,주말연속극,0,0,0.20751,0.00623,0.20623,0.16595,0.02966,0,0.20234,0,0.10218,0.02432,0.23003,0.14777,"최불암,김혜자,김용건,김수미,고두심,유인촌,정대홍"
20200613,ONCE,102845,113006,동이,,47회,전국,010121,드라마&영화,드라마,주간연속극,0,0,0.33358,0,0.19696,0.43327,0.02254,0,0.03739,0.12089,0.06808,0.02396,0.40743,0.06434,"동이역:한효주,숙종역:지진희,희빈장씨역:이소연,차천수역:배수빈,서용기역:정진영,인현왕후역:박하선,오태석역:정동환,이종욱역:이정훈,홍태윤역:손일권,박도식역:최재호,도승지역:신국,오호양역:여호민,황주식역:이희도,정인국역:나성균,최효원역:천호진,장익헌역:이재용,김환역:정인기,은금역:한다민,오태풍역:이계인,태풍처역:이숙,장희재역:김유석,설희역:김혜진,게둬라부역:정은표,오윤역:최철호,게둬라역:최수한,심운택역:김동윤,동이어린시절역:김유정,봉상궁역:김소이,조상궁역:안여진,유상궁역:임성민,정임역:정유미,애종역:강유미,시비역:오은호,미지역:최하나,대전내관역:정선일,명성대비역:박정수,정상궁역:김혜선,영달역:이광수,최동주역:정성운,장무열역:최종환,이금역:이형석,경종역:윤찬,김구선역:맹상훈,인원왕후역:오연서"
20200613,ONCE,114321,124604,동이,,48회,전국,010243,드라마&영화,드라마,주간연속극,0,0,0.10602,0,0.00313,0.00891,0.0076,0,0,0.09402,0.00471,0.02785,0.06955,0.00373,"동이역:한효주,숙종역:지진희,희빈장씨역:이소연,차천수역:배수빈,서용기역:정진영,인현왕후역:박하선,오태석역:정동환,이종욱역:이정훈,홍태윤역:손일권,박도식역:최재호,도승지역:신국,오호양역:여호민,황주식역:이희도,정인국역:나성균,최효원역:천호진,장익헌역:이재용,김환역:정인기,은금역:한다민,오태풍역:이계인,태풍처역:이숙,장희재역:김유석,설희역:김혜진,게둬라부역:정은표,오윤역:최철호,게둬라역:최수한,심운택역:김동윤,동이어린시절역:김유정,봉상궁역:김소이,조상궁역:안여진,유상궁역:임성민,정임역:정유미,애종역:강유미,시비역:오은호,미지역:최하나,대전내관역:정선일,명성대비역:박정수,정상궁역:김혜선,영달역:이광수,최동주역:정성운,장무열역:최종환,이금역:이형석,경종역:윤찬,김구선역:맹상훈,인원왕후역:오연서"
20200613,ONCE,152719,160512,전원일기,,421회,전국,003753,드라마&영화,드라마,주말연속극,0,0.04307,0.13426,0.01138,0.41482,0.17964,0.11854,1.10631,0,0,0,0.00999,0.27171,0.04296,"최불암,김혜자,김용건,김수미,고두심,유인촌,정대홍"
20200613,ONCE,161246,165358,전원일기,,422회,전국,004112,드라마&영화,드라마,주말연속극,0.04454,0,0.23197,0.03169,0.4567,0.1908,0.05415,1.17614,0.01813,0,0.04293,0.00766,0.21116,0.05827,"최불암,김혜자,김용건,김수미,고두심,유인촌,정대홍"
20200613,ONCE,170502,175041,전원일기,,424회,전국,004539,드라마&영화,드라마,주말연속극,0,0,0.21257,0,0.74816,0.24062,0.01131,1.20958,0,0.0038,0,0.01447,0.26306,0.03943,"최불암,김혜자,김용건,김수미,고두심,유인촌,정대홍"
20200613,ONCE,180145,184527,전원일기,,425회,전국,004342,드라마&영화,드라마,주말연속극,0.07346,0,0.05932,0,0.46362,0.06561,0.03296,1.23646,0,0,0,0.05337,0.11023,0.04845,"최불암,김혜자,김용건,김수미,고두심,유인촌,정대홍"
20200613,ONCE,234443,241444,황후의품격,,13회,전국,003001,드라마&영화,드라마,미니시리즈,0.0134,0,0,0,0.04731,0.01256,0.01021,0,0.00549,0,0,0.06879,0.20892,0.01661,"오써니역:장나라,나왕식역:최진혁,이혁역:신성록,민유라역:이엘리야,태후강씨역:신은경,이윤역:오승윤,서강희역:윤소이,아리역:오아린,태황태후조씨역:박원숙,소진공주역:이희진,소현황후역:신고은,오금모역:윤다훈,오헬로역:스테파니리,변선생역:김명수,마필주역:윤주만,백도희역:황영희,나동식역:오한결,최팀장역:이수련,홍팀장역:김민옥,형사역:조동혁,수상역:고세원,나왕식역:태항호,사군자역:김수미,안형사역:안내상,강주승역:유건"
20200613,ONCE,241555,244602,황후의품격,,14회,전국,003007,드라마&영화,드라마,미니시리즈,0,0.00361,0.04251,0,0,0,0.04409,0.0133,0,0.04321,0,0.17876,0.121,0.00053,"오써니역:장나라,나왕식역:최진혁,이혁역:신성록,민유라역:이엘리야,태후강씨역:신은경,이윤역:오승윤,서강희역:윤소이,아리역:오아린,태황태후조씨역:박원숙,소진공주역:이희진,소현황후역:신고은,오금모역:윤다훈,오헬로역:스테파니리,변선생역:김명수,마필주역:윤주만,백도희역:황영희,나동식역:오한결,최팀장역:이수련,홍팀장역:김민옥,형사역:조동혁,수상역:고세원,나왕식역:태항호,사군자역:김수미,안형사역:안내상,강주승역:유건"
20200613,ONCE,245803,252707,황후의품격,,15회,전국,002904,드라마&영화,드라마,미니시리즈,0.05543,0,0,0,0,0,0.07097,0,0.02271,0,0,0.19482,0.01224,0.07791,"오써니역:장나라,나왕식역:최진혁,이혁역:신성록,민유라역:이엘리야,태후강씨역:신은경,이윤역:오승윤,서강희역:윤소이,아리역:오아린,태황태후조씨역:박원숙,소진공주역:이희진,소현황후역:신고은,오금모역:윤다훈,오헬로역:스테파니리,변선생역:김명수,마필주역:윤주만,백도희역:황영희,나동식역:오한결,최팀장역:이수련,홍팀장역:김민옥,형사역:조동혁,수상역:고세원,나왕식역:태항호,사군자역:김수미,안형사역:안내상,강주승역:유건"
20200613,ONCE,252818,255916,황후의품격,,16회,전국,003058,드라마&영화,드라마,미니시리즈,0,0,0,0.13952,0.02675,0,0.01306,0,0,0,0.08216,0.21669,0.03462,0.01416,"오써니역:장나라,나왕식역:최진혁,이혁역:신성록,민유라역:이엘리야,태후강씨역:신은경,이윤역:오승윤,서강희역:윤소이,아리역:오아린,태황태후조씨역:박원숙,소진공주역:이희진,소현황후역:신고은,오금모역:윤다훈,오헬로역:스테파니리,변선생역:김명수,마필주역:윤주만,백도희역:황영희,나동식역:오한결,최팀장역:이수련,홍팀장역:김민옥,형사역:조동혁,수상역:고세원,나왕식역:태항호,사군자역:김수미,안형사역:안내상,강주승역:유건"
20200613,SKYUHD,101451,121652,야식남녀,,3회/4회,전국,020201,드라마&영화,드라마,미니시리즈,0,0,0,0,0,0,0,0,0,0,0,0,0,0,"박진성역:정일우,김아진역:강지영,강태완역:이학주,이상영역:김승수,차주희역:김수진,남규장역:양대혁,유성은역:공민정,노재수역:박성준,박진우역:최재현"
20200613,SKYUHD,195406,215607,야식남녀,,3회/4회,전국,020201,드라마&영화,드라마,미니시리즈,0,0,0,0,0,0,0,0,0,0,0,0,0,0,"박진성역:정일우,김아진역:강지영,강태완역:이학주,이상영역:김승수,차주희역:김수진,남규장역:양대혁,유성은역:공민정,노재수역:박성준,박진우역:최재현"
20200613,OCN Thrills,020000,023908,번외수사,,3회,전국,003908,드라마&영화,드라마,미니시리즈,0,0,0,0.05122,0,0.12324,0,0,0,0,0,0,0.09239,0.14682,"진강호역:차태현,강무영역:이선빈,이반석역:정상훈,테디정역:윤경호,탁원역:지승현,민대진역:박정우,맨손역:박태산,연장역:장진희,지수철역:이영석,노순이역:민경옥"
20200613,OCN Thrills,025318,035504,번외수사,,4회,전국,010146,드라마&영화,드라마,미니시리즈,0,0,0,0,0.00509,0.33252,0.04929,0,0,0,0,0,0.06957,0.15991,"진강호역:차태현,강무영역:이선빈,이반석역:정상훈,테디정역:윤경호,탁원역:지승현,민대진역:박정우,맨손역:박태산,연장역:장진희,지수철역:이영석,노순이역:민경옥"
20200613,OCN Thrills,035951,050553,번외수사,,5회,전국,010602,드라마&영화,드라마,미니시리즈,0.01106,0.00455,0,0.00737,0.00867,0.13657,0.00799,0.01092,0,0.02028,0,0.00824,0.06707,0.08307,"진강호역:차태현,강무영역:이선빈,이반석역:정상훈,테디정역:윤경호,탁원역:지승현,민대진역:박정우,맨손역:박태산,연장역:장진희,지수철역:이영석,노순이역:민경옥"
20200613,OCN Thrills,050840,060817,번외수사,,6회,전국,005937,드라마&영화,드라마,미니시리즈,0,0,0,0,0.02428,0.04001,0,0,0,0,0,0.04966,0.11207,0.00081,"진강호역:차태현,강무영역:이선빈,이반석역:정상훈,테디정역:윤경호,탁원역:지승현,민대진역:박정우,맨손역:박태산,연장역:장진희,지수철역:이영석,노순이역:민경옥"
20200613,OCN Thrills,140307,151039,번외수사,,5회,전국,010732,드라마&영화,드라마,미니시리즈,0.42134,0.9385,0,0.18655,0.35745,0.10905,0.13263,0,0.01012,0,0.10301,0.35489,0.06697,0.10078,"진강호역:차태현,강무영역:이선빈,이반석역:정상훈,테디정역:윤경호,탁원역:지승현,민대진역:박정우,맨손역:박태산,연장역:장진희,지수철역:이영석,노순이역:민경옥"
20200613,OCN Thrills,151741,161918,번외수사,,6회,전국,010137,드라마&영화,드라마,미니시리즈,0.54195,0.36258,0.00442,0.35279,0.26429,0.23957,0.117,0,0,0.00544,0.09278,0.39955,0.30694,0.03752,"진강호역:차태현,강무영역:이선빈,이반석역:정상훈,테디정역:윤경호,탁원역:지승현,민대진역:박정우,맨손역:박태산,연장역:장진희,지수철역:이영석,노순이역:민경옥"
20200613,TRENDY,115535,125930,영혼수선공,,11회,전국,010355,드라마&영화,드라마,미니시리즈,0,0,0.06006,0,0.01998,0.05357,0.01063,0,0,0,0.00821,0.02768,0.14249,0.00516,"이시준역:신하균,한우주역:정소민,인동혁역:태인호,지영원역:박예진,공지선역:주민경,조인혜역:조경숙,오기태역:박수영,박대하역:정해균,이택경역:최정우,노우정역:안동구,강누리역:하영,임세찬역:장유상,공지희역:박한솔,장유미역:김가란,김영석역:김강민,송민수역:류시원"
20200613,TRENDY,201614,212013,영혼수선공,,11회,전국,010359,드라마&영화,드라마,미니시리즈,0.0037,0,0,0,0.00591,0.06339,0,0,0,0.01832,0,0.00168,0.03684,0.00468,"이시준역:신하균,한우주역:정소민,인동혁역:태인호,지영원역:박예진,공지선역:주민경,조인혜역:조경숙,오기태역:박수영,박대하역:정해균,이택경역:최정우,노우정역:안동구,강누리역:하영,임세찬역:장유상,공지희역:박한솔,장유미역:김가란,김영석역:김강민,송민수역:류시원"
20200614,KBS2,121126,131051,영혼수선공,<21회/22회>,21회/22회,전국,005925,드라마&영화,드라마,미니시리즈,0.89554,0.0743,0.21721,0.44256,0.62253,0.73409,0.28133,1.57904,0.28817,0.22723,0.63539,0.54615,0.51688,0.86338,"이시준역:신하균,한우주역:정소민,인동혁역:태인호,지영원역:박예진,공지선역:주민경,조인혜역:조경숙,오기태역:박수영,박대하역:정해균,이택경역:최정우,노우정역:안동구,강누리역:하영,임세찬역:장유상,공지희역:박한솔,장유미역:김가란,김영석역:김강민,송민수역:류시원"
20200614,KBS2,132030,141954,영혼수선공,<23회/24회>,23회/24회,전국,005924,드라마&영화,드라마,미니시리즈,0.69896,0.6181,0.20991,0.61649,0.71369,1.04702,0.68557,1.53001,0.41768,0.18855,0.30742,1.13693,0.70706,1.55295,"이시준역:신하균,한우주역:정소민,인동혁역:태인호,지영원역:박예진,공지선역:주민경,조인혜역:조경숙,오기태역:박수영,박대하역:정해균,이택경역:최정우,노우정역:안동구,강누리역:하영,임세찬역:장유상,공지희역:박한솔,장유미역:김가란,김영석역:김강민,송민수역:류시원"
20200614,KBS2,154139,161903,한번다녀왔습니다,<45회>,45회,전국,003724,드라마&영화,드라마,주말연속극,0.12042,0.49253,1.59504,0.84707,1.23908,3.01541,1.80765,0.3721,0.70392,1.22619,0.64846,4.04878,3.17682,2.36644,"송영달역:천호진,장옥분역:차화연,최윤정역:김보연,강초연역:이정은,송나희역:이민정,윤규진역:이상엽,송준선역:오대환,송가희역:오윤아,송다희역:이초희,양치수역:안길강,장옥자역:백지원,성현경역:임정은,윤재석역:이상이,박효신역:기도훈,김지훈역:문우진,이주리역:김소라,김가연역:송다은,건어물역:신미영,꽈배기역:김가영,송서영역:이가연,송서진역:안서연,이정록역:알렉스,유보영역:손성윤,유시후역:송민재,박지연역:신수정,한기영역:강유석,홍성우역:김현목,신혜정역:김미은,심정희역:이상경,오연지역:한봄,오정봉역:오의식,이종수역:장원혁,김승현역:배호근,송이역:김주영,지원역:찬희,이현역:이필모"
20200614,KBS2,162016,165212,한번다녀왔습니다,<46회>,46회,전국,003156,드라마&영화,드라마,주말연속극,0.1239,1.05945,1.47213,1.33644,1.60709,3.86344,2.44952,0.3649,1.75437,1.16945,0.70591,4.52255,3.15063,3.93834,"송영달역:천호진,장옥분역:차화연,최윤정역:김보연,강초연역:이정은,송나희역:이민정,윤규진역:이상엽,송준선역:오대환,송가희역:오윤아,송다희역:이초희,양치수역:안길강,장옥자역:백지원,성현경역:임정은,윤재석역:이상이,박효신역:기도훈,김지훈역:문우진,이주리역:김소라,김가연역:송다은,건어물역:신미영,꽈배기역:김가영,송서영역:이가연,송서진역:안서연,이정록역:알렉스,유보영역:손성윤,유시후역:송민재,박지연역:신수정,한기영역:강유석,홍성우역:김현목,신혜정역:김미은,심정희역:이상경,오연지역:한봄,오정봉역:오의식,이종수역:장원혁,김승현역:배호근,송이역:김주영,지원역:찬희,이현역:이필모"
20200614,KBS2,200609,204416,한번다녀왔습니다,<47회>,47회,전국,003807,드라마&영화,드라마,주말연속극,8.50285,5.77552,4.2534,5.84311,10.24977,16.74136,22.70868,9.2188,6.34061,7.6113,11.19502,16.67801,22.57903,27.58394,"송영달역:천호진,장옥분역:차화연,최윤정역:김보연,강초연역:이정은,송나희역:이민정,윤규진역:이상엽,송준선역:오대환,송가희역:오윤아,송다희역:이초희,양치수역:안길강,장옥자역:백지원,성현경역:임정은,윤재석역:이상이,박효신역:기도훈,김지훈역:문우진,이주리역:김소라,김가연역:송다은,건어물역:신미영,꽈배기역:김가영,송서영역:이가연,송서진역:안서연,이정록역:알렉스,유보영역:손성윤,유시후역:송민재,박지연역:신수정,한기영역:강유석,홍성우역:김현목,신혜정역:김미은,심정희역:이상경,오연지역:한봄,오정봉역:오의식,이종수역:장원혁,김승현역:배호근,송이역:김주영,지원역:찬희,이현역:이필모"
20200614,KBS2,204644,211810,한번다녀왔습니다,<48회>,48회,전국,003126,드라마&영화,드라마,주말연속극,7.85944,7.002,5.96448,8.05772,11.69324,20.30387,26.56616,8.11279,7.72006,8.79444,13.32771,20.38223,28.10796,32.31572,"송영달역:천호진,장옥분역:차화연,최윤정역:김보연,강초연역:이정은,송나희역:이민정,윤규진역:이상엽,송준선역:오대환,송가희역:오윤아,송다희역:이초희,양치수역:안길강,장옥자역:백지원,성현경역:임정은,윤재석역:이상이,박효신역:기도훈,김지훈역:문우진,이주리역:김소라,김가연역:송다은,건어물역:신미영,꽈배기역:김가영,송서영역:이가연,송서진역:안서연,이정록역:알렉스,유보영역:손성윤,유시후역:송민재,박지연역:신수정,한기영역:강유석,홍성우역:김현목,신혜정역:김미은,심정희역:이상경,오연지역:한봄,오정봉역:오의식,이종수역:장원혁,김승현역:배호근,송이역:김주영,지원역:찬희,이현역:이필모"
20200614,MBC,143949,150915,꼰대인턴,<13회>,13회,전국,002926,드라마&영화,드라마,미니시리즈,3.12602,0.75047,0.52341,2.404,1.74028,1.41607,1.63619,2.44553,1.392,1.28403,1.72236,2.02449,1.96725,1.77736,"가열찬역:박해진,이만식역:김응수,이태리역:한지은,남궁준수역:박기웅,탁정은역:박아인,주윤수역:노종현,오동근역:고건한,김승진역:홍승범,구자숙역:김선영,안상종역:손종학,남궁표역:고인범,엄한길역:김기천,옥경이역:문숙,고선녀역:정경순,열찬모역:전국향,박범준역:장성규,백범역:정성호,은혜수역:정영주,가열찬친구역:권수현,차형석역:영탁"
20200614,MBC,151044,154328,꼰대인턴,<14회>,14회,전국,003244,드라마&영화,드라마,미니시리즈,2.07437,0.6738,0.7668,1.96073,1.06543,1.40372,1.77579,2.29613,1.00403,1.30797,1.22936,2.07422,2.65111,1.68935,"가열찬역:박해진,이만식역:김응수,이태리역:한지은,남궁준수역:박기웅,탁정은역:박아인,주윤수역:노종현,오동근역:고건한,김승진역:홍승범,구자숙역:김선영,안상종역:손종학,남궁표역:고인범,엄한길역:김기천,옥경이역:문숙,고선녀역:정경순,열찬모역:전국향,박범준역:장성규,백범역:정성호,은혜수역:정영주,가열찬친구역:권수현,차형석역:영탁"
20200614,MBC,154611,161811,꼰대인턴,<15회>,15회,전국,003200,드라마&영화,드라마,미니시리즈,0.72436,0.60795,0.4955,1.07306,1.70578,1.68699,1.6029,0.69012,1.20202,1.00197,1.71416,2.06613,2.16957,2.01194,"가열찬역:박해진,이만식역:김응수,이태리역:한지은,남궁준수역:박기웅,탁정은역:박아인,주윤수역:노종현,오동근역:고건한,김승진역:홍승범,구자숙역:김선영,안상종역:손종학,남궁표역:고인범,엄한길역:김기천,옥경이역:문숙,고선녀역:정경순,열찬모역:전국향,박범준역:장성규,백범역:정성호,은혜수역:정영주,가열찬친구역:권수현,차형석역:영탁"
20200614,MBC,162055,165122,꼰대인턴,<16회>,16회,전국,003027,드라마&영화,드라마,미니시리즈,1.6204,0.45791,0.69655,1.36974,1.80677,1.95799,1.90908,1.01527,0.9192,0.80548,1.87465,2.20962,2.25809,2.23143,"가열찬역:박해진,이만식역:김응수,이태리역:한지은,남궁준수역:박기웅,탁정은역:박아인,주윤수역:노종현,오동근역:고건한,김승진역:홍승범,구자숙역:김선영,안상종역:손종학,남궁표역:고인범,엄한길역:김기천,옥경이역:문숙,고선녀역:정경순,열찬모역:전국향,박범준역:장성규,백범역:정성호,은혜수역:정영주,가열찬친구역:권수현,차형석역:영탁"
20200614,MBC,243301,250655,저녁같이드실래요,<9회>,9회,전국,003354,드라마&영화,드라마,미니시리즈,0.23844,0.19673,0,1.21186,1.28851,0.65508,0.7101,0,0.51257,0.36729,0.56238,1.00068,0.683,0.9234,"김해경역:송승헌,우도희역:서지혜,정재혁역:이지훈,진노을역:손나은,남아영역:예지원,키에누역:박호산,박진규역:고규필,강건우역:이현진,이병진역:김서경,임소라역:오혜원,김정환역:안태환,이문정역:전국향,전성자역:윤복인,이영동역:김정현,이은서역:서은수,푸드트럭총각역:이시언,태진아역:태진아,환자역:박산다라"
20200614,MBC,250737,254105,저녁같이드실래요,<10회>,10회,전국,003328,드라마&영화,드라마,미니시리즈,0,0.01344,0.33149,0.6412,1.00656,0.53156,0.69186,0,0.01382,0.20644,0,0.9683,0.72669,0.49975,"김해경역:송승헌,우도희역:서지혜,정재혁역:이지훈,진노을역:손나은,남아영역:예지원,키에누역:박호산,박진규역:고규필,강건우역:이현진,이병진역:김서경,임소라역:오혜원,김정환역:안태환,이문정역:전국향,전성자역:윤복인,이영동역:김정현,이은서역:서은수,푸드트럭총각역:이시언,태진아역:태진아,환자역:박산다라"
20200614,MBC,254612,255959,저녁같이드실래요,<11회>,11회,전국,001347,드라마&영화,드라마,미니시리즈,0,0,0.40031,0.56454,0.88208,0.29342,0.46643,0,0,0,0,0.83121,0.69303,0.40405,"김해경역:송승헌,우도희역:서지혜,정재혁역:이지훈,진노을역:손나은,남아영역:예지원,키에누역:박호산,박진규역:고규필,강건우역:이현진,이병진역:김서경,임소라역:오혜원,김정환역:안태환,이문정역:전국향,전성자역:윤복인,이영동역:김정현,이은서역:서은수,푸드트럭총각역:이시언,태진아역:태진아,환자역:박산다라"
20200614,OBS,171703,181647,순정에반하다,<1부>,13회,전국,005944,드라마&영화,드라마,주간연속극,0,0,0,0,0.00441,0.00994,0.01755,0,0,0,0,0.11054,0,0.02423,"강민호역:정경호,김순정역:김소연,이준희역:윤현민,강현철역:박영규,마태석역:안석환,한지현역:공현주,나옥현역:조은지,오우식역:이시언,마동욱역:진구,윤이사역:김정팔,오미루역:이수지,유유미역:정유민,이정구역:남명렬"
20200614,OBS,182451,191926,순정에반하다,<2부>,14회,전국,005435,드라마&영화,드라마,주간연속극,0,0.02866,0,0.00453,0,0.04483,0.05022,0,0,0.0291,0,0.02922,0.05085,0.09242,"강민호역:정경호,김순정역:김소연,이준희역:윤현민,강현철역:박영규,마태석역:안석환,한지현역:공현주,나옥현역:조은지,오우식역:이시언,마동욱역:진구,윤이사역:김정팔,오미루역:이수지,유유미역:정유민,이정구역:남명렬"
20200614,TV CHOSUN,200301,210311,바람과구름과비,,8회,전국,010010,드라마&영화,드라마,미니시리즈,0.03903,0.27932,0.28099,0.02328,0.73259,1.4969,1.21087,0.02136,0,0.04325,1.31834,0.29607,1.62794,1.30638,"최천중역:박시후,봉련역:고성희,흥선대원군이하응역:전광렬,채인규역:성혁,김병운역:김승수,김좌근역:차광수,나합역:윤아정,김병학역:한재영,조대비역:김보연,철종역:정욱,이하전역:이루,명성황후민자영역:박정연,고종이재황역:박상훈,용팔룡역:조복래,주모역:김주령,적도사진상역:한동규,팽구철역:노형욱,만석역:박노식,연치성역:임현수,반달역:왕빛나,임종사관역:허태희,최천중어린시절역:강태우,봉련어린시절역:홍승희,채인규어린시절역:최정우,상복역:허성태,민승호역:이해우,저자이병주,출판그림같은세상2020.08.28.,e북무료판매처 1건"
20200614,TV CHOSUN,225723,240051,바람과구름과비,,9회,전국,010328,드라마&영화,드라마,미니시리즈,0.01084,0.26784,1.18894,0.5831,0.32644,5.03012,3.4925,0,0.09271,0.49451,1.02478,1.35195,5.31935,2.85004,"최천중역:박시후,봉련역:고성희,흥선대원군이하응역:전광렬,채인규역:성혁,김병운역:김승수,김좌근역:차광수,나합역:윤아정,김병학역:한재영,조대비역:김보연,철종역:정욱,이하전역:이루,명성황후민자영역:박정연,고종이재황역:박상훈,용팔룡역:조복래,주모역:김주령,적도사진상역:한동규,팽구철역:노형욱,만석역:박노식,연치성역:임현수,반달역:왕빛나,임종사관역:허태희,최천중어린시절역:강태우,봉련어린시절역:홍승희,채인규어린시절역:최정우,상복역:허성태,민승호역:이해우,저자이병주,출판그림같은세상2020.08.28.,e북무료판매처 1건"
20200614,tvN,100124,110223,화양연화삶이꽃이되는순간,,15회,전국,010059,드라마&영화,드라마,미니시리즈,0.29212,0.19648,0.02701,0.35467,0.78172,1.09461,0.47113,0.0823,0.6325,0.10891,0.55826,1.49159,0.89382,0.57791,"한재현역:유지태,윤지수역:이보영,과거재현역:진영,과거지수역:전소니,장서경역:박시연,장산역:문성근,한준서역:박민수,한인호역:남명렬,이경자역:손숙,윤형구역:장광,이영민역:고우림,정숙희역:이종남,윤지영역:채원빈,이동진역:민성욱,과거동진역:은해성,성화진역:김주령,과거화진역:한지원,강준우역:강영석,정윤기역:김호창,이세훈역:김영훈,주영우역:이태성,과거영우역:병헌,양혜정역:우정원,과거혜정역:박한솔,최선희역:김영아"
20200614,tvN,111919,123419,아는건별로없지만가족입니다,,3회,전국,011500,드라마&영화,드라마,미니시리즈,0.00928,0.19474,0.21663,0.36832,0.91033,0.5563,0.26644,0.5035,0.26343,0.26317,0.34586,0.91073,0.97133,0.38955,"김은희역:한예리,박찬혁역:김지석,김은주역:추자현,김상식역:정진영,이진숙역:원미경,김지우역:신재하,임건주역:신동욱,윤태형역:김태훈,젊은상식역:한준우,젊은진숙역:조아영,유선일역:서상원,안효석역:이종원,서경옥역:가득희,윤서영역:혜정,전하라역:배윤경,유민우역:권율"
20200614,tvN,125423,141320,아는건별로없지만가족입니다,,4회,전국,011857,드라마&영화,드라마,미니시리즈,0.55264,0.18075,0.29732,0.67731,0.71861,1.40437,0.65635,0.46095,0.33444,0.59521,0.61001,1.07367,1.79276,0.67889,"김은희역:한예리,박찬혁역:김지석,김은주역:추자현,김상식역:정진영,이진숙역:원미경,김지우역:신재하,임건주역:신동욱,윤태형역:김태훈,젊은상식역:한준우,젊은진숙역:조아영,유선일역:서상원,안효석역:이종원,서경옥역:가득희,윤서영역:혜정,전하라역:배윤경,유민우역:권율"
20200614,tvN,211441,221853,화양연화삶이꽃이되는순간,,16회,전국,010412,드라마&영화,드라마,미니시리즈,0.57336,0.98589,1.56075,1.1786,1.76389,2.5647,2.85543,1.96269,0.66266,1.0745,2.73744,5.18995,3.82654,3.3797,"한재현역:유지태,윤지수역:이보영,과거재현역:진영,과거지수역:전소니,장서경역:박시연,장산역:문성근,한준서역:박민수,한인호역:남명렬,이경자역:손숙,윤형구역:장광,이영민역:고우림,정숙희역:이종남,윤지영역:채원빈,이동진역:민성욱,과거동진역:은해성,성화진역:김주령,과거화진역:한지원,강준우역:강영석,정윤기역:김호창,이세훈역:김영훈,주영우역:이태성,과거영우역:병헌,양혜정역:우정원,과거혜정역:박한솔,최선희역:김영아"
20200614,tvN,242956,253401,화양연화삶이꽃이되는순간,,16회,전국,010405,드라마&영화,드라마,미니시리즈,0.44596,0.53987,0.24733,0.37023,0.39036,0.85297,0.3128,0,0.86068,0.05154,0.27796,1.40752,0.40037,0.30645,"한재현역:유지태,윤지수역:이보영,과거재현역:진영,과거지수역:전소니,장서경역:박시연,장산역:문성근,한준서역:박민수,한인호역:남명렬,이경자역:손숙,윤형구역:장광,이영민역:고우림,정숙희역:이종남,윤지영역:채원빈,이동진역:민성욱,과거동진역:은해성,성화진역:김주령,과거화진역:한지원,강준우역:강영석,정윤기역:김호창,이세훈역:김영훈,주영우역:이태성,과거영우역:병헌,양혜정역:우정원,과거혜정역:박한솔,최선희역:김영아"
20200614,국방TV,210035,212653,바람은불어도,,99회,전국,002618,드라마&영화,드라마,미니시리즈,0,0.00524,0,0,0,0,0.01157,0,0,0,0,0,0,0.014,"최수종,유호정,윤손하,송나영,송기윤,나문희"
20200614,국방TV,213035,215644,바람은불어도,,100회,전국,002609,드라마&영화,드라마,미니시리즈,0,0,0,0,0,0,0.02562,0,0,0,0,0.01352,0,0.03072,"최수종,유호정,윤손하,송나영,송기윤,나문희"
20200614,국방TV,240035,242653,바람은불어도,,99회,전국,002618,드라마&영화,드라마,미니시리즈,0,0,0,0,0,0,0,0,0,0,0,0,0,0,"최수종,유호정,윤손하,송나영,송기윤,나문희"
20200614,국방TV,243035,245643,바람은불어도,,100회,전국,002608,드라마&영화,드라마,미니시리즈,0,0,0,0,0,0.02577,0,0,0,0.09935,0,0.03709,0.02233,0.00093,"최수종,유호정,윤손하,송나영,송기윤,나문희"
20200614,국방TV,250035,252847,바람은불어도,,101회,전국,002812,드라마&영화,드라마,미니시리즈,0,0,0,0,0,0.0133,0,0,0,0,0,0,0.00411,0,"최수종,유호정,윤손하,송나영,송기윤,나문희"
20200614,국방TV,253034,255909,바람은불어도,,102회,전국,002835,드라마&영화,드라마,미니시리즈,0,0,0,0,0,0.02991,0,0,0,0.05332,0,0,0.02592,0.00444,"최수종,유호정,윤손하,송나영,송기윤,나문희"
20200614,OCN Movies,021659,032133,번외수사,,7회,전국,010434,드라마&영화,드라마,미니시리즈,0,0,0,0.06958,0.16106,0.64096,0.08575,0,0,0,0,0.14207,0.18636,0.01921,"진강호역:차태현,강무영역:이선빈,이반석역:정상훈,테디정역:윤경호,탁원역:지승현,민대진역:박정우,맨손역:박태산,연장역:장진희,지수철역:이영석,노순이역:민경옥"
20200614,AXN,062120,072243,완전한사랑,,13회,전국,010123,드라마&영화,드라마,주간연속극,0,0,0,0.0191,0,0.0078,0.01408,0,0,0,0.00644,0.01983,0.00884,0.00768,"박시우역:차인표,하영애역:김희애,문지나역:이승연,박회장역:김성원,장혜자역:강부자"
20200614,AXN,074033,084203,완전한사랑,,14회,전국,010130,드라마&영화,드라마,주간연속극,0,0,0,0,0.00382,0.04453,0.00976,0,0,0.00214,0,0.00331,0.06242,0.02484,"박시우역:차인표,하영애역:김희애,문지나역:이승연,박회장역:김성원,장혜자역:강부자"
20200614,AXN,134150,144355,완전한사랑,,13회,전국,010205,드라마&영화,드라마,주간연속극,0,0.04992,0,0.0017,0.03635,0.04689,0.13863,0,0,0.05702,0.05902,0.0123,0.04523,0.13668,"박시우역:차인표,하영애역:김희애,문지나역:이승연,박회장역:김성원,장혜자역:강부자"
20200614,AXN,150017,160233,완전한사랑,,14회,전국,010216,드라마&영화,드라마,주간연속극,0,0,0,0.00388,0,0.04434,0.04154,0,0,0.00918,0.00852,0.00273,0.03241,0.10505,"박시우역:차인표,하영애역:김희애,문지나역:이승연,박회장역:김성원,장혜자역:강부자"
20200614,AXN,212537,222729,완전한사랑,,13회,전국,010152,드라마&영화,드라마,주간연속극,0,0,0,0,0,0.0519,0.04338,0,0,0,0.00428,0,0.00445,0,"박시우역:차인표,하영애역:김희애,문지나역:이승연,박회장역:김성원,장혜자역:강부자"
20200614,AXN,224549,234750,완전한사랑,,14회,전국,010201,드라마&영화,드라마,주간연속극,0,0,0,0.0334,0,0,0.04276,0,0,0.0586,0.03721,0.00439,0.04895,0.08772,"박시우역:차인표,하영애역:김희애,문지나역:이승연,박회장역:김성원,장혜자역:강부자"
20200614,CNTV,020821,030101,광개토태왕,,76회,전국,005240,드라마&영화,드라마,주말연속극,0,0,0,0,0.18287,0.28333,0.14357,0,0,0,0,0.22087,0.08454,0.33554,"담덕역:이태곤,고운역:김승수,모용보역:임호,도영역:오지은,연살타역:홍경인,약연역:이인혜,고무역:김진태,고창역:남성진,모두영역:이원발,모두루역:임대호,모용수역:김동현,풍발역:정호근,개연수역:최동준,가라지역:오욱철,연도부역:반석진,계필역:선동혁,이영역:최상훈,담망역:정태우,이련역:송용태,고야역:이보희,담주역:조안,설도안역:김규철,설지역:김정화,마수역:고인범,여소이역:임병기,돌비수역:김정현,갈사무역:강신조,도광역:박승호,소모역:강지후,여문역:나주석,모용희역:조인표,거보역:김덕현,무갑역:유종근,여석개역:방형주,황회역:김명수,원봉역:박유승,하무지역:윤승원,사갈현역:김철기,아신역:박정철"
20200614,CNTV,070727,075743,광개토태왕,,77회,전국,005016,드라마&영화,드라마,주말연속극,0,0,0.04376,0.07678,0.03042,0,0.34204,0,0,0.00635,0.06599,0.02961,0.07485,0.29871,"담덕역:이태곤,고운역:김승수,모용보역:임호,도영역:오지은,연살타역:홍경인,약연역:이인혜,고무역:김진태,고창역:남성진,모두영역:이원발,모두루역:임대호,모용수역:김동현,풍발역:정호근,개연수역:최동준,가라지역:오욱철,연도부역:반석진,계필역:선동혁,이영역:최상훈,담망역:정태우,이련역:송용태,고야역:이보희,담주역:조안,설도안역:김규철,설지역:김정화,마수역:고인범,여소이역:임병기,돌비수역:김정현,갈사무역:강신조,도광역:박승호,소모역:강지후,여문역:나주석,모용희역:조인표,거보역:김덕현,무갑역:유종근,여석개역:방형주,황회역:김명수,원봉역:박유승,하무지역:윤승원,사갈현역:김철기,아신역:박정철"
20200614,CNTV,080755,090059,광개토태왕,,78회,전국,005304,드라마&영화,드라마,주말연속극,0,0,0,0.07635,0.3921,0.25443,0.4254,0.01189,0,0,0.00493,0.06952,0.27177,0.39701,"담덕역:이태곤,고운역:김승수,모용보역:임호,도영역:오지은,연살타역:홍경인,약연역:이인혜,고무역:김진태,고창역:남성진,모두영역:이원발,모두루역:임대호,모용수역:김동현,풍발역:정호근,개연수역:최동준,가라지역:오욱철,연도부역:반석진,계필역:선동혁,이영역:최상훈,담망역:정태우,이련역:송용태,고야역:이보희,담주역:조안,설도안역:김규철,설지역:김정화,마수역:고인범,여소이역:임병기,돌비수역:김정현,갈사무역:강신조,도광역:박승호,소모역:강지후,여문역:나주석,모용희역:조인표,거보역:김덕현,무갑역:유종근,여석개역:방형주,황회역:김명수,원봉역:박유승,하무지역:윤승원,사갈현역:김철기,아신역:박정철"
20200614,CNTV,102215,112724,에덴의동쪽,,52회,전국,010509,드라마&영화,드라마,주간연속극,0.02586,0,0,0.00853,0.0071,0.013,0.18636,0,0,0.00705,0.00446,0.00107,0.01355,0.18456,"이동철역:송승헌,이동욱역:연정훈,민혜린역:이다해,지현역:한지혜,신명훈역:박해진,국영란역:이연희,기순역:전소민,혜령역:정소영,제니스역:정혜영,마이크역:데니스오,백성현역:박성웅,미애역:신은정,신태환역:조민기,지현어린시절역:남지현"
20200614,CNTV,114724,125251,각시탈,,24회,전국,010527,드라마&영화,드라마,미니시리즈,0,0,0,0.01483,0.16372,0.02741,0.40957,0,0.01002,0,0.01584,0.00302,0.03198,0.27629,"이강토역:주원,목단역:진세연,기무라슌지역:박기웅,채홍주역:한채아,이강산역:신현준,한씨역:송옥숙,이선역:이일재,백건역:전현,담사리역:전노민,조단장역:손병호,오동년역:이경실,신난다역:이병준,선화역:손여은,계순역:서윤아,기무라타로역:천호진,기무라켄지역:박주형,우에노히데키역:전국환,가츠야마준역:안형준,이화경역:김정난,미나미타마오역:최대훈,콘노고지역:김응수,아베신지역:윤봉길,고이소타다노부역:윤진호,타샤역:지서윤,봉실장역:백재진,메리역:장준유,노상엽역:이재원,최명섭역:권태원,우병준역:김규철,이시용역:안석환,박인삼역:김태영,조영근역:고인범,긴페이가토역:브루스칸,박성모역:방중현,수지역:오은호,제니역:양희윤,안나역:반민정,득수역:김방원,진홍역:정은별,무라야마요시오역:김명수,양백역:김명곤,동진역:박성웅,심순이역:이슬비,송기자역:최대철,카카와역:최웅,안섭역:지민,타케다산상역:이주현,민규역:박보검,카네코역:한수아"
20200614,CNTV,130943,141035,바람과구름과비,,7회,전국,010052,드라마&영화,드라마,미니시리즈,0,0,0,0.01982,0.06239,0.00187,0.30343,0,0,0,0.00271,0.12696,0.2003,0.2443,"최천중역:박시후,봉련역:고성희,흥선대원군이하응역:전광렬,채인규역:성혁,김병운역:김승수,김좌근역:차광수,나합역:윤아정,김병학역:한재영,조대비역:김보연,철종역:정욱,이하전역:이루,명성황후민자영역:박정연,고종이재황역:박상훈,용팔룡역:조복래,주모역:김주령,적도사진상역:한동규,팽구철역:노형욱,만석역:박노식,연치성역:임현수,반달역:왕빛나,임종사관역:허태희,최천중어린시절역:강태우,봉련어린시절역:홍승희,채인규어린시절역:최정우,상복역:허성태,민승호역:이해우,저자이병주,출판그림같은세상2020.08.28.,e북무료판매처 1건"
20200614,CNTV,165549,174636,광개토태왕,,77회,전국,005047,드라마&영화,드라마,주말연속극,0.02722,0,0,0.00713,0,0.09195,0.13551,0,0.05617,0,0.03038,0.04084,0.00832,0.08345,"담덕역:이태곤,고운역:김승수,모용보역:임호,도영역:오지은,연살타역:홍경인,약연역:이인혜,고무역:김진태,고창역:남성진,모두영역:이원발,모두루역:임대호,모용수역:김동현,풍발역:정호근,개연수역:최동준,가라지역:오욱철,연도부역:반석진,계필역:선동혁,이영역:최상훈,담망역:정태우,이련역:송용태,고야역:이보희,담주역:조안,설도안역:김규철,설지역:김정화,마수역:고인범,여소이역:임병기,돌비수역:김정현,갈사무역:강신조,도광역:박승호,소모역:강지후,여문역:나주석,모용희역:조인표,거보역:김덕현,무갑역:유종근,여석개역:방형주,황회역:김명수,원봉역:박유승,하무지역:윤승원,사갈현역:김철기,아신역:박정철"
20200614,CNTV,180202,185506,광개토태왕,,78회,전국,005304,드라마&영화,드라마,주말연속극,0,0,0,0,0.2329,0.01892,0.07632,0,0,0,0,0.1378,0.01765,0.19432,"담덕역:이태곤,고운역:김승수,모용보역:임호,도영역:오지은,연살타역:홍경인,약연역:이인혜,고무역:김진태,고창역:남성진,모두영역:이원발,모두루역:임대호,모용수역:김동현,풍발역:정호근,개연수역:최동준,가라지역:오욱철,연도부역:반석진,계필역:선동혁,이영역:최상훈,담망역:정태우,이련역:송용태,고야역:이보희,담주역:조안,설도안역:김규철,설지역:김정화,마수역:고인범,여소이역:임병기,돌비수역:김정현,갈사무역:강신조,도광역:박승호,소모역:강지후,여문역:나주석,모용희역:조인표,거보역:김덕현,무갑역:유종근,여석개역:방형주,황회역:김명수,원봉역:박유승,하무지역:윤승원,사갈현역:김철기,아신역:박정철"
20200614,CNTV,191046,201556,에덴의동쪽,,52회,전국,010510,드라마&영화,드라마,주간연속극,0,0,0.00569,0,0.00698,0,0.38725,0,0,0.00371,0,0.00902,0.02592,0.07629,"이동철역:송승헌,이동욱역:연정훈,민혜린역:이다해,지현역:한지혜,신명훈역:박해진,국영란역:이연희,기순역:전소민,혜령역:정소영,제니스역:정혜영,마이크역:데니스오,백성현역:박성웅,미애역:신은정,신태환역:조민기,지현어린시절역:남지현"
20200614,CNTV,203139,213706,각시탈,,24회,전국,010527,드라마&영화,드라마,미니시리즈,0,0,0.01908,0.02618,0.01276,0.00932,0.24941,0,0,0.00894,0.00402,0.00411,0.133,0.21936,"이강토역:주원,목단역:진세연,기무라슌지역:박기웅,채홍주역:한채아,이강산역:신현준,한씨역:송옥숙,이선역:이일재,백건역:전현,담사리역:전노민,조단장역:손병호,오동년역:이경실,신난다역:이병준,선화역:손여은,계순역:서윤아,기무라타로역:천호진,기무라켄지역:박주형,우에노히데키역:전국환,가츠야마준역:안형준,이화경역:김정난,미나미타마오역:최대훈,콘노고지역:김응수,아베신지역:윤봉길,고이소타다노부역:윤진호,타샤역:지서윤,봉실장역:백재진,메리역:장준유,노상엽역:이재원,최명섭역:권태원,우병준역:김규철,이시용역:안석환,박인삼역:김태영,조영근역:고인범,긴페이가토역:브루스칸,박성모역:방중현,수지역:오은호,제니역:양희윤,안나역:반민정,득수역:김방원,진홍역:정은별,무라야마요시오역:김명수,양백역:김명곤,동진역:박성웅,심순이역:이슬비,송기자역:최대철,카카와역:최웅,안섭역:지민,타케다산상역:이주현,민규역:박보검,카네코역:한수아"
20200614,CNTV,215520,225556,바람과구름과비,,7회,전국,010036,드라마&영화,드라마,미니시리즈,0,0,0.01142,0.01981,0,0.12222,0.24713,0,0,0,0.0203,0.00843,0.0197,0.32329,"최천중역:박시후,봉련역:고성희,흥선대원군이하응역:전광렬,채인규역:성혁,김병운역:김승수,김좌근역:차광수,나합역:윤아정,김병학역:한재영,조대비역:김보연,철종역:정욱,이하전역:이루,명성황후민자영역:박정연,고종이재황역:박상훈,용팔룡역:조복래,주모역:김주령,적도사진상역:한동규,팽구철역:노형욱,만석역:박노식,연치성역:임현수,반달역:왕빛나,임종사관역:허태희,최천중어린시절역:강태우,봉련어린시절역:홍승희,채인규어린시절역:최정우,상복역:허성태,민승호역:이해우,저자이병주,출판그림같은세상2020.08.28.,e북무료판매처 1건"
20200614,CNTV,252632,255959,광개토태왕,,77회,전국,003327,드라마&영화,드라마,주말연속극,0.18985,0,0.01748,0.03816,0,0.19348,0.10571,0.17182,0,0.01799,0.11484,0.1794,0.07758,0.11354,"담덕역:이태곤,고운역:김승수,모용보역:임호,도영역:오지은,연살타역:홍경인,약연역:이인혜,고무역:김진태,고창역:남성진,모두영역:이원발,모두루역:임대호,모용수역:김동현,풍발역:정호근,개연수역:최동준,가라지역:오욱철,연도부역:반석진,계필역:선동혁,이영역:최상훈,담망역:정태우,이련역:송용태,고야역:이보희,담주역:조안,설도안역:김규철,설지역:김정화,마수역:고인범,여소이역:임병기,돌비수역:김정현,갈사무역:강신조,도광역:박승호,소모역:강지후,여문역:나주석,모용희역:조인표,거보역:김덕현,무갑역:유종근,여석개역:방형주,황회역:김명수,원봉역:박유승,하무지역:윤승원,사갈현역:김철기,아신역:박정철"
20200614,DRAMAcube,084615,095519,굿캐스팅,,14회,전국,010904,드라마&영화,드라마,미니시리즈,0,0.00545,0.00683,0,0.39621,0.0144,0.09764,0.02739,0.00488,0.00596,0.01946,0.2432,0.03125,0.08112,"백찬미역:최강희,윤석호역:이상엽,임예은역:유인영,황미순역:김지영,강우원역:이준영,동관수역:이종혁,서국환역:정인기,배무혁역:박경순,간태희역:황보미,명계철역:우현,탁상기역:이상훈,옥철역:김용희,변우석역:허재호,구비서역:한수진,설영훈역:조영훈,심화란역:차수연,남봉만역:이승형,남주연역:김보윤,피철웅역:배진웅,권민석역:성혁,권소희역:노하연"
20200614,DRAMAcube,134832,145825,굿캐스팅,,13회,전국,010953,드라마&영화,드라마,미니시리즈,0,0.14482,0.08675,0,0.11251,0.06143,0.13349,0,0.12955,0.0873,0.03095,0.09857,0.34701,0.12471,"백찬미역:최강희,윤석호역:이상엽,임예은역:유인영,황미순역:김지영,강우원역:이준영,동관수역:이종혁,서국환역:정인기,배무혁역:박경순,간태희역:황보미,명계철역:우현,탁상기역:이상훈,옥철역:김용희,변우석역:허재호,구비서역:한수진,설영훈역:조영훈,심화란역:차수연,남봉만역:이승형,남주연역:김보윤,피철웅역:배진웅,권민석역:성혁,권소희역:노하연"
20200614,DRAMAcube,151155,162059,굿캐스팅,,14회,전국,010904,드라마&영화,드라마,미니시리즈,0,0.01049,0.20874,0,0.00658,0.29343,0.26664,0,0.00939,0.12294,0,0.01843,0.31929,0.30151,"백찬미역:최강희,윤석호역:이상엽,임예은역:유인영,황미순역:김지영,강우원역:이준영,동관수역:이종혁,서국환역:정인기,배무혁역:박경순,간태희역:황보미,명계철역:우현,탁상기역:이상훈,옥철역:김용희,변우석역:허재호,구비서역:한수진,설영훈역:조영훈,심화란역:차수연,남봉만역:이승형,남주연역:김보윤,피철웅역:배진웅,권민석역:성혁,권소희역:노하연"
20200614,DRAMAcube,243147,253838,낭만닥터김사부2,,5회,전국,010651,드라마&영화,드라마,미니시리즈,0,0.02591,0,0.01417,0.03236,0.03817,0.0398,0,0,0,0.00596,0.03868,0.01139,0.13456,"김사부역:한석규,서우진역:안효섭,차은재역:이성경,박민국역:김주헌,배문정역:신동욱,윤아름역:소주연,정인수역:윤나무,여운영역:김홍파,오명심역:진경,장기태역:임원희,남도일역:변우민,박은탁역:김민재,양호준역:고상호,심혜진역:박효주,허영규역:배명진,도윤완역:최진호,엄현정역:정지안,주영미역:윤보라,주지배인역:서영"
20200614,DRAMAcube,255518,255959,낭만닥터김사부2,,6회,전국,000441,드라마&영화,드라마,미니시리즈,0,0,0,0,0,0,0,0,0,0,0,0.0214,0,0,"김사부역:한석규,서우진역:안효섭,차은재역:이성경,박민국역:김주헌,배문정역:신동욱,윤아름역:소주연,정인수역:윤나무,여운영역:김홍파,오명심역:진경,장기태역:임원희,남도일역:변우민,박은탁역:김민재,양호준역:고상호,심혜진역:박효주,허영규역:배명진,도윤완역:최진호,엄현정역:정지안,주영미역:윤보라,주지배인역:서영"
20200614,DramaH,020000,025514,번외수사,,5회,전국,005514,드라마&영화,드라마,미니시리즈,0,0,0.00178,0,0,0.12247,0.00552,0,0,0,0.01492,0,0,0.048,"진강호역:차태현,강무영역:이선빈,이반석역:정상훈,테디정역:윤경호,탁원역:지승현,민대진역:박정우,맨손역:박태산,연장역:장진희,지수철역:이영석,노순이역:민경옥"
20200614,DramaH,030403,040759,영혼수선공,,11회,전국,010356,드라마&영화,드라마,미니시리즈,0.00285,0.00967,0,0.00675,0.00109,0.03606,0.00093,0,0.00102,0,0.0024,0.00926,0.00965,0.06196,"이시준역:신하균,한우주역:정소민,인동혁역:태인호,지영원역:박예진,공지선역:주민경,조인혜역:조경숙,오기태역:박수영,박대하역:정해균,이택경역:최정우,노우정역:안동구,강누리역:하영,임세찬역:장유상,공지희역:박한솔,장유미역:김가란,김영석역:김강민,송민수역:류시원"
20200614,DramaH,071259,081656,영혼수선공,,11회,전국,010357,드라마&영화,드라마,미니시리즈,0,0,0,0.00531,0,0.28348,0.08612,0,0,0,0,0.12515,0,0.12885,"이시준역:신하균,한우주역:정소민,인동혁역:태인호,지영원역:박예진,공지선역:주민경,조인혜역:조경숙,오기태역:박수영,박대하역:정해균,이택경역:최정우,노우정역:안동구,강누리역:하영,임세찬역:장유상,공지희역:박한솔,장유미역:김가란,김영석역:김강민,송민수역:류시원"
20200614,DramaH,083015,093306,영혼수선공,,12회,전국,010251,드라마&영화,드라마,미니시리즈,0,0,0,0,0,0.16952,0.12673,0,0,0,0,0,0.01018,0.07666,"이시준역:신하균,한우주역:정소민,인동혁역:태인호,지영원역:박예진,공지선역:주민경,조인혜역:조경숙,오기태역:박수영,박대하역:정해균,이택경역:최정우,노우정역:안동구,강누리역:하영,임세찬역:장유상,공지희역:박한솔,장유미역:김가란,김영석역:김강민,송민수역:류시원"
20200614,DramaH,094749,105249,바람과구름과비,,6회,전국,010500,드라마&영화,드라마,미니시리즈,0,0,0,0,0,0.1151,0.06135,0,0,0.00362,0,0,0.0998,0.0667,"최천중역:박시후,봉련역:고성희,흥선대원군이하응역:전광렬,채인규역:성혁,김병운역:김승수,김좌근역:차광수,나합역:윤아정,김병학역:한재영,조대비역:김보연,철종역:정욱,이하전역:이루,명성황후민자영역:박정연,고종이재황역:박상훈,용팔룡역:조복래,주모역:김주령,적도사진상역:한동규,팽구철역:노형욱,만석역:박노식,연치성역:임현수,반달역:왕빛나,임종사관역:허태희,최천중어린시절역:강태우,봉련어린시절역:홍승희,채인규어린시절역:최정우,상복역:허성태,민승호역:이해우,저자이병주,출판그림같은세상2020.08.28.,e북무료판매처 1건"
20200614,DramaH,111302,121405,바람과구름과비,,7회,전국,010103,드라마&영화,드라마,미니시리즈,0,0,0.08598,0,0.0027,0.19618,0.0779,0,0,0.08263,0,0.00364,0.33798,0.30295,"최천중역:박시후,봉련역:고성희,흥선대원군이하응역:전광렬,채인규역:성혁,김병운역:김승수,김좌근역:차광수,나합역:윤아정,김병학역:한재영,조대비역:김보연,철종역:정욱,이하전역:이루,명성황후민자영역:박정연,고종이재황역:박상훈,용팔룡역:조복래,주모역:김주령,적도사진상역:한동규,팽구철역:노형욱,만석역:박노식,연치성역:임현수,반달역:왕빛나,임종사관역:허태희,최천중어린시절역:강태우,봉련어린시절역:홍승희,채인규어린시절역:최정우,상복역:허성태,민승호역:이해우,저자이병주,출판그림같은세상2020.08.28.,e북무료판매처 1건"
20200614,DramaH,123248,133315,번외수사,,4회,전국,010027,드라마&영화,드라마,미니시리즈,0,0,0,0.008,0.00138,0.10899,0.00233,0,0,0,0.00176,0.01347,0.22466,0.12633,"진강호역:차태현,강무영역:이선빈,이반석역:정상훈,테디정역:윤경호,탁원역:지승현,민대진역:박정우,맨손역:박태산,연장역:장진희,지수철역:이영석,노순이역:민경옥"
20200614,DramaH,135341,145956,번외수사,,5회,전국,010615,드라마&영화,드라마,미니시리즈,0,0,0,0.09388,0.04098,0.08906,0.02812,0,0,0,0.03254,0,0.16221,0.20073,"진강호역:차태현,강무영역:이선빈,이반석역:정상훈,테디정역:윤경호,탁원역:지승현,민대진역:박정우,맨손역:박태산,연장역:장진희,지수철역:이영석,노순이역:민경옥"
20200614,DramaH,151657,162645,굿캐스팅,,13회,전국,010948,드라마&영화,드라마,미니시리즈,0,0,0,0,0,0.27166,0.00731,0,0.00307,0,0.04281,0.00283,0.12394,0.00971,"백찬미역:최강희,윤석호역:이상엽,임예은역:유인영,황미순역:김지영,강우원역:이준영,동관수역:이종혁,서국환역:정인기,배무혁역:박경순,간태희역:황보미,명계철역:우현,탁상기역:이상훈,옥철역:김용희,변우석역:허재호,구비서역:한수진,설영훈역:조영훈,심화란역:차수연,남봉만역:이승형,남주연역:김보윤,피철웅역:배진웅,권민석역:성혁,권소희역:노하연"
20200614,DramaH,164752,175651,굿캐스팅,,14회,전국,010859,드라마&영화,드라마,미니시리즈,0.02018,0,0,0.07318,0.11794,0.08549,0.03075,0,0,0.00433,0.02224,0.00789,0.11757,0.10364,"백찬미역:최강희,윤석호역:이상엽,임예은역:유인영,황미순역:김지영,강우원역:이준영,동관수역:이종혁,서국환역:정인기,배무혁역:박경순,간태희역:황보미,명계철역:우현,탁상기역:이상훈,옥철역:김용희,변우석역:허재호,구비서역:한수진,설영훈역:조영훈,심화란역:차수연,남봉만역:이승형,남주연역:김보윤,피철웅역:배진웅,권민석역:성혁,권소희역:노하연"
20200614,DramaH,201536,212023,바람과구름과비,,6회,전국,010447,드라마&영화,드라마,미니시리즈,0,0,0.04121,0.02183,0,0.00968,0.01891,0,0,0,0,0.01266,0.13863,0.01005,"최천중역:박시후,봉련역:고성희,흥선대원군이하응역:전광렬,채인규역:성혁,김병운역:김승수,김좌근역:차광수,나합역:윤아정,김병학역:한재영,조대비역:김보연,철종역:정욱,이하전역:이루,명성황후민자영역:박정연,고종이재황역:박상훈,용팔룡역:조복래,주모역:김주령,적도사진상역:한동규,팽구철역:노형욱,만석역:박노식,연치성역:임현수,반달역:왕빛나,임종사관역:허태희,최천중어린시절역:강태우,봉련어린시절역:홍승희,채인규어린시절역:최정우,상복역:허성태,민승호역:이해우,저자이병주,출판그림같은세상2020.08.28.,e북무료판매처 1건"
20200614,DramaH,214019,224110,바람과구름과비,,7회,전국,010051,드라마&영화,드라마,미니시리즈,0,0,0,0,0.02548,0.12721,0.01213,0,0,0.0011,0.00681,0.01297,0.26057,0.01536,"최천중역:박시후,봉련역:고성희,흥선대원군이하응역:전광렬,채인규역:성혁,김병운역:김승수,김좌근역:차광수,나합역:윤아정,김병학역:한재영,조대비역:김보연,철종역:정욱,이하전역:이루,명성황후민자영역:박정연,고종이재황역:박상훈,용팔룡역:조복래,주모역:김주령,적도사진상역:한동규,팽구철역:노형욱,만석역:박노식,연치성역:임현수,반달역:왕빛나,임종사관역:허태희,최천중어린시절역:강태우,봉련어린시절역:홍승희,채인규어린시절역:최정우,상복역:허성태,민승호역:이해우,저자이병주,출판그림같은세상2020.08.28.,e북무료판매처 1건"
20200614,DramaH,230327,241225,굿캐스팅,,14회,전국,010858,드라마&영화,드라마,미니시리즈,0,0,0.00788,0.00934,0.07042,0.00513,0.0484,0,0,0.00933,0,0.00794,0.04029,0.00503,"백찬미역:최강희,윤석호역:이상엽,임예은역:유인영,황미순역:김지영,강우원역:이준영,동관수역:이종혁,서국환역:정인기,배무혁역:박경순,간태희역:황보미,명계철역:우현,탁상기역:이상훈,옥철역:김용희,변우석역:허재호,구비서역:한수진,설영훈역:조영훈,심화란역:차수연,남봉만역:이승형,남주연역:김보윤,피철웅역:배진웅,권민석역:성혁,권소희역:노하연"
20200614,DramaH,242910,253509,번외수사,,5회,전국,010559,드라마&영화,드라마,미니시리즈,0,0,0.01926,0.00583,0.08835,0.03202,0,0,0,0.01935,0,0.05556,0.16011,0.11527,"진강호역:차태현,강무영역:이선빈,이반석역:정상훈,테디정역:윤경호,탁원역:지승현,민대진역:박정우,맨손역:박태산,연장역:장진희,지수철역:이영석,노순이역:민경옥"
20200614,DramaH,254741,255959,번외수사,,6회,전국,001218,드라마&영화,드라마,미니시리즈,0,0,0,0,0.08835,0,0.00124,0,0,0,0,0,0.10046,0,"진강호역:차태현,강무영역:이선빈,이반석역:정상훈,테디정역:윤경호,탁원역:지승현,민대진역:박정우,맨손역:박태산,연장역:장진희,지수철역:이영석,노순이역:민경옥"
20200614,Dramax,020000,030145,궁중잔혹사꽃들의전쟁,,15회,전국,010145,드라마&영화,드라마,주말연속극,0,0,0.0095,0,0.00654,0.00813,0.00552,0,0.00842,0,0.02882,0.00523,0,0.0046,"소용조씨역:김현주,인조역:이덕화,민회빈강씨역:송선미,김자점역:정성모,소현세자역:정성운,봉림대군역:김주영,장렬왕후조씨역:고원희,남혁역:전태수,설죽역:서이숙,박숙의역:이서연,유덕역:이설희,소용조씨어린시절역:이채미,이형익역:손병호,심기원역:김규철,김인역:우현,한옥역:정선경,장귀인역:이혜은,이상궁역:연미주,김상궁역:엄유신,언년역:정유민"
20200614,Dramax,031353,041729,궁중잔혹사꽃들의전쟁,,16회,전국,010336,드라마&영화,드라마,주말연속극,0,0,0.04234,0,0.00322,0.02935,0.00163,0,0,0.03243,0,0.00258,0.02392,0,"소용조씨역:김현주,인조역:이덕화,민회빈강씨역:송선미,김자점역:정성모,소현세자역:정성운,봉림대군역:김주영,장렬왕후조씨역:고원희,남혁역:전태수,설죽역:서이숙,박숙의역:이서연,유덕역:이설희,소용조씨어린시절역:이채미,이형익역:손병호,심기원역:김규철,김인역:우현,한옥역:정선경,장귀인역:이혜은,이상궁역:연미주,김상궁역:엄유신,언년역:정유민"
20200614,Dramax,060002,070437,너의목소리가들려,,13회,전국,010435,드라마&영화,드라마,미니시리즈,0,0.00952,0.00506,0,0.01762,0.00271,0.00176,0,0,0,0,0.01192,0.02612,0.00711,"장혜성역:이보영,박수하역:이종석,차관우역:윤상현,서도연역:이다희,어춘심역:김해숙,민준국역:정웅인,신상덕역:윤주상,서대석역:정동환,김공숙역:김광규,황달중역:김병옥,고성빈역:김가은,최유창역:최성준,김충기역:박두식,박주혁역:조덕현,도연엄마역:장희수,어린장혜성역:김소현,어린박수하역:구승현,어린서도연역:정민아,정필재역:한기원,정필승역:한기웅,변호사역:소이현,형사역:김성균,문동희역:김수연,최윤역:김민종,고아원입양담당자역:안문숙,엄기준역:엄기준,백화점손님역:안영미,경찰역:정만식,소매치기역:강남"
20200614,Dramax,071753,082207,너의목소리가들려,,14회,전국,010414,드라마&영화,드라마,미니시리즈,0,0,0,0.00382,0.0535,0.00954,0.00994,0,0,0.00298,0.10334,0.11276,0.11914,0.03032,"장혜성역:이보영,박수하역:이종석,차관우역:윤상현,서도연역:이다희,어춘심역:김해숙,민준국역:정웅인,신상덕역:윤주상,서대석역:정동환,김공숙역:김광규,황달중역:김병옥,고성빈역:김가은,최유창역:최성준,김충기역:박두식,박주혁역:조덕현,도연엄마역:장희수,어린장혜성역:김소현,어린박수하역:구승현,어린서도연역:정민아,정필재역:한기원,정필승역:한기웅,변호사역:소이현,형사역:김성균,문동희역:김수연,최윤역:김민종,고아원입양담당자역:안문숙,엄기준역:엄기준,백화점손님역:안영미,경찰역:정만식,소매치기역:강남"
20200614,Dramax,225833,240414,너의목소리가들려,,15회,전국,010541,드라마&영화,드라마,미니시리즈,0,0.00745,0,0,0.00588,0,0.04691,0,0,0,0,0.01576,0,0.11126,"장혜성역:이보영,박수하역:이종석,차관우역:윤상현,서도연역:이다희,어춘심역:김해숙,민준국역:정웅인,신상덕역:윤주상,서대석역:정동환,김공숙역:김광규,황달중역:김병옥,고성빈역:김가은,최유창역:최성준,김충기역:박두식,박주혁역:조덕현,도연엄마역:장희수,어린장혜성역:김소현,어린박수하역:구승현,어린서도연역:정민아,정필재역:한기원,정필승역:한기웅,변호사역:소이현,형사역:김성균,문동희역:김수연,최윤역:김민종,고아원입양담당자역:안문숙,엄기준역:엄기준,백화점손님역:안영미,경찰역:정만식,소매치기역:강남"
20200614,Dramax,241628,252133,너의목소리가들려,,16회,전국,010505,드라마&영화,드라마,미니시리즈,0.03409,0.16881,0.01167,0,0.05738,0.01058,0.04988,0,0.01427,0,0.01959,0.22654,0.20106,0.07578,"장혜성역:이보영,박수하역:이종석,차관우역:윤상현,서도연역:이다희,어춘심역:김해숙,민준국역:정웅인,신상덕역:윤주상,서대석역:정동환,김공숙역:김광규,황달중역:김병옥,고성빈역:김가은,최유창역:최성준,김충기역:박두식,박주혁역:조덕현,도연엄마역:장희수,어린장혜성역:김소현,어린박수하역:구승현,어린서도연역:정민아,정필재역:한기원,정필승역:한기웅,변호사역:소이현,형사역:김성균,문동희역:김수연,최윤역:김민종,고아원입양담당자역:안문숙,엄기준역:엄기준,백화점손님역:안영미,경찰역:정만식,소매치기역:강남"
20200614,E채널,100002,112243,프로듀사,,7회,전국,012241,드라마&영화,드라마,미니시리즈,0,0,0.03479,0.00728,0.10789,0.11143,0.1256,0,0.04256,0,0.03738,0.35857,0.15038,0.02367,"라준모역:차태현,탁예진역:공효진,백승찬역:김수현,신디역:아이유,박봉순역:임예진,탁예준역:김희찬,백보선역:김종수,이후남역:김혜옥,백재희역:박희본,백영찬역:박종환,백유빈역:최선영,명지훈역:강신철,김태호역:박혁권,김홍순역:김종국,장인표역:서기철,고양미역:예지원,박춘봉역:기주봉,FD역:이주승,손지연역:이채은,섭외작가역:노수산나,왕민정역:고보결,류일용역:배유람,형근역:신주환,김다정역:김선아,변미숙역:나영희,김실장역:조한철,신디로드역:최권,신혜주역:조윤희,지니역:제이니,유나역:나해령"
20200614,E채널,114242,131117,프로듀사,,8회,전국,012835,드라마&영화,드라마,미니시리즈,0.00791,0.00835,0.09305,0.00398,0.0456,0.24547,0.01348,0.01741,0.13983,0.00712,0.08471,0.59537,0.08332,0.02804,"라준모역:차태현,탁예진역:공효진,백승찬역:김수현,신디역:아이유,박봉순역:임예진,탁예준역:김희찬,백보선역:김종수,이후남역:김혜옥,백재희역:박희본,백영찬역:박종환,백유빈역:최선영,명지훈역:강신철,김태호역:박혁권,김홍순역:김종국,장인표역:서기철,고양미역:예지원,박춘봉역:기주봉,FD역:이주승,손지연역:이채은,섭외작가역:노수산나,왕민정역:고보결,류일용역:배유람,형근역:신주환,김다정역:김선아,변미숙역:나영희,김실장역:조한철,신디로드역:최권,신혜주역:조윤희,지니역:제이니,유나역:나해령"
20200614,E채널,132936,145226,프로듀사,,9회,전국,012250,드라마&영화,드라마,미니시리즈,0,0,0.55504,0.00501,0.04501,0.30705,0.00886,0,0.21958,0.43988,0.15299,0.21313,0.04285,0.16207,"라준모역:차태현,탁예진역:공효진,백승찬역:김수현,신디역:아이유,박봉순역:임예진,탁예준역:김희찬,백보선역:김종수,이후남역:김혜옥,백재희역:박희본,백영찬역:박종환,백유빈역:최선영,명지훈역:강신철,김태호역:박혁권,김홍순역:김종국,장인표역:서기철,고양미역:예지원,박춘봉역:기주봉,FD역:이주승,손지연역:이채은,섭외작가역:노수산나,왕민정역:고보결,류일용역:배유람,형근역:신주환,김다정역:김선아,변미숙역:나영희,김실장역:조한철,신디로드역:최권,신혜주역:조윤희,지니역:제이니,유나역:나해령"
20200614,E채널,151331,163955,프로듀사,,10회,전국,012624,드라마&영화,드라마,미니시리즈,0,0,0.38253,0,0.13756,0.19533,0.1372,0,0.22456,0.05059,0.42214,0.37141,0.21732,0.1223,"라준모역:차태현,탁예진역:공효진,백승찬역:김수현,신디역:아이유,박봉순역:임예진,탁예준역:김희찬,백보선역:김종수,이후남역:김혜옥,백재희역:박희본,백영찬역:박종환,백유빈역:최선영,명지훈역:강신철,김태호역:박혁권,김홍순역:김종국,장인표역:서기철,고양미역:예지원,박춘봉역:기주봉,FD역:이주승,손지연역:이채은,섭외작가역:노수산나,왕민정역:고보결,류일용역:배유람,형근역:신주환,김다정역:김선아,변미숙역:나영희,김실장역:조한철,신디로드역:최권,신혜주역:조윤희,지니역:제이니,유나역:나해령"
20200614,E채널,165644,183309,프로듀사,,11회,전국,013625,드라마&영화,드라마,미니시리즈,0,0.00462,0.58492,0,0.02679,0.16458,0.08906,0,0.06873,0.50059,0.00817,0.18329,0.22565,0.2292,"라준모역:차태현,탁예진역:공효진,백승찬역:김수현,신디역:아이유,박봉순역:임예진,탁예준역:김희찬,백보선역:김종수,이후남역:김혜옥,백재희역:박희본,백영찬역:박종환,백유빈역:최선영,명지훈역:강신철,김태호역:박혁권,김홍순역:김종국,장인표역:서기철,고양미역:예지원,박춘봉역:기주봉,FD역:이주승,손지연역:이채은,섭외작가역:노수산나,왕민정역:고보결,류일용역:배유람,형근역:신주환,김다정역:김선아,변미숙역:나영희,김실장역:조한철,신디로드역:최권,신혜주역:조윤희,지니역:제이니,유나역:나해령"
20200614,E채널,185404,204241,프로듀사,,12회,전국,014837,드라마&영화,드라마,미니시리즈,0.01657,0.00568,0.5837,0.06835,0.01339,0.27075,0.00594,0,0.24912,0.39604,0.01439,0.31078,0.28762,0.22193,"라준모역:차태현,탁예진역:공효진,백승찬역:김수현,신디역:아이유,박봉순역:임예진,탁예준역:김희찬,백보선역:김종수,이후남역:김혜옥,백재희역:박희본,백영찬역:박종환,백유빈역:최선영,명지훈역:강신철,김태호역:박혁권,김홍순역:김종국,장인표역:서기철,고양미역:예지원,박춘봉역:기주봉,FD역:이주승,손지연역:이채은,섭외작가역:노수산나,왕민정역:고보결,류일용역:배유람,형근역:신주환,김다정역:김선아,변미숙역:나영희,김실장역:조한철,신디로드역:최권,신혜주역:조윤희,지니역:제이니,유나역:나해령"
20200614,FOX채널,020000,025235,뷰티인사이드,,6회,전국,005235,드라마&영화,드라마,미니시리즈,0,0.01228,0.12181,0,0.00765,0.07243,0.04936,0,0.00985,0,0.18395,0.01937,0,0.0505,"한세계역:서현진,서도재역:이민기,강사라역:이다희,류은호역:안재현,정주환역:이태리,유우미역:문지인,임정연역:나영희,임회장역:이문수,강대식역:강남길,한숙희역:김희정,채유리역:류화영,이희섭역:김승욱,은호부역:이한위,은호모역:김예령,김이사역:이철민"
20200614,FOX채널,102449,114028,뷰티인사이드,,6회,전국,011539,드라마&영화,드라마,미니시리즈,0.2247,0.01003,0,0.04473,0.05905,0.01764,0.02321,0,0.02758,0.02444,0.02652,0.05111,0.01423,0.01361,"한세계역:서현진,서도재역:이민기,강사라역:이다희,류은호역:안재현,정주환역:이태리,유우미역:문지인,임정연역:나영희,임회장역:이문수,강대식역:강남길,한숙희역:김희정,채유리역:류화영,이희섭역:김승욱,은호부역:이한위,은호모역:김예령,김이사역:이철민"
20200614,FOX채널,144249,155830,뷰티인사이드,,6회,전국,011541,드라마&영화,드라마,미니시리즈,0.6743,0.19195,0,0,0.10576,0.03016,0.04452,0.37038,0.09324,0.02939,0,0.34145,0.10037,0.08512,"한세계역:서현진,서도재역:이민기,강사라역:이다희,류은호역:안재현,정주환역:이태리,유우미역:문지인,임정연역:나영희,임회장역:이문수,강대식역:강남길,한숙희역:김희정,채유리역:류화영,이희섭역:김승욱,은호부역:이한위,은호모역:김예령,김이사역:이철민"
20200614,JTBC2,124925,135401,쌍갑포차,,7회,전국,010436,드라마&영화,드라마,미니시리즈,0,0,0,0.18661,0.22292,0.22337,0.02067,0,0.14352,0.00753,0.04748,0.81623,0.29578,0.18054,"월주역:황정음,한강배역:육성재,귀반장역:최원영,염부장역:이준혁,강여린역:정다은,최진동역:안태환,송미란역:박하나,박대리역:박주형,김원형역:나인우"
20200614,JTBC2,141012,151545,쌍갑포차,,8회,전국,010533,드라마&영화,드라마,미니시리즈,0,0.22673,0.01812,0.05345,0.62129,0.17029,0.03035,0,0.17397,0.0906,0.12159,1.03854,0.21859,0.26209,"월주역:황정음,한강배역:육성재,귀반장역:최원영,염부장역:이준혁,강여린역:정다은,최진동역:안태환,송미란역:박하나,박대리역:박주형,김원형역:나인우"
20200614,KBS DRAMA,071541,075313,한번다녀왔습니다,,43회,전국,003732,드라마&영화,드라마,주말연속극,0,0.01078,0.19094,0.01875,0.1572,0.14501,0.26861,0,0.21342,0.25766,0.13343,0.62574,0.28309,0.57969,"송영달역:천호진,장옥분역:차화연,최윤정역:김보연,강초연역:이정은,송나희역:이민정,윤규진역:이상엽,송준선역:오대환,송가희역:오윤아,송다희역:이초희,양치수역:안길강,장옥자역:백지원,성현경역:임정은,윤재석역:이상이,박효신역:기도훈,김지훈역:문우진,이주리역:김소라,김가연역:송다은,건어물역:신미영,꽈배기역:김가영,송서영역:이가연,송서진역:안서연,이정록역:알렉스,유보영역:손성윤,유시후역:송민재,박지연역:신수정,한기영역:강유석,홍성우역:김현목,신혜정역:김미은,심정희역:이상경,오연지역:한봄,오정봉역:오의식,이종수역:장원혁,김승현역:배호근,송이역:김주영,지원역:찬희,이현역:이필모"
20200614,KBS DRAMA,075423,082608,한번다녀왔습니다,,44회,전국,003145,드라마&영화,드라마,주말연속극,0,0,0.00403,0.02601,0.30391,0.39295,0.48517,0.05401,0.16772,0.1056,0.02664,0.61615,0.20063,0.9491,"송영달역:천호진,장옥분역:차화연,최윤정역:김보연,강초연역:이정은,송나희역:이민정,윤규진역:이상엽,송준선역:오대환,송가희역:오윤아,송다희역:이초희,양치수역:안길강,장옥자역:백지원,성현경역:임정은,윤재석역:이상이,박효신역:기도훈,김지훈역:문우진,이주리역:김소라,김가연역:송다은,건어물역:신미영,꽈배기역:김가영,송서영역:이가연,송서진역:안서연,이정록역:알렉스,유보영역:손성윤,유시후역:송민재,박지연역:신수정,한기영역:강유석,홍성우역:김현목,신혜정역:김미은,심정희역:이상경,오연지역:한봄,오정봉역:오의식,이종수역:장원혁,김승현역:배호근,송이역:김주영,지원역:찬희,이현역:이필모"
20200614,KBS DRAMA,083948,091803,한번다녀왔습니다,,45회,전국,003815,드라마&영화,드라마,주말연속극,0.15488,0.12471,0,0.1452,0.53841,0.4785,0.75885,0.04093,0.08069,0.413,0.8864,0.95718,0.78895,1.11305,"송영달역:천호진,장옥분역:차화연,최윤정역:김보연,강초연역:이정은,송나희역:이민정,윤규진역:이상엽,송준선역:오대환,송가희역:오윤아,송다희역:이초희,양치수역:안길강,장옥자역:백지원,성현경역:임정은,윤재석역:이상이,박효신역:기도훈,김지훈역:문우진,이주리역:김소라,김가연역:송다은,건어물역:신미영,꽈배기역:김가영,송서영역:이가연,송서진역:안서연,이정록역:알렉스,유보영역:손성윤,유시후역:송민재,박지연역:신수정,한기영역:강유석,홍성우역:김현목,신혜정역:김미은,심정희역:이상경,오연지역:한봄,오정봉역:오의식,이종수역:장원혁,김승현역:배호근,송이역:김주영,지원역:찬희,이현역:이필모"
20200614,KBS DRAMA,091913,095002,한번다녀왔습니다,,46회,전국,003049,드라마&영화,드라마,주말연속극,0,0.12508,0.03567,0.04062,0.30279,0.80741,0.62766,0,0.27003,0.30912,0.96972,0.7092,0.6794,0.94857,"송영달역:천호진,장옥분역:차화연,최윤정역:김보연,강초연역:이정은,송나희역:이민정,윤규진역:이상엽,송준선역:오대환,송가희역:오윤아,송다희역:이초희,양치수역:안길강,장옥자역:백지원,성현경역:임정은,윤재석역:이상이,박효신역:기도훈,김지훈역:문우진,이주리역:김소라,김가연역:송다은,건어물역:신미영,꽈배기역:김가영,송서영역:이가연,송서진역:안서연,이정록역:알렉스,유보영역:손성윤,유시후역:송민재,박지연역:신수정,한기영역:강유석,홍성우역:김현목,신혜정역:김미은,심정희역:이상경,오연지역:한봄,오정봉역:오의식,이종수역:장원혁,김승현역:배호근,송이역:김주영,지원역:찬희,이현역:이필모"
20200614,KBS DRAMA,172236,180010,한번다녀왔습니다,,43회,전국,003734,드라마&영화,드라마,주말연속극,0.44429,0,0.12639,0,0.3289,0.2998,0.47748,0.65074,0.93013,0.01661,0.77658,0.23806,0.64548,0.28654,"송영달역:천호진,장옥분역:차화연,최윤정역:김보연,강초연역:이정은,송나희역:이민정,윤규진역:이상엽,송준선역:오대환,송가희역:오윤아,송다희역:이초희,양치수역:안길강,장옥자역:백지원,성현경역:임정은,윤재석역:이상이,박효신역:기도훈,김지훈역:문우진,이주리역:김소라,김가연역:송다은,건어물역:신미영,꽈배기역:김가영,송서영역:이가연,송서진역:안서연,이정록역:알렉스,유보영역:손성윤,유시후역:송민재,박지연역:신수정,한기영역:강유석,홍성우역:김현목,신혜정역:김미은,심정희역:이상경,오연지역:한봄,오정봉역:오의식,이종수역:장원혁,김승현역:배호근,송이역:김주영,지원역:찬희,이현역:이필모"
20200614,KBS DRAMA,180119,183305,한번다녀왔습니다,,44회,전국,003146,드라마&영화,드라마,주말연속극,0.38875,0,0.00513,0,0.10305,0.41057,0.53611,0.65074,0.82977,0.01607,0.73174,0.04515,0.52424,0.65868,"송영달역:천호진,장옥분역:차화연,최윤정역:김보연,강초연역:이정은,송나희역:이민정,윤규진역:이상엽,송준선역:오대환,송가희역:오윤아,송다희역:이초희,양치수역:안길강,장옥자역:백지원,성현경역:임정은,윤재석역:이상이,박효신역:기도훈,김지훈역:문우진,이주리역:김소라,김가연역:송다은,건어물역:신미영,꽈배기역:김가영,송서영역:이가연,송서진역:안서연,이정록역:알렉스,유보영역:손성윤,유시후역:송민재,박지연역:신수정,한기영역:강유석,홍성우역:김현목,신혜정역:김미은,심정희역:이상경,오연지역:한봄,오정봉역:오의식,이종수역:장원혁,김승현역:배호근,송이역:김주영,지원역:찬희,이현역:이필모"
20200614,KBS DRAMA,184613,192430,한번다녀왔습니다,,45회,전국,003817,드라마&영화,드라마,주말연속극,0.24528,0.01554,0.2417,0.03064,0.01924,0.7408,0.30829,0.68119,0.3696,0.09483,0.18589,0.0232,0.38543,0.75681,"송영달역:천호진,장옥분역:차화연,최윤정역:김보연,강초연역:이정은,송나희역:이민정,윤규진역:이상엽,송준선역:오대환,송가희역:오윤아,송다희역:이초희,양치수역:안길강,장옥자역:백지원,성현경역:임정은,윤재석역:이상이,박효신역:기도훈,김지훈역:문우진,이주리역:김소라,김가연역:송다은,건어물역:신미영,꽈배기역:김가영,송서영역:이가연,송서진역:안서연,이정록역:알렉스,유보영역:손성윤,유시후역:송민재,박지연역:신수정,한기영역:강유석,홍성우역:김현목,신혜정역:김미은,심정희역:이상경,오연지역:한봄,오정봉역:오의식,이종수역:장원혁,김승현역:배호근,송이역:김주영,지원역:찬희,이현역:이필모"
20200614,KBS DRAMA,192539,195629,한번다녀왔습니다,,46회,전국,003050,드라마&영화,드라마,주말연속극,0.73569,0.38133,0.25078,0.2384,0.09877,0.63819,0.3774,0.65721,0.30036,0.05854,0.46174,0.34406,0.47206,0.76065,"송영달역:천호진,장옥분역:차화연,최윤정역:김보연,강초연역:이정은,송나희역:이민정,윤규진역:이상엽,송준선역:오대환,송가희역:오윤아,송다희역:이초희,양치수역:안길강,장옥자역:백지원,성현경역:임정은,윤재석역:이상이,박효신역:기도훈,김지훈역:문우진,이주리역:김소라,김가연역:송다은,건어물역:신미영,꽈배기역:김가영,송서영역:이가연,송서진역:안서연,이정록역:알렉스,유보영역:손성윤,유시후역:송민재,박지연역:신수정,한기영역:강유석,홍성우역:김현목,신혜정역:김미은,심정희역:이상경,오연지역:한봄,오정봉역:오의식,이종수역:장원혁,김승현역:배호근,송이역:김주영,지원역:찬희,이현역:이필모"
20200614,KBS DRAMA,251938,255139,영혼수선공,,21회,전국,003201,드라마&영화,드라마,미니시리즈,0.09312,0,0,0,0.03015,0.36933,0.01049,0.08428,0,0.43142,0.07825,0.00167,0.18559,0,"이시준역:신하균,한우주역:정소민,인동혁역:태인호,지영원역:박예진,공지선역:주민경,조인혜역:조경숙,오기태역:박수영,박대하역:정해균,이택경역:최정우,노우정역:안동구,강누리역:하영,임세찬역:장유상,공지희역:박한솔,장유미역:김가란,김영석역:김강민,송민수역:류시원"
20200614,KBS DRAMA,255248,255959,영혼수선공,,22회,전국,000711,드라마&영화,드라마,미니시리즈,0,0,0,0,0,0.42976,0,0,0,0.43142,0,0,0.25113,0,"이시준역:신하균,한우주역:정소민,인동혁역:태인호,지영원역:박예진,공지선역:주민경,조인혜역:조경숙,오기태역:박수영,박대하역:정해균,이택경역:최정우,노우정역:안동구,강누리역:하영,임세찬역:장유상,공지희역:박한솔,장유미역:김가란,김영석역:김강민,송민수역:류시원"
20200614,KBS W,020000,022644,부부클리닉사랑과전쟁2,,109회,전국,002644,드라마&영화,드라마,단막극,0,0.07437,0.03167,0,0.1072,0.02283,0.00695,0,0.11058,0,0.07315,0,0,0.16523,"이재만,민지영,최영완,이정수,장가현,손유경,이준우"
20200614,KBS W,024010,033049,젊은이의양지,,37회,전국,005039,드라마&영화,드라마,주말연속극,0,0,0,0.02957,0,0.00148,0.0533,0,0,0,0,0.00175,0.00083,0.01887,"저자서,출판하북스2020.11.04.,e북900원판매처 4건,저자시어도어드라이저,출판일신서적출판사1995.06.01.,도서10,800원판매처 5건,저자시어도어드라이저,출판일신서적출판사1995.06.01.,리뷰1건,도서10,800원판매처 2건,저자시어도어드라이저,출판범우사1989.02.01.,저자시어도어드라이저,출판범우사1989.02.01.,저자시어도어드라이저,출판숨은책1995.10.01.,리뷰1건"
20200614,KBS W,034142,042623,젊은이의양지,,38회,전국,004441,드라마&영화,드라마,주말연속극,0,0,0,0,0.00332,0.07014,0.00559,0,0,0,0,0,0,0.01133,"저자서,출판하북스2020.11.04.,e북900원판매처 4건,저자시어도어드라이저,출판일신서적출판사1995.06.01.,도서10,800원판매처 5건,저자시어도어드라이저,출판일신서적출판사1995.06.01.,리뷰1건,도서10,800원판매처 2건,저자시어도어드라이저,출판범우사1989.02.01.,저자시어도어드라이저,출판범우사1989.02.01.,저자시어도어드라이저,출판숨은책1995.10.01.,리뷰1건"
20200614,KBS W,074402,081808,위험한약속,,49회,전국,003406,드라마&영화,드라마,일일연속극,0,0,0.03625,0,0,0.00494,0.02941,0,0,0,0,0.02272,0.02565,0.04263,"차은동역:박하나,강태인역:고세원,최준혁역:강성민,오혜원역:박영린,한지훈역:이창욱,차만종역:이대연,차은찬역:유준서,공영심역:유지연,봉석구역:현우섭,강일섭역:강신일,연두심역:이칸희,한광훈역:길용우,한서주역:김혜지,최명희역:김나운,고재숙역:윤복인,최영국역:송민형,민주란역:오영실,최준경역:이효나,이창욱역:김정운"
20200614,KBS W,081815,085207,위험한약속,,50회,전국,003352,드라마&영화,드라마,일일연속극,0,0,0,0,0,0,0.0706,0,0,0,0,0,0,0.19514,"차은동역:박하나,강태인역:고세원,최준혁역:강성민,오혜원역:박영린,한지훈역:이창욱,차만종역:이대연,차은찬역:유준서,공영심역:유지연,봉석구역:현우섭,강일섭역:강신일,연두심역:이칸희,한광훈역:길용우,한서주역:김혜지,최명희역:김나운,고재숙역:윤복인,최영국역:송민형,민주란역:오영실,최준경역:이효나,이창욱역:김정운"
20200614,KBS W,090303,093704,위험한약속,,51회,전국,003401,드라마&영화,드라마,일일연속극,0.03214,0,0,0,0.00663,0,0.19698,0,0,0,0,0.03897,0.21511,0.23372,"차은동역:박하나,강태인역:고세원,최준혁역:강성민,오혜원역:박영린,한지훈역:이창욱,차만종역:이대연,차은찬역:유준서,공영심역:유지연,봉석구역:현우섭,강일섭역:강신일,연두심역:이칸희,한광훈역:길용우,한서주역:김혜지,최명희역:김나운,고재숙역:윤복인,최영국역:송민형,민주란역:오영실,최준경역:이효나,이창욱역:김정운"
20200614,KBS W,093711,101108,위험한약속,,52회,전국,003357,드라마&영화,드라마,일일연속극,0,0,0,0,0.0032,0,0.27394,0,0,0,0,0,0,0.26298,"차은동역:박하나,강태인역:고세원,최준혁역:강성민,오혜원역:박영린,한지훈역:이창욱,차만종역:이대연,차은찬역:유준서,공영심역:유지연,봉석구역:현우섭,강일섭역:강신일,연두심역:이칸희,한광훈역:길용우,한서주역:김혜지,최명희역:김나운,고재숙역:윤복인,최영국역:송민형,민주란역:오영실,최준경역:이효나,이창욱역:김정운"
20200614,KBS W,112910,123042,연애의발견,,9회,전국,010132,드라마&영화,드라마,미니시리즈,0,0,0,0.06711,0,0,0,0,0,0.14253,0,0.2286,0.00215,0,"한여름역:정유미,강태하역:에릭,남하진역:성준,안아림역:윤진이,도준호역:윤현민,윤솔역:김슬기,신윤희역:김혜옥,배민수역:안석환,하진모역:성병숙,윤정목역:이승준,장기은역:정수영,최은규역:구원,남하진의맞선녀역:최희,택시기사역:이문식,개그우먼역:정주리,당구선생역:차유람,한재식역:남경읍,공방손님역:유아인,다연역:박아인"
20200614,KBS W,124239,134551,연애의발견,,10회,전국,010312,드라마&영화,드라마,미니시리즈,0.05215,0,0.02592,0,0,0,0.00366,0,0,0,0.00415,0.24405,0.0107,0.00165,"한여름역:정유미,강태하역:에릭,남하진역:성준,안아림역:윤진이,도준호역:윤현민,윤솔역:김슬기,신윤희역:김혜옥,배민수역:안석환,하진모역:성병숙,윤정목역:이승준,장기은역:정수영,최은규역:구원,남하진의맞선녀역:최희,택시기사역:이문식,개그우먼역:정주리,당구선생역:차유람,한재식역:남경읍,공방손님역:유아인,다연역:박아인"
20200614,KBS W,135846,145841,연애의발견,,11회,전국,005955,드라마&영화,드라마,미니시리즈,0,0,0,0.03414,0.01994,0.00294,0.01242,0,0,0.05237,0.02683,0.23127,0.15942,0.0296,"한여름역:정유미,강태하역:에릭,남하진역:성준,안아림역:윤진이,도준호역:윤현민,윤솔역:김슬기,신윤희역:김혜옥,배민수역:안석환,하진모역:성병숙,윤정목역:이승준,장기은역:정수영,최은규역:구원,남하진의맞선녀역:최희,택시기사역:이문식,개그우먼역:정주리,당구선생역:차유람,한재식역:남경읍,공방손님역:유아인,다연역:박아인"
20200614,KBS W,151031,161010,연애의발견,,12회,전국,005939,드라마&영화,드라마,미니시리즈,0,0,0,0,0,0.00316,0.03114,0,0,0.00944,0,0.2286,0.00211,0.03813,"한여름역:정유미,강태하역:에릭,남하진역:성준,안아림역:윤진이,도준호역:윤현민,윤솔역:김슬기,신윤희역:김혜옥,배민수역:안석환,하진모역:성병숙,윤정목역:이승준,장기은역:정수영,최은규역:구원,남하진의맞선녀역:최희,택시기사역:이문식,개그우먼역:정주리,당구선생역:차유람,한재식역:남경읍,공방손님역:유아인,다연역:박아인"
20200614,KBS W,162402,172252,연애의발견,,13회,전국,005850,드라마&영화,드라마,미니시리즈,0,0,0,0.04563,0.15663,0.04419,0.14651,0,0.11329,0,0,0.29485,0.00358,0.18155,"한여름역:정유미,강태하역:에릭,남하진역:성준,안아림역:윤진이,도준호역:윤현민,윤솔역:김슬기,신윤희역:김혜옥,배민수역:안석환,하진모역:성병숙,윤정목역:이승준,장기은역:정수영,최은규역:구원,남하진의맞선녀역:최희,택시기사역:이문식,개그우먼역:정주리,당구선생역:차유람,한재식역:남경읍,공방손님역:유아인,다연역:박아인"
20200614,KBS W,173448,183339,연애의발견,,14회,전국,005851,드라마&영화,드라마,미니시리즈,0.05697,0,0,0.02227,0.25531,0.01133,0.10233,0.03309,0,0.00799,0.01898,0.15681,0.02603,0.07365,"한여름역:정유미,강태하역:에릭,남하진역:성준,안아림역:윤진이,도준호역:윤현민,윤솔역:김슬기,신윤희역:김혜옥,배민수역:안석환,하진모역:성병숙,윤정목역:이승준,장기은역:정수영,최은규역:구원,남하진의맞선녀역:최희,택시기사역:이문식,개그우먼역:정주리,당구선생역:차유람,한재식역:남경읍,공방손님역:유아인,다연역:박아인"
20200614,KBS W,184633,194524,연애의발견,,15회,전국,005851,드라마&영화,드라마,미니시리즈,0,0,0,0,0.08765,0,0.10644,0,0.01099,0,0,0.02463,0,0.1249,"한여름역:정유미,강태하역:에릭,남하진역:성준,안아림역:윤진이,도준호역:윤현민,윤솔역:김슬기,신윤희역:김혜옥,배민수역:안석환,하진모역:성병숙,윤정목역:이승준,장기은역:정수영,최은규역:구원,남하진의맞선녀역:최희,택시기사역:이문식,개그우먼역:정주리,당구선생역:차유람,한재식역:남경읍,공방손님역:유아인,다연역:박아인"
20200614,KBS W,195746,205556,연애의발견,,16회,전국,005810,드라마&영화,드라마,미니시리즈,0,0,0,0,0.19407,0.01708,0.01942,0,0,0.00156,0.05692,0.22043,0.01086,0.00359,"한여름역:정유미,강태하역:에릭,남하진역:성준,안아림역:윤진이,도준호역:윤현민,윤솔역:김슬기,신윤희역:김혜옥,배민수역:안석환,하진모역:성병숙,윤정목역:이승준,장기은역:정수영,최은규역:구원,남하진의맞선녀역:최희,택시기사역:이문식,개그우먼역:정주리,당구선생역:차유람,한재식역:남경읍,공방손님역:유아인,다연역:박아인"
20200614,KBS W,243757,254355,부부클리닉사랑과전쟁2,,110회,전국,010558,드라마&영화,드라마,단막극,0,0,0,0,0,0.03054,0.09687,0,0,0.04232,0,0,0.00457,0.11619,"이재만,민지영,최영완,이정수,장가현,손유경,이준우"
20200614,KBS W,255646,255959,젊은이의양지,,39회,전국,000313,드라마&영화,드라마,주말연속극,0,0,0,0,0,0,0.1332,0,0,0,0,0,0,0.15977,"저자서,출판하북스2020.11.04.,e북900원판매처 4건,저자시어도어드라이저,출판일신서적출판사1995.06.01.,도서10,800원판매처 5건,저자시어도어드라이저,출판일신서적출판사1995.06.01.,리뷰1건,도서10,800원판매처 2건,저자시어도어드라이저,출판범우사1989.02.01.,저자시어도어드라이저,출판범우사1989.02.01.,저자시어도어드라이저,출판숨은책1995.10.01.,리뷰1건"
20200614,K-STAR,095226,105801,부부클리닉사랑과전쟁,,419회,전국,010535,드라마&영화,드라마,주간연속극,0.08192,0,0.00498,0.06485,0.05218,0.11486,0.06546,0,0,0.03428,0.11198,0.18947,0.11285,0.23369,"이재만,민지영,최영완,이정수,장가현,손유경,이준우"
20200614,KTV,080130,085613,대추나무사랑걸렸네,,143회,전국,005443,드라마&영화,드라마,시추에이션드라마,0,0,0,0,0,0,0.1185,0,0,0,0,0.00297,0,0.06559,"박덕보역:김성겸,박태민역:백일섭,두심역:윤미라,순자역:송채환,현욱역:심양홍,현숙역:서혜린,만길역:권용운,상훈역:안병경,유분역:은세연"
20200614,KTV,120202,125709,대추나무사랑걸렸네,,144회,전국,005507,드라마&영화,드라마,시추에이션드라마,0,0,0,0,0,0.00483,0.00132,0,0,0,0,0,0.00548,0.01513,"박덕보역:김성겸,박태민역:백일섭,두심역:윤미라,순자역:송채환,현욱역:심양홍,현숙역:서혜린,만길역:권용운,상훈역:안병경,유분역:은세연"
20200614,KTV,140200,143735,전원일기,,307회,전국,003535,드라마&영화,드라마,주말연속극,0,0,0,0,0,0.04865,0.09718,0,0,0,0,0,0.06827,0.07885,"최불암,김혜자,김용건,김수미,고두심,유인촌,정대홍"
20200614,KTV,172829,180850,전원일기,,308회,전국,004021,드라마&영화,드라마,주말연속극,0,0,0.01266,0,0.00138,0.00589,0.09613,0,0,0,0,0.0012,0.03794,0.06843,"최불암,김혜자,김용건,김수미,고두심,유인촌,정대홍"
20200614,KTV,194744,203852,파랑새는있다,,27회,전국,005108,드라마&영화,드라마,주간연속극,0,0,0,0,0,0.00235,0.3452,0,0,0,0,0,0,0.1782,"이상인,정선경,백윤식,송경철,박남현,한진희,동방우,양금석"
20200614,KTV,210041,213618,전원일기,,307회,전국,003537,드라마&영화,드라마,주말연속극,0,0,0.14969,0,0,0.06474,0.21227,0,0,0.10613,0,0.01218,0.06586,0.19608,"최불암,김혜자,김용건,김수미,고두심,유인촌,정대홍"
20200614,KTV,213814,223322,대추나무사랑걸렸네,,144회,전국,005508,드라마&영화,드라마,시추에이션드라마,0,0,0.13741,0,0.0082,0.07368,0.24332,0,0,0.18573,0.11186,0.00583,0.03602,0.34053,"박덕보역:김성겸,박태민역:백일섭,두심역:윤미라,순자역:송채환,현욱역:심양홍,현숙역:서혜린,만길역:권용운,상훈역:안병경,유분역:은세연"
20200614,KTV,234115,243223,파랑새는있다,,27회,전국,005108,드라마&영화,드라마,주간연속극,0,0,0.05853,0,0,0,0.05423,0,0,0.16024,0.05127,0,0.02745,0.14789,"이상인,정선경,백윤식,송경철,박남현,한진희,동방우,양금석"
20200614,KTV,243359,251303,전원일기,,309회,전국,003904,드라마&영화,드라마,주말연속극,0,0,0,0,0.00578,0,0.17621,0,0,0.18573,0,0,0,0.19941,"최불암,김혜자,김용건,김수미,고두심,유인촌,정대홍"
20200614,O tvN,021613,034142,화유기,,4회,전국,012529,드라마&영화,드라마,미니시리즈,0,0.04039,0.06707,0,0.10379,0.07315,0.00279,0,0.03473,0.05908,0.1315,0.12748,0.00672,0,"손오공역:이승기,우마왕역:차승원,진선미역:오연서,저팔계역:이홍기,사오정역:장광,마비서역:이엘,이한주역:김성오,앨리스역:윤보라,좀비소녀역:이세영,수보리조사역:성지루,동장군역:성혁,강대성역:송종호,조나단역:마이클리,진선미어린시절역:갈소원,공작역:장근석,나찰녀역:김지수"
20200614,O tvN,082335,093524,오마이베이비,,9회,전국,011149,드라마&영화,드라마,미니시리즈,0,0,0.19158,0,0.03869,0.08884,0.12462,0.03396,0.05746,0.22231,0,0.02686,0.24516,0.04698,"장하리역:장나라,한이상역:고준,윤재영역:박병은,최강으뜸역:정건주,이옥란역:김혜옥,남수철역:조희봉,김은영역:이미도,김철중역:유승목,주승태역:전진기,박연호역:백승희,최효주역:박수영,주선생역:문현정,심정화역:김재화,이소윤역:정라엘,이옥희역:김예령,박재한역:이한위,김상희역:손화령,순남역:이주실,조회장역:장광,조아저씨역:최홍일,강효주역:전혜빈"
20200614,O tvN,094941,105807,오마이베이비,,10회,전국,010826,드라마&영화,드라마,미니시리즈,0,0,0.12215,0,0,0.06505,0.12431,0.00254,0,0.12294,0.07295,0.27577,0.14926,0.07701,"장하리역:장나라,한이상역:고준,윤재영역:박병은,최강으뜸역:정건주,이옥란역:김혜옥,남수철역:조희봉,김은영역:이미도,김철중역:유승목,주승태역:전진기,박연호역:백승희,최효주역:박수영,주선생역:문현정,심정화역:김재화,이소윤역:정라엘,이옥희역:김예령,박재한역:이한위,김상희역:손화령,순남역:이주실,조회장역:장광,조아저씨역:최홍일,강효주역:전혜빈"
20200614,O tvN,111612,124153,사랑의불시착,,10회,전국,012541,드라마&영화,드라마,미니시리즈,0,0,0.2012,0.02131,0,0.43872,0.16745,0,0,0.23538,0.15098,0.37875,0.24251,0.21079,"리정혁역:현빈,윤세리역:손예진,서단역:서지혜,구승준역:김정현,리충렬역:전국환,김윤희역:정애리,리무혁역:하석진,표치수역:양경원,박광범역:이신영,김주먹역:유수빈,금은동역:탕준상,윤증평역:남경읍,한정연역:방은진,윤세준역:최대훈,도혜지역:황우슬혜,윤세형역:박형수,고상아역:윤지민,홍창식역:고규필,박수찬역:임철수,고명은역:장혜진,고명석역:박명훈,천사장역:홍우진,오과장역:윤상훈,나월숙역:김선영,마영애역:김정난,현명순역:장소연,양옥금역:차청화,조철강역:오만석,정만복역:김영민,택시기사역:박성웅,차상우역:정경호,동구역:김수현,최지우역:최지우"
20200614,O tvN,125755,142624,사랑의불시착,,11회,전국,012829,드라마&영화,드라마,미니시리즈,0,0.45194,0.13522,0.16881,0.22705,0.41802,0.36827,0,0.27399,0.16193,1.05871,0.94311,0.28272,0.3177,"리정혁역:현빈,윤세리역:손예진,서단역:서지혜,구승준역:김정현,리충렬역:전국환,김윤희역:정애리,리무혁역:하석진,표치수역:양경원,박광범역:이신영,김주먹역:유수빈,금은동역:탕준상,윤증평역:남경읍,한정연역:방은진,윤세준역:최대훈,도혜지역:황우슬혜,윤세형역:박형수,고상아역:윤지민,홍창식역:고규필,박수찬역:임철수,고명은역:장혜진,고명석역:박명훈,천사장역:홍우진,오과장역:윤상훈,나월숙역:김선영,마영애역:김정난,현명순역:장소연,양옥금역:차청화,조철강역:오만석,정만복역:김영민,택시기사역:박성웅,차상우역:정경호,동구역:김수현,최지우역:최지우"
20200614,O tvN,144526,162303,사랑의불시착,,12회,전국,013737,드라마&영화,드라마,미니시리즈,0,0.1809,0,0.26337,0.26772,0.15178,0.29704,0,0.00272,0.10586,0.26605,0.83912,0.40542,0.26721,"리정혁역:현빈,윤세리역:손예진,서단역:서지혜,구승준역:김정현,리충렬역:전국환,김윤희역:정애리,리무혁역:하석진,표치수역:양경원,박광범역:이신영,김주먹역:유수빈,금은동역:탕준상,윤증평역:남경읍,한정연역:방은진,윤세준역:최대훈,도혜지역:황우슬혜,윤세형역:박형수,고상아역:윤지민,홍창식역:고규필,박수찬역:임철수,고명은역:장혜진,고명석역:박명훈,천사장역:홍우진,오과장역:윤상훈,나월숙역:김선영,마영애역:김정난,현명순역:장소연,양옥금역:차청화,조철강역:오만석,정만복역:김영민,택시기사역:박성웅,차상우역:정경호,동구역:김수현,최지우역:최지우"
20200614,O tvN,164358,181007,사랑의불시착,,13회,전국,012609,드라마&영화,드라마,미니시리즈,0.01954,0.04637,0.0519,0.25515,0.34703,0.17284,0.25662,0,0,0.16958,0.07235,0.38208,0.38488,0.4244,"리정혁역:현빈,윤세리역:손예진,서단역:서지혜,구승준역:김정현,리충렬역:전국환,김윤희역:정애리,리무혁역:하석진,표치수역:양경원,박광범역:이신영,김주먹역:유수빈,금은동역:탕준상,윤증평역:남경읍,한정연역:방은진,윤세준역:최대훈,도혜지역:황우슬혜,윤세형역:박형수,고상아역:윤지민,홍창식역:고규필,박수찬역:임철수,고명은역:장혜진,고명석역:박명훈,천사장역:홍우진,오과장역:윤상훈,나월숙역:김선영,마영애역:김정난,현명순역:장소연,양옥금역:차청화,조철강역:오만석,정만복역:김영민,택시기사역:박성웅,차상우역:정경호,동구역:김수현,최지우역:최지우"
20200614,O tvN,183413,200704,사랑의불시착,,14회,전국,013251,드라마&영화,드라마,미니시리즈,0.00201,0.02869,0.11296,0.14376,0.07363,0.19343,0.21163,0,0.0754,0.27259,0.01686,0.34459,0.34379,0.42202,"리정혁역:현빈,윤세리역:손예진,서단역:서지혜,구승준역:김정현,리충렬역:전국환,김윤희역:정애리,리무혁역:하석진,표치수역:양경원,박광범역:이신영,김주먹역:유수빈,금은동역:탕준상,윤증평역:남경읍,한정연역:방은진,윤세준역:최대훈,도혜지역:황우슬혜,윤세형역:박형수,고상아역:윤지민,홍창식역:고규필,박수찬역:임철수,고명은역:장혜진,고명석역:박명훈,천사장역:홍우진,오과장역:윤상훈,나월숙역:김선영,마영애역:김정난,현명순역:장소연,양옥금역:차청화,조철강역:오만석,정만복역:김영민,택시기사역:박성웅,차상우역:정경호,동구역:김수현,최지우역:최지우"
20200614,O tvN,202829,215520,사랑의불시착,,15회,전국,012651,드라마&영화,드라마,미니시리즈,0,0.25577,0.02106,0.04224,0.23128,0.09868,0.20044,0.01037,0.65631,0.02646,0.02169,0.75528,0.27405,0.32626,"리정혁역:현빈,윤세리역:손예진,서단역:서지혜,구승준역:김정현,리충렬역:전국환,김윤희역:정애리,리무혁역:하석진,표치수역:양경원,박광범역:이신영,김주먹역:유수빈,금은동역:탕준상,윤증평역:남경읍,한정연역:방은진,윤세준역:최대훈,도혜지역:황우슬혜,윤세형역:박형수,고상아역:윤지민,홍창식역:고규필,박수찬역:임철수,고명은역:장혜진,고명석역:박명훈,천사장역:홍우진,오과장역:윤상훈,나월숙역:김선영,마영애역:김정난,현명순역:장소연,양옥금역:차청화,조철강역:오만석,정만복역:김영민,택시기사역:박성웅,차상우역:정경호,동구역:김수현,최지우역:최지우"
20200614,O tvN,221447,240810,사랑의불시착,,16회,전국,015323,드라마&영화,드라마,미니시리즈,0.01106,0.25334,0.01852,0.00773,0.57213,0.17302,0.23501,0.33845,0.12331,0.31827,0.19087,1.21199,0.38257,0.23413,"리정혁역:현빈,윤세리역:손예진,서단역:서지혜,구승준역:김정현,리충렬역:전국환,김윤희역:정애리,리무혁역:하석진,표치수역:양경원,박광범역:이신영,김주먹역:유수빈,금은동역:탕준상,윤증평역:남경읍,한정연역:방은진,윤세준역:최대훈,도혜지역:황우슬혜,윤세형역:박형수,고상아역:윤지민,홍창식역:고규필,박수찬역:임철수,고명은역:장혜진,고명석역:박명훈,천사장역:홍우진,오과장역:윤상훈,나월숙역:김선영,마영애역:김정난,현명순역:장소연,양옥금역:차청화,조철강역:오만석,정만복역:김영민,택시기사역:박성웅,차상우역:정경호,동구역:김수현,최지우역:최지우"
20200614,O tvN,242917,255231,화유기,,5회,전국,012314,드라마&영화,드라마,미니시리즈,0.10191,0.08475,0.00708,0.04983,0.06171,0.15892,0.13731,0,0,0.34878,0.22355,0.02019,0.24332,0.06139,"손오공역:이승기,우마왕역:차승원,진선미역:오연서,저팔계역:이홍기,사오정역:장광,마비서역:이엘,이한주역:김성오,앨리스역:윤보라,좀비소녀역:이세영,수보리조사역:성지루,동장군역:성혁,강대성역:송종호,조나단역:마이클리,진선미어린시절역:갈소원,공작역:장근석,나찰녀역:김지수"
20200614,OCN,064821,075229,번외수사,,7회,전국,010408,드라마&영화,드라마,미니시리즈,0,0,0,0.15366,0.33273,0.57209,0.2839,0,0,0.00614,0.44163,0.25001,0.3562,0.31752,"진강호역:차태현,강무영역:이선빈,이반석역:정상훈,테디정역:윤경호,탁원역:지승현,민대진역:박정우,맨손역:박태산,연장역:장진희,지수철역:이영석,노순이역:민경옥"
20200614,OCN,151324,161831,번외수사,,7회,전국,010507,드라마&영화,드라마,미니시리즈,0,0.01113,0,0.3008,0.06061,0.72169,0.08624,0.31032,0.36848,0.00775,0.18736,0.77224,0.57778,0.39295,"진강호역:차태현,강무영역:이선빈,이반석역:정상훈,테디정역:윤경호,탁원역:지승현,민대진역:박정우,맨손역:박태산,연장역:장진희,지수철역:이영석,노순이역:민경옥"
20200614,OCN,214030,224538,번외수사,,7회,전국,010508,드라마&영화,드라마,미니시리즈,0,0.60329,0.2755,1.07576,1.14459,1.37768,0.62689,0,0.81373,0.79128,0.66177,1.68015,0.71374,0.77225,"진강호역:차태현,강무영역:이선빈,이반석역:정상훈,테디정역:윤경호,탁원역:지승현,민대진역:박정우,맨손역:박태산,연장역:장진희,지수철역:이영석,노순이역:민경옥"
20200614,OCN,225902,240621,번외수사,,8회,전국,010719,드라마&영화,드라마,미니시리즈,0.60027,0.46406,1.51268,3.12306,4.00666,2.98576,0.89091,1.27834,1.40933,1.50804,2.79474,4.28592,2.03319,0.81422,"진강호역:차태현,강무영역:이선빈,이반석역:정상훈,테디정역:윤경호,탁원역:지승현,민대진역:박정우,맨손역:박태산,연장역:장진희,지수철역:이영석,노순이역:민경옥"
20200614,On Style,080033,090617,위대한쇼,,7회,전국,010544,드라마&영화,드라마,미니시리즈,0,0.00952,0,0.00313,0,0.02542,0.02257,0,0,0,0,0.00493,0.07799,0.08947,"위대한역:송승헌,정수현역:이선빈,강준호역:임주환,한다정역:노정의,한탁역:정준원,한태풍역:김준,한송이역:박예나,김혜진역:박하나,강경훈역:손병호,정종철역:이원종,최정우역:한상혁,양미숙역:김현,정한수역:유성주,구피디역:유장영,고봉주역:김동영,안작가역:송지현,마작가역:표혜림,한동남역:강성진,정지현역:강은아,위대한어린시절역:이도현"
20200614,On Style,090707,101241,위대한쇼,,8회,전국,010534,드라마&영화,드라마,미니시리즈,0,0,0,0.037,0.02049,0.01452,0.00172,0,0,0.00137,0.011,0.07357,0,0.00464,"위대한역:송승헌,정수현역:이선빈,강준호역:임주환,한다정역:노정의,한탁역:정준원,한태풍역:김준,한송이역:박예나,김혜진역:박하나,강경훈역:손병호,정종철역:이원종,최정우역:한상혁,양미숙역:김현,정한수역:유성주,구피디역:유장영,고봉주역:김동영,안작가역:송지현,마작가역:표혜림,한동남역:강성진,정지현역:강은아,위대한어린시절역:이도현"
20200614,SBS플러스,190050,201724,더킹영원의군주,,16회,전국,011634,드라마&영화,드라마,미니시리즈,1.47175,0.17946,0.04174,0.15457,0.94213,0.73369,0.07335,0.17902,0.03467,0.03346,0.25274,1.53238,0.54189,0.03902,"이곤역:이민호,정태을역:김고은,조은섭역:우도환,조영역:우도환,강신재역:김경남,구서령역:정은채,이림역:이정진,루나역:김고은,노옥남역:김영옥,정도인역:전배수,송정혜역:서정연,박문식역:박원상,장미카엘역:강홍석,이종인역:전무송,명나리역:김용지,명승아역:김용지,유경무역:이해영,민화연역:황영희,박지영역:박지연,모비서역:백현주,석호필역:이홍내"
20200614,SBS플러스,240616,251413,굿캐스팅,,13회,전국,010757,드라마&영화,드라마,미니시리즈,0,0.00712,0.08915,0.04975,0.17962,0.42385,0.04156,0,0,0.07934,0.12942,0.25002,0.13006,0.08573,"백찬미역:최강희,윤석호역:이상엽,임예은역:유인영,황미순역:김지영,강우원역:이준영,동관수역:이종혁,서국환역:정인기,배무혁역:박경순,간태희역:황보미,명계철역:우현,탁상기역:이상훈,옥철역:김용희,변우석역:허재호,구비서역:한수진,설영훈역:조영훈,심화란역:차수연,남봉만역:이승형,남주연역:김보윤,피철웅역:배진웅,권민석역:성혁,권소희역:노하연"
20200614,SBS플러스,252948,255959,굿캐스팅,,14회,전국,003011,드라마&영화,드라마,미니시리즈,0,0,0.00242,0.36246,0.27899,0.57962,0,0,0,0.03714,0.07384,0.60022,0.09147,0.00627,"백찬미역:최강희,윤석호역:이상엽,임예은역:유인영,황미순역:김지영,강우원역:이준영,동관수역:이종혁,서국환역:정인기,배무혁역:박경순,간태희역:황보미,명계철역:우현,탁상기역:이상훈,옥철역:김용희,변우석역:허재호,구비서역:한수진,설영훈역:조영훈,심화란역:차수연,남봉만역:이승형,남주연역:김보윤,피철웅역:배진웅,권민석역:성혁,권소희역:노하연"
20200614,SKY,091556,102550,굿캐스팅,,13회,전국,010954,드라마&영화,드라마,미니시리즈,0,0,0.00286,0.01189,0.00409,0.00865,0.04316,0,0,0.00138,0.13441,0.07482,0.17266,0.03448,"백찬미역:최강희,윤석호역:이상엽,임예은역:유인영,황미순역:김지영,강우원역:이준영,동관수역:이종혁,서국환역:정인기,배무혁역:박경순,간태희역:황보미,명계철역:우현,탁상기역:이상훈,옥철역:김용희,변우석역:허재호,구비서역:한수진,설영훈역:조영훈,심화란역:차수연,남봉만역:이승형,남주연역:김보윤,피철웅역:배진웅,권민석역:성혁,권소희역:노하연"
20200614,SKY,104341,115249,굿캐스팅,,14회,전국,010908,드라마&영화,드라마,미니시리즈,0.08929,0.05503,0,0,0.05455,0.04286,0.1188,0,0,0.00399,0.10294,0.12647,0.20174,0.15715,"백찬미역:최강희,윤석호역:이상엽,임예은역:유인영,황미순역:김지영,강우원역:이준영,동관수역:이종혁,서국환역:정인기,배무혁역:박경순,간태희역:황보미,명계철역:우현,탁상기역:이상훈,옥철역:김용희,변우석역:허재호,구비서역:한수진,설영훈역:조영훈,심화란역:차수연,남봉만역:이승형,남주연역:김보윤,피철웅역:배진웅,권민석역:성혁,권소희역:노하연"
20200614,SKY,154250,165247,굿캐스팅,,13회,전국,010957,드라마&영화,드라마,미니시리즈,0,0,0,0.00699,0.02354,0.00772,0.01401,0,0,0.04481,0,0.07779,0.01859,0.00104,"백찬미역:최강희,윤석호역:이상엽,임예은역:유인영,황미순역:김지영,강우원역:이준영,동관수역:이종혁,서국환역:정인기,배무혁역:박경순,간태희역:황보미,명계철역:우현,탁상기역:이상훈,옥철역:김용희,변우석역:허재호,구비서역:한수진,설영훈역:조영훈,심화란역:차수연,남봉만역:이승형,남주연역:김보윤,피철웅역:배진웅,권민석역:성혁,권소희역:노하연"
20200614,SKY,170314,181224,굿캐스팅,,14회,전국,010910,드라마&영화,드라마,미니시리즈,0,0,0,0.08513,0.05988,0.06623,0.01831,0,0.02782,0.03207,0.08758,0.19789,0.07413,0.01082,"백찬미역:최강희,윤석호역:이상엽,임예은역:유인영,황미순역:김지영,강우원역:이준영,동관수역:이종혁,서국환역:정인기,배무혁역:박경순,간태희역:황보미,명계철역:우현,탁상기역:이상훈,옥철역:김용희,변우석역:허재호,구비서역:한수진,설영훈역:조영훈,심화란역:차수연,남봉만역:이승형,남주연역:김보윤,피철웅역:배진웅,권민석역:성혁,권소희역:노하연"
20200614,SKY,232123,243119,굿캐스팅,,13회,전국,010956,드라마&영화,드라마,미니시리즈,0,0,0,0.0083,0,0.05329,0.01954,0,0,0.00389,0,0.08779,0.06384,0.02315,"백찬미역:최강희,윤석호역:이상엽,임예은역:유인영,황미순역:김지영,강우원역:이준영,동관수역:이종혁,서국환역:정인기,배무혁역:박경순,간태희역:황보미,명계철역:우현,탁상기역:이상훈,옥철역:김용희,변우석역:허재호,구비서역:한수진,설영훈역:조영훈,심화란역:차수연,남봉만역:이승형,남주연역:김보윤,피철웅역:배진웅,권민석역:성혁,권소희역:노하연"
20200614,SKY,244658,255608,굿캐스팅,,14회,전국,010910,드라마&영화,드라마,미니시리즈,0,0,0.01661,0,0.14681,0.28579,0.0871,0,0,0.00195,0.06838,0.01693,0.08171,0.04271,"백찬미역:최강희,윤석호역:이상엽,임예은역:유인영,황미순역:김지영,강우원역:이준영,동관수역:이종혁,서국환역:정인기,배무혁역:박경순,간태희역:황보미,명계철역:우현,탁상기역:이상훈,옥철역:김용희,변우석역:허재호,구비서역:한수진,설영훈역:조영훈,심화란역:차수연,남봉만역:이승형,남주연역:김보윤,피철웅역:배진웅,권민석역:성혁,권소희역:노하연"
20200614,ONCE,020947,024009,황후의품격,,17회,전국,003022,드라마&영화,드라마,미니시리즈,0.02934,0.01338,0,0,0.00839,0.01862,0,0,0,0,0,0.1833,0.02112,0,"오써니역:장나라,나왕식역:최진혁,이혁역:신성록,민유라역:이엘리야,태후강씨역:신은경,이윤역:오승윤,서강희역:윤소이,아리역:오아린,태황태후조씨역:박원숙,소진공주역:이희진,소현황후역:신고은,오금모역:윤다훈,오헬로역:스테파니리,변선생역:김명수,마필주역:윤주만,백도희역:황영희,나동식역:오한결,최팀장역:이수련,홍팀장역:김민옥,형사역:조동혁,수상역:고세원,나왕식역:태항호,사군자역:김수미,안형사역:안내상,강주승역:유건"
20200614,ONCE,024119,031104,황후의품격,,18회,전국,002945,드라마&영화,드라마,미니시리즈,0,0,0,0,0,0,0,0,0,0,0.07234,0.01826,0,0.04294,"오써니역:장나라,나왕식역:최진혁,이혁역:신성록,민유라역:이엘리야,태후강씨역:신은경,이윤역:오승윤,서강희역:윤소이,아리역:오아린,태황태후조씨역:박원숙,소진공주역:이희진,소현황후역:신고은,오금모역:윤다훈,오헬로역:스테파니리,변선생역:김명수,마필주역:윤주만,백도희역:황영희,나동식역:오한결,최팀장역:이수련,홍팀장역:김민옥,형사역:조동혁,수상역:고세원,나왕식역:태항호,사군자역:김수미,안형사역:안내상,강주승역:유건"
20200614,ONCE,060312,064851,전원일기,,424회,전국,004539,드라마&영화,드라마,주말연속극,0,0,0.025,0.02724,0.02412,0.01341,0.00675,0,0,0,0,0,0.00814,0.00952,"최불암,김혜자,김용건,김수미,고두심,유인촌,정대홍"
20200614,ONCE,070155,074537,전원일기,,425회,전국,004342,드라마&영화,드라마,주말연속극,0,0,0.00747,0,0,0.004,0.23835,0,0,0.00959,0,0.01821,0.10672,0.12694,"최불암,김혜자,김용건,김수미,고두심,유인촌,정대홍"
20200614,ONCE,075437,085720,동이,,49회,전국,010243,드라마&영화,드라마,주간연속극,0,0,0.0066,0.06012,0.0098,0.00308,0.02871,0,0.01263,0,0,0.00785,0.00166,0.03136,"동이역:한효주,숙종역:지진희,희빈장씨역:이소연,차천수역:배수빈,서용기역:정진영,인현왕후역:박하선,오태석역:정동환,이종욱역:이정훈,홍태윤역:손일권,박도식역:최재호,도승지역:신국,오호양역:여호민,황주식역:이희도,정인국역:나성균,최효원역:천호진,장익헌역:이재용,김환역:정인기,은금역:한다민,오태풍역:이계인,태풍처역:이숙,장희재역:김유석,설희역:김혜진,게둬라부역:정은표,오윤역:최철호,게둬라역:최수한,심운택역:김동윤,동이어린시절역:김유정,봉상궁역:김소이,조상궁역:안여진,유상궁역:임성민,정임역:정유미,애종역:강유미,시비역:오은호,미지역:최하나,대전내관역:정선일,명성대비역:박정수,정상궁역:김혜선,영달역:이광수,최동주역:정성운,장무열역:최종환,이금역:이형석,경종역:윤찬,김구선역:맹상훈,인원왕후역:오연서"
20200614,ONCE,091135,101313,동이,,50회,전국,010138,드라마&영화,드라마,주간연속극,0,0,0,0,0,0.1287,0.02275,0,0,0,0.00467,0.3483,0.0409,0.037,"동이역:한효주,숙종역:지진희,희빈장씨역:이소연,차천수역:배수빈,서용기역:정진영,인현왕후역:박하선,오태석역:정동환,이종욱역:이정훈,홍태윤역:손일권,박도식역:최재호,도승지역:신국,오호양역:여호민,황주식역:이희도,정인국역:나성균,최효원역:천호진,장익헌역:이재용,김환역:정인기,은금역:한다민,오태풍역:이계인,태풍처역:이숙,장희재역:김유석,설희역:김혜진,게둬라부역:정은표,오윤역:최철호,게둬라역:최수한,심운택역:김동윤,동이어린시절역:김유정,봉상궁역:김소이,조상궁역:안여진,유상궁역:임성민,정임역:정유미,애종역:강유미,시비역:오은호,미지역:최하나,대전내관역:정선일,명성대비역:박정수,정상궁역:김혜선,영달역:이광수,최동주역:정성운,장무열역:최종환,이금역:이형석,경종역:윤찬,김구선역:맹상훈,인원왕후역:오연서"
20200614,ONCE,144335,152915,전원일기,,424회,전국,004540,드라마&영화,드라마,주말연속극,0,0,0.15568,0,0.03972,0.17737,0.06679,0,0,0,0.0048,0.0516,0.2815,0.17249,"최불암,김혜자,김용건,김수미,고두심,유인촌,정대홍"
20200614,ONCE,154018,162401,전원일기,,425회,전국,004343,드라마&영화,드라마,주말연속극,0,0,0.52567,0,0,0.35916,0.12166,0,0,0,0.00082,0.00798,0.42843,0.11011,"최불암,김혜자,김용건,김수미,고두심,유인촌,정대홍"
20200614,ONCE,163810,174053,동이,,49회,전국,010243,드라마&영화,드라마,주간연속극,0,0,0.06205,0.00903,0.22193,0.0454,0.19983,0,0.03439,0.06244,0.00446,0,0.11717,0.10527,"동이역:한효주,숙종역:지진희,희빈장씨역:이소연,차천수역:배수빈,서용기역:정진영,인현왕후역:박하선,오태석역:정동환,이종욱역:이정훈,홍태윤역:손일권,박도식역:최재호,도승지역:신국,오호양역:여호민,황주식역:이희도,정인국역:나성균,최효원역:천호진,장익헌역:이재용,김환역:정인기,은금역:한다민,오태풍역:이계인,태풍처역:이숙,장희재역:김유석,설희역:김혜진,게둬라부역:정은표,오윤역:최철호,게둬라역:최수한,심운택역:김동윤,동이어린시절역:김유정,봉상궁역:김소이,조상궁역:안여진,유상궁역:임성민,정임역:정유미,애종역:강유미,시비역:오은호,미지역:최하나,대전내관역:정선일,명성대비역:박정수,정상궁역:김혜선,영달역:이광수,최동주역:정성운,장무열역:최종환,이금역:이형석,경종역:윤찬,김구선역:맹상훈,인원왕후역:오연서"
20200614,ONCE,175508,185646,동이,,50회,전국,010138,드라마&영화,드라마,주간연속극,0,0,0,0.11357,0.22632,0.04854,0.11489,0,0.08427,0,0,0.01642,0.07422,0.03658,"동이역:한효주,숙종역:지진희,희빈장씨역:이소연,차천수역:배수빈,서용기역:정진영,인현왕후역:박하선,오태석역:정동환,이종욱역:이정훈,홍태윤역:손일권,박도식역:최재호,도승지역:신국,오호양역:여호민,황주식역:이희도,정인국역:나성균,최효원역:천호진,장익헌역:이재용,김환역:정인기,은금역:한다민,오태풍역:이계인,태풍처역:이숙,장희재역:김유석,설희역:김혜진,게둬라부역:정은표,오윤역:최철호,게둬라역:최수한,심운택역:김동윤,동이어린시절역:김유정,봉상궁역:김소이,조상궁역:안여진,유상궁역:임성민,정임역:정유미,애종역:강유미,시비역:오은호,미지역:최하나,대전내관역:정선일,명성대비역:박정수,정상궁역:김혜선,영달역:이광수,최동주역:정성운,장무열역:최종환,이금역:이형석,경종역:윤찬,김구선역:맹상훈,인원왕후역:오연서"
20200614,ONCE,242106,245011,황후의품격,,15회,전국,002905,드라마&영화,드라마,미니시리즈,0,0,0,0,0,0.00943,0.05276,0,0,0,0,0.00344,0,0.03932,"오써니역:장나라,나왕식역:최진혁,이혁역:신성록,민유라역:이엘리야,태후강씨역:신은경,이윤역:오승윤,서강희역:윤소이,아리역:오아린,태황태후조씨역:박원숙,소진공주역:이희진,소현황후역:신고은,오금모역:윤다훈,오헬로역:스테파니리,변선생역:김명수,마필주역:윤주만,백도희역:황영희,나동식역:오한결,최팀장역:이수련,홍팀장역:김민옥,형사역:조동혁,수상역:고세원,나왕식역:태항호,사군자역:김수미,안형사역:안내상,강주승역:유건"
20200614,ONCE,245122,252219,황후의품격,,16회,전국,003057,드라마&영화,드라마,미니시리즈,0,0,0.01291,0,0,0.01217,0.06648,0,0,0.056,0.00439,0.03888,0.0178,0.07603,"오써니역:장나라,나왕식역:최진혁,이혁역:신성록,민유라역:이엘리야,태후강씨역:신은경,이윤역:오승윤,서강희역:윤소이,아리역:오아린,태황태후조씨역:박원숙,소진공주역:이희진,소현황후역:신고은,오금모역:윤다훈,오헬로역:스테파니리,변선생역:김명수,마필주역:윤주만,백도희역:황영희,나동식역:오한결,최팀장역:이수련,홍팀장역:김민옥,형사역:조동혁,수상역:고세원,나왕식역:태항호,사군자역:김수미,안형사역:안내상,강주승역:유건"
20200614,ONCE,253420,255959,황후의품격,,17회,전국,002539,드라마&영화,드라마,미니시리즈,0,0,0,0,0,0,0,0,0,0,0,0,0,0,"오써니역:장나라,나왕식역:최진혁,이혁역:신성록,민유라역:이엘리야,태후강씨역:신은경,이윤역:오승윤,서강희역:윤소이,아리역:오아린,태황태후조씨역:박원숙,소진공주역:이희진,소현황후역:신고은,오금모역:윤다훈,오헬로역:스테파니리,변선생역:김명수,마필주역:윤주만,백도희역:황영희,나동식역:오한결,최팀장역:이수련,홍팀장역:김민옥,형사역:조동혁,수상역:고세원,나왕식역:태항호,사군자역:김수미,안형사역:안내상,강주승역:유건"
20200614,SKYUHD,130411,150612,야식남녀,,3회/4회,전국,020201,드라마&영화,드라마,미니시리즈,0,0,0,0,0,0,0,0,0,0,0,0,0,0,"박진성역:정일우,김아진역:강지영,강태완역:이학주,이상영역:김승수,차주희역:김수진,남규장역:양대혁,유성은역:공민정,노재수역:박성준,박진우역:최재현"
20200614,SKYUHD,233621,253823,야식남녀,,3회/4회,전국,020202,드라마&영화,드라마,미니시리즈,0,0,0,0,0,0,0,0,0,0,0,0,0,0,"박진성역:정일우,김아진역:강지영,강태완역:이학주,이상영역:김승수,차주희역:김수진,남규장역:양대혁,유성은역:공민정,노재수역:박성준,박진우역:최재현"
20200614,OCN Thrills,080556,091103,번외수사,,7회,전국,010507,드라마&영화,드라마,미니시리즈,0.02142,0,0.10516,0.08296,0.02998,0.18314,0.27037,0.01939,0,0,0.00055,0.13468,0.27659,0.23527,"진강호역:차태현,강무영역:이선빈,이반석역:정상훈,테디정역:윤경호,탁원역:지승현,민대진역:박정우,맨손역:박태산,연장역:장진희,지수철역:이영석,노순이역:민경옥"
20200614,TRENDY,120038,130330,영혼수선공,,12회,전국,010252,드라마&영화,드라마,미니시리즈,0,0,0,0,0,0,0.0123,0,0,0,0.00244,0,0,0.00826,"이시준역:신하균,한우주역:정소민,인동혁역:태인호,지영원역:박예진,공지선역:주민경,조인혜역:조경숙,오기태역:박수영,박대하역:정해균,이택경역:최정우,노우정역:안동구,강누리역:하영,임세찬역:장유상,공지희역:박한솔,장유미역:김가란,김영석역:김강민,송민수역:류시원"
20200614,TRENDY,202100,212353,영혼수선공,,12회,전국,010253,드라마&영화,드라마,미니시리즈,0,0,0,0.06348,0,0,0,0,0,0,0,0,0,0.04393,"이시준역:신하균,한우주역:정소민,인동혁역:태인호,지영원역:박예진,공지선역:주민경,조인혜역:조경숙,오기태역:박수영,박대하역:정해균,이택경역:최정우,노우정역:안동구,강누리역:하영,임세찬역:장유상,공지희역:박한솔,장유미역:김가란,김영석역:김강민,송민수역:류시원"
20200615,KBS1,203109,205918,기막힌유산,,41회,전국,002809,드라마&영화,드라마,일일연속극,1.7791,2.86008,4.11564,5.33093,2.99992,8.50462,23.93804,2.2257,2.83829,2.91404,5.57132,6.59914,14.65979,28.81059,"부영배역:박인환,공계옥역:강세정,부설악역:신정윤,부백두역:강신조,윤민주역:이아현,부금강역:남성진,신애리역:김가연,정미희역:박순천,김용미역:이응경,부한라역:박신우,성판금역:조양자,부가온역:김비주,부태희역:김연지,부혜교역:김효경,부지현역:강유라,공소영역:김난주,이장원역:이일준,김수민역:조서후,김종두역:이춘식,차정건역:조순창,이청아역:정서하,손보미역:박민지,김영지역:주민하,강선희역:박현정,천호식역:백신,이정태역:노상보,고향숙역:박소정"
20200615,KBS2,090505,093318,기막힌유산,,40회,전국,002813,드라마&영화,드라마,일일연속극,0.51699,0.75733,0.85273,0.9469,1.16856,2.17918,3.50713,0,0.3154,0.1548,1.0212,2.51506,2.40901,4.31855,"부영배역:박인환,공계옥역:강세정,부설악역:신정윤,부백두역:강신조,윤민주역:이아현,부금강역:남성진,신애리역:김가연,정미희역:박순천,김용미역:이응경,부한라역:박신우,성판금역:조양자,부가온역:김비주,부태희역:김연지,부혜교역:김효경,부지현역:강유라,공소영역:김난주,이장원역:이일준,김수민역:조서후,김종두역:이춘식,차정건역:조순창,이청아역:정서하,손보미역:박민지,김영지역:주민하,강선희역:박현정,천호식역:백신,이정태역:노상보,고향숙역:박소정"
20200615,KBS2,110451,120251,본어게인,<29회/30회>,29회/30회,전국,005800,드라마&영화,드라마,미니시리즈,0.31738,0.13454,0.21667,0.00478,0.46903,0.58355,0.66841,0,0.28446,0.02248,0.21319,0.35933,0.22375,0.96351,"공지철역:장기용,천종범역:장기용,정하은역:진세연,정사빈역:진세연,차형빈역:이수혁,김수혁역:이수혁,장혜미역:김정난,천석태역:최광일,주인도역:장원영,백상아역:이서엘,서태하역:최대철,서영역:한해림,제이역:차민지,공인우역:정인겸,장혜미역:위지연,천석태역:조덕회"
20200615,KBS2,121502,131310,본어게인,<31회/32회>,31회/32회,전국,005808,드라마&영화,드라마,미니시리즈,0.55137,0.03579,0.20729,0.02365,0.091,0.49292,0.64087,0.11104,0.0092,0.13477,0.25691,0.04394,0.38018,0.61535,"공지철역:장기용,천종범역:장기용,정하은역:진세연,정사빈역:진세연,차형빈역:이수혁,김수혁역:이수혁,장혜미역:김정난,천석태역:최광일,주인도역:장원영,백상아역:이서엘,서태하역:최대철,서영역:한해림,제이역:차민지,공인우역:정인겸,장혜미역:위지연,천석태역:조덕회"
20200615,KBS2,194935,202408,위험한약속,,53회,전국,003433,드라마&영화,드라마,일일연속극,1.70223,2.36976,3.5669,4.52152,2.25044,6.28873,15.35028,0.879,1.29577,1.77356,4.79294,3.66164,12.9946,20.40704,"차은동역:박하나,강태인역:고세원,최준혁역:강성민,오혜원역:박영린,한지훈역:이창욱,차만종역:이대연,차은찬역:유준서,공영심역:유지연,봉석구역:현우섭,강일섭역:강신일,연두심역:이칸희,한광훈역:길용우,한서주역:김혜지,최명희역:김나운,고재숙역:윤복인,최영국역:송민형,민주란역:오영실,최준경역:이효나,이창욱역:김정운"
20200615,KBS2,220010,230226,옥란면옥,,,전국,010216,드라마&영화,드라마,특집극,0.18497,0.77498,0.95456,1.0942,1.38018,2.38696,2.27354,0.49008,1.05633,1.1416,1.78571,3.19679,2.78909,1.94422,"달재역:신구,봉길역:김강우,영란역:이설,강수역:인교진,봉수역:박형수,월평댁역:황정민,수진역:한소희,대창역:최대철,목사역:양지수,달재어린시절역:이형석"
20200615,MBC,020000,022140,저녁같이드실래요,<11회>,11회,전국,002140,드라마&영화,드라마,미니시리즈,0,0,0,0.58386,0.36919,0.21061,0.32878,0,0,0.1976,0,0.90381,0.4635,0.464,"김해경역:송승헌,우도희역:서지혜,정재혁역:이지훈,진노을역:손나은,남아영역:예지원,키에누역:박호산,박진규역:고규필,강건우역:이현진,이병진역:김서경,임소라역:오혜원,김정환역:안태환,이문정역:전국향,전성자역:윤복인,이영동역:김정현,이은서역:서은수,푸드트럭총각역:이시언,태진아역:태진아,환자역:박산다라"
20200615,MBC,022150,025342,저녁같이드실래요,<12회>,12회,전국,003152,드라마&영화,드라마,미니시리즈,0,0.00312,0.02948,0.17019,0.41955,0.20696,0.44972,0,0.00259,0.20733,0.01192,0.68874,0.4827,0.56785,"김해경역:송승헌,우도희역:서지혜,정재혁역:이지훈,진노을역:손나은,남아영역:예지원,키에누역:박호산,박진규역:고규필,강건우역:이현진,이병진역:김서경,임소라역:오혜원,김정환역:안태환,이문정역:전국향,전성자역:윤복인,이영동역:김정현,이은서역:서은수,푸드트럭총각역:이시언,태진아역:태진아,환자역:박산다라"
20200615,MBC,104501,110030,저녁같이드실래요,<11회>,11회,전국,001529,드라마&영화,드라마,미니시리즈,1.39257,0,0,0.07452,0.12225,0.25995,0.6758,0,0,0.15368,0.47176,0.02968,0.49628,0.69014,"김해경역:송승헌,우도희역:서지혜,정재혁역:이지훈,진노을역:손나은,남아영역:예지원,키에누역:박호산,박진규역:고규필,강건우역:이현진,이병진역:김서경,임소라역:오혜원,김정환역:안태환,이문정역:전국향,전성자역:윤복인,이영동역:김정현,이은서역:서은수,푸드트럭총각역:이시언,태진아역:태진아,환자역:박산다라"
20200615,MBC,110834,112824,저녁같이드실래요,<11회>,11회,전국,001950,드라마&영화,드라마,미니시리즈,0.70324,0.17326,0.14979,0.02837,0.27902,0.43358,0.72568,0,0,0.06913,0.355,0.23725,0.37836,0.70573,"김해경역:송승헌,우도희역:서지혜,정재혁역:이지훈,진노을역:손나은,남아영역:예지원,키에누역:박호산,박진규역:고규필,강건우역:이현진,이병진역:김서경,임소라역:오혜원,김정환역:안태환,이문정역:전국향,전성자역:윤복인,이영동역:김정현,이은서역:서은수,푸드트럭총각역:이시언,태진아역:태진아,환자역:박산다라"
20200615,MBC,112907,120057,저녁같이드실래요,<12회>,12회,전국,003150,드라마&영화,드라마,미니시리즈,0.70324,0.45623,0.19179,0.17689,0.73038,0.18842,0.59152,0.04574,0.11659,0.37917,0.44703,0.41795,0.31128,0.64808,"김해경역:송승헌,우도희역:서지혜,정재혁역:이지훈,진노을역:손나은,남아영역:예지원,키에누역:박호산,박진규역:고규필,강건우역:이현진,이병진역:김서경,임소라역:오혜원,김정환역:안태환,이문정역:전국향,전성자역:윤복인,이영동역:김정현,이은서역:서은수,푸드트럭총각역:이시언,태진아역:태진아,환자역:박산다라"
20200615,MBC,205551,212739,저녁같이드실래요,<12회>,12회,전국,003148,드라마&영화,드라마,미니시리즈,0.81994,0.54132,0.49983,1.0988,0.5418,1.53549,1.14429,3.22648,0.21117,0.40333,2.20429,1.59559,2.32116,2.34859,"김해경역:송승헌,우도희역:서지혜,정재혁역:이지훈,진노을역:손나은,남아영역:예지원,키에누역:박호산,박진규역:고규필,강건우역:이현진,이병진역:김서경,임소라역:오혜원,김정환역:안태환,이문정역:전국향,전성자역:윤복인,이영동역:김정현,이은서역:서은수,푸드트럭총각역:이시언,태진아역:태진아,환자역:박산다라"
20200615,MBC,213550,221225,저녁같이드실래요,<13회>,13회,전국,003635,드라마&영화,드라마,미니시리즈,0.99351,1.2602,1.68485,1.36753,0.68699,2.48991,1.45268,3.64076,0.34294,0.53776,2.96051,3.09569,2.75619,2.47709,"김해경역:송승헌,우도희역:서지혜,정재혁역:이지훈,진노을역:손나은,남아영역:예지원,키에누역:박호산,박진규역:고규필,강건우역:이현진,이병진역:김서경,임소라역:오혜원,김정환역:안태환,이문정역:전국향,전성자역:윤복인,이영동역:김정현,이은서역:서은수,푸드트럭총각역:이시언,태진아역:태진아,환자역:박산다라"
20200615,MBC,221307,224426,저녁같이드실래요,<14회>,14회,전국,003119,드라마&영화,드라마,미니시리즈,1.14164,1.25494,1.61662,1.29946,1.25139,2.57423,1.58075,2.0292,1.03172,0.42026,3.20387,4.12589,2.97573,2.49846,"김해경역:송승헌,우도희역:서지혜,정재혁역:이지훈,진노을역:손나은,남아영역:예지원,키에누역:박호산,박진규역:고규필,강건우역:이현진,이병진역:김서경,임소라역:오혜원,김정환역:안태환,이문정역:전국향,전성자역:윤복인,이영동역:김정현,이은서역:서은수,푸드트럭총각역:이시언,태진아역:태진아,환자역:박산다라"
20200615,SBS,083644,090715,엄마가바람났다,,31회,전국,003031,드라마&영화,드라마,아침드라마,2.53681,1.61924,1.05653,1.9419,2.05167,3.51345,4.43137,0.1501,1.91429,0.38501,2.43362,2.98185,3.90962,5.97711,"오필정역:현쥬니,강석준역:이재황,이은주역:문보령,강석환역:김형범,오순정역:남이안,김복순역:박순천,박민호역:길정우,박민지역:홍제이,김해정역:양금석,강태수역:이원재,이태우역:서현석,최동석역:김동균,최은자역:이진아,최유경역:이영은,최미영역:전은채,왕기범역:차승우,하열도역:김영훈,홍수경역:노정명,박태섭역:강서준,박혜진역:박지수"
20200615,SBS,214516,221705,굿캐스팅,<1부>,15회,전국,003149,드라마&영화,드라마,미니시리즈,4.03227,2.75963,2.08686,3.1349,4.4673,4.94388,4.47889,1.22281,2.22208,1.10624,3.38716,7.83943,5.23358,4.56369,"백찬미역:최강희,윤석호역:이상엽,임예은역:유인영,황미순역:김지영,강우원역:이준영,동관수역:이종혁,서국환역:정인기,배무혁역:박경순,간태희역:황보미,명계철역:우현,탁상기역:이상훈,옥철역:김용희,변우석역:허재호,구비서역:한수진,설영훈역:조영훈,심화란역:차수연,남봉만역:이승형,남주연역:김보윤,피철웅역:배진웅,권민석역:성혁,권소희역:노하연"
20200615,SBS,221846,225315,굿캐스팅,<2부>,15회,전국,003429,드라마&영화,드라마,미니시리즈,4.34081,2.72261,2.35889,3.56893,5.03908,6.61613,4.89181,3.11798,2.27225,1.43883,4.87515,8.98196,7.65945,4.57323,"백찬미역:최강희,윤석호역:이상엽,임예은역:유인영,황미순역:김지영,강우원역:이준영,동관수역:이종혁,서국환역:정인기,배무혁역:박경순,간태희역:황보미,명계철역:우현,탁상기역:이상훈,옥철역:김용희,변우석역:허재호,구비서역:한수진,설영훈역:조영훈,심화란역:차수연,남봉만역:이승형,남주연역:김보윤,피철웅역:배진웅,권민석역:성혁,권소희역:노하연"
20200615,OBS,094052,104356,구가의서,,10회,전국,010304,드라마&영화,드라마,주간연속극,0,0,0,0.02903,0.01162,0,0.02485,0,0,0,0.0442,0,0,0.03569,"최강치역:이승기,담여울역:수지,조관웅역:이성재,담평준역:조성하,박태서역:유연석,박청조역:이유비,곤역:성준,구월령역:최진혁,윤서화역:이연희,소정법사역:김희원,천수련역:정혜영,자홍명역:윤세아,박무솔역:엄효섭,월선역:손승우,이순신역:유동근,마봉출역:조재윤,카게시마역:데이비드맥기니스,한노역:박주형,윤씨역:김희정,억만역:김기방,윤정윤역:이다윗,담이역:김보미,필목역:송영규,공달선생역:이도경"
20200615,OBS,181727,192027,구가의서,,11회,전국,010300,드라마&영화,드라마,주간연속극,0,0.02613,0,0,0.01936,0.04001,0.18299,0,0,0,0,0.15717,0,0.14344,"최강치역:이승기,담여울역:수지,조관웅역:이성재,담평준역:조성하,박태서역:유연석,박청조역:이유비,곤역:성준,구월령역:최진혁,윤서화역:이연희,소정법사역:김희원,천수련역:정혜영,자홍명역:윤세아,박무솔역:엄효섭,월선역:손승우,이순신역:유동근,마봉출역:조재윤,카게시마역:데이비드맥기니스,한노역:박주형,윤씨역:김희정,억만역:김기방,윤정윤역:이다윗,담이역:김보미,필목역:송영규,공달선생역:이도경"
20200615,JTBC,213309,224146,야식남녀,,7회,전국,010837,드라마&영화,드라마,미니시리즈,0.88353,0.2083,0.54773,0.11481,0.44287,0.43402,0.29197,0,0.10056,0.125,0.28483,1.05704,0.83896,0.45535,"박진성역:정일우,김아진역:강지영,강태완역:이학주,이상영역:김승수,차주희역:김수진,남규장역:양대혁,유성은역:공민정,노재수역:박성준,박진우역:최재현"
20200615,TV CHOSUN,200624,205519,바람과구름과비,,8회,전국,004855,드라마&영화,드라마,미니시리즈,0,0,0.24813,0.3785,0.23299,0.51984,1.11407,0,0.00507,0.55785,0.58056,1.02635,0.90709,1.33726,"최천중역:박시후,봉련역:고성희,흥선대원군이하응역:전광렬,채인규역:성혁,김병운역:김승수,김좌근역:차광수,나합역:윤아정,김병학역:한재영,조대비역:김보연,철종역:정욱,이하전역:이루,명성황후민자영역:박정연,고종이재황역:박상훈,용팔룡역:조복래,주모역:김주령,적도사진상역:한동규,팽구철역:노형욱,만석역:박노식,연치성역:임현수,반달역:왕빛나,임종사관역:허태희,최천중어린시절역:강태우,봉련어린시절역:홍승희,채인규어린시절역:최정우,상복역:허성태,민승호역:이해우,저자이병주,출판그림같은세상2020.08.28.,e북무료판매처 1건"
20200615,tvN,064945,080207,사랑의불시착,,1회,전국,011222,드라마&영화,드라마,미니시리즈,0.13674,0.07141,0.36552,0.09408,0.8354,0.67274,0.22795,0,0.07504,0.14741,0.12946,0.69159,0.52827,0.17281,"리정혁역:현빈,윤세리역:손예진,서단역:서지혜,구승준역:김정현,리충렬역:전국환,김윤희역:정애리,리무혁역:하석진,표치수역:양경원,박광범역:이신영,김주먹역:유수빈,금은동역:탕준상,윤증평역:남경읍,한정연역:방은진,윤세준역:최대훈,도혜지역:황우슬혜,윤세형역:박형수,고상아역:윤지민,홍창식역:고규필,박수찬역:임철수,고명은역:장혜진,고명석역:박명훈,천사장역:홍우진,오과장역:윤상훈,나월숙역:김선영,마영애역:김정난,현명순역:장소연,양옥금역:차청화,조철강역:오만석,정만복역:김영민,택시기사역:박성웅,차상우역:정경호,동구역:김수현,최지우역:최지우"
20200615,tvN,081916,093820,사랑의불시착,,2회,전국,011904,드라마&영화,드라마,미니시리즈,0.88779,0.18272,0.11113,0.20557,0.39409,0.30637,0.21059,0,0.02047,0.05813,0.64868,0.48015,0.69881,0.23311,"리정혁역:현빈,윤세리역:손예진,서단역:서지혜,구승준역:김정현,리충렬역:전국환,김윤희역:정애리,리무혁역:하석진,표치수역:양경원,박광범역:이신영,김주먹역:유수빈,금은동역:탕준상,윤증평역:남경읍,한정연역:방은진,윤세준역:최대훈,도혜지역:황우슬혜,윤세형역:박형수,고상아역:윤지민,홍창식역:고규필,박수찬역:임철수,고명은역:장혜진,고명석역:박명훈,천사장역:홍우진,오과장역:윤상훈,나월숙역:김선영,마영애역:김정난,현명순역:장소연,양옥금역:차청화,조철강역:오만석,정만복역:김영민,택시기사역:박성웅,차상우역:정경호,동구역:김수현,최지우역:최지우"
20200615,tvN,133048,143147,화양연화삶이꽃이되는순간,,15회,전국,010059,드라마&영화,드라마,미니시리즈,0,0.20182,0.0394,0.47925,0.12604,0.03171,0.5074,0.6433,0.06023,0.11099,0.85838,0.03677,0.52853,0.58426,"한재현역:유지태,윤지수역:이보영,과거재현역:진영,과거지수역:전소니,장서경역:박시연,장산역:문성근,한준서역:박민수,한인호역:남명렬,이경자역:손숙,윤형구역:장광,이영민역:고우림,정숙희역:이종남,윤지영역:채원빈,이동진역:민성욱,과거동진역:은해성,성화진역:김주령,과거화진역:한지원,강준우역:강영석,정윤기역:김호창,이세훈역:김영훈,주영우역:이태성,과거영우역:병헌,양혜정역:우정원,과거혜정역:박한솔,최선희역:김영아"
20200615,tvN,144953,155358,화양연화삶이꽃이되는순간,,16회,전국,010405,드라마&영화,드라마,미니시리즈,0,0.46678,0.42509,0.20575,0.56236,0.18817,0.5712,0,0.04836,0.03246,0.81381,0.46576,0.63172,0.67313,"한재현역:유지태,윤지수역:이보영,과거재현역:진영,과거지수역:전소니,장서경역:박시연,장산역:문성근,한준서역:박민수,한인호역:남명렬,이경자역:손숙,윤형구역:장광,이영민역:고우림,정숙희역:이종남,윤지영역:채원빈,이동진역:민성욱,과거동진역:은해성,성화진역:김주령,과거화진역:한지원,강준우역:강영석,정윤기역:김호창,이세훈역:김영훈,주영우역:이태성,과거영우역:병헌,양혜정역:우정원,과거혜정역:박한솔,최선희역:김영아"
20200615,tvN,210301,222203,아는건별로없지만가족입니다,,5회,전국,011902,드라마&영화,드라마,미니시리즈,0.92472,0.35908,1.42503,0.96476,0.94358,2.4075,1.23934,0.3768,1.79317,0.74038,2.29018,2.92778,3.86461,1.16841,"김은희역:한예리,박찬혁역:김지석,김은주역:추자현,김상식역:정진영,이진숙역:원미경,김지우역:신재하,임건주역:신동욱,윤태형역:김태훈,젊은상식역:한준우,젊은진숙역:조아영,유선일역:서상원,안효석역:이종원,서경옥역:가득희,윤서영역:혜정,전하라역:배윤경,유민우역:권율"
20200615,국방TV,210036,212844,바람은불어도,,101회,전국,002808,드라마&영화,드라마,미니시리즈,0,0,0,0,0,0,0,0,0,0,0,0,0,0,"최수종,유호정,윤손하,송나영,송기윤,나문희"
20200615,국방TV,213038,215909,바람은불어도,,102회,전국,002831,드라마&영화,드라마,미니시리즈,0,0,0.03619,0.00497,0,0.01075,0.01015,0,0.00886,0.03689,0.02535,0,0.01573,0.00875,"최수종,유호정,윤손하,송나영,송기윤,나문희"
20200615,국방TV,240035,242844,바람은불어도,,101회,전국,002809,드라마&영화,드라마,미니시리즈,0.02316,0,0,0,0.00448,0,0,0,0,0,0,0.00451,0.00572,0,"최수종,유호정,윤손하,송나영,송기윤,나문희"
20200615,국방TV,243038,245909,바람은불어도,,102회,전국,002831,드라마&영화,드라마,미니시리즈,0,0,0,0,0,0,0,0,0,0,0,0,0,0,"최수종,유호정,윤손하,송나영,송기윤,나문희"
20200615,국방TV,250018,252803,바람은불어도,,103회,전국,002745,드라마&영화,드라마,미니시리즈,0,0,0.02246,0,0,0.01686,0,0,0,0.02545,0,0,0,0,"최수종,유호정,윤손하,송나영,송기윤,나문희"
20200615,국방TV,253016,255856,바람은불어도,,104회,전국,002840,드라마&영화,드라마,미니시리즈,0,0,0,0.01572,0,0,0.02075,0,0,0.02017,0.00684,0.01743,0,0.02215,"최수종,유호정,윤손하,송나영,송기윤,나문희"
20200615,OCN Movies,024317,035008,번외수사,,8회,전국,010651,드라마&영화,드라마,미니시리즈,0,0,0,0.22731,0.06949,0.35524,0.03371,0,0,0,0,0.4682,0.24599,0.06841,"진강호역:차태현,강무영역:이선빈,이반석역:정상훈,테디정역:윤경호,탁원역:지승현,민대진역:박정우,맨손역:박태산,연장역:장진희,지수철역:이영석,노순이역:민경옥"
20200615,OCN Movies,142452,152929,번외수사,,7회,전국,010437,드라마&영화,드라마,미니시리즈,0,0.15949,0.1201,0,0.40927,0.45798,0.11509,0,0.1324,0.13041,0.07615,0.53069,0.9028,0.15346,"진강호역:차태현,강무영역:이선빈,이반석역:정상훈,테디정역:윤경호,탁원역:지승현,민대진역:박정우,맨손역:박태산,연장역:장진희,지수철역:이영석,노순이역:민경옥"
20200615,OCN Movies,154233,164924,번외수사,,8회,전국,010651,드라마&영화,드라마,미니시리즈,0.00556,0.20044,0.10999,0.03309,0.62649,0.47753,0.05868,0.02957,0.25083,0.26854,0.09642,0.80824,0.83842,0.31807,"진강호역:차태현,강무영역:이선빈,이반석역:정상훈,테디정역:윤경호,탁원역:지승현,민대진역:박정우,맨손역:박태산,연장역:장진희,지수철역:이영석,노순이역:민경옥"
20200615,AsiaUHD,030051,041608,위대한이야기,,8회,전국,011517,드라마&영화,드라마,주말연속극,0,0,0,0,0,0,0,0,0,0,0,0,0,0,"이난영역:소유진,김시스터즈숙자역:정다은,김시스터즈애자역:최배영,김시스터즈민자역:허은정,상준역:김영재,영자역:임수향,경아역:임세미,김일역:문원주,안토니오이노키역:지건우,역:도산역:조경훈,강호역:홍경인,상준역:이유준,박신자역:김단비,이주일역:박영수,최대표역:윤기원,박종환역:백도빈,아내역:김난휘,할매역:이미지,박여사역:전미선,찬영역:도지한,연지역:이가원,근창역:최일화,미영역:김정연,봉순역:임성언,남숙역:황화순,순옥역:박순천,창만역:이영범,민수역:서준영,성철역:손병호,지호역:김수호,아내역:정윤서"
20200615,AsiaUHD,043050,053350,위대한이야기,,9회,전국,010300,드라마&영화,드라마,주말연속극,0,0,0,0,0,0,0,0,0,0,0,0,0,0,"이난영역:소유진,김시스터즈숙자역:정다은,김시스터즈애자역:최배영,김시스터즈민자역:허은정,상준역:김영재,영자역:임수향,경아역:임세미,김일역:문원주,안토니오이노키역:지건우,역:도산역:조경훈,강호역:홍경인,상준역:이유준,박신자역:김단비,이주일역:박영수,최대표역:윤기원,박종환역:백도빈,아내역:김난휘,할매역:이미지,박여사역:전미선,찬영역:도지한,연지역:이가원,근창역:최일화,미영역:김정연,봉순역:임성언,남숙역:황화순,순옥역:박순천,창만역:이영범,민수역:서준영,성철역:손병호,지호역:김수호,아내역:정윤서"
20200615,CHING,084110,094708,번외수사,,5회,전국,010558,드라마&영화,드라마,미니시리즈,0,0,0.00175,0.13934,0.00888,0,0,0,0,0,0,0,0,0,"진강호역:차태현,강무영역:이선빈,이반석역:정상훈,테디정역:윤경호,탁원역:지승현,민대진역:박정우,맨손역:박태산,연장역:장진희,지수철역:이영석,노순이역:민경옥"
20200615,CHING,100005,110009,번외수사,,6회,전국,010004,드라마&영화,드라마,미니시리즈,0,0,0.02854,0,0,0.03252,0,0,0,0,0,0.03596,0.04117,0,"진강호역:차태현,강무영역:이선빈,이반석역:정상훈,테디정역:윤경호,탁원역:지승현,민대진역:박정우,맨손역:박태산,연장역:장진희,지수철역:이영석,노순이역:민경옥"
20200615,CHING,143722,150843,인어아가씨,,81회,전국,003121,드라마&영화,드라마,주간연속극,0.40191,0,0,0.08161,0,0,0.0045,0,0,0,0.21637,0,0,0.02261,"은아리영역:장서희,한경혜역:정영숙,은진섭역:박근형,심수정역:한혜숙,은예영역:우희진,이주왕역:김성민,이성수역:김병기,금옥선역:사미자,금실라역:김용림,조수아역:고두심,마마준역:정보석,마마린역:이재은"
20200615,CHING,150954,154228,인어아가씨,,82회,전국,003234,드라마&영화,드라마,주간연속극,0.85741,0,0,0.18558,0,0,0.01845,0,0,0,0.2196,0,0.01738,0.01897,"은아리영역:장서희,한경혜역:정영숙,은진섭역:박근형,심수정역:한혜숙,은예영역:우희진,이주왕역:김성민,이성수역:김병기,금옥선역:사미자,금실라역:김용림,조수아역:고두심,마마준역:정보석,마마린역:이재은"
20200615,CHING,155414,162613,인어아가씨,,83회,전국,003159,드라마&영화,드라마,주간연속극,0.85741,0,0.00446,0.1741,0,0.00508,0.01434,0,0,0,0.15969,0,0.00643,0,"은아리영역:장서희,한경혜역:정영숙,은진섭역:박근형,심수정역:한혜숙,은예영역:우희진,이주왕역:김성민,이성수역:김병기,금옥선역:사미자,금실라역:김용림,조수아역:고두심,마마준역:정보석,마마린역:이재은"
20200615,CHING,162724,165946,인어아가씨,,84회,전국,003222,드라마&영화,드라마,주간연속극,0.85741,0,0,0.1741,0,0,0.00458,0,0,0.00496,0.12926,0,0.00384,0.00466,"은아리영역:장서희,한경혜역:정영숙,은진섭역:박근형,심수정역:한혜숙,은예영역:우희진,이주왕역:김성민,이성수역:김병기,금옥선역:사미자,금실라역:김용림,조수아역:고두심,마마준역:정보석,마마린역:이재은"
20200615,CHING,171036,181634,번외수사,,5회,전국,010558,드라마&영화,드라마,미니시리즈,0,0,0,0,0.01052,0.04174,0.00865,0,0,0.0042,0,0,0.01685,0.00233,"진강호역:차태현,강무영역:이선빈,이반석역:정상훈,테디정역:윤경호,탁원역:지승현,민대진역:박정우,맨손역:박태산,연장역:장진희,지수철역:이영석,노순이역:민경옥"
20200615,CHING,182753,192756,번외수사,,6회,전국,010003,드라마&영화,드라마,미니시리즈,0,0,0.00142,0,0.01531,0.00942,0.03925,0,0,0,0,0.00855,0.07414,0.00382,"진강호역:차태현,강무영역:이선빈,이반석역:정상훈,테디정역:윤경호,탁원역:지승현,민대진역:박정우,맨손역:박태산,연장역:장진희,지수철역:이영석,노순이역:민경옥"
20200615,CHING,230221,233342,인어아가씨,,81회,전국,003121,드라마&영화,드라마,주간연속극,0,0,0.07246,0.03856,0,0.09317,0.02689,0,0,0.10467,0,0,0.09743,0.01491,"은아리영역:장서희,한경혜역:정영숙,은진섭역:박근형,심수정역:한혜숙,은예영역:우희진,이주왕역:김성민,이성수역:김병기,금옥선역:사미자,금실라역:김용림,조수아역:고두심,마마준역:정보석,마마린역:이재은"
20200615,CHING,233453,240727,인어아가씨,,82회,전국,003234,드라마&영화,드라마,주간연속극,0,0.00594,0.02983,0.01591,0,0.03836,0.02227,0,0,0.0431,0,0.0552,0.04515,0.00855,"은아리영역:장서희,한경혜역:정영숙,은진섭역:박근형,심수정역:한혜숙,은예영역:우희진,이주왕역:김성민,이성수역:김병기,금옥선역:사미자,금실라역:김용림,조수아역:고두심,마마준역:정보석,마마린역:이재은"
20200615,CHING,241851,245050,인어아가씨,,83회,전국,003159,드라마&영화,드라마,주간연속극,0,0,0,0,0,0,0,0,0,0,0,0.00803,0,0,"은아리영역:장서희,한경혜역:정영숙,은진섭역:박근형,심수정역:한혜숙,은예영역:우희진,이주왕역:김성민,이성수역:김병기,금옥선역:사미자,금실라역:김용림,조수아역:고두심,마마준역:정보석,마마린역:이재은"
20200615,CHING,245201,252423,인어아가씨,,84회,전국,003222,드라마&영화,드라마,주간연속극,0,0,0,0,0,0.00941,0.00524,0,0,0,0,0,0.02301,0.00426,"은아리영역:장서희,한경혜역:정영숙,은진섭역:박근형,심수정역:한혜숙,은예영역:우희진,이주왕역:김성민,이성수역:김병기,금옥선역:사미자,금실라역:김용림,조수아역:고두심,마마준역:정보석,마마린역:이재은"
20200615,CHING,253651,255959,번외수사,,5회,전국,002308,드라마&영화,드라마,미니시리즈,0,0,0,0,0,0,0.04373,0,0,0,0,0,0.05582,0,"진강호역:차태현,강무영역:이선빈,이반석역:정상훈,테디정역:윤경호,탁원역:지승현,민대진역:박정우,맨손역:박태산,연장역:장진희,지수철역:이영석,노순이역:민경옥"
20200615,CNTV,020000,021636,광개토태왕,,77회,전국,001636,드라마&영화,드라마,주말연속극,0,0,0,0,0,0.09587,0.06693,0,0,0,0,0.10134,0,0,"담덕역:이태곤,고운역:김승수,모용보역:임호,도영역:오지은,연살타역:홍경인,약연역:이인혜,고무역:김진태,고창역:남성진,모두영역:이원발,모두루역:임대호,모용수역:김동현,풍발역:정호근,개연수역:최동준,가라지역:오욱철,연도부역:반석진,계필역:선동혁,이영역:최상훈,담망역:정태우,이련역:송용태,고야역:이보희,담주역:조안,설도안역:김규철,설지역:김정화,마수역:고인범,여소이역:임병기,돌비수역:김정현,갈사무역:강신조,도광역:박승호,소모역:강지후,여문역:나주석,모용희역:조인표,거보역:김덕현,무갑역:유종근,여석개역:방형주,황회역:김명수,원봉역:박유승,하무지역:윤승원,사갈현역:김철기,아신역:박정철"
20200615,CNTV,022346,031610,광개토태왕,,78회,전국,005224,드라마&영화,드라마,주말연속극,0,0,0,0,0.01844,0.11944,0.15645,0,0,0,0,0.12305,0,0.13489,"담덕역:이태곤,고운역:김승수,모용보역:임호,도영역:오지은,연살타역:홍경인,약연역:이인혜,고무역:김진태,고창역:남성진,모두영역:이원발,모두루역:임대호,모용수역:김동현,풍발역:정호근,개연수역:최동준,가라지역:오욱철,연도부역:반석진,계필역:선동혁,이영역:최상훈,담망역:정태우,이련역:송용태,고야역:이보희,담주역:조안,설도안역:김규철,설지역:김정화,마수역:고인범,여소이역:임병기,돌비수역:김정현,갈사무역:강신조,도광역:박승호,소모역:강지후,여문역:나주석,모용희역:조인표,거보역:김덕현,무갑역:유종근,여석개역:방형주,황회역:김명수,원봉역:박유승,하무지역:윤승원,사갈현역:김철기,아신역:박정철"
20200615,CNTV,060616,070306,용의눈물,,75회,전국,005650,드라마&영화,드라마,주간연속극,0,0.01508,0,0,0.01819,0.00287,0.07688,0,0.01104,0,0.01638,0.27858,0.11787,0.06498,"유동근,최명길,이민우,안재모,김무생,김혜리"
20200615,CNTV,071304,080034,용의눈물,,76회,전국,004730,드라마&영화,드라마,주간연속극,0,0.02893,0,0,0.07171,0,0.01007,0,0,0.0045,0,0.0388,0.03546,0.05912,"유동근,최명길,이민우,안재모,김무생,김혜리"
20200615,CNTV,092505,102936,바람과구름과비,,6회,전국,010431,드라마&영화,드라마,미니시리즈,0,0,0,0.01553,0,0.05831,0.05539,0,0,0.00252,0,0,0.08266,0.33084,"최천중역:박시후,봉련역:고성희,흥선대원군이하응역:전광렬,채인규역:성혁,김병운역:김승수,김좌근역:차광수,나합역:윤아정,김병학역:한재영,조대비역:김보연,철종역:정욱,이하전역:이루,명성황후민자영역:박정연,고종이재황역:박상훈,용팔룡역:조복래,주모역:김주령,적도사진상역:한동규,팽구철역:노형욱,만석역:박노식,연치성역:임현수,반달역:왕빛나,임종사관역:허태희,최천중어린시절역:강태우,봉련어린시절역:홍승희,채인규어린시절역:최정우,상복역:허성태,민승호역:이해우,저자이병주,출판그림같은세상2020.08.28.,e북무료판매처 1건"
20200615,CNTV,104951,115105,야인시대,,46회,전국,010114,드라마&영화,드라마,주간연속극,0,0,0,0,0.41553,0.15293,0.49421,0,0,0,0,0,0.19104,0.45766,"청년김두한역:안재모,소년김두한역:곽정욱,장년김두한역:김영철,장년정진영역:차광수,구마적역:이원종,쌍칼역:박준규,김무옥역:이혁재,문영철역:장세진,장년개코역:성동일,신마적역:최철호,하야시역:이창훈,가미소리역:이상인,시바루역:이세창,나미꼬역:이세은,시라소니역:조상구,최동열역:정동환,미와역:이재용,마루오까역:최재성,설향역:허영란,애란역:조여정,정운경역:심형탁,김좌진역:최동준,오숙근역:이덕희,박계숙역:전미선,원노인역:이순재,유진산역:이효정,이정재역:김영호,조병옥역:김학철,이화룡역:안승훈,청년개코역:이동훈,신영균역:윤용현,청년정진영역:김정민,김영태역:박영록,박인애역:정소영,이영숙역:이일화,김두한어린시절역:곽정욱"
20200615,CNTV,121107,130333,광개토태왕,,79회,전국,005226,드라마&영화,드라마,주말연속극,0,0.12368,0.01961,0.07374,0.31594,0.04641,0.81935,0.03087,0.01604,0.00616,0.01005,0.02434,0.13546,0.55,"담덕역:이태곤,고운역:김승수,모용보역:임호,도영역:오지은,연살타역:홍경인,약연역:이인혜,고무역:김진태,고창역:남성진,모두영역:이원발,모두루역:임대호,모용수역:김동현,풍발역:정호근,개연수역:최동준,가라지역:오욱철,연도부역:반석진,계필역:선동혁,이영역:최상훈,담망역:정태우,이련역:송용태,고야역:이보희,담주역:조안,설도안역:김규철,설지역:김정화,마수역:고인범,여소이역:임병기,돌비수역:김정현,갈사무역:강신조,도광역:박승호,소모역:강지후,여문역:나주석,모용희역:조인표,거보역:김덕현,무갑역:유종근,여석개역:방형주,황회역:김명수,원봉역:박유승,하무지역:윤승원,사갈현역:김철기,아신역:박정철"
20200615,CNTV,132232,142002,용의눈물,,75회,전국,005730,드라마&영화,드라마,주간연속극,0.17025,0.06519,0.00448,0,0,0.22863,0.39412,0,0,0.00287,0.00564,0.07298,0.27031,0.53597,"유동근,최명길,이민우,안재모,김무생,김혜리"
20200615,CNTV,144005,152750,용의눈물,,76회,전국,004745,드라마&영화,드라마,주간연속극,0,0.0057,0,0.21838,0.01017,0.04134,0.43894,0.03157,0,0,0,0,0.14787,0.29571,"유동근,최명길,이민우,안재모,김무생,김혜리"
20200615,CNTV,155215,165658,바람과구름과비,,6회,전국,010443,드라마&영화,드라마,미니시리즈,0,0,0.03471,0.08421,0,0.01002,0.24082,0,0,0,0.05496,0,0.24183,0.28136,"최천중역:박시후,봉련역:고성희,흥선대원군이하응역:전광렬,채인규역:성혁,김병운역:김승수,김좌근역:차광수,나합역:윤아정,김병학역:한재영,조대비역:김보연,철종역:정욱,이하전역:이루,명성황후민자영역:박정연,고종이재황역:박상훈,용팔룡역:조복래,주모역:김주령,적도사진상역:한동규,팽구철역:노형욱,만석역:박노식,연치성역:임현수,반달역:왕빛나,임종사관역:허태희,최천중어린시절역:강태우,봉련어린시절역:홍승희,채인규어린시절역:최정우,상복역:허성태,민승호역:이해우,저자이병주,출판그림같은세상2020.08.28.,e북무료판매처 1건"
20200615,CNTV,171615,181728,야인시대,,46회,전국,010113,드라마&영화,드라마,주간연속극,0,0,0.12459,0,0,0.05795,0.35184,0,0,0,0,0,0.11539,0.25033,"청년김두한역:안재모,소년김두한역:곽정욱,장년김두한역:김영철,장년정진영역:차광수,구마적역:이원종,쌍칼역:박준규,김무옥역:이혁재,문영철역:장세진,장년개코역:성동일,신마적역:최철호,하야시역:이창훈,가미소리역:이상인,시바루역:이세창,나미꼬역:이세은,시라소니역:조상구,최동열역:정동환,미와역:이재용,마루오까역:최재성,설향역:허영란,애란역:조여정,정운경역:심형탁,김좌진역:최동준,오숙근역:이덕희,박계숙역:전미선,원노인역:이순재,유진산역:이효정,이정재역:김영호,조병옥역:김학철,이화룡역:안승훈,청년개코역:이동훈,신영균역:윤용현,청년정진영역:김정민,김영태역:박영록,박인애역:정소영,이영숙역:이일화,김두한어린시절역:곽정욱"
20200615,CNTV,183421,192646,광개토태왕,,79회,전국,005225,드라마&영화,드라마,주말연속극,0,0.13629,0.16919,0,0.05526,0.4065,0.32339,0,0.05039,0.03396,0,0.258,0.2075,0.46923,"담덕역:이태곤,고운역:김승수,모용보역:임호,도영역:오지은,연살타역:홍경인,약연역:이인혜,고무역:김진태,고창역:남성진,모두영역:이원발,모두루역:임대호,모용수역:김동현,풍발역:정호근,개연수역:최동준,가라지역:오욱철,연도부역:반석진,계필역:선동혁,이영역:최상훈,담망역:정태우,이련역:송용태,고야역:이보희,담주역:조안,설도안역:김규철,설지역:김정화,마수역:고인범,여소이역:임병기,돌비수역:김정현,갈사무역:강신조,도광역:박승호,소모역:강지후,여문역:나주석,모용희역:조인표,거보역:김덕현,무갑역:유종근,여석개역:방형주,황회역:김명수,원봉역:박유승,하무지역:윤승원,사갈현역:김철기,아신역:박정철"
20200615,CNTV,194552,204250,용의눈물,,75회,전국,005658,드라마&영화,드라마,주간연속극,0,0.0186,0.01608,0.04407,0.01658,0.0846,0.15676,0,0,0.00458,0,0.03443,0,0.1154,"유동근,최명길,이민우,안재모,김무생,김혜리"
20200615,CNTV,210043,214827,용의눈물,,76회,전국,004744,드라마&영화,드라마,주간연속극,0,0.07945,0,0.01827,0,0.08165,0.16257,0,0,0.03961,0,0.18815,0.03754,0.12039,"유동근,최명길,이민우,안재모,김무생,김혜리"
20200615,CNTV,220553,230952,바람과구름과비,,6회,전국,010359,드라마&영화,드라마,미니시리즈,0,0,0.05393,0,0.05743,0.31474,0.21794,0,0,0.04263,0,0.12741,0.22064,0.07319,"최천중역:박시후,봉련역:고성희,흥선대원군이하응역:전광렬,채인규역:성혁,김병운역:김승수,김좌근역:차광수,나합역:윤아정,김병학역:한재영,조대비역:김보연,철종역:정욱,이하전역:이루,명성황후민자영역:박정연,고종이재황역:박상훈,용팔룡역:조복래,주모역:김주령,적도사진상역:한동규,팽구철역:노형욱,만석역:박노식,연치성역:임현수,반달역:왕빛나,임종사관역:허태희,최천중어린시절역:강태우,봉련어린시절역:홍승희,채인규어린시절역:최정우,상복역:허성태,민승호역:이해우,저자이병주,출판그림같은세상2020.08.28.,e북무료판매처 1건"
20200615,CNTV,232222,242305,야인시대,,46회,전국,010043,드라마&영화,드라마,주간연속극,0,0.03937,0.02744,0,0.00596,0.1257,0.01568,0,0,0.02452,0,0.15829,0.04518,0.00578,"청년김두한역:안재모,소년김두한역:곽정욱,장년김두한역:김영철,장년정진영역:차광수,구마적역:이원종,쌍칼역:박준규,김무옥역:이혁재,문영철역:장세진,장년개코역:성동일,신마적역:최철호,하야시역:이창훈,가미소리역:이상인,시바루역:이세창,나미꼬역:이세은,시라소니역:조상구,최동열역:정동환,미와역:이재용,마루오까역:최재성,설향역:허영란,애란역:조여정,정운경역:심형탁,김좌진역:최동준,오숙근역:이덕희,박계숙역:전미선,원노인역:이순재,유진산역:이효정,이정재역:김영호,조병옥역:김학철,이화룡역:안승훈,청년개코역:이동훈,신영균역:윤용현,청년정진영역:김정민,김영태역:박영록,박인애역:정소영,이영숙역:이일화,김두한어린시절역:곽정욱"
20200615,CNTV,243418,252628,광개토태왕,,79회,전국,005210,드라마&영화,드라마,주말연속극,0,0,0.00252,0.03565,0,0.22377,0.32986,0,0,0,0.04494,0.13724,0,0.02204,"담덕역:이태곤,고운역:김승수,모용보역:임호,도영역:오지은,연살타역:홍경인,약연역:이인혜,고무역:김진태,고창역:남성진,모두영역:이원발,모두루역:임대호,모용수역:김동현,풍발역:정호근,개연수역:최동준,가라지역:오욱철,연도부역:반석진,계필역:선동혁,이영역:최상훈,담망역:정태우,이련역:송용태,고야역:이보희,담주역:조안,설도안역:김규철,설지역:김정화,마수역:고인범,여소이역:임병기,돌비수역:김정현,갈사무역:강신조,도광역:박승호,소모역:강지후,여문역:나주석,모용희역:조인표,거보역:김덕현,무갑역:유종근,여석개역:방형주,황회역:김명수,원봉역:박유승,하무지역:윤승원,사갈현역:김철기,아신역:박정철"
20200615,DRAMAcube,020000,030338,낭만닥터김사부2,,6회,전국,010338,드라마&영화,드라마,미니시리즈,0,0,0,0.07217,0,0,0.01451,0,0,0,0.01923,0.09108,0.00914,0.01646,"김사부역:한석규,서우진역:안효섭,차은재역:이성경,박민국역:김주헌,배문정역:신동욱,윤아름역:소주연,정인수역:윤나무,여운영역:김홍파,오명심역:진경,장기태역:임원희,남도일역:변우민,박은탁역:김민재,양호준역:고상호,심혜진역:박효주,허영규역:배명진,도윤완역:최진호,엄현정역:정지안,주영미역:윤보라,주지배인역:서영"
20200615,DRAMAcube,053953,064205,시크릿부티크,,13회,전국,010212,드라마&영화,드라마,미니시리즈,0,0.04846,0,0.00252,0.0056,0.00903,0.00421,0.02444,0,0,0,0.16805,0,0.01485,"제니장역:김선아,김여옥역:장미희,위예남역:박희본,이현지역:고민시,윤선우역:김재영,위정혁역:김태훈,위예은역:류원,차승재역:류승수,황집사역:한정수,미세스왕역:김영아,위동섭역:여무영,운산스님역:박병호,도준섭역:김법래,오태석역:주석태,이주호역:장률,박주현역:장영남,김미진역:윤지인,예준역:최동화,조양오역:임철형,이상훈역:정욱진,윤혜라역:송지우,장도윤역:박재준,우선정역:박성연,어린도영역:박서경,18세도영역:정다은,18세예남역:조민아,20세정혁역:김성현,어린선우역:이시우"
20200615,DRAMAcube,064532,074735,배가본드,,6회,전국,010203,드라마&영화,드라마,미니시리즈,0.01134,0,0,0.03601,0,0.01254,0.00971,0,0,0,0.01449,0,0.00129,0.01829,"차달건역:이승기,고해리역:배수지,기태웅역:신성록,제시카리역:문정희,정국표역:백윤식,홍순조역:문성근,에드워드박역:이경영,강주철역:이기영,윤한기역:김민종,민재식역:정만식,공화숙역:황보라,박만영역:최광일,안기동역:김종수,김세훈역:신승환,한기수역:김민서,미키역:류원,홍승범역:김정현,릴리역:박아인,박광덕역:고규필,제롬역:유태오,김우기역:장혁진,오상미역:강경헌,김도수역:최대철"
20200615,DRAMAcube,102833,113823,굿캐스팅,,13회,전국,010950,드라마&영화,드라마,미니시리즈,0,0.00658,0,0,0,0.02745,0.0091,0,0,0,0,0.00584,0.02729,0.00266,"백찬미역:최강희,윤석호역:이상엽,임예은역:유인영,황미순역:김지영,강우원역:이준영,동관수역:이종혁,서국환역:정인기,배무혁역:박경순,간태희역:황보미,명계철역:우현,탁상기역:이상훈,옥철역:김용희,변우석역:허재호,구비서역:한수진,설영훈역:조영훈,심화란역:차수연,남봉만역:이승형,남주연역:김보윤,피철웅역:배진웅,권민석역:성혁,권소희역:노하연"
20200615,DRAMAcube,115400,130302,굿캐스팅,,14회,전국,010902,드라마&영화,드라마,미니시리즈,0,0.02386,0,0,0.0372,0,0.13859,0.04662,0,0.00933,0,0.02066,0.01629,0.11624,"백찬미역:최강희,윤석호역:이상엽,임예은역:유인영,황미순역:김지영,강우원역:이준영,동관수역:이종혁,서국환역:정인기,배무혁역:박경순,간태희역:황보미,명계철역:우현,탁상기역:이상훈,옥철역:김용희,변우석역:허재호,구비서역:한수진,설영훈역:조영훈,심화란역:차수연,남봉만역:이승형,남주연역:김보윤,피철웅역:배진웅,권민석역:성혁,권소희역:노하연"
20200615,DramaH,020000,024745,번외수사,,6회,전국,004745,드라마&영화,드라마,미니시리즈,0,0,0,0,0.11292,0.00153,0.00934,0,0,0.00865,0,0,0.05996,0.01386,"진강호역:차태현,강무영역:이선빈,이반석역:정상훈,테디정역:윤경호,탁원역:지승현,민대진역:박정우,맨손역:박태산,연장역:장진희,지수철역:이영석,노순이역:민경옥"
20200615,DramaH,025504,035755,영혼수선공,,12회,전국,010251,드라마&영화,드라마,미니시리즈,0.01255,0,0.00405,0,0.1155,0.0104,0,0,0,0.0023,0,0.00262,0.00127,0.00753,"이시준역:신하균,한우주역:정소민,인동혁역:태인호,지영원역:박예진,공지선역:주민경,조인혜역:조경숙,오기태역:박수영,박대하역:정해균,이택경역:최정우,노우정역:안동구,강누리역:하영,임세찬역:장유상,공지희역:박한솔,장유미역:김가란,김영석역:김강민,송민수역:류시원"
20200615,DramaH,095446,110043,번외수사,,5회,전국,010557,드라마&영화,드라마,미니시리즈,0,0.09179,0.0084,0.01241,0.08541,0.04013,0.00481,0,0.08363,0.00294,0.00216,0.12559,0.00519,0.03263,"진강호역:차태현,강무영역:이선빈,이반석역:정상훈,테디정역:윤경호,탁원역:지승현,민대진역:박정우,맨손역:박태산,연장역:장진희,지수철역:이영석,노순이역:민경옥"
20200615,DramaH,111900,121903,번외수사,,6회,전국,010003,드라마&영화,드라마,미니시리즈,0,0,0,0,0,0.42836,0.09574,0,0.01114,0,0,0.06212,0.20583,0.12109,"진강호역:차태현,강무영역:이선빈,이반석역:정상훈,테디정역:윤경호,탁원역:지승현,민대진역:박정우,맨손역:박태산,연장역:장진희,지수철역:이영석,노순이역:민경옥"
20200615,DramaH,153833,164430,번외수사,,5회,전국,010557,드라마&영화,드라마,미니시리즈,0,0,0,0,0,0.00197,0.02742,0,0,0.00248,0,0,0.00726,0.11977,"진강호역:차태현,강무영역:이선빈,이반석역:정상훈,테디정역:윤경호,탁원역:지승현,민대진역:박정우,맨손역:박태산,연장역:장진희,지수철역:이영석,노순이역:민경옥"
20200615,DramaH,170351,180354,번외수사,,6회,전국,010003,드라마&영화,드라마,미니시리즈,0.01754,0,0.01862,0.00099,0.0047,0.20457,0.05107,0,0,0,0.00212,0,0.19606,0.11502,"진강호역:차태현,강무영역:이선빈,이반석역:정상훈,테디정역:윤경호,탁원역:지승현,민대진역:박정우,맨손역:박태산,연장역:장진희,지수철역:이영석,노순이역:민경옥"
20200615,DramaH,224432,234520,바람과구름과비,,7회,전국,010048,드라마&영화,드라마,미니시리즈,0,0.01348,0.01749,0,0.00581,0.49271,0.05372,0,0.04132,0.00602,0,0.14206,0.22317,0.12654,"최천중역:박시후,봉련역:고성희,흥선대원군이하응역:전광렬,채인규역:성혁,김병운역:김승수,김좌근역:차광수,나합역:윤아정,김병학역:한재영,조대비역:김보연,철종역:정욱,이하전역:이루,명성황후민자영역:박정연,고종이재황역:박상훈,용팔룡역:조복래,주모역:김주령,적도사진상역:한동규,팽구철역:노형욱,만석역:박노식,연치성역:임현수,반달역:왕빛나,임종사관역:허태희,최천중어린시절역:강태우,봉련어린시절역:홍승희,채인규어린시절역:최정우,상복역:허성태,민승호역:이해우,저자이병주,출판그림같은세상2020.08.28.,e북무료판매처 1건"
20200615,DramaH,240508,250825,바람과구름과비,,8회,전국,010317,드라마&영화,드라마,미니시리즈,0,0,0.3073,0.04677,0.04187,0.77135,0.04531,0.11039,0.05733,0,0,0.15889,0.67489,0.21159,"최천중역:박시후,봉련역:고성희,흥선대원군이하응역:전광렬,채인규역:성혁,김병운역:김승수,김좌근역:차광수,나합역:윤아정,김병학역:한재영,조대비역:김보연,철종역:정욱,이하전역:이루,명성황후민자영역:박정연,고종이재황역:박상훈,용팔룡역:조복래,주모역:김주령,적도사진상역:한동규,팽구철역:노형욱,만석역:박노식,연치성역:임현수,반달역:왕빛나,임종사관역:허태희,최천중어린시절역:강태우,봉련어린시절역:홍승희,채인규어린시절역:최정우,상복역:허성태,민승호역:이해우,저자이병주,출판그림같은세상2020.08.28.,e북무료판매처 1건"
20200615,DramaH,252157,255959,굿캐스팅,,13회,전국,003802,드라마&영화,드라마,미니시리즈,0,0,0,0,0,0.24277,0.00165,0,0,0,0,0,0.12323,0.17125,"백찬미역:최강희,윤석호역:이상엽,임예은역:유인영,황미순역:김지영,강우원역:이준영,동관수역:이종혁,서국환역:정인기,배무혁역:박경순,간태희역:황보미,명계철역:우현,탁상기역:이상훈,옥철역:김용희,변우석역:허재호,구비서역:한수진,설영훈역:조영훈,심화란역:차수연,남봉만역:이승형,남주연역:김보윤,피철웅역:배진웅,권민석역:성혁,권소희역:노하연"
20200615,Dramax,031823,042402,너의목소리가들려,,15회,전국,010539,드라마&영화,드라마,미니시리즈,0,0,0.00407,0.0389,0,0.02823,0.01001,0.04813,0,0.00588,0.02885,0.01678,0,0.01619,"장혜성역:이보영,박수하역:이종석,차관우역:윤상현,서도연역:이다희,어춘심역:김해숙,민준국역:정웅인,신상덕역:윤주상,서대석역:정동환,김공숙역:김광규,황달중역:김병옥,고성빈역:김가은,최유창역:최성준,김충기역:박두식,박주혁역:조덕현,도연엄마역:장희수,어린장혜성역:김소현,어린박수하역:구승현,어린서도연역:정민아,정필재역:한기원,정필승역:한기웅,변호사역:소이현,형사역:김성균,문동희역:김수연,최윤역:김민종,고아원입양담당자역:안문숙,엄기준역:엄기준,백화점손님역:안영미,경찰역:정만식,소매치기역:강남"
20200615,Dramax,043357,053900,너의목소리가들려,,16회,전국,010503,드라마&영화,드라마,미니시리즈,0,0,0,0,0.03912,0.03509,0.01264,0,0,0,0,0,0.03074,0.03611,"장혜성역:이보영,박수하역:이종석,차관우역:윤상현,서도연역:이다희,어춘심역:김해숙,민준국역:정웅인,신상덕역:윤주상,서대석역:정동환,김공숙역:김광규,황달중역:김병옥,고성빈역:김가은,최유창역:최성준,김충기역:박두식,박주혁역:조덕현,도연엄마역:장희수,어린장혜성역:김소현,어린박수하역:구승현,어린서도연역:정민아,정필재역:한기원,정필승역:한기웅,변호사역:소이현,형사역:김성균,문동희역:김수연,최윤역:김민종,고아원입양담당자역:안문숙,엄기준역:엄기준,백화점손님역:안영미,경찰역:정만식,소매치기역:강남"
20200615,Dramax,132950,143739,낭만닥터김사부2,,1회,전국,010749,드라마&영화,드라마,미니시리즈,0,0,0,0,0.01272,0,0.15904,0,0,0,0.17594,0.00577,0.11712,0.11216,"김사부역:한석규,서우진역:안효섭,차은재역:이성경,박민국역:김주헌,배문정역:신동욱,윤아름역:소주연,정인수역:윤나무,여운영역:김홍파,오명심역:진경,장기태역:임원희,남도일역:변우민,박은탁역:김민재,양호준역:고상호,심혜진역:박효주,허영규역:배명진,도윤완역:최진호,엄현정역:정지안,주영미역:윤보라,주지배인역:서영"
20200615,E채널,060919,064241,닥터프리즈너,,25회,전국,003322,드라마&영화,드라마,미니시리즈,0,0,0,0,0,0.01435,0.04413,0,0,0,0.00784,0,0.08434,0.00564,"나이제역:남궁민,한소금역:권나라,선민식역:김병철,이재준역:최원영,이재인역:이다인,이재환역:박은석,복혜수역:이민영,오정희역:김정난,정의식역:장현성,모이라역:진희경,김상춘역:강신일,고영철역:이준혁,오철민역:박수영,김만철역:박성근,태춘호역:장준녕,신현상역:강홍석,현재민역:이용준,함길선역:이현균,나이현역:하영,한빛역:려운,최정우역:김대령,선민중역:정인겸,최동훈역:채동현,정민제역:남경읍,정세진역:배윤경,김영선역:우미화,장민석역:최덕문,김석우역:이주승,오민정역:김지은"
20200615,E채널,064352,071046,닥터프리즈너,,26회,전국,002654,드라마&영화,드라마,미니시리즈,0,0,0,0,0.00395,0,0.04562,0,0,0,0,0,0.10534,0.00527,"나이제역:남궁민,한소금역:권나라,선민식역:김병철,이재준역:최원영,이재인역:이다인,이재환역:박은석,복혜수역:이민영,오정희역:김정난,정의식역:장현성,모이라역:진희경,김상춘역:강신일,고영철역:이준혁,오철민역:박수영,김만철역:박성근,태춘호역:장준녕,신현상역:강홍석,현재민역:이용준,함길선역:이현균,나이현역:하영,한빛역:려운,최정우역:김대령,선민중역:정인겸,최동훈역:채동현,정민제역:남경읍,정세진역:배윤경,김영선역:우미화,장민석역:최덕문,김석우역:이주승,오민정역:김지은"
20200615,E채널,072349,075025,닥터프리즈너,,27회,전국,002636,드라마&영화,드라마,미니시리즈,0,0,0,0.08944,0.10655,0,0.04954,0,0,0,0,0,0.0928,0,"나이제역:남궁민,한소금역:권나라,선민식역:김병철,이재준역:최원영,이재인역:이다인,이재환역:박은석,복혜수역:이민영,오정희역:김정난,정의식역:장현성,모이라역:진희경,김상춘역:강신일,고영철역:이준혁,오철민역:박수영,김만철역:박성근,태춘호역:장준녕,신현상역:강홍석,현재민역:이용준,함길선역:이현균,나이현역:하영,한빛역:려운,최정우역:김대령,선민중역:정인겸,최동훈역:채동현,정민제역:남경읍,정세진역:배윤경,김영선역:우미화,장민석역:최덕문,김석우역:이주승,오민정역:김지은"
20200615,E채널,075136,082502,닥터프리즈너,,28회,전국,003326,드라마&영화,드라마,미니시리즈,0,0,0,0.02168,0.08718,0,0.01313,0,0,0.01784,0,0,0.03847,0,"나이제역:남궁민,한소금역:권나라,선민식역:김병철,이재준역:최원영,이재인역:이다인,이재환역:박은석,복혜수역:이민영,오정희역:김정난,정의식역:장현성,모이라역:진희경,김상춘역:강신일,고영철역:이준혁,오철민역:박수영,김만철역:박성근,태춘호역:장준녕,신현상역:강홍석,현재민역:이용준,함길선역:이현균,나이현역:하영,한빛역:려운,최정우역:김대령,선민중역:정인겸,최동훈역:채동현,정민제역:남경읍,정세진역:배윤경,김영선역:우미화,장민석역:최덕문,김석우역:이주승,오민정역:김지은"
20200615,FX,041511,051300,야인시대,,101회,전국,005749,드라마&영화,드라마,주간연속극,0.01364,0,0,0,0.03937,0,0.00121,0,0,0.01621,0,0.00284,0,0.00109,"청년김두한역:안재모,소년김두한역:곽정욱,장년김두한역:김영철,장년정진영역:차광수,구마적역:이원종,쌍칼역:박준규,김무옥역:이혁재,문영철역:장세진,장년개코역:성동일,신마적역:최철호,하야시역:이창훈,가미소리역:이상인,시바루역:이세창,나미꼬역:이세은,시라소니역:조상구,최동열역:정동환,미와역:이재용,마루오까역:최재성,설향역:허영란,애란역:조여정,정운경역:심형탁,김좌진역:최동준,오숙근역:이덕희,박계숙역:전미선,원노인역:이순재,유진산역:이효정,이정재역:김영호,조병옥역:김학철,이화룡역:안승훈,청년개코역:이동훈,신영균역:윤용현,청년정진영역:김정민,김영태역:박영록,박인애역:정소영,이영숙역:이일화,김두한어린시절역:곽정욱"
20200615,FX,084843,094332,허준,,37회,전국,005449,드라마&영화,드라마,주간연속극,0,0.00599,0,0,0,0.0133,0.00111,0,0,0.00851,0.05902,0.01588,0.04182,0.01356,"허준역:전광렬,유의태역:이순재,유도지역:김병세,예진역:황수정,임오근역:임현식,구일서역:이희도"
20200615,FX,095432,104502,허준,,38회,전국,005030,드라마&영화,드라마,주간연속극,0,0,0,0,0.00432,0,0,0,0,0,0,0.00699,0.02221,0,"허준역:전광렬,유의태역:이순재,유도지역:김병세,예진역:황수정,임오근역:임현식,구일서역:이희도"
20200615,FX,163728,174617,간택여인들의전쟁,,9회,전국,010849,드라마&영화,드라마,미니시리즈,0,0.03029,0,0.01532,0,0.21536,0.02283,0,0,0.01152,0,0,0.01394,0.02592,"강은보역:진세연,이경역:김민규,이재화역:도상우,조영지역:이열음,왈역:이시언,김송이역:이화겸,대왕대비역:정애리,대비역:조은숙,조흥견역:이재용,김만찬역:손병호,용호역:이주진"
20200615,FX,180427,190317,야인시대,,101회,전국,005850,드라마&영화,드라마,주간연속극,0,0,0.02883,0.01426,0.00335,0.03772,0.01777,0,0,0.03026,0.01569,0,0.01944,0.01687,"청년김두한역:안재모,소년김두한역:곽정욱,장년김두한역:김영철,장년정진영역:차광수,구마적역:이원종,쌍칼역:박준규,김무옥역:이혁재,문영철역:장세진,장년개코역:성동일,신마적역:최철호,하야시역:이창훈,가미소리역:이상인,시바루역:이세창,나미꼬역:이세은,시라소니역:조상구,최동열역:정동환,미와역:이재용,마루오까역:최재성,설향역:허영란,애란역:조여정,정운경역:심형탁,김좌진역:최동준,오숙근역:이덕희,박계숙역:전미선,원노인역:이순재,유진산역:이효정,이정재역:김영호,조병옥역:김학철,이화룡역:안승훈,청년개코역:이동훈,신영균역:윤용현,청년정진영역:김정민,김영태역:박영록,박인애역:정소영,이영숙역:이일화,김두한어린시절역:곽정욱"
20200615,FX,201250,212139,간택여인들의전쟁,,9회,전국,010849,드라마&영화,드라마,미니시리즈,0,0,0,0.0083,0,0,0.11219,0,0,0.01289,0,0,0,0.07141,"강은보역:진세연,이경역:김민규,이재화역:도상우,조영지역:이열음,왈역:이시언,김송이역:이화겸,대왕대비역:정애리,대비역:조은숙,조흥견역:이재용,김만찬역:손병호,용호역:이주진"
20200615,FX,214029,225113,간택여인들의전쟁,,10회,전국,011044,드라마&영화,드라마,미니시리즈,0,0.00141,0,0,0.00093,0.22857,0.0077,0,0.00117,0.07417,0.00133,0,0,0.00917,"강은보역:진세연,이경역:김민규,이재화역:도상우,조영지역:이열음,왈역:이시언,김송이역:이화겸,대왕대비역:정애리,대비역:조은숙,조흥견역:이재용,김만찬역:손병호,용호역:이주진"
20200615,FX,243345,253235,야인시대,,101회,전국,005850,드라마&영화,드라마,주간연속극,0,0,0,0,0.0246,0,0.04549,0,0.01699,0,0.03231,0,0,0.04329,"청년김두한역:안재모,소년김두한역:곽정욱,장년김두한역:김영철,장년정진영역:차광수,구마적역:이원종,쌍칼역:박준규,김무옥역:이혁재,문영철역:장세진,장년개코역:성동일,신마적역:최철호,하야시역:이창훈,가미소리역:이상인,시바루역:이세창,나미꼬역:이세은,시라소니역:조상구,최동열역:정동환,미와역:이재용,마루오까역:최재성,설향역:허영란,애란역:조여정,정운경역:심형탁,김좌진역:최동준,오숙근역:이덕희,박계숙역:전미선,원노인역:이순재,유진산역:이효정,이정재역:김영호,조병옥역:김학철,이화룡역:안승훈,청년개코역:이동훈,신영균역:윤용현,청년정진영역:김정민,김영태역:박영록,박인애역:정소영,이영숙역:이일화,김두한어린시절역:곽정욱"
20200615,JTBC2,054554,070334,부부의세계,,11회,전국,011740,드라마&영화,드라마,미니시리즈,0,0,0,0.00769,0,0,0.00913,0,0,0,0.00496,0,0.15009,0.02079,"지선우역:김희애,이태오역:박해준,여다경역:한소희,고예림역:박선영,손제혁역:김영민,설명숙역:채국희,여병규역:이경영,엄효정역:김선경,이준영역:전진서,민현서역:심은우,박인규역:이학주,마강석역:박충선,공지철역:정재성,김윤기역:이무생,하동식역:김종태,윤노을역:신수연,차해강역:정준원,최회장아내역:서이숙,공지철아내역:박미현,차도철아내역:윤인조"
20200615,JTBC2,071657,084142,부부의세계,,12회,전국,012445,드라마&영화,드라마,미니시리즈,0.11152,0,0,0.02758,0.01707,0.00614,0.00652,0.00541,0,0,0.00209,0.00785,0.00742,0.03401,"지선우역:김희애,이태오역:박해준,여다경역:한소희,고예림역:박선영,손제혁역:김영민,설명숙역:채국희,여병규역:이경영,엄효정역:김선경,이준영역:전진서,민현서역:심은우,박인규역:이학주,마강석역:박충선,공지철역:정재성,김윤기역:이무생,하동식역:김종태,윤노을역:신수연,차해강역:정준원,최회장아내역:서이숙,공지철아내역:박미현,차도철아내역:윤인조"
20200615,JTBC2,205111,215936,쌍갑포차,,7회,전국,010825,드라마&영화,드라마,미니시리즈,0.98123,0.18198,0.01237,0.11839,0.11924,0.14527,0.10012,0,0.12532,0.03849,0.511,0.10384,0.25121,0.01016,"월주역:황정음,한강배역:육성재,귀반장역:최원영,염부장역:이준혁,강여린역:정다은,최진동역:안태환,송미란역:박하나,박대리역:박주형,김원형역:나인우"
20200615,JTBC2,221118,232026,쌍갑포차,,8회,전국,010908,드라마&영화,드라마,미니시리즈,0.43509,0.01749,0.03756,0.00426,0.20997,0.37013,0.00444,0,0,0.08432,0.36791,0.1947,0.44794,0.04841,"월주역:황정음,한강배역:육성재,귀반장역:최원영,염부장역:이준혁,강여린역:정다은,최진동역:안태환,송미란역:박하나,박대리역:박주형,김원형역:나인우"
20200615,JTBC2,245704,255959,부부의세계,,1회,전국,010255,드라마&영화,드라마,미니시리즈,0,0.0209,0.11488,0.00912,0.01612,0.48083,0.10181,0,0.06522,0.12844,0.08159,0.35575,0.33785,0.13021,"지선우역:김희애,이태오역:박해준,여다경역:한소희,고예림역:박선영,손제혁역:김영민,설명숙역:채국희,여병규역:이경영,엄효정역:김선경,이준영역:전진서,민현서역:심은우,박인규역:이학주,마강석역:박충선,공지철역:정재성,김윤기역:이무생,하동식역:김종태,윤노을역:신수연,차해강역:정준원,최회장아내역:서이숙,공지철아내역:박미현,차도철아내역:윤인조"
20200615,KBS DRAMA,020000,022113,영혼수선공,,22회,전국,002113,드라마&영화,드라마,미니시리즈,0,0,0,0,0,0.28714,0.1179,0,0,0.14701,0.07418,0,0.26017,0.02711,"이시준역:신하균,한우주역:정소민,인동혁역:태인호,지영원역:박예진,공지선역:주민경,조인혜역:조경숙,오기태역:박수영,박대하역:정해균,이택경역:최정우,노우정역:안동구,강누리역:하영,임세찬역:장유상,공지희역:박한솔,장유미역:김가란,김영석역:김강민,송민수역:류시원"
20200615,KBS DRAMA,023307,030551,영혼수선공,,23회,전국,003244,드라마&영화,드라마,미니시리즈,0,0,0.02544,0,0,0.12399,0.21958,0,0,0.01764,0.16418,0.01102,0.22739,0.06081,"이시준역:신하균,한우주역:정소민,인동혁역:태인호,지영원역:박예진,공지선역:주민경,조인혜역:조경숙,오기태역:박수영,박대하역:정해균,이택경역:최정우,노우정역:안동구,강누리역:하영,임세찬역:장유상,공지희역:박한솔,장유미역:김가란,김영석역:김강민,송민수역:류시원"
20200615,KBS DRAMA,030702,033404,영혼수선공,,24회,전국,002702,드라마&영화,드라마,미니시리즈,0,0,0,0.20555,0,0.06717,0,0,0.11585,0,0.14583,0,0.06942,0,"이시준역:신하균,한우주역:정소민,인동혁역:태인호,지영원역:박예진,공지선역:주민경,조인혜역:조경숙,오기태역:박수영,박대하역:정해균,이택경역:최정우,노우정역:안동구,강누리역:하영,임세찬역:장유상,공지희역:박한솔,장유미역:김가란,김영석역:김강민,송민수역:류시원"
20200615,KBS DRAMA,045555,052340,기막힌유산,,39회,전국,002745,드라마&영화,드라마,일일연속극,0,0,0,0,0,0,0.0211,0,0,0,0.30288,0,0.28064,0.07469,"부영배역:박인환,공계옥역:강세정,부설악역:신정윤,부백두역:강신조,윤민주역:이아현,부금강역:남성진,신애리역:김가연,정미희역:박순천,김용미역:이응경,부한라역:박신우,성판금역:조양자,부가온역:김비주,부태희역:김연지,부혜교역:김효경,부지현역:강유라,공소영역:김난주,이장원역:이일준,김수민역:조서후,김종두역:이춘식,차정건역:조순창,이청아역:정서하,손보미역:박민지,김영지역:주민하,강선희역:박현정,천호식역:백신,이정태역:노상보,고향숙역:박소정"
20200615,KBS DRAMA,052347,055133,기막힌유산,,40회,전국,002746,드라마&영화,드라마,일일연속극,0,0,0,0,0,0.06385,0.13606,0,0,0,0.30288,0,0.55745,0.21995,"부영배역:박인환,공계옥역:강세정,부설악역:신정윤,부백두역:강신조,윤민주역:이아현,부금강역:남성진,신애리역:김가연,정미희역:박순천,김용미역:이응경,부한라역:박신우,성판금역:조양자,부가온역:김비주,부태희역:김연지,부혜교역:김효경,부지현역:강유라,공소영역:김난주,이장원역:이일준,김수민역:조서후,김종두역:이춘식,차정건역:조순창,이청아역:정서하,손보미역:박민지,김영지역:주민하,강선희역:박현정,천호식역:백신,이정태역:노상보,고향숙역:박소정"
20200615,KBS DRAMA,055533,062938,위험한약속,,48회,전국,003405,드라마&영화,드라마,일일연속극,0,0,0,0.00358,0,0.02103,0.54663,0,0,0,0.33713,0,0.4874,0.41074,"차은동역:박하나,강태인역:고세원,최준혁역:강성민,오혜원역:박영린,한지훈역:이창욱,차만종역:이대연,차은찬역:유준서,공영심역:유지연,봉석구역:현우섭,강일섭역:강신일,연두심역:이칸희,한광훈역:길용우,한서주역:김혜지,최명희역:김나운,고재숙역:윤복인,최영국역:송민형,민주란역:오영실,최준경역:이효나,이창욱역:김정운"
20200615,KBS DRAMA,062945,070342,위험한약속,,49회,전국,003357,드라마&영화,드라마,일일연속극,0,0,0,0.00358,0.06505,0.0411,0.78224,0,0,0,0.40508,0.36912,0.35097,0.72341,"차은동역:박하나,강태인역:고세원,최준혁역:강성민,오혜원역:박영린,한지훈역:이창욱,차만종역:이대연,차은찬역:유준서,공영심역:유지연,봉석구역:현우섭,강일섭역:강신일,연두심역:이칸희,한광훈역:길용우,한서주역:김혜지,최명희역:김나운,고재숙역:윤복인,최영국역:송민형,민주란역:오영실,최준경역:이효나,이창욱역:김정운"
20200615,KBS DRAMA,071434,074833,위험한약속,,50회,전국,003359,드라마&영화,드라마,일일연속극,0,0,0.12132,0,0.05796,0.07738,0.97891,0,0,0,0.51912,0.20129,0.55279,0.97932,"차은동역:박하나,강태인역:고세원,최준혁역:강성민,오혜원역:박영린,한지훈역:이창욱,차만종역:이대연,차은찬역:유준서,공영심역:유지연,봉석구역:현우섭,강일섭역:강신일,연두심역:이칸희,한광훈역:길용우,한서주역:김혜지,최명희역:김나운,고재숙역:윤복인,최영국역:송민형,민주란역:오영실,최준경역:이효나,이창욱역:김정운"
20200615,KBS DRAMA,074840,082233,위험한약속,,51회,전국,003353,드라마&영화,드라마,일일연속극,0,0.04338,0.29463,0.08288,0,0.31945,0.91204,0,0,0,0.54657,0.13027,0.91649,1.65826,"차은동역:박하나,강태인역:고세원,최준혁역:강성민,오혜원역:박영린,한지훈역:이창욱,차만종역:이대연,차은찬역:유준서,공영심역:유지연,봉석구역:현우섭,강일섭역:강신일,연두심역:이칸희,한광훈역:길용우,한서주역:김혜지,최명희역:김나운,고재숙역:윤복인,최영국역:송민형,민주란역:오영실,최준경역:이효나,이창욱역:김정운"
20200615,KBS DRAMA,082240,085636,위험한약속,,52회,전국,003356,드라마&영화,드라마,일일연속극,0.02068,0,0.19931,0.01356,0,0.67094,0.96229,0.1629,0,0,0.43723,0.08109,1.29901,1.49135,"차은동역:박하나,강태인역:고세원,최준혁역:강성민,오혜원역:박영린,한지훈역:이창욱,차만종역:이대연,차은찬역:유준서,공영심역:유지연,봉석구역:현우섭,강일섭역:강신일,연두심역:이칸희,한광훈역:길용우,한서주역:김혜지,최명희역:김나운,고재숙역:윤복인,최영국역:송민형,민주란역:오영실,최준경역:이효나,이창욱역:김정운"
20200615,KBS DRAMA,091047,094901,한번다녀왔습니다,,45회,전국,003814,드라마&영화,드라마,주말연속극,0.55728,0,0,0.32511,0.17521,0.20856,0.29882,0.18461,0.14615,0,0.6801,0.08609,0.13614,0.76766,"송영달역:천호진,장옥분역:차화연,최윤정역:김보연,강초연역:이정은,송나희역:이민정,윤규진역:이상엽,송준선역:오대환,송가희역:오윤아,송다희역:이초희,양치수역:안길강,장옥자역:백지원,성현경역:임정은,윤재석역:이상이,박효신역:기도훈,김지훈역:문우진,이주리역:김소라,김가연역:송다은,건어물역:신미영,꽈배기역:김가영,송서영역:이가연,송서진역:안서연,이정록역:알렉스,유보영역:손성윤,유시후역:송민재,박지연역:신수정,한기영역:강유석,홍성우역:김현목,신혜정역:김미은,심정희역:이상경,오연지역:한봄,오정봉역:오의식,이종수역:장원혁,김승현역:배호근,송이역:김주영,지원역:찬희,이현역:이필모"
20200615,KBS DRAMA,095012,102101,한번다녀왔습니다,,46회,전국,003049,드라마&영화,드라마,주말연속극,0.55728,0.27611,0.03385,0.33024,0.43692,0.24454,0.4466,0.18461,0.14615,0.34922,0.86621,0.41257,0.35396,0.94735,"송영달역:천호진,장옥분역:차화연,최윤정역:김보연,강초연역:이정은,송나희역:이민정,윤규진역:이상엽,송준선역:오대환,송가희역:오윤아,송다희역:이초희,양치수역:안길강,장옥자역:백지원,성현경역:임정은,윤재석역:이상이,박효신역:기도훈,김지훈역:문우진,이주리역:김소라,김가연역:송다은,건어물역:신미영,꽈배기역:김가영,송서영역:이가연,송서진역:안서연,이정록역:알렉스,유보영역:손성윤,유시후역:송민재,박지연역:신수정,한기영역:강유석,홍성우역:김현목,신혜정역:김미은,심정희역:이상경,오연지역:한봄,오정봉역:오의식,이종수역:장원혁,김승현역:배호근,송이역:김주영,지원역:찬희,이현역:이필모"
20200615,KBS DRAMA,103456,111353,한번다녀왔습니다,,47회,전국,003857,드라마&영화,드라마,주말연속극,0.55728,0.25323,0.03625,0.27624,0.43808,0.29669,0.2628,0.44955,0.14615,0.02778,0.76947,0.40592,0.6643,0.47102,"송영달역:천호진,장옥분역:차화연,최윤정역:김보연,강초연역:이정은,송나희역:이민정,윤규진역:이상엽,송준선역:오대환,송가희역:오윤아,송다희역:이초희,양치수역:안길강,장옥자역:백지원,성현경역:임정은,윤재석역:이상이,박효신역:기도훈,김지훈역:문우진,이주리역:김소라,김가연역:송다은,건어물역:신미영,꽈배기역:김가영,송서영역:이가연,송서진역:안서연,이정록역:알렉스,유보영역:손성윤,유시후역:송민재,박지연역:신수정,한기영역:강유석,홍성우역:김현목,신혜정역:김미은,심정희역:이상경,오연지역:한봄,오정봉역:오의식,이종수역:장원혁,김승현역:배호근,송이역:김주영,지원역:찬희,이현역:이필모"
20200615,KBS DRAMA,111503,114525,한번다녀왔습니다,,48회,전국,003022,드라마&영화,드라마,주말연속극,0.48298,0,0.03182,0.33724,0.10047,0.30694,0.41917,0.95481,0.12666,0,0.58756,0.12028,0.72096,0.87188,"송영달역:천호진,장옥분역:차화연,최윤정역:김보연,강초연역:이정은,송나희역:이민정,윤규진역:이상엽,송준선역:오대환,송가희역:오윤아,송다희역:이초희,양치수역:안길강,장옥자역:백지원,성현경역:임정은,윤재석역:이상이,박효신역:기도훈,김지훈역:문우진,이주리역:김소라,김가연역:송다은,건어물역:신미영,꽈배기역:김가영,송서영역:이가연,송서진역:안서연,이정록역:알렉스,유보영역:손성윤,유시후역:송민재,박지연역:신수정,한기영역:강유석,홍성우역:김현목,신혜정역:김미은,심정희역:이상경,오연지역:한봄,오정봉역:오의식,이종수역:장원혁,김승현역:배호근,송이역:김주영,지원역:찬희,이현역:이필모"
20200615,KBS DRAMA,163806,171623,한번다녀왔습니다,,45회,전국,003817,드라마&영화,드라마,주말연속극,0,0.49069,0.2099,0.0313,0.3436,0.06233,0.33702,0,0.02179,0.06466,0.10207,0.63894,0.46302,0.25871,"송영달역:천호진,장옥분역:차화연,최윤정역:김보연,강초연역:이정은,송나희역:이민정,윤규진역:이상엽,송준선역:오대환,송가희역:오윤아,송다희역:이초희,양치수역:안길강,장옥자역:백지원,성현경역:임정은,윤재석역:이상이,박효신역:기도훈,김지훈역:문우진,이주리역:김소라,김가연역:송다은,건어물역:신미영,꽈배기역:김가영,송서영역:이가연,송서진역:안서연,이정록역:알렉스,유보영역:손성윤,유시후역:송민재,박지연역:신수정,한기영역:강유석,홍성우역:김현목,신혜정역:김미은,심정희역:이상경,오연지역:한봄,오정봉역:오의식,이종수역:장원혁,김승현역:배호근,송이역:김주영,지원역:찬희,이현역:이필모"
20200615,KBS DRAMA,171732,174822,한번다녀왔습니다,,46회,전국,003050,드라마&영화,드라마,주말연속극,0.28129,0.60993,0.2099,0.12153,0.16329,0.15696,0.25174,0,0.02613,0.36601,0.14266,0.60061,0.54742,0.23501,"송영달역:천호진,장옥분역:차화연,최윤정역:김보연,강초연역:이정은,송나희역:이민정,윤규진역:이상엽,송준선역:오대환,송가희역:오윤아,송다희역:이초희,양치수역:안길강,장옥자역:백지원,성현경역:임정은,윤재석역:이상이,박효신역:기도훈,김지훈역:문우진,이주리역:김소라,김가연역:송다은,건어물역:신미영,꽈배기역:김가영,송서영역:이가연,송서진역:안서연,이정록역:알렉스,유보영역:손성윤,유시후역:송민재,박지연역:신수정,한기영역:강유석,홍성우역:김현목,신혜정역:김미은,심정희역:이상경,오연지역:한봄,오정봉역:오의식,이종수역:장원혁,김승현역:배호근,송이역:김주영,지원역:찬희,이현역:이필모"
20200615,KBS DRAMA,180230,184129,한번다녀왔습니다,,47회,전국,003859,드라마&영화,드라마,주말연속극,0,0.00866,0.37064,0.04436,0.06582,0.36126,0.12456,0,0.31665,0.34596,0.51353,0.51143,0.72308,0.5058,"송영달역:천호진,장옥분역:차화연,최윤정역:김보연,강초연역:이정은,송나희역:이민정,윤규진역:이상엽,송준선역:오대환,송가희역:오윤아,송다희역:이초희,양치수역:안길강,장옥자역:백지원,성현경역:임정은,윤재석역:이상이,박효신역:기도훈,김지훈역:문우진,이주리역:김소라,김가연역:송다은,건어물역:신미영,꽈배기역:김가영,송서영역:이가연,송서진역:안서연,이정록역:알렉스,유보영역:손성윤,유시후역:송민재,박지연역:신수정,한기영역:강유석,홍성우역:김현목,신혜정역:김미은,심정희역:이상경,오연지역:한봄,오정봉역:오의식,이종수역:장원혁,김승현역:배호근,송이역:김주영,지원역:찬희,이현역:이필모"
20200615,KBS DRAMA,184238,191301,한번다녀왔습니다,,48회,전국,003023,드라마&영화,드라마,주말연속극,0.46007,0.25239,0.35472,0.1414,0.13606,0.3886,0.05119,0,0.52577,0.34191,0.87299,1.23891,0.65658,0.54419,"송영달역:천호진,장옥분역:차화연,최윤정역:김보연,강초연역:이정은,송나희역:이민정,윤규진역:이상엽,송준선역:오대환,송가희역:오윤아,송다희역:이초희,양치수역:안길강,장옥자역:백지원,성현경역:임정은,윤재석역:이상이,박효신역:기도훈,김지훈역:문우진,이주리역:김소라,김가연역:송다은,건어물역:신미영,꽈배기역:김가영,송서영역:이가연,송서진역:안서연,이정록역:알렉스,유보영역:손성윤,유시후역:송민재,박지연역:신수정,한기영역:강유석,홍성우역:김현목,신혜정역:김미은,심정희역:이상경,오연지역:한봄,오정봉역:오의식,이종수역:장원혁,김승현역:배호근,송이역:김주영,지원역:찬희,이현역:이필모"
20200615,KBS W,020000,024815,젊은이의양지,,39회,전국,004815,드라마&영화,드라마,주말연속극,0,0,0,0.02242,0.01829,0.00777,0.17565,0,0,0,0.00526,0.08644,0,0.20123,"저자서,출판하북스2020.11.04.,e북900원판매처 4건,저자시어도어드라이저,출판일신서적출판사1995.06.01.,도서10,800원판매처 5건,저자시어도어드라이저,출판일신서적출판사1995.06.01.,리뷰1건,도서10,800원판매처 2건,저자시어도어드라이저,출판범우사1989.02.01.,저자시어도어드라이저,출판범우사1989.02.01.,저자시어도어드라이저,출판숨은책1995.10.01.,리뷰1건"
20200615,KBS W,025911,035356,젊은이의양지,,40회,전국,005445,드라마&영화,드라마,주말연속극,0,0,0,0,0,0,0.02639,0,0,0,0.03215,0.00239,0,0.04929,"저자서,출판하북스2020.11.04.,e북900원판매처 4건,저자시어도어드라이저,출판일신서적출판사1995.06.01.,도서10,800원판매처 5건,저자시어도어드라이저,출판일신서적출판사1995.06.01.,리뷰1건,도서10,800원판매처 2건,저자시어도어드라이저,출판범우사1989.02.01.,저자시어도어드라이저,출판범우사1989.02.01.,저자시어도어드라이저,출판숨은책1995.10.01.,리뷰1건"
20200615,KBS W,055951,063347,뻐꾸기둥지,,97회,전국,003356,드라마&영화,드라마,일일연속극,0,0,0,0.0757,0.19548,0,0.05384,0.14026,0,0.01169,0,0.12891,0.00237,0.21819,"백연희역:장서희,정병국역:황동주,이화영역:이채영,유성빈역:김경남,백철역:임채무,홍금옥역:엄유신,백준희역:손승우,정진우역:정지훈,이명운역:현우성,곽희자역:서권순,정진숙역:지수원,정유미역:김민좌,오기섭역:이정훈,배추자역:박준금,배찬식역:전노민,이공희역:한경선,이소라역:전민서,최상두역:이창욱,직원역:이하나,이동현역:정민진,소진역:김리원,순남역:허인영,이상순역:이숙,사기꾼역:지상렬,이소라어린시절역:박지소"
20200615,KBS W,063359,070730,뻐꾸기둥지,,98회,전국,003331,드라마&영화,드라마,일일연속극,0,0.01607,0,0.02149,0.15515,0,0,0.84156,0,0.01169,0.03799,0,0.00562,0.24113,"백연희역:장서희,정병국역:황동주,이화영역:이채영,유성빈역:김경남,백철역:임채무,홍금옥역:엄유신,백준희역:손승우,정진우역:정지훈,이명운역:현우성,곽희자역:서권순,정진숙역:지수원,정유미역:김민좌,오기섭역:이정훈,배추자역:박준금,배찬식역:전노민,이공희역:한경선,이소라역:전민서,최상두역:이창욱,직원역:이하나,이동현역:정민진,소진역:김리원,순남역:허인영,이상순역:이숙,사기꾼역:지상렬,이소라어린시절역:박지소"
20200615,KBS W,071833,075241,뻐꾸기둥지,,99회,전국,003408,드라마&영화,드라마,일일연속극,0,0.0482,0,0,0.15515,0,0.00161,0,0,0,0,0,0.03227,0.12352,"백연희역:장서희,정병국역:황동주,이화영역:이채영,유성빈역:김경남,백철역:임채무,홍금옥역:엄유신,백준희역:손승우,정진우역:정지훈,이명운역:현우성,곽희자역:서권순,정진숙역:지수원,정유미역:김민좌,오기섭역:이정훈,배추자역:박준금,배찬식역:전노민,이공희역:한경선,이소라역:전민서,최상두역:이창욱,직원역:이하나,이동현역:정민진,소진역:김리원,순남역:허인영,이상순역:이숙,사기꾼역:지상렬,이소라어린시절역:박지소"
20200615,KBS W,075252,082640,뻐꾸기둥지,,100회,전국,003348,드라마&영화,드라마,일일연속극,0,0,0,0.02657,0.12598,0,0.11191,0,0,0,0,0.0294,0.01029,0.10327,"백연희역:장서희,정병국역:황동주,이화영역:이채영,유성빈역:김경남,백철역:임채무,홍금옥역:엄유신,백준희역:손승우,정진우역:정지훈,이명운역:현우성,곽희자역:서권순,정진숙역:지수원,정유미역:김민좌,오기섭역:이정훈,배추자역:박준금,배찬식역:전노민,이공희역:한경선,이소라역:전민서,최상두역:이창욱,직원역:이하나,이동현역:정민진,소진역:김리원,순남역:허인영,이상순역:이숙,사기꾼역:지상렬,이소라어린시절역:박지소"
20200615,KBS W,095440,105532,부부클리닉사랑과전쟁,,405회,전국,010052,드라마&영화,드라마,단막극,0.3514,0,0,0.07135,0,0.00749,0.16166,0,0,0.01506,0.05297,0.05522,0.01214,0.14453,"이재만,민지영,최영완,이정수,장가현,손유경,이준우"
20200615,KBS W,110634,120416,부부클리닉사랑과전쟁,,406회,전국,005742,드라마&영화,드라마,단막극,0.84237,0,0.14846,0.17104,0.00544,0.08253,0.17613,0,0,0,0.12699,0.1171,0.12829,0.28298,"이재만,민지영,최영완,이정수,장가현,손유경,이준우"
20200615,KBS W,121856,132026,넝쿨째굴러온당신,,13회,전국,010130,드라마&영화,드라마,주말연속극,0.89613,0,0,0.15412,0,0.00899,0.06137,0,0,0.06318,0.11504,0.09354,0,0.10449,"차윤희역:김남주,방귀남역:유준상,엄청애역:윤여정,방장수역:장용,전막례역:강부자,한만희역:김영란,차세중역:김용희,민지영역:진경,차세광역:강민혁,엄보애역:유지인,엄순애역:양희경,방일숙역:양정아,방이숙역:조윤희,방말숙역:오연서,장양실역:나영희,방정배역:김상호,고옥역:심이영,방장군역:곽동연,천재용역:이희준,윤빈역:김원준,남남구역:김형범,고시생역:김승우,예능국PD역:김준현,라디오DJ역:양희은,홍은희역:홍은희,송수지역:박수진,매니저역:이수근,목사역:지진희,차태봉역:차태현,성시갱역:성시경,노래강사역:이종박,한규현역:강동호,태영역:김형진,지피디역:곽민석,강혜수역:최윤소,동대문옷가게상인역:탁재훈,소개팅남역:이정신,유신혜역:유인영,지환역:이도현,김장훈역:김장훈,뚱보아버지역:유민상,뚱보아들역:김수영,인기여배우역:이혜영,인기남배우역:송준근,심사위원역:김종민,막장모녀엄마역:정경미,막장모녀딸역:박소영,신세경역:신세경,재용첫째누나역:김서형,재용둘째누나역:조민아,재용막내누나역:이제인,호들갑남역:공형진,라디오DJ역:박소현,귀남의양아버지역:길용우,귀남의양어머니역:김창숙,천재용아버지역:이재용,배PD역:이지영,방귀남어린시절역:홍현택"
20200615,KBS W,133130,143349,넝쿨째굴러온당신,,14회,전국,010219,드라마&영화,드라마,주말연속극,0.02766,0,0,0.00562,0.00421,0.00227,0.05822,0,0,0.01233,0.00417,0.08422,0.00476,0.11983,"차윤희역:김남주,방귀남역:유준상,엄청애역:윤여정,방장수역:장용,전막례역:강부자,한만희역:김영란,차세중역:김용희,민지영역:진경,차세광역:강민혁,엄보애역:유지인,엄순애역:양희경,방일숙역:양정아,방이숙역:조윤희,방말숙역:오연서,장양실역:나영희,방정배역:김상호,고옥역:심이영,방장군역:곽동연,천재용역:이희준,윤빈역:김원준,남남구역:김형범,고시생역:김승우,예능국PD역:김준현,라디오DJ역:양희은,홍은희역:홍은희,송수지역:박수진,매니저역:이수근,목사역:지진희,차태봉역:차태현,성시갱역:성시경,노래강사역:이종박,한규현역:강동호,태영역:김형진,지피디역:곽민석,강혜수역:최윤소,동대문옷가게상인역:탁재훈,소개팅남역:이정신,유신혜역:유인영,지환역:이도현,김장훈역:김장훈,뚱보아버지역:유민상,뚱보아들역:김수영,인기여배우역:이혜영,인기남배우역:송준근,심사위원역:김종민,막장모녀엄마역:정경미,막장모녀딸역:박소영,신세경역:신세경,재용첫째누나역:김서형,재용둘째누나역:조민아,재용막내누나역:이제인,호들갑남역:공형진,라디오DJ역:박소현,귀남의양아버지역:길용우,귀남의양어머니역:김창숙,천재용아버지역:이재용,배PD역:이지영,방귀남어린시절역:홍현택"
20200615,KBS W,144551,151329,기막힌유산,,37회,전국,002738,드라마&영화,드라마,일일연속극,0,0,0,0,0,0.14305,0.11841,0,0,0,0,0,0,0.22757,"부영배역:박인환,공계옥역:강세정,부설악역:신정윤,부백두역:강신조,윤민주역:이아현,부금강역:남성진,신애리역:김가연,정미희역:박순천,김용미역:이응경,부한라역:박신우,성판금역:조양자,부가온역:김비주,부태희역:김연지,부혜교역:김효경,부지현역:강유라,공소영역:김난주,이장원역:이일준,김수민역:조서후,김종두역:이춘식,차정건역:조순창,이청아역:정서하,손보미역:박민지,김영지역:주민하,강선희역:박현정,천호식역:백신,이정태역:노상보,고향숙역:박소정"
20200615,KBS W,151340,154052,기막힌유산,,38회,전국,002712,드라마&영화,드라마,일일연속극,0,0,0,0,0,0,0.06783,0,0,0,0,0,0,0.19672,"부영배역:박인환,공계옥역:강세정,부설악역:신정윤,부백두역:강신조,윤민주역:이아현,부금강역:남성진,신애리역:김가연,정미희역:박순천,김용미역:이응경,부한라역:박신우,성판금역:조양자,부가온역:김비주,부태희역:김연지,부혜교역:김효경,부지현역:강유라,공소영역:김난주,이장원역:이일준,김수민역:조서후,김종두역:이춘식,차정건역:조순창,이청아역:정서하,손보미역:박민지,김영지역:주민하,강선희역:박현정,천호식역:백신,이정태역:노상보,고향숙역:박소정"
20200615,KBS W,155154,161934,기막힌유산,,39회,전국,002740,드라마&영화,드라마,일일연속극,0,0,0,0,0.00403,0.00335,0.11208,0,0,0.01821,0,0.00237,0.07342,0.14619,"부영배역:박인환,공계옥역:강세정,부설악역:신정윤,부백두역:강신조,윤민주역:이아현,부금강역:남성진,신애리역:김가연,정미희역:박순천,김용미역:이응경,부한라역:박신우,성판금역:조양자,부가온역:김비주,부태희역:김연지,부혜교역:김효경,부지현역:강유라,공소영역:김난주,이장원역:이일준,김수민역:조서후,김종두역:이춘식,차정건역:조순창,이청아역:정서하,손보미역:박민지,김영지역:주민하,강선희역:박현정,천호식역:백신,이정태역:노상보,고향숙역:박소정"
20200615,KBS W,161945,164724,기막힌유산,,40회,전국,002739,드라마&영화,드라마,일일연속극,0,0,0.0266,0,0.0157,0.00857,0.32227,0,0,0,0.03404,0.00519,0.10545,0.19897,"부영배역:박인환,공계옥역:강세정,부설악역:신정윤,부백두역:강신조,윤민주역:이아현,부금강역:남성진,신애리역:김가연,정미희역:박순천,김용미역:이응경,부한라역:박신우,성판금역:조양자,부가온역:김비주,부태희역:김연지,부혜교역:김효경,부지현역:강유라,공소영역:김난주,이장원역:이일준,김수민역:조서후,김종두역:이춘식,차정건역:조순창,이청아역:정서하,손보미역:박민지,김영지역:주민하,강선희역:박현정,천호식역:백신,이정태역:노상보,고향숙역:박소정"
20200615,KBS W,170055,173455,위험한약속,,49회,전국,003400,드라마&영화,드라마,일일연속극,0,0.02646,0,0,0,0.01813,0.30044,0,0,0.01537,0,0.03677,0.06539,0.14388,"차은동역:박하나,강태인역:고세원,최준혁역:강성민,오혜원역:박영린,한지훈역:이창욱,차만종역:이대연,차은찬역:유준서,공영심역:유지연,봉석구역:현우섭,강일섭역:강신일,연두심역:이칸희,한광훈역:길용우,한서주역:김혜지,최명희역:김나운,고재숙역:윤복인,최영국역:송민형,민주란역:오영실,최준경역:이효나,이창욱역:김정운"
20200615,KBS W,173507,180854,위험한약속,,50회,전국,003347,드라마&영화,드라마,일일연속극,0,0,0,0,0,0,0.43694,0,0.03247,0,0.01782,0,0.09294,0.27663,"차은동역:박하나,강태인역:고세원,최준혁역:강성민,오혜원역:박영린,한지훈역:이창욱,차만종역:이대연,차은찬역:유준서,공영심역:유지연,봉석구역:현우섭,강일섭역:강신일,연두심역:이칸희,한광훈역:길용우,한서주역:김혜지,최명희역:김나운,고재숙역:윤복인,최영국역:송민형,민주란역:오영실,최준경역:이효나,이창욱역:김정운"
20200615,KBS W,181954,185353,위험한약속,,51회,전국,003359,드라마&영화,드라마,일일연속극,0.10087,0,0,0.02048,0,0.34457,0.44606,0,0.08117,0.00769,0.05975,0.00871,0.1994,0.22712,"차은동역:박하나,강태인역:고세원,최준혁역:강성민,오혜원역:박영린,한지훈역:이창욱,차만종역:이대연,차은찬역:유준서,공영심역:유지연,봉석구역:현우섭,강일섭역:강신일,연두심역:이칸희,한광훈역:길용우,한서주역:김혜지,최명희역:김나운,고재숙역:윤복인,최영국역:송민형,민주란역:오영실,최준경역:이효나,이창욱역:김정운"
20200615,KBS W,185405,192757,위험한약속,,52회,전국,003352,드라마&영화,드라마,일일연속극,0,0.01764,0,0.00886,0.01161,0.44211,0.32517,0,0.01464,0,0.01662,0.0098,0.24063,0.18654,"차은동역:박하나,강태인역:고세원,최준혁역:강성민,오혜원역:박영린,한지훈역:이창욱,차만종역:이대연,차은찬역:유준서,공영심역:유지연,봉석구역:현우섭,강일섭역:강신일,연두심역:이칸희,한광훈역:길용우,한서주역:김혜지,최명희역:김나운,고재숙역:윤복인,최영국역:송민형,민주란역:오영실,최준경역:이효나,이창욱역:김정운"
20200615,KBS W,220838,230810,부부클리닉사랑과전쟁,,388회,전국,005932,드라마&영화,드라마,단막극,0,0,0,0,0.2407,0,0.08942,0.46352,0.00566,0.08407,0,0,0,0.11073,"이재만,민지영,최영완,이정수,장가현,손유경,이준우"
20200615,KBS W,231916,241950,부부클리닉사랑과전쟁,,389회,전국,010034,드라마&영화,드라마,단막극,0.02306,0,0,0,0.01329,0.02967,0.15336,0,0,0,0.00471,0,0,0.27524,"이재만,민지영,최영완,이정수,장가현,손유경,이준우"
20200615,KBS W,243323,250110,기막힌유산,,40회,전국,002747,드라마&영화,드라마,일일연속극,0,0,0.0171,0,0,0,0.14673,0,0,0,0.02188,0,0.0166,0.17013,"부영배역:박인환,공계옥역:강세정,부설악역:신정윤,부백두역:강신조,윤민주역:이아현,부금강역:남성진,신애리역:김가연,정미희역:박순천,김용미역:이응경,부한라역:박신우,성판금역:조양자,부가온역:김비주,부태희역:김연지,부혜교역:김효경,부지현역:강유라,공소영역:김난주,이장원역:이일준,김수민역:조서후,김종두역:이춘식,차정건역:조순창,이청아역:정서하,손보미역:박민지,김영지역:주민하,강선희역:박현정,천호식역:백신,이정태역:노상보,고향숙역:박소정"
20200615,KBS W,250122,252855,기막힌유산,,41회,전국,002733,드라마&영화,드라마,일일연속극,0,0,0.09953,0,0,0,0.25792,0,0,0,0.11488,0,0.00513,0.18354,"부영배역:박인환,공계옥역:강세정,부설악역:신정윤,부백두역:강신조,윤민주역:이아현,부금강역:남성진,신애리역:김가연,정미희역:박순천,김용미역:이응경,부한라역:박신우,성판금역:조양자,부가온역:김비주,부태희역:김연지,부혜교역:김효경,부지현역:강유라,공소영역:김난주,이장원역:이일준,김수민역:조서후,김종두역:이춘식,차정건역:조순창,이청아역:정서하,손보미역:박민지,김영지역:주민하,강선희역:박현정,천호식역:백신,이정태역:노상보,고향숙역:박소정"
20200615,KBS W,254158,255959,위험한약속,,51회,전국,001801,드라마&영화,드라마,일일연속극,0.06192,0,0,0,0,0.05064,0.13131,0,0.01624,0,0.11729,0.00985,0,0.11583,"차은동역:박하나,강태인역:고세원,최준혁역:강성민,오혜원역:박영린,한지훈역:이창욱,차만종역:이대연,차은찬역:유준서,공영심역:유지연,봉석구역:현우섭,강일섭역:강신일,연두심역:이칸희,한광훈역:길용우,한서주역:김혜지,최명희역:김나운,고재숙역:윤복인,최영국역:송민형,민주란역:오영실,최준경역:이효나,이창욱역:김정운"
20200615,K-STAR,121831,132300,부부클리닉사랑과전쟁,,420회,전국,010429,드라마&영화,드라마,주간연속극,0.06699,0,0,0.06027,0,0.06771,0.40023,0,0,0.01021,0.14255,0.20279,0.03802,0.3219,"이재만,민지영,최영완,이정수,장가현,손유경,이준우"
20200615,K-STAR,145604,161735,부부의세계,,9회,전국,012131,드라마&영화,드라마,미니시리즈,0.02822,0,0.00198,0.08655,0.00283,0.18314,0.17431,0,0,0.02525,0.036,0.21554,0.05528,0.33966,"지선우역:김희애,이태오역:박해준,여다경역:한소희,고예림역:박선영,손제혁역:김영민,설명숙역:채국희,여병규역:이경영,엄효정역:김선경,이준영역:전진서,민현서역:심은우,박인규역:이학주,마강석역:박충선,공지철역:정재성,김윤기역:이무생,하동식역:김종태,윤노을역:신수연,차해강역:정준원,최회장아내역:서이숙,공지철아내역:박미현,차도철아내역:윤인조"
20200615,K-STAR,205800,220229,부부클리닉사랑과전쟁,,420회,전국,010429,드라마&영화,드라마,주간연속극,0,0.08541,0.02359,0.11888,0.03437,0.13653,0.0646,0,0.0784,0.08095,0,0.52132,0.12401,0.28691,"이재만,민지영,최영완,이정수,장가현,손유경,이준우"
20200615,KTV,061109,065950,전원일기,,774회,전국,004841,드라마&영화,드라마,주말연속극,0,0,0,0,0,0,0.07185,0,0,0,0,0,0.004,0.09478,"최불암,김혜자,김용건,김수미,고두심,유인촌,정대홍"
20200615,KTV,210154,212614,파랑새는있다,<1부>,28회,전국,002420,드라마&영화,드라마,주간연속극,0,0,0,0,0,0.03974,0.04643,0,0,0,0,0,0.04753,0.00661,"이상인,정선경,백윤식,송경철,박남현,한진희,동방우,양금석"
20200615,KTV,212802,215409,파랑새는있다,<2부>,28회,전국,002607,드라마&영화,드라마,주간연속극,0,0.00638,0.09289,0,0,0.04887,0.13063,0,0.00582,0,0,0.0031,0.02437,0.13751,"이상인,정선경,백윤식,송경철,박남현,한진희,동방우,양금석"
20200615,KTV,215550,221450,전원일기,<1부>,398회,전국,001900,드라마&영화,드라마,주말연속극,0,0.04415,0.08005,0,0.01838,0.04159,0.28236,0,0,0,0,0.17632,0.02273,0.25148,"최불암,김혜자,김용건,김수미,고두심,유인촌,정대홍"
20200615,KTV,221726,224355,전원일기,<2부>,398회,전국,002629,드라마&영화,드라마,주말연속극,0,0,0.13017,0,0,0.07109,0.21085,0,0.03567,0,0,0.2762,0.04819,0.20953,"최불암,김혜자,김용건,김수미,고두심,유인촌,정대홍"
20200615,KTV,224602,231012,바람은불어도,,129회,전국,002410,드라마&영화,드라마,주간연속극,0,0,0,0,0,0,0.07344,0,0,0,0,0,0,0.08161,"최수종,유호정,윤손하,송나영,송기윤,나문희"
20200615,KTV,231326,233930,바람은불어도,,130회,전국,002604,드라마&영화,드라마,주간연속극,0,0,0,0,0.0208,0,0.04099,0,0,0,0,0.00582,0,0.09152,"최수종,유호정,윤손하,송나영,송기윤,나문희"
20200615,KTV,242931,251930,파랑새는있다,,28회,전국,004959,드라마&영화,드라마,주간연속극,0,0,0,0,0,0.06049,0.00468,0,0,0.14459,0,0,0.0376,0.02186,"이상인,정선경,백윤식,송경철,박남현,한진희,동방우,양금석"
20200615,KTV,255118,255959,전원일기,,398회,전국,000841,드라마&영화,드라마,주말연속극,0,0,0,0.02532,0,0,0.0126,0,0,0,0,0,0,0.02386,"최불암,김혜자,김용건,김수미,고두심,유인촌,정대홍"
20200615,MBC M,100030,110432,쇼핑왕루이,,1회,전국,010402,드라마&영화,드라마,미니시리즈,0,0,0,0.02709,0,0.01967,0.01115,0,0,0,0.13723,0.00519,0,0.02297,"루이역:서인국,고복실역:남지현,차중원역:윤상현,백마리역:임세미,조인성역:오대환,남준혁역:강지섭,최일순역:김영옥,김호준역:엄효섭,허정란역:김선영,백선구역:김규철,홍재숙역:윤유선,신영애역:김보연,황금자역:황영희,박혜주역:미람,고복남역:류의현,차수일역:남명렬,이경국역:김병철,변도진역:이재균,권미영역:차청화"
20200615,MBC M,111412,121829,쇼핑왕루이,,2회,전국,010417,드라마&영화,드라마,미니시리즈,0,0,0,0,0,0,0,0,0,0,0,0,0,0.06124,"루이역:서인국,고복실역:남지현,차중원역:윤상현,백마리역:임세미,조인성역:오대환,남준혁역:강지섭,최일순역:김영옥,김호준역:엄효섭,허정란역:김선영,백선구역:김규철,홍재숙역:윤유선,신영애역:김보연,황금자역:황영희,박혜주역:미람,고복남역:류의현,차수일역:남명렬,이경국역:김병철,변도진역:이재균,권미영역:차청화"
20200615,O tvN,020623,032616,화유기,,6회,전국,011953,드라마&영화,드라마,미니시리즈,0,0,0.01175,0,0.01386,0.05324,0.03211,0,0,0.10861,0,0.00792,0.0601,0,"손오공역:이승기,우마왕역:차승원,진선미역:오연서,저팔계역:이홍기,사오정역:장광,마비서역:이엘,이한주역:김성오,앨리스역:윤보라,좀비소녀역:이세영,수보리조사역:성지루,동장군역:성혁,강대성역:송종호,조나단역:마이클리,진선미어린시절역:갈소원,공작역:장근석,나찰녀역:김지수"
20200615,O tvN,033913,044902,화유기,,7회,전국,010949,드라마&영화,드라마,미니시리즈,0,0,0,0,0.1057,0,0,0,0,0,0,0.10634,0,0,"손오공역:이승기,우마왕역:차승원,진선미역:오연서,저팔계역:이홍기,사오정역:장광,마비서역:이엘,이한주역:김성오,앨리스역:윤보라,좀비소녀역:이세영,수보리조사역:성지루,동장군역:성혁,강대성역:송종호,조나단역:마이클리,진선미어린시절역:갈소원,공작역:장근석,나찰녀역:김지수"
20200615,O tvN,092304,102908,THEK2,,1회,전국,010604,드라마&영화,드라마,미니시리즈,0.04262,0.15559,0.14315,0.01381,0.05848,0.04086,0.02403,0,0,0.04734,0.0087,0.12578,0.07661,0.03424,"김제하역:지창욱,최유진역:송윤아,고안나역:임윤아,장세준역:조성하,박관수역:김갑수,최성원역:이정진,엄혜린역:손태영,김실장역:신동미,성원모역:박순천,송영춘역:송경철,타격대장역:조동혁"
20200615,O tvN,104300,114842,THEK2,,2회,전국,010542,드라마&영화,드라마,미니시리즈,0,0.56279,0.15494,0.00264,0.30793,0.0564,0.01281,0,0.17145,0.06411,0.18439,0.39498,0.103,0.04563,"김제하역:지창욱,최유진역:송윤아,고안나역:임윤아,장세준역:조성하,박관수역:김갑수,최성원역:이정진,엄혜린역:손태영,김실장역:신동미,성원모역:박순천,송영춘역:송경철,타격대장역:조동혁"
20200615,O tvN,120214,130855,THEK2,,3회,전국,010641,드라마&영화,드라마,미니시리즈,0,0.56624,0.204,0,0.28659,0.08664,0.13922,0.05495,0.11916,0.00532,0.19524,0.37529,0.08571,0.04731,"김제하역:지창욱,최유진역:송윤아,고안나역:임윤아,장세준역:조성하,박관수역:김갑수,최성원역:이정진,엄혜린역:손태영,김실장역:신동미,성원모역:박순천,송영춘역:송경철,타격대장역:조동혁"
20200615,O tvN,132221,142340,THEK2,,4회,전국,010119,드라마&영화,드라마,미니시리즈,0,0.99755,0.40208,0.11026,0.53112,0.02074,0.15258,0,0.20922,0,0.12444,0.69502,0.1097,0.12777,"김제하역:지창욱,최유진역:송윤아,고안나역:임윤아,장세준역:조성하,박관수역:김갑수,최성원역:이정진,엄혜린역:손태영,김실장역:신동미,성원모역:박순천,송영춘역:송경철,타격대장역:조동혁"
20200615,O tvN,143834,155316,아는건별로없지만가족입니다,,3회,전국,011442,드라마&영화,드라마,미니시리즈,0,0.53686,0,0,0.34667,0.06863,0.14134,0,0.27229,0.06832,0,0.38758,0.10624,0.07098,"김은희역:한예리,박찬혁역:김지석,김은주역:추자현,김상식역:정진영,이진숙역:원미경,김지우역:신재하,임건주역:신동욱,윤태형역:김태훈,젊은상식역:한준우,젊은진숙역:조아영,유선일역:서상원,안효석역:이종원,서경옥역:가득희,윤서영역:혜정,전하라역:배윤경,유민우역:권율"
20200615,O tvN,160811,172650,아는건별로없지만가족입니다,,4회,전국,011839,드라마&영화,드라마,미니시리즈,0.24179,0.17254,0.06305,0.00781,0.21436,0.03254,0.05358,0.20967,0.16646,0.00579,0.07629,0.16808,0.07876,0.07752,"김은희역:한예리,박찬혁역:김지석,김은주역:추자현,김상식역:정진영,이진숙역:원미경,김지우역:신재하,임건주역:신동욱,윤태형역:김태훈,젊은상식역:한준우,젊은진숙역:조아영,유선일역:서상원,안효석역:이종원,서경옥역:가득희,윤서영역:혜정,전하라역:배윤경,유민우역:권율"
20200615,O tvN,184102,194935,알함브라궁전의추억,,1회,전국,010833,드라마&영화,드라마,미니시리즈,0,0.00503,0.00349,0.18824,0,0.01547,0.05964,0,0.1188,0.00576,0.07248,0.29112,0.09137,0.00384,"유진우역:현빈,정희주역:박신혜,차형석역:박훈,오영심역:김용림,정세주역:찬열,정민주역:이레,김상범역:이학주,이수진역:이시원,차병준역:김의성,이수경역:류아벨,박선호역:이승준,서정훈역:민진웅,최양주역:조현철,고유라역:한보름,마르꼬한역:이재욱,노영준역:박진우"
20200615,O tvN,200500,210900,알함브라궁전의추억,,2회,전국,010400,드라마&영화,드라마,미니시리즈,0,0.01029,0.09364,0,0.0778,0.12381,0.14629,0.03015,0.20622,0.01424,0.06055,0.31432,0.20471,0.09323,"유진우역:현빈,정희주역:박신혜,차형석역:박훈,오영심역:김용림,정세주역:찬열,정민주역:이레,김상범역:이학주,이수진역:이시원,차병준역:김의성,이수경역:류아벨,박선호역:이승준,서정훈역:민진웅,최양주역:조현철,고유라역:한보름,마르꼬한역:이재욱,노영준역:박진우"
20200615,O tvN,212340,223719,알함브라궁전의추억,,3회,전국,011339,드라마&영화,드라마,미니시리즈,0,0.12627,0.01161,0.01873,0.13599,0.03669,0.00148,0,0.12815,0.17383,0.06503,0.00691,0.04083,0.02919,"유진우역:현빈,정희주역:박신혜,차형석역:박훈,오영심역:김용림,정세주역:찬열,정민주역:이레,김상범역:이학주,이수진역:이시원,차병준역:김의성,이수경역:류아벨,박선호역:이승준,서정훈역:민진웅,최양주역:조현철,고유라역:한보름,마르꼬한역:이재욱,노영준역:박진우"
20200615,O tvN,225153,240009,알함브라궁전의추억,,4회,전국,010816,드라마&영화,드라마,미니시리즈,0,0,0,0.02437,0.04306,0,0.11322,0,0,0,0.0349,0.14705,0.00905,0.04924,"유진우역:현빈,정희주역:박신혜,차형석역:박훈,오영심역:김용림,정세주역:찬열,정민주역:이레,김상범역:이학주,이수진역:이시원,차병준역:김의성,이수경역:류아벨,박선호역:이승준,서정훈역:민진웅,최양주역:조현철,고유라역:한보름,마르꼬한역:이재욱,노영준역:박진우"
20200615,O tvN,254703,255959,화유기,,8회,전국,001256,드라마&영화,드라마,미니시리즈,0,0,0,0,0.05161,0,0.02146,0,0,0,0.10614,0,0,0,"손오공역:이승기,우마왕역:차승원,진선미역:오연서,저팔계역:이홍기,사오정역:장광,마비서역:이엘,이한주역:김성오,앨리스역:윤보라,좀비소녀역:이세영,수보리조사역:성지루,동장군역:성혁,강대성역:송종호,조나단역:마이클리,진선미어린시절역:갈소원,공작역:장근석,나찰녀역:김지수"
20200615,OCN,191855,202402,번외수사,,7회,전국,010507,드라마&영화,드라마,미니시리즈,0.01082,0.12611,0,0.22591,0.09798,0.95302,0.04258,0,0.57974,0.20116,0.14155,0.92244,0.16356,0.03266,"진강호역:차태현,강무영역:이선빈,이반석역:정상훈,테디정역:윤경호,탁원역:지승현,민대진역:박정우,맨손역:박태산,연장역:장진희,지수철역:이영석,노순이역:민경옥"
20200615,OCN,203833,214554,번외수사,,8회,전국,010721,드라마&영화,드라마,미니시리즈,0.29944,0.05183,0.34817,0.45809,0.65808,1.05098,0.20794,0.06243,0.16747,0.17724,0.22744,0.9137,0.58107,0.48224,"진강호역:차태현,강무영역:이선빈,이반석역:정상훈,테디정역:윤경호,탁원역:지승현,민대진역:박정우,맨손역:박태산,연장역:장진희,지수철역:이영석,노순이역:민경옥"
20200615,On Style,082549,093145,위대한쇼,,9회,전국,010556,드라마&영화,드라마,미니시리즈,0,0,0,0,0,0,0,0,0,0.03233,0,0.02518,0,0.00777,"위대한역:송승헌,정수현역:이선빈,강준호역:임주환,한다정역:노정의,한탁역:정준원,한태풍역:김준,한송이역:박예나,김혜진역:박하나,강경훈역:손병호,정종철역:이원종,최정우역:한상혁,양미숙역:김현,정한수역:유성주,구피디역:유장영,고봉주역:김동영,안작가역:송지현,마작가역:표혜림,한동남역:강성진,정지현역:강은아,위대한어린시절역:이도현"
20200615,On Style,093323,103856,위대한쇼,,10회,전국,010533,드라마&영화,드라마,미니시리즈,0,0,0,0.05324,0.29169,0.03978,0.00479,0,0,0,0,0.01439,0.03574,0.02338,"위대한역:송승헌,정수현역:이선빈,강준호역:임주환,한다정역:노정의,한탁역:정준원,한태풍역:김준,한송이역:박예나,김혜진역:박하나,강경훈역:손병호,정종철역:이원종,최정우역:한상혁,양미숙역:김현,정한수역:유성주,구피디역:유장영,고봉주역:김동영,안작가역:송지현,마작가역:표혜림,한동남역:강성진,정지현역:강은아,위대한어린시절역:이도현"
20200615,On Style,123023,133405,김비서가왜그럴까,,1회,전국,010342,드라마&영화,드라마,미니시리즈,0.04356,0,0,0,0,0.01216,0.0213,0,0.04287,0,0.0651,0.00358,0.14492,0.03052,"이영준역:박서준,김미소역:박민영,이성연역:이태환,박유식역:강기영,고귀남역:황찬성,김지아역:표예진,최여사역:김혜옥,이회장역:김병옥,봉세라역:황보라,양철역:강홍석,정치인역:이유준,이영옥역:이정민,박준환역:김정운,설마음역:예원,오지란역:홍지윤,김필남역:백은혜,김말희역:허순미,미소아빠역:조덕현,정유미역:정유미"
20200615,On Style,133701,144141,김비서가왜그럴까,,2회,전국,010440,드라마&영화,드라마,미니시리즈,0,0,0,0,0,0.00907,0.01841,0,0,0,0.04381,0.00603,0.22309,0.02284,"이영준역:박서준,김미소역:박민영,이성연역:이태환,박유식역:강기영,고귀남역:황찬성,김지아역:표예진,최여사역:김혜옥,이회장역:김병옥,봉세라역:황보라,양철역:강홍석,정치인역:이유준,이영옥역:이정민,박준환역:김정운,설마음역:예원,오지란역:홍지윤,김필남역:백은혜,김말희역:허순미,미소아빠역:조덕현,정유미역:정유미"
20200615,On Style,144652,155429,김비서가왜그럴까,,3회,전국,010737,드라마&영화,드라마,미니시리즈,0,0,0,0,0,0.03463,0.00497,0,0,0.07908,0,0.26377,0.29371,0.01517,"이영준역:박서준,김미소역:박민영,이성연역:이태환,박유식역:강기영,고귀남역:황찬성,김지아역:표예진,최여사역:김혜옥,이회장역:김병옥,봉세라역:황보라,양철역:강홍석,정치인역:이유준,이영옥역:이정민,박준환역:김정운,설마음역:예원,오지란역:홍지윤,김필남역:백은혜,김말희역:허순미,미소아빠역:조덕현,정유미역:정유미"
20200615,SBS플러스,020000,023438,굿캐스팅,,14회,전국,003438,드라마&영화,드라마,미니시리즈,0,0.1203,0,0.01743,0.00599,0.1507,0.00938,0.01849,0.00781,0,0.25349,0.10129,0.11004,0.05819,"백찬미역:최강희,윤석호역:이상엽,임예은역:유인영,황미순역:김지영,강우원역:이준영,동관수역:이종혁,서국환역:정인기,배무혁역:박경순,간태희역:황보미,명계철역:우현,탁상기역:이상훈,옥철역:김용희,변우석역:허재호,구비서역:한수진,설영훈역:조영훈,심화란역:차수연,남봉만역:이승형,남주연역:김보윤,피철웅역:배진웅,권민석역:성혁,권소희역:노하연"
20200615,SBS플러스,064811,071947,엄마가바람났다,,29회,전국,003136,드라마&영화,드라마,아침드라마,0,0,0.09671,0,0.0247,0.16148,0.32568,0,0,0,0.45512,0.08299,0.68599,0.30316,"오필정역:현쥬니,강석준역:이재황,이은주역:문보령,강석환역:김형범,오순정역:남이안,김복순역:박순천,박민호역:길정우,박민지역:홍제이,김해정역:양금석,강태수역:이원재,이태우역:서현석,최동석역:김동균,최은자역:이진아,최유경역:이영은,최미영역:전은채,왕기범역:차승우,하열도역:김영훈,홍수경역:노정명,박태섭역:강서준,박혜진역:박지수"
20200615,SBS플러스,072100,075106,엄마가바람났다,,30회,전국,003006,드라마&영화,드라마,아침드라마,0,0,0.09671,0,0.11292,0.1851,0.47733,0,0,0,0.53767,0.23487,0.69838,0.54013,"오필정역:현쥬니,강석준역:이재황,이은주역:문보령,강석환역:김형범,오순정역:남이안,김복순역:박순천,박민호역:길정우,박민지역:홍제이,김해정역:양금석,강태수역:이원재,이태우역:서현석,최동석역:김동균,최은자역:이진아,최유경역:이영은,최미영역:전은채,왕기범역:차승우,하열도역:김영훈,홍수경역:노정명,박태섭역:강서준,박혜진역:박지수"
20200615,SBS플러스,080848,091332,주군의태양,,6회,전국,010444,드라마&영화,드라마,미니시리즈,0.04328,0.01509,0,0,0.02215,0.03332,0.06942,0.03959,0.10638,0,0.01839,0.1004,0.07901,0.0466,"주중원역:소지섭,태공실역:공효진,강우역:서인국,태이령역:김유리,김귀도역:최정우,주성란역:김미경,도석철역:이종원,태공리역:박희본,이한주역:이재원,안진주역:정가은,주중원어린시절역:김명수,TV프로그램자역:김상중,미경역:송채윤,하유진역:김보라,가영역:방민아,이은설역:이혜인,차희주역:한보름,주중원아버지역:김용건,이승모역:이도현,이승준역:홍은택,선영역:김보미,지우역:유민규,강길자역:김희정,루이장역:정찬,박서현역:서효림,이재석역:이종혁,이회장역:이재용,한나브라운역:황선희,유진우역:이천희,고여사역:이용녀,유혜성역:진이한"
20200615,SBS플러스,163008,174642,더킹영원의군주,,16회,전국,011634,드라마&영화,드라마,미니시리즈,0.00477,0.21804,0.14655,0.08286,0.23447,0.21876,0.17642,0,0.07341,0.06819,0.27231,0.2437,0.13052,0.30988,"이곤역:이민호,정태을역:김고은,조은섭역:우도환,조영역:우도환,강신재역:김경남,구서령역:정은채,이림역:이정진,루나역:김고은,노옥남역:김영옥,정도인역:전배수,송정혜역:서정연,박문식역:박원상,장미카엘역:강홍석,이종인역:전무송,명나리역:김용지,명승아역:김용지,유경무역:이해영,민화연역:황영희,박지영역:박지연,모비서역:백현주,석호필역:이홍내"
20200615,SBS플러스,244135,254932,굿캐스팅,,13회,전국,010757,드라마&영화,드라마,미니시리즈,0,0,0.03656,0.01008,0,0.11044,0.0701,0,0,0.03241,0.05714,0.04169,0.34731,0.1249,"백찬미역:최강희,윤석호역:이상엽,임예은역:유인영,황미순역:김지영,강우원역:이준영,동관수역:이종혁,서국환역:정인기,배무혁역:박경순,간태희역:황보미,명계철역:우현,탁상기역:이상훈,옥철역:김용희,변우석역:허재호,구비서역:한수진,설영훈역:조영훈,심화란역:차수연,남봉만역:이승형,남주연역:김보윤,피철웅역:배진웅,권민석역:성혁,권소희역:노하연"
20200615,SKY,145329,160324,굿캐스팅,,13회,전국,010955,드라마&영화,드라마,미니시리즈,0,0.01822,0,0.00588,0.07407,0.01275,0.0396,0.02788,0.0074,0.00187,0.02442,0.01037,0.01375,0.05831,"백찬미역:최강희,윤석호역:이상엽,임예은역:유인영,황미순역:김지영,강우원역:이준영,동관수역:이종혁,서국환역:정인기,배무혁역:박경순,간태희역:황보미,명계철역:우현,탁상기역:이상훈,옥철역:김용희,변우석역:허재호,구비서역:한수진,설영훈역:조영훈,심화란역:차수연,남봉만역:이승형,남주연역:김보윤,피철웅역:배진웅,권민석역:성혁,권소희역:노하연"
20200615,SKY,161533,172443,굿캐스팅,,14회,전국,010910,드라마&영화,드라마,미니시리즈,0,0,0.00456,0.0083,0.08765,0.04724,0.0394,0,0,0,0.10516,0.27375,0.0331,0.03761,"백찬미역:최강희,윤석호역:이상엽,임예은역:유인영,황미순역:김지영,강우원역:이준영,동관수역:이종혁,서국환역:정인기,배무혁역:박경순,간태희역:황보미,명계철역:우현,탁상기역:이상훈,옥철역:김용희,변우석역:허재호,구비서역:한수진,설영훈역:조영훈,심화란역:차수연,남봉만역:이승형,남주연역:김보윤,피철웅역:배진웅,권민석역:성혁,권소희역:노하연"
20200615,SKY,224958,235908,굿캐스팅,,14회,전국,010910,드라마&영화,드라마,미니시리즈,0.04871,0.00477,0.03094,0.06362,0.02295,0.1037,0.04746,0.00932,0.24821,0.02372,0.18496,0.12518,0.05236,0.00178,"백찬미역:최강희,윤석호역:이상엽,임예은역:유인영,황미순역:김지영,강우원역:이준영,동관수역:이종혁,서국환역:정인기,배무혁역:박경순,간태희역:황보미,명계철역:우현,탁상기역:이상훈,옥철역:김용희,변우석역:허재호,구비서역:한수진,설영훈역:조영훈,심화란역:차수연,남봉만역:이승형,남주연역:김보윤,피철웅역:배진웅,권민석역:성혁,권소희역:노하연"
20200615,ONCE,020000,020442,황후의품격,,17회,전국,000442,드라마&영화,드라마,미니시리즈,0,0,0,0,0,0,0,0,0,0,0,0,0,0,"오써니역:장나라,나왕식역:최진혁,이혁역:신성록,민유라역:이엘리야,태후강씨역:신은경,이윤역:오승윤,서강희역:윤소이,아리역:오아린,태황태후조씨역:박원숙,소진공주역:이희진,소현황후역:신고은,오금모역:윤다훈,오헬로역:스테파니리,변선생역:김명수,마필주역:윤주만,백도희역:황영희,나동식역:오한결,최팀장역:이수련,홍팀장역:김민옥,형사역:조동혁,수상역:고세원,나왕식역:태항호,사군자역:김수미,안형사역:안내상,강주승역:유건"
20200615,ONCE,020553,023537,황후의품격,,18회,전국,002944,드라마&영화,드라마,미니시리즈,0,0,0,0.03452,0,0,0.02339,0,0,0,0,0,0,0.08038,"오써니역:장나라,나왕식역:최진혁,이혁역:신성록,민유라역:이엘리야,태후강씨역:신은경,이윤역:오승윤,서강희역:윤소이,아리역:오아린,태황태후조씨역:박원숙,소진공주역:이희진,소현황후역:신고은,오금모역:윤다훈,오헬로역:스테파니리,변선생역:김명수,마필주역:윤주만,백도희역:황영희,나동식역:오한결,최팀장역:이수련,홍팀장역:김민옥,형사역:조동혁,수상역:고세원,나왕식역:태항호,사군자역:김수미,안형사역:안내상,강주승역:유건"
20200615,ONCE,024608,031906,황후의품격,,19회,전국,003258,드라마&영화,드라마,미니시리즈,0,0,0,0.01177,0,0,0.03502,0,0,0,0,0,0,0.04355,"오써니역:장나라,나왕식역:최진혁,이혁역:신성록,민유라역:이엘리야,태후강씨역:신은경,이윤역:오승윤,서강희역:윤소이,아리역:오아린,태황태후조씨역:박원숙,소진공주역:이희진,소현황후역:신고은,오금모역:윤다훈,오헬로역:스테파니리,변선생역:김명수,마필주역:윤주만,백도희역:황영희,나동식역:오한결,최팀장역:이수련,홍팀장역:김민옥,형사역:조동혁,수상역:고세원,나왕식역:태항호,사군자역:김수미,안형사역:안내상,강주승역:유건"
20200615,ONCE,032016,034725,황후의품격,,20회,전국,002709,드라마&영화,드라마,미니시리즈,0,0,0,0,0,0,0.00252,0,0,0,0,0,0,0.00155,"오써니역:장나라,나왕식역:최진혁,이혁역:신성록,민유라역:이엘리야,태후강씨역:신은경,이윤역:오승윤,서강희역:윤소이,아리역:오아린,태황태후조씨역:박원숙,소진공주역:이희진,소현황후역:신고은,오금모역:윤다훈,오헬로역:스테파니리,변선생역:김명수,마필주역:윤주만,백도희역:황영희,나동식역:오한결,최팀장역:이수련,홍팀장역:김민옥,형사역:조동혁,수상역:고세원,나왕식역:태항호,사군자역:김수미,안형사역:안내상,강주승역:유건"
20200615,ONCE,051417,054440,황후의품격,,17회,전국,003023,드라마&영화,드라마,미니시리즈,0,0,0,0,0,0.02672,0,0,0,0,0,0.1158,0.01988,0,"오써니역:장나라,나왕식역:최진혁,이혁역:신성록,민유라역:이엘리야,태후강씨역:신은경,이윤역:오승윤,서강희역:윤소이,아리역:오아린,태황태후조씨역:박원숙,소진공주역:이희진,소현황후역:신고은,오금모역:윤다훈,오헬로역:스테파니리,변선생역:김명수,마필주역:윤주만,백도희역:황영희,나동식역:오한결,최팀장역:이수련,홍팀장역:김민옥,형사역:조동혁,수상역:고세원,나왕식역:태항호,사군자역:김수미,안형사역:안내상,강주승역:유건"
20200615,ONCE,054551,061534,황후의품격,,18회,전국,002943,드라마&영화,드라마,미니시리즈,0,0.00456,0,0,0,0,0.00552,0.02525,0,0,0,0.03239,0.01153,0.00887,"오써니역:장나라,나왕식역:최진혁,이혁역:신성록,민유라역:이엘리야,태후강씨역:신은경,이윤역:오승윤,서강희역:윤소이,아리역:오아린,태황태후조씨역:박원숙,소진공주역:이희진,소현황후역:신고은,오금모역:윤다훈,오헬로역:스테파니리,변선생역:김명수,마필주역:윤주만,백도희역:황영희,나동식역:오한결,최팀장역:이수련,홍팀장역:김민옥,형사역:조동혁,수상역:고세원,나왕식역:태항호,사군자역:김수미,안형사역:안내상,강주승역:유건"
20200615,ONCE,062055,065353,황후의품격,,19회,전국,003258,드라마&영화,드라마,미니시리즈,0,0,0.01741,0,0,0,0.00597,0,0,0.01121,0,0,0.04553,0.00404,"오써니역:장나라,나왕식역:최진혁,이혁역:신성록,민유라역:이엘리야,태후강씨역:신은경,이윤역:오승윤,서강희역:윤소이,아리역:오아린,태황태후조씨역:박원숙,소진공주역:이희진,소현황후역:신고은,오금모역:윤다훈,오헬로역:스테파니리,변선생역:김명수,마필주역:윤주만,백도희역:황영희,나동식역:오한결,최팀장역:이수련,홍팀장역:김민옥,형사역:조동혁,수상역:고세원,나왕식역:태항호,사군자역:김수미,안형사역:안내상,강주승역:유건"
20200615,ONCE,065503,072213,황후의품격,,20회,전국,002710,드라마&영화,드라마,미니시리즈,0,0,0,0,0,0,0.00556,0,0,0,0,0.02792,0,0,"오써니역:장나라,나왕식역:최진혁,이혁역:신성록,민유라역:이엘리야,태후강씨역:신은경,이윤역:오승윤,서강희역:윤소이,아리역:오아린,태황태후조씨역:박원숙,소진공주역:이희진,소현황후역:신고은,오금모역:윤다훈,오헬로역:스테파니리,변선생역:김명수,마필주역:윤주만,백도희역:황영희,나동식역:오한결,최팀장역:이수련,홍팀장역:김민옥,형사역:조동혁,수상역:고세원,나왕식역:태항호,사군자역:김수미,안형사역:안내상,강주승역:유건"
20200615,ONCE,073521,083804,동이,,49회,전국,010243,드라마&영화,드라마,주간연속극,0,0.01561,0.06324,0.00734,0.18851,0.01061,0.01839,0,0.00868,0.05786,0.0206,0.00851,0.04945,0.0188,"동이역:한효주,숙종역:지진희,희빈장씨역:이소연,차천수역:배수빈,서용기역:정진영,인현왕후역:박하선,오태석역:정동환,이종욱역:이정훈,홍태윤역:손일권,박도식역:최재호,도승지역:신국,오호양역:여호민,황주식역:이희도,정인국역:나성균,최효원역:천호진,장익헌역:이재용,김환역:정인기,은금역:한다민,오태풍역:이계인,태풍처역:이숙,장희재역:김유석,설희역:김혜진,게둬라부역:정은표,오윤역:최철호,게둬라역:최수한,심운택역:김동윤,동이어린시절역:김유정,봉상궁역:김소이,조상궁역:안여진,유상궁역:임성민,정임역:정유미,애종역:강유미,시비역:오은호,미지역:최하나,대전내관역:정선일,명성대비역:박정수,정상궁역:김혜선,영달역:이광수,최동주역:정성운,장무열역:최종환,이금역:이형석,경종역:윤찬,김구선역:맹상훈,인원왕후역:오연서"
20200615,ONCE,084919,095056,동이,,50회,전국,010137,드라마&영화,드라마,주간연속극,0.01046,0.01062,0,0,0.35034,0,0.21546,0.01574,0,0,0.11724,0.01146,0.09962,0.02544,"동이역:한효주,숙종역:지진희,희빈장씨역:이소연,차천수역:배수빈,서용기역:정진영,인현왕후역:박하선,오태석역:정동환,이종욱역:이정훈,홍태윤역:손일권,박도식역:최재호,도승지역:신국,오호양역:여호민,황주식역:이희도,정인국역:나성균,최효원역:천호진,장익헌역:이재용,김환역:정인기,은금역:한다민,오태풍역:이계인,태풍처역:이숙,장희재역:김유석,설희역:김혜진,게둬라부역:정은표,오윤역:최철호,게둬라역:최수한,심운택역:김동윤,동이어린시절역:김유정,봉상궁역:김소이,조상궁역:안여진,유상궁역:임성민,정임역:정유미,애종역:강유미,시비역:오은호,미지역:최하나,대전내관역:정선일,명성대비역:박정수,정상궁역:김혜선,영달역:이광수,최동주역:정성운,장무열역:최종환,이금역:이형석,경종역:윤찬,김구선역:맹상훈,인원왕후역:오연서"
20200615,ONCE,100411,110810,동이,,51회,전국,010359,드라마&영화,드라마,주간연속극,0,0.00813,0,0.00384,0.34718,0.03478,0.15559,0,0,0.00782,0,0.16322,0.15097,0.0391,"동이역:한효주,숙종역:지진희,희빈장씨역:이소연,차천수역:배수빈,서용기역:정진영,인현왕후역:박하선,오태석역:정동환,이종욱역:이정훈,홍태윤역:손일권,박도식역:최재호,도승지역:신국,오호양역:여호민,황주식역:이희도,정인국역:나성균,최효원역:천호진,장익헌역:이재용,김환역:정인기,은금역:한다민,오태풍역:이계인,태풍처역:이숙,장희재역:김유석,설희역:김혜진,게둬라부역:정은표,오윤역:최철호,게둬라역:최수한,심운택역:김동윤,동이어린시절역:김유정,봉상궁역:김소이,조상궁역:안여진,유상궁역:임성민,정임역:정유미,애종역:강유미,시비역:오은호,미지역:최하나,대전내관역:정선일,명성대비역:박정수,정상궁역:김혜선,영달역:이광수,최동주역:정성운,장무열역:최종환,이금역:이형석,경종역:윤찬,김구선역:맹상훈,인원왕후역:오연서"
20200615,ONCE,112125,122223,동이,,52회,전국,010058,드라마&영화,드라마,주간연속극,0,0,0,0,0.18213,0.00318,0.14342,0,0,0,0,0.22323,0.09057,0.09797,"동이역:한효주,숙종역:지진희,희빈장씨역:이소연,차천수역:배수빈,서용기역:정진영,인현왕후역:박하선,오태석역:정동환,이종욱역:이정훈,홍태윤역:손일권,박도식역:최재호,도승지역:신국,오호양역:여호민,황주식역:이희도,정인국역:나성균,최효원역:천호진,장익헌역:이재용,김환역:정인기,은금역:한다민,오태풍역:이계인,태풍처역:이숙,장희재역:김유석,설희역:김혜진,게둬라부역:정은표,오윤역:최철호,게둬라역:최수한,심운택역:김동윤,동이어린시절역:김유정,봉상궁역:김소이,조상궁역:안여진,유상궁역:임성민,정임역:정유미,애종역:강유미,시비역:오은호,미지역:최하나,대전내관역:정선일,명성대비역:박정수,정상궁역:김혜선,영달역:이광수,최동주역:정성운,장무열역:최종환,이금역:이형석,경종역:윤찬,김구선역:맹상훈,인원왕후역:오연서"
20200615,ONCE,123538,133120,대조영,,51회,전국,005542,드라마&영화,드라마,주말연속극,0,0.0419,0,0,0.01224,0,0,0,0,0,0.0072,0,0,0,"대조영역:최수종,이해고역:정보석,설인귀역:이덕화,초린역:박예진,검이역:정태우,숙영역:홍수현,양만춘역:임동진,흑수돌역:김학철,연남생역:임호,대중상역:임혁,걸사비우역:최철호,검모잠역:김명수,당태종역:송용태,부지광역:박지일,미모사역:김정현,금란역:심은진,부기원역:김하균,보장왕역:길용우,이진충역:김동현,손만영역:조인표,신홍역:김규철,계필사문역:윤용현,퉁소역:방형주,홍패역:유태술,이문역:남성진,팔보역:우봉식"
20200615,ONCE,162129,170546,전원일기,,426회,전국,004417,드라마&영화,드라마,주말연속극,0,0,0.00466,0,0.05966,0.12101,0.06463,0,0.01511,0,0.03029,0.11678,0.12411,0.09032,"최불암,김혜자,김용건,김수미,고두심,유인촌,정대홍"
20200615,ONCE,171650,180148,전원일기,,429회,전국,004458,드라마&영화,드라마,주말연속극,0.04688,0.10242,0.2099,0,0.19163,0.29235,0.04223,0,0,0,0.00957,0.09088,0.27652,0.03791,"최불암,김혜자,김용건,김수미,고두심,유인촌,정대홍"
20200615,ONCE,181557,191139,대조영,,51회,전국,005542,드라마&영화,드라마,주말연속극,0,0,0,0.00708,0.00414,0.00679,0.00506,0,0,0,0,0,0.00898,0.00278,"대조영역:최수종,이해고역:정보석,설인귀역:이덕화,초린역:박예진,검이역:정태우,숙영역:홍수현,양만춘역:임동진,흑수돌역:김학철,연남생역:임호,대중상역:임혁,걸사비우역:최철호,검모잠역:김명수,당태종역:송용태,부지광역:박지일,미모사역:김정현,금란역:심은진,부기원역:김하균,보장왕역:길용우,이진충역:김동현,손만영역:조인표,신홍역:김규철,계필사문역:윤용현,퉁소역:방형주,홍패역:유태술,이문역:남성진,팔보역:우봉식"
20200615,ONCE,231634,242032,동이,,51회,전국,010358,드라마&영화,드라마,주간연속극,0,0.14758,0,0.06689,0.06952,0.26699,0.11328,0,0.00289,0.14067,0.11646,0.10085,0.10899,0.10885,"동이역:한효주,숙종역:지진희,희빈장씨역:이소연,차천수역:배수빈,서용기역:정진영,인현왕후역:박하선,오태석역:정동환,이종욱역:이정훈,홍태윤역:손일권,박도식역:최재호,도승지역:신국,오호양역:여호민,황주식역:이희도,정인국역:나성균,최효원역:천호진,장익헌역:이재용,김환역:정인기,은금역:한다민,오태풍역:이계인,태풍처역:이숙,장희재역:김유석,설희역:김혜진,게둬라부역:정은표,오윤역:최철호,게둬라역:최수한,심운택역:김동윤,동이어린시절역:김유정,봉상궁역:김소이,조상궁역:안여진,유상궁역:임성민,정임역:정유미,애종역:강유미,시비역:오은호,미지역:최하나,대전내관역:정선일,명성대비역:박정수,정상궁역:김혜선,영달역:이광수,최동주역:정성운,장무열역:최종환,이금역:이형석,경종역:윤찬,김구선역:맹상훈,인원왕후역:오연서"
20200615,ONCE,243347,253445,동이,,52회,전국,010058,드라마&영화,드라마,주간연속극,0,0.08315,0,0,0,0.35119,0.18854,0,0.02229,0.23243,0.12446,0.11793,0.09805,0.18281,"동이역:한효주,숙종역:지진희,희빈장씨역:이소연,차천수역:배수빈,서용기역:정진영,인현왕후역:박하선,오태석역:정동환,이종욱역:이정훈,홍태윤역:손일권,박도식역:최재호,도승지역:신국,오호양역:여호민,황주식역:이희도,정인국역:나성균,최효원역:천호진,장익헌역:이재용,김환역:정인기,은금역:한다민,오태풍역:이계인,태풍처역:이숙,장희재역:김유석,설희역:김혜진,게둬라부역:정은표,오윤역:최철호,게둬라역:최수한,심운택역:김동윤,동이어린시절역:김유정,봉상궁역:김소이,조상궁역:안여진,유상궁역:임성민,정임역:정유미,애종역:강유미,시비역:오은호,미지역:최하나,대전내관역:정선일,명성대비역:박정수,정상궁역:김혜선,영달역:이광수,최동주역:정성운,장무열역:최종환,이금역:이형석,경종역:윤찬,김구선역:맹상훈,인원왕후역:오연서"
20200615,ONCE,254700,255959,대조영,,51회,전국,001259,드라마&영화,드라마,주말연속극,0,0,0,0,0,0.21603,0.07393,0,0,0.18187,0,0,0.0952,0.06568,"대조영역:최수종,이해고역:정보석,설인귀역:이덕화,초린역:박예진,검이역:정태우,숙영역:홍수현,양만춘역:임동진,흑수돌역:김학철,연남생역:임호,대중상역:임혁,걸사비우역:최철호,검모잠역:김명수,당태종역:송용태,부지광역:박지일,미모사역:김정현,금란역:심은진,부기원역:김하균,보장왕역:길용우,이진충역:김동현,손만영역:조인표,신홍역:김규철,계필사문역:윤용현,퉁소역:방형주,홍패역:유태술,이문역:남성진,팔보역:우봉식"
20200615,OCN Thrills,060425,070915,번외수사,,8회,전국,010450,드라마&영화,드라마,미니시리즈,0,0.15485,0.06586,0,0.07019,0.1845,0.01146,0,0.0024,0,0.00248,0.07817,0.11411,0.13151,"진강호역:차태현,강무영역:이선빈,이반석역:정상훈,테디정역:윤경호,탁원역:지승현,민대진역:박정우,맨손역:박태산,연장역:장진희,지수철역:이영석,노순이역:민경옥"
20200615,TRENDY,071100,081151,부부클리닉사랑과전쟁2,,29회,전국,010051,드라마&영화,드라마,단막극,0,0,0,0.19799,0,0.00194,0.0053,0,0,0,0.00334,0.00959,0.08675,0.18054,"이재만,민지영,최영완,이정수,장가현,손유경,이준우"
20200615,TRENDY,082312,092652,부부클리닉사랑과전쟁2,,30회,전국,010340,드라마&영화,드라마,단막극,0,0,0,0.01445,0.25252,0.04372,0.02264,0,0,0,0.14852,0,0.15031,0.02747,"이재만,민지영,최영완,이정수,장가현,손유경,이준우"
20200615,TRENDY,135804,145856,부부클리닉사랑과전쟁2,,29회,전국,010052,드라마&영화,드라마,단막극,0,0,0,0,0.01453,0.02377,0.02776,0,0,0,0,0.02012,0.06072,0.00345,"이재만,민지영,최영완,이정수,장가현,손유경,이준우"
20200615,TRENDY,151359,161743,부부클리닉사랑과전쟁2,,30회,전국,010344,드라마&영화,드라마,단막극,0,0,0,0.07289,0.01351,0.00152,0.00829,0,0,0,0.12573,0.04703,0.34776,0.04715,"이재만,민지영,최영완,이정수,장가현,손유경,이준우"
20200615,TRENDY,225107,235203,부부클리닉사랑과전쟁2,,29회,전국,010056,드라마&영화,드라마,단막극,0,0,0.00549,0.13483,0.10554,0.00369,0.01402,0,0,0.03052,0,0.03908,0.03165,0.11208,"이재만,민지영,최영완,이정수,장가현,손유경,이준우"
20200615,TRENDY,240605,250949,부부클리닉사랑과전쟁2,,30회,전국,010344,드라마&영화,드라마,단막극,0,0,0.01001,0,0.00432,0.04413,0.01451,0,0,0,0,0.0202,0.02058,0.00998,"이재만,민지영,최영완,이정수,장가현,손유경,이준우"
20200616,KBS1,203126,205920,기막힌유산,,42회,전국,002754,드라마&영화,드라마,일일연속극,2.04131,2.64478,3.99633,4.54536,4.52068,9.81812,24.13324,3.54562,2.89962,3.25448,4.78613,7.5169,14.31376,29.24084,"부영배역:박인환,공계옥역:강세정,부설악역:신정윤,부백두역:강신조,윤민주역:이아현,부금강역:남성진,신애리역:김가연,정미희역:박순천,김용미역:이응경,부한라역:박신우,성판금역:조양자,부가온역:김비주,부태희역:김연지,부혜교역:김효경,부지현역:강유라,공소영역:김난주,이장원역:이일준,김수민역:조서후,김종두역:이춘식,차정건역:조순창,이청아역:정서하,손보미역:박민지,김영지역:주민하,강선희역:박현정,천호식역:백신,이정태역:노상보,고향숙역:박소정"
20200616,KBS2,090520,093331,기막힌유산,,41회,전국,002811,드라마&영화,드라마,일일연속극,0,1.17329,1.05847,0.30061,1.11417,1.81073,2.78329,0,0.74484,0.90713,0.7343,2.14729,2.22098,4.68267,"부영배역:박인환,공계옥역:강세정,부설악역:신정윤,부백두역:강신조,윤민주역:이아현,부금강역:남성진,신애리역:김가연,정미희역:박순천,김용미역:이응경,부한라역:박신우,성판금역:조양자,부가온역:김비주,부태희역:김연지,부혜교역:김효경,부지현역:강유라,공소영역:김난주,이장원역:이일준,김수민역:조서후,김종두역:이춘식,차정건역:조순창,이청아역:정서하,손보미역:박민지,김영지역:주민하,강선희역:박현정,천호식역:백신,이정태역:노상보,고향숙역:박소정"
20200616,KBS2,221232,231459,옥란면옥,,,전국,010227,드라마&영화,드라마,특집극,0.60647,1.0196,0.28992,0.58734,1.10451,2.14032,1.59952,0.76731,0.54493,1.10455,1.20709,2.80531,1.7913,1.55917,"달재역:신구,봉길역:김강우,영란역:이설,강수역:인교진,봉수역:박형수,월평댁역:황정민,수진역:한소희,대창역:최대철,목사역:양지수,달재어린시절역:이형석"
20200616,MBC,104518,112154,저녁같이드실래요,<13회>,13회,서울/경기/부산/대전/대구/울산/강원/충북/충남/전북/경북/경남/제주,003636,드라마&영화,드라마,미니시리즈,0,0.01612,0.1405,0.22284,0.34897,0.27386,0.55678,0,0.08703,0.20364,0.18502,0.34205,0.32668,0.61567,"김해경역:송승헌,우도희역:서지혜,정재혁역:이지훈,진노을역:손나은,남아영역:예지원,키에누역:박호산,박진규역:고규필,강건우역:이현진,이병진역:김서경,임소라역:오혜원,김정환역:안태환,이문정역:전국향,전성자역:윤복인,이영동역:김정현,이은서역:서은수,푸드트럭총각역:이시언,태진아역:태진아,환자역:박산다라"
20200616,MBC,112237,115355,저녁같이드실래요,<14회>,14회,서울/경기/부산/대전/대구/울산/강원/충북/충남/전북/경북/경남/제주,003118,드라마&영화,드라마,미니시리즈,0,0.20878,0.1681,0.12853,0.81371,0.60896,0.51812,0,0.54814,0.27973,0.11048,0.93297,0.68175,0.5445,"김해경역:송승헌,우도희역:서지혜,정재혁역:이지훈,진노을역:손나은,남아영역:예지원,키에누역:박호산,박진규역:고규필,강건우역:이현진,이병진역:김서경,임소라역:오혜원,김정환역:안태환,이문정역:전국향,전성자역:윤복인,이영동역:김정현,이은서역:서은수,푸드트럭총각역:이시언,태진아역:태진아,환자역:박산다라"
20200616,MBC,205714,212832,저녁같이드실래요,<14회>,14회,전국,003118,드라마&영화,드라마,미니시리즈,1.52044,0.3392,0.81099,1.21326,0.27563,1.48209,1.3296,1.61657,0.60219,0.71134,2.00735,1.67793,2.11359,1.25227,"김해경역:송승헌,우도희역:서지혜,정재혁역:이지훈,진노을역:손나은,남아영역:예지원,키에누역:박호산,박진규역:고규필,강건우역:이현진,이병진역:김서경,임소라역:오혜원,김정환역:안태환,이문정역:전국향,전성자역:윤복인,이영동역:김정현,이은서역:서은수,푸드트럭총각역:이시언,태진아역:태진아,환자역:박산다라"
20200616,MBC,213551,220935,저녁같이드실래요,<15회>,15회,전국,003344,드라마&영화,드라마,미니시리즈,0.90352,1.52907,0.93729,1.50688,1.26822,2.97488,1.42379,0.72914,0.68919,0.6747,2.81768,2.83295,3.56524,2.1044,"김해경역:송승헌,우도희역:서지혜,정재혁역:이지훈,진노을역:손나은,남아영역:예지원,키에누역:박호산,박진규역:고규필,강건우역:이현진,이병진역:김서경,임소라역:오혜원,김정환역:안태환,이문정역:전국향,전성자역:윤복인,이영동역:김정현,이은서역:서은수,푸드트럭총각역:이시언,태진아역:태진아,환자역:박산다라"
20200616,MBC,221048,224406,저녁같이드실래요,<16회>,16회,전국,003318,드라마&영화,드라마,미니시리즈,1.28888,1.92203,1.04829,1.72832,1.07071,3.21498,1.52531,1.69183,0.59776,0.8036,3.44106,3.25295,4.00421,2.38119,"김해경역:송승헌,우도희역:서지혜,정재혁역:이지훈,진노을역:손나은,남아영역:예지원,키에누역:박호산,박진규역:고규필,강건우역:이현진,이병진역:김서경,임소라역:오혜원,김정환역:안태환,이문정역:전국향,전성자역:윤복인,이영동역:김정현,이은서역:서은수,푸드트럭총각역:이시언,태진아역:태진아,환자역:박산다라"
20200616,MBC,235012,242255,꼰대인턴,<14회>,14회,전국,003243,드라마&영화,드라마,미니시리즈,0.22178,0.98522,0.14204,0.49203,1.48863,1.13617,0.60486,0.82337,1.06276,0.38782,1.15995,1.98134,0.93588,0.47374,"가열찬역:박해진,이만식역:김응수,이태리역:한지은,남궁준수역:박기웅,탁정은역:박아인,주윤수역:노종현,오동근역:고건한,김승진역:홍승범,구자숙역:김선영,안상종역:손종학,남궁표역:고인범,엄한길역:김기천,옥경이역:문숙,고선녀역:정경순,열찬모역:전국향,박범준역:장성규,백범역:정성호,은혜수역:정영주,가열찬친구역:권수현,차형석역:영탁"
20200616,MBC,242655,245857,꼰대인턴,<15회>,15회,전국,003202,드라마&영화,드라마,미니시리즈,0.02257,0.91308,0.18603,0.48447,1.27336,1.45552,0.47345,0.68599,0.61928,0.57593,1.0981,1.54018,1.31366,0.29916,"가열찬역:박해진,이만식역:김응수,이태리역:한지은,남궁준수역:박기웅,탁정은역:박아인,주윤수역:노종현,오동근역:고건한,김승진역:홍승범,구자숙역:김선영,안상종역:손종학,남궁표역:고인범,엄한길역:김기천,옥경이역:문숙,고선녀역:정경순,열찬모역:전국향,박범준역:장성규,백범역:정성호,은혜수역:정영주,가열찬친구역:권수현,차형석역:영탁"
20200616,MBC,245907,252935,꼰대인턴,<16회>,16회,전국,003028,드라마&영화,드라마,미니시리즈,0,1.06077,0.38571,0.28993,1.06275,1.98694,0.67152,0.89265,0.83468,0.49928,1.00396,1.52593,1.6416,0.51186,"가열찬역:박해진,이만식역:김응수,이태리역:한지은,남궁준수역:박기웅,탁정은역:박아인,주윤수역:노종현,오동근역:고건한,김승진역:홍승범,구자숙역:김선영,안상종역:손종학,남궁표역:고인범,엄한길역:김기천,옥경이역:문숙,고선녀역:정경순,열찬모역:전국향,박범준역:장성규,백범역:정성호,은혜수역:정영주,가열찬친구역:권수현,차형석역:영탁"
20200616,SBS,083652,090742,엄마가바람났다,,32회,전국,003050,드라마&영화,드라마,아침드라마,1.72858,1.88463,1.34545,0.99962,3.15747,3.68007,4.71623,1.0312,1.04421,0.68586,3.32749,2.62917,3.38082,6.31036,"오필정역:현쥬니,강석준역:이재황,이은주역:문보령,강석환역:김형범,오순정역:남이안,김복순역:박순천,박민호역:길정우,박민지역:홍제이,김해정역:양금석,강태수역:이원재,이태우역:서현석,최동석역:김동균,최은자역:이진아,최유경역:이영은,최미영역:전은채,왕기범역:차승우,하열도역:김영훈,홍수경역:노정명,박태섭역:강서준,박혜진역:박지수"
20200616,SBS,214359,221718,굿캐스팅,<1부>,16회,전국,003319,드라마&영화,드라마,미니시리즈,1.9428,1.67409,2.13293,3.56935,4.77788,4.68169,4.64431,1.45721,1.54063,1.99646,2.97382,6.73904,6.21566,4.24714,"백찬미역:최강희,윤석호역:이상엽,임예은역:유인영,황미순역:김지영,강우원역:이준영,동관수역:이종혁,서국환역:정인기,배무혁역:박경순,간태희역:황보미,명계철역:우현,탁상기역:이상훈,옥철역:김용희,변우석역:허재호,구비서역:한수진,설영훈역:조영훈,심화란역:차수연,남봉만역:이승형,남주연역:김보윤,피철웅역:배진웅,권민석역:성혁,권소희역:노하연"
20200616,SBS,221843,225356,굿캐스팅,<2부>,16회,전국,003513,드라마&영화,드라마,미니시리즈,3.87663,2.82854,1.80036,3.82241,5.48732,6.86115,5.26998,2.61392,2.72331,2.88667,3.16987,9.07071,8.90431,5.39152,"백찬미역:최강희,윤석호역:이상엽,임예은역:유인영,황미순역:김지영,강우원역:이준영,동관수역:이종혁,서국환역:정인기,배무혁역:박경순,간태희역:황보미,명계철역:우현,탁상기역:이상훈,옥철역:김용희,변우석역:허재호,구비서역:한수진,설영훈역:조영훈,심화란역:차수연,남봉만역:이승형,남주연역:김보윤,피철웅역:배진웅,권민석역:성혁,권소희역:노하연"
20200616,OBS,095116,105416,구가의서,,11회,전국,010300,드라마&영화,드라마,주간연속극,0,0,0,0.05048,0.02304,0,0.00513,0,0,0,0.03591,0.00617,0.05568,0.22776,"최강치역:이승기,담여울역:수지,조관웅역:이성재,담평준역:조성하,박태서역:유연석,박청조역:이유비,곤역:성준,구월령역:최진혁,윤서화역:이연희,소정법사역:김희원,천수련역:정혜영,자홍명역:윤세아,박무솔역:엄효섭,월선역:손승우,이순신역:유동근,마봉출역:조재윤,카게시마역:데이비드맥기니스,한노역:박주형,윤씨역:김희정,억만역:김기방,윤정윤역:이다윗,담이역:김보미,필목역:송영규,공달선생역:이도경"
20200616,OBS,181748,192035,구가의서,,12회,전국,010247,드라마&영화,드라마,주간연속극,0,0,0.0307,0,0.09362,0.0029,0.23329,0,0.09371,0,0,0.20865,0.02261,0.25362,"최강치역:이승기,담여울역:수지,조관웅역:이성재,담평준역:조성하,박태서역:유연석,박청조역:이유비,곤역:성준,구월령역:최진혁,윤서화역:이연희,소정법사역:김희원,천수련역:정혜영,자홍명역:윤세아,박무솔역:엄효섭,월선역:손승우,이순신역:유동근,마봉출역:조재윤,카게시마역:데이비드맥기니스,한노역:박주형,윤씨역:김희정,억만역:김기방,윤정윤역:이다윗,담이역:김보미,필목역:송영규,공달선생역:이도경"
20200616,JTBC,213142,224130,야식남녀,,8회,전국,010948,드라마&영화,드라마,미니시리즈,0.15944,0.51932,0.36459,0.23264,0.15392,0.18028,0.26904,0,0.09512,0.02431,0.12017,0.91387,0.23387,0.29126,"박진성역:정일우,김아진역:강지영,강태완역:이학주,이상영역:김승수,차주희역:김수진,남규장역:양대혁,유성은역:공민정,노재수역:박성준,박진우역:최재현"
20200616,TV CHOSUN,024858,033413,운명과분노,,1회,전국,004515,드라마&영화,드라마,주말연속극,0,0,0,0.19301,0.03072,0,0.13728,0,0,0,0.03559,0.00744,0.02813,0.21302,"태인준역:주상욱,구해라역:이민정,차수현역:소이현,진태오역:이기우,태필운역:고인범,한성숙역:송옥숙,태정호역:공정환,고아정역:심이영,태정민역:박수아,현정수역:조승연,구현주역:차수연,강선영역:정수영,강의건역:윤학,김창수역:허준석,차동규역:권태원,이은숙역:하민,김비서역:임지규,이현정역:한은선,김석진역:조완기,이정혜역:전현아,제니진역:김단우"
20200616,TV CHOSUN,200602,205455,바람과구름과비,,9회,전국,004853,드라마&영화,드라마,미니시리즈,0.86831,0.25913,0.06893,0.09575,0.68741,0.7638,1.50643,0.02185,0.0509,0.04088,0.50029,0.91164,1.27041,2.00302,"최천중역:박시후,봉련역:고성희,흥선대원군이하응역:전광렬,채인규역:성혁,김병운역:김승수,김좌근역:차광수,나합역:윤아정,김병학역:한재영,조대비역:김보연,철종역:정욱,이하전역:이루,명성황후민자영역:박정연,고종이재황역:박상훈,용팔룡역:조복래,주모역:김주령,적도사진상역:한동규,팽구철역:노형욱,만석역:박노식,연치성역:임현수,반달역:왕빛나,임종사관역:허태희,최천중어린시절역:강태우,봉련어린시절역:홍승희,채인규어린시절역:최정우,상복역:허성태,민승호역:이해우,저자이병주,출판그림같은세상2020.08.28.,e북무료판매처 1건"
20200616,tvN,031800,044209,왕이된남자,,1회,전국,012409,드라마&영화,드라마,미니시리즈,0.7063,0.09588,0.04461,0.08121,0.18494,0.11888,0.15923,0,0,0.12472,0.22272,0.05409,0.32866,0.20653,"하선역:여진구,이헌역:여진구,유소운역:이세영,이규역:김상경,운심역:정혜영,조내관역:장광,신치수역:권해효,대비역:장영남,주호걸역:이규한,갑수역:윤경호,진평군역:이무생,김상궁역:민지아,정생역:장성원,박상궁역:김수진,선화당역:서윤아,장무영역:윤종석,애영역:오하늬,신이겸역:최규진,계환역:시은,달래역:신수연,장상궁역:이미은,유호준역:이윤건,이한종역:최무인,서장원역:이창직,기성군역:윤박"
20200616,tvN,045747,062505,왕이된남자,,2회,전국,012718,드라마&영화,드라마,미니시리즈,0.51469,0.12685,0.0479,0.0456,0.38928,0.0263,0.03026,0,0,0.04681,0.25337,0.15623,0.03485,0.10919,"하선역:여진구,이헌역:여진구,유소운역:이세영,이규역:김상경,운심역:정혜영,조내관역:장광,신치수역:권해효,대비역:장영남,주호걸역:이규한,갑수역:윤경호,진평군역:이무생,김상궁역:민지아,정생역:장성원,박상궁역:김수진,선화당역:서윤아,장무영역:윤종석,애영역:오하늬,신이겸역:최규진,계환역:시은,달래역:신수연,장상궁역:이미은,유호준역:이윤건,이한종역:최무인,서장원역:이창직,기성군역:윤박"
20200616,tvN,070801,081946,사랑의불시착,,3회,전국,011145,드라마&영화,드라마,미니시리즈,0.00997,0.60966,0.06366,0.14812,0.61424,0.14586,0.30242,0.78913,0.17547,0,0.26574,0.9752,0.32241,0.23901,"리정혁역:현빈,윤세리역:손예진,서단역:서지혜,구승준역:김정현,리충렬역:전국환,김윤희역:정애리,리무혁역:하석진,표치수역:양경원,박광범역:이신영,김주먹역:유수빈,금은동역:탕준상,윤증평역:남경읍,한정연역:방은진,윤세준역:최대훈,도혜지역:황우슬혜,윤세형역:박형수,고상아역:윤지민,홍창식역:고규필,박수찬역:임철수,고명은역:장혜진,고명석역:박명훈,천사장역:홍우진,오과장역:윤상훈,나월숙역:김선영,마영애역:김정난,현명순역:장소연,양옥금역:차청화,조철강역:오만석,정만복역:김영민,택시기사역:박성웅,차상우역:정경호,동구역:김수현,최지우역:최지우"
20200616,tvN,083701,095708,사랑의불시착,,4회,전국,012007,드라마&영화,드라마,미니시리즈,0.07502,0.10314,0.0526,0.23659,0.4177,0.1126,0.20521,0.49998,0.02655,0.11477,0.16185,0.48606,0.5607,0.14879,"리정혁역:현빈,윤세리역:손예진,서단역:서지혜,구승준역:김정현,리충렬역:전국환,김윤희역:정애리,리무혁역:하석진,표치수역:양경원,박광범역:이신영,김주먹역:유수빈,금은동역:탕준상,윤증평역:남경읍,한정연역:방은진,윤세준역:최대훈,도혜지역:황우슬혜,윤세형역:박형수,고상아역:윤지민,홍창식역:고규필,박수찬역:임철수,고명은역:장혜진,고명석역:박명훈,천사장역:홍우진,오과장역:윤상훈,나월숙역:김선영,마영애역:김정난,현명순역:장소연,양옥금역:차청화,조철강역:오만석,정만복역:김영민,택시기사역:박성웅,차상우역:정경호,동구역:김수현,최지우역:최지우"
20200616,tvN,101758,113641,아는건별로없지만가족입니다,,5회,전국,011843,드라마&영화,드라마,미니시리즈,0.13244,0.14348,0.17124,0.15242,0.37808,0.26714,0.7396,0,0.00544,0.47536,0.38394,1.38955,0.81948,0.56796,"김은희역:한예리,박찬혁역:김지석,김은주역:추자현,김상식역:정진영,이진숙역:원미경,김지우역:신재하,임건주역:신동욱,윤태형역:김태훈,젊은상식역:한준우,젊은진숙역:조아영,유선일역:서상원,안효석역:이종원,서경옥역:가득희,윤서영역:혜정,전하라역:배윤경,유민우역:권율"
20200616,tvN,192226,204111,아는건별로없지만가족입니다,,5회,전국,011845,드라마&영화,드라마,미니시리즈,0.49347,0.23851,0.19817,0.55027,0.40391,0.57716,0.5422,0.03877,0.1355,0.426,1.27522,0.87568,1.38429,0.68181,"김은희역:한예리,박찬혁역:김지석,김은주역:추자현,김상식역:정진영,이진숙역:원미경,김지우역:신재하,임건주역:신동욱,윤태형역:김태훈,젊은상식역:한준우,젊은진숙역:조아영,유선일역:서상원,안효석역:이종원,서경옥역:가득희,윤서영역:혜정,전하라역:배윤경,유민우역:권율"
20200616,tvN,205946,221734,아는건별로없지만가족입니다,,6회,전국,011748,드라마&영화,드라마,미니시리즈,1.47303,1.02353,0.91982,0.93827,1.60918,2.20901,1.79795,0,1.25235,1.49016,2.03878,3.79969,5.22324,1.99373,"김은희역:한예리,박찬혁역:김지석,김은주역:추자현,김상식역:정진영,이진숙역:원미경,김지우역:신재하,임건주역:신동욱,윤태형역:김태훈,젊은상식역:한준우,젊은진숙역:조아영,유선일역:서상원,안효석역:이종원,서경옥역:가득희,윤서영역:혜정,전하라역:배윤경,유민우역:권율"
20200616,tvN,252443,255959,아는건별로없지만가족입니다,,6회,전국,003516,드라마&영화,드라마,미니시리즈,0.4279,0.82555,0.02368,0.08865,0.22691,0.27525,0.09354,0,0.23168,0.15077,0.64262,0.7972,0.40508,0.39755,"김은희역:한예리,박찬혁역:김지석,김은주역:추자현,김상식역:정진영,이진숙역:원미경,김지우역:신재하,임건주역:신동욱,윤태형역:김태훈,젊은상식역:한준우,젊은진숙역:조아영,유선일역:서상원,안효석역:이종원,서경옥역:가득희,윤서영역:혜정,전하라역:배윤경,유민우역:권율"
20200616,국방TV,210018,212804,바람은불어도,,103회,전국,002746,드라마&영화,드라마,미니시리즈,0,0,0,0,0,0,0,0,0,0,0,0,0,0.07871,"최수종,유호정,윤손하,송나영,송기윤,나문희"
20200616,국방TV,213023,215904,바람은불어도,,104회,전국,002841,드라마&영화,드라마,미니시리즈,0,0,0,0,0,0.00624,0.00292,0,0,0,0,0,0,0.0041,"최수종,유호정,윤손하,송나영,송기윤,나문희"
20200616,국방TV,240018,242803,바람은불어도,,103회,전국,002745,드라마&영화,드라마,미니시리즈,0,0,0,0,0,0,0,0,0,0,0,0,0,0,"최수종,유호정,윤손하,송나영,송기윤,나문희"
20200616,국방TV,243018,245900,바람은불어도,,104회,전국,002842,드라마&영화,드라마,미니시리즈,0,0,0,0,0,0,0,0,0,0.01652,0,0,0,0,"최수종,유호정,윤손하,송나영,송기윤,나문희"
20200616,국방TV,250036,252851,바람은불어도,,105회,전국,002815,드라마&영화,드라마,미니시리즈,0,0,0,0.00985,0,0.00398,0.00394,0,0,0.00768,0,0,0.00782,0.00871,"최수종,유호정,윤손하,송나영,송기윤,나문희"
20200616,국방TV,253038,255712,바람은불어도,,106회,전국,002634,드라마&영화,드라마,미니시리즈,0,0,0,0.01041,0,0,0.00587,0,0,0,0,0,0,0.00369,"최수종,유호정,윤손하,송나영,송기윤,나문희"
20200616,AsiaUHD,030135,041227,삼총사,,1회,전국,011052,드라마&영화,드라마,주간연속극,0,0,0,0,0,0,0,0,0,0,0,0,0,0,"박달향역:정용화,소현세자역:이진욱,허승포역:양동근,안민서역:정해인,강빈역:서현진,미령역:유인영,김자점역:박영규,최명길역:전노민,용골대역:김성민,인조역:김명수,판쇠역:이켠,노수역:박성민,정명공주역:한민,마부대역:김서경,소현세자어린시절역:지은성"
20200616,AsiaUHD,043004,054217,삼총사,,2회,전국,011213,드라마&영화,드라마,주간연속극,0,0,0,0,0,0,0,0,0,0,0,0,0,0,"박달향역:정용화,소현세자역:이진욱,허승포역:양동근,안민서역:정해인,강빈역:서현진,미령역:유인영,김자점역:박영규,최명길역:전노민,용골대역:김성민,인조역:김명수,판쇠역:이켠,노수역:박성민,정명공주역:한민,마부대역:김서경,소현세자어린시절역:지은성"
20200616,CHING,020000,024249,번외수사,,5회,전국,004249,드라마&영화,드라마,미니시리즈,0,0,0,0.02177,0,0.0187,0.00092,0,0,0.00702,0,0,0.01625,0.01526,"진강호역:차태현,강무영역:이선빈,이반석역:정상훈,테디정역:윤경호,탁원역:지승현,민대진역:박정우,맨손역:박태산,연장역:장진희,지수철역:이영석,노순이역:민경옥"
20200616,CHING,025455,035458,번외수사,,6회,전국,010003,드라마&영화,드라마,미니시리즈,0,0,0,0,0,0,0,0,0,0,0,0,0,0,"진강호역:차태현,강무영역:이선빈,이반석역:정상훈,테디정역:윤경호,탁원역:지승현,민대진역:박정우,맨손역:박태산,연장역:장진희,지수철역:이영석,노순이역:민경옥"
20200616,CHING,082941,093644,이산,,17회,전국,010703,드라마&영화,드라마,주간연속극,0,0,0,0,0.05227,0,0.1578,0,0,0,0.18256,0,0.08282,0.03581,"정조이산역:이서진,성송연역:한지민,영조역:이순재,정순왕후역:김여진,화완옹주역:성현아,정후겸역:조연우,박대수역:이종수,효의왕후역:박은혜,혜경궁홍씨역:견미리,사도세자역:이창훈,홍국영역:한상진,최석주역:조경환,채제공역:한인수,정약용역:송창의,장태우역:이재용,민주식역:정호근,박제가역:정재곤,남사초역:맹상훈,박달호역:이희도,김정금상궁역:김소이,강미비상궁역:이숙,원빈홍씨역:지성원,화빈윤씨역:유연지,박영문역:신국,초비역:이도은,이천역:지상렬,탁지수역:유민혁,이산어린시절역:박지빈,성송연어린시절역:이한나,박대수어린시절역:권오민,정후겸어린시절역:이인성"
20200616,CHING,095238,105923,이산,,18회,전국,010645,드라마&영화,드라마,주간연속극,0,0,0,0,0,0.00067,0.0904,0,0,0.00392,0.18256,0,0.00138,0.00379,"정조이산역:이서진,성송연역:한지민,영조역:이순재,정순왕후역:김여진,화완옹주역:성현아,정후겸역:조연우,박대수역:이종수,효의왕후역:박은혜,혜경궁홍씨역:견미리,사도세자역:이창훈,홍국영역:한상진,최석주역:조경환,채제공역:한인수,정약용역:송창의,장태우역:이재용,민주식역:정호근,박제가역:정재곤,남사초역:맹상훈,박달호역:이희도,김정금상궁역:김소이,강미비상궁역:이숙,원빈홍씨역:지성원,화빈윤씨역:유연지,박영문역:신국,초비역:이도은,이천역:지상렬,탁지수역:유민혁,이산어린시절역:박지빈,성송연어린시절역:이한나,박대수어린시절역:권오민,정후겸어린시절역:이인성"
20200616,CHING,143723,150849,인어아가씨,,85회,전국,003126,드라마&영화,드라마,주간연속극,0.35905,0,0,0.07969,0,0,0.0078,0,0,0,0.29081,0,0,0.00579,"은아리영역:장서희,한경혜역:정영숙,은진섭역:박근형,심수정역:한혜숙,은예영역:우희진,이주왕역:김성민,이성수역:김병기,금옥선역:사미자,금실라역:김용림,조수아역:고두심,마마준역:정보석,마마린역:이재은"
20200616,CHING,151000,154259,인어아가씨,,86회,전국,003259,드라마&영화,드라마,주간연속극,0.71811,0,0,0.15937,0,0.06905,0.00395,0,0,0,0.30431,0,0.03918,0,"은아리영역:장서희,한경혜역:정영숙,은진섭역:박근형,심수정역:한혜숙,은예영역:우희진,이주왕역:김성민,이성수역:김병기,금옥선역:사미자,금실라역:김용림,조수아역:고두심,마마준역:정보석,마마린역:이재은"
20200616,CHING,155440,162552,인어아가씨,,87회,전국,003112,드라마&영화,드라마,주간연속극,0.71811,0,0.00565,0.15937,0.00736,0,0,0,0,0,0.12407,0.00826,0,0,"은아리영역:장서희,한경혜역:정영숙,은진섭역:박근형,심수정역:한혜숙,은예영역:우희진,이주왕역:김성민,이성수역:김병기,금옥선역:사미자,금실라역:김용림,조수아역:고두심,마마준역:정보석,마마린역:이재은"
20200616,CHING,162703,165723,인어아가씨,,88회,전국,003020,드라마&영화,드라마,주간연속극,0.43086,0,0,0.09562,0.09525,0.03605,0,0,0,0,0.07444,0,0,0.02565,"은아리영역:장서희,한경혜역:정영숙,은진섭역:박근형,심수정역:한혜숙,은예영역:우희진,이주왕역:김성민,이성수역:김병기,금옥선역:사미자,금실라역:김용림,조수아역:고두심,마마준역:정보석,마마린역:이재은"
20200616,CHING,170921,181624,이산,,17회,전국,010703,드라마&영화,드라마,주간연속극,0,0,0,0.04262,0.01305,0,0.05215,0,0,0,0.01766,0,0.06371,0.00748,"정조이산역:이서진,성송연역:한지민,영조역:이순재,정순왕후역:김여진,화완옹주역:성현아,정후겸역:조연우,박대수역:이종수,효의왕후역:박은혜,혜경궁홍씨역:견미리,사도세자역:이창훈,홍국영역:한상진,최석주역:조경환,채제공역:한인수,정약용역:송창의,장태우역:이재용,민주식역:정호근,박제가역:정재곤,남사초역:맹상훈,박달호역:이희도,김정금상궁역:김소이,강미비상궁역:이숙,원빈홍씨역:지성원,화빈윤씨역:유연지,박영문역:신국,초비역:이도은,이천역:지상렬,탁지수역:유민혁,이산어린시절역:박지빈,성송연어린시절역:이한나,박대수어린시절역:권오민,정후겸어린시절역:이인성"
20200616,CHING,182746,193432,이산,,18회,전국,010646,드라마&영화,드라마,주간연속극,0,0,0,0,0.33247,0,0.03761,0,0,0,0,0.12224,0.00915,0.00212,"정조이산역:이서진,성송연역:한지민,영조역:이순재,정순왕후역:김여진,화완옹주역:성현아,정후겸역:조연우,박대수역:이종수,효의왕후역:박은혜,혜경궁홍씨역:견미리,사도세자역:이창훈,홍국영역:한상진,최석주역:조경환,채제공역:한인수,정약용역:송창의,장태우역:이재용,민주식역:정호근,박제가역:정재곤,남사초역:맹상훈,박달호역:이희도,김정금상궁역:김소이,강미비상궁역:이숙,원빈홍씨역:지성원,화빈윤씨역:유연지,박영문역:신국,초비역:이도은,이천역:지상렬,탁지수역:유민혁,이산어린시절역:박지빈,성송연어린시절역:이한나,박대수어린시절역:권오민,정후겸어린시절역:이인성"
20200616,CHING,230410,233536,인어아가씨,,85회,전국,003126,드라마&영화,드라마,주간연속극,0,0,0.13913,0,0.02209,0.17925,0.01021,0,0,0.20167,0,0.1575,0.16931,0.01374,"은아리영역:장서희,한경혜역:정영숙,은진섭역:박근형,심수정역:한혜숙,은예영역:우희진,이주왕역:김성민,이성수역:김병기,금옥선역:사미자,금실라역:김용림,조수아역:고두심,마마준역:정보석,마마린역:이재은"
20200616,CHING,233647,240946,인어아가씨,,86회,전국,003259,드라마&영화,드라마,주간연속극,0,0,0.13913,0,0,0.17925,0.00511,0,0,0.20167,0,0.1575,0.1457,0.0247,"은아리영역:장서희,한경혜역:정영숙,은진섭역:박근형,심수정역:한혜숙,은예영역:우희진,이주왕역:김성민,이성수역:김병기,금옥선역:사미자,금실라역:김용림,조수아역:고두심,마마준역:정보석,마마린역:이재은"
20200616,CHING,241912,245024,인어아가씨,,87회,전국,003112,드라마&영화,드라마,주간연속극,0,0,0.12567,0,0.06361,0.1619,0,0,0,0.18215,0,0.12473,0.15901,0.04063,"은아리영역:장서희,한경혜역:정영숙,은진섭역:박근형,심수정역:한혜숙,은예영역:우희진,이주왕역:김성민,이성수역:김병기,금옥선역:사미자,금실라역:김용림,조수아역:고두심,마마준역:정보석,마마린역:이재은"
20200616,CHING,245135,252156,인어아가씨,,88회,전국,003021,드라마&영화,드라마,주간연속극,0,0,0.04638,0,0.17333,0.06983,0.015,0,0,0.06722,0,0.19239,0.14297,0,"은아리영역:장서희,한경혜역:정영숙,은진섭역:박근형,심수정역:한혜숙,은예영역:우희진,이주왕역:김성민,이성수역:김병기,금옥선역:사미자,금실라역:김용림,조수아역:고두심,마마준역:정보석,마마린역:이재은"
20200616,CHING,253119,255959,이산,,17회,전국,002840,드라마&영화,드라마,주간연속극,0,0,0,0,0.01828,0,0,0,0,0,0,0,0.01953,0,"정조이산역:이서진,성송연역:한지민,영조역:이순재,정순왕후역:김여진,화완옹주역:성현아,정후겸역:조연우,박대수역:이종수,효의왕후역:박은혜,혜경궁홍씨역:견미리,사도세자역:이창훈,홍국영역:한상진,최석주역:조경환,채제공역:한인수,정약용역:송창의,장태우역:이재용,민주식역:정호근,박제가역:정재곤,남사초역:맹상훈,박달호역:이희도,김정금상궁역:김소이,강미비상궁역:이숙,원빈홍씨역:지성원,화빈윤씨역:유연지,박영문역:신국,초비역:이도은,이천역:지상렬,탁지수역:유민혁,이산어린시절역:박지빈,성송연어린시절역:이한나,박대수어린시절역:권오민,정후겸어린시절역:이인성"
20200616,CNTV,032416,035635,녹두꽃,,11회,전국,003219,드라마&영화,드라마,미니시리즈,0,0,0,0.03639,0,0,0,0,0,0,0,0,0,0.12925,"백이강역:조정석,백이현역:윤시윤,송자인역:한예리,전봉준역:최무성,백가역:박혁권,최덕기역:김상호,황석주역:최원영,채씨역:황영희,백이화역:백은혜,유월이역:서영희,남서방역:정선철,최경선역:민성욱,해승역:안길강,버들이역:노행하,번개역:병헌,동록개역:정규수,김가역:박지환,김개남역:김정호,손화중역:홍우진,송희옥역:이태검,황명심역:박규영,홍가역:조희봉,억쇠역:조현식,철두역:김도연,박원명역:김하균,송봉길역:박지일,김당손역:문원주,김문현역:이순원,김학진역:남문철,홍계훈역:윤서현,이규태역:손우현,이두황역:서종봉,대원군역:전국환,민비역:김지현,고종역:이윤건,조병갑역:장광,이용태역:이정헌,최시형역:전무송,다케다요스케역:이기찬,김홍집역:황만익"
20200616,CNTV,035702,042353,녹두꽃,,12회,전국,002651,드라마&영화,드라마,미니시리즈,0.3284,0,0,0.11564,0.03794,0,0.0158,0.28995,0,0,0.03389,0.07048,0,0.01365,"백이강역:조정석,백이현역:윤시윤,송자인역:한예리,전봉준역:최무성,백가역:박혁권,최덕기역:김상호,황석주역:최원영,채씨역:황영희,백이화역:백은혜,유월이역:서영희,남서방역:정선철,최경선역:민성욱,해승역:안길강,버들이역:노행하,번개역:병헌,동록개역:정규수,김가역:박지환,김개남역:김정호,손화중역:홍우진,송희옥역:이태검,황명심역:박규영,홍가역:조희봉,억쇠역:조현식,철두역:김도연,박원명역:김하균,송봉길역:박지일,김당손역:문원주,김문현역:이순원,김학진역:남문철,홍계훈역:윤서현,이규태역:손우현,이두황역:서종봉,대원군역:전국환,민비역:김지현,고종역:이윤건,조병갑역:장광,이용태역:이정헌,최시형역:전무송,다케다요스케역:이기찬,김홍집역:황만익"
20200616,CNTV,060548,070507,용의눈물,,77회,전국,005919,드라마&영화,드라마,주간연속극,0,0,0,0.00814,0.00177,0.02915,0.11996,0,0,0.01078,0.01688,0.09424,0.0253,0.14545,"유동근,최명길,이민우,안재모,김무생,김혜리"
20200616,CNTV,071506,081214,용의눈물,,78회,전국,005708,드라마&영화,드라마,주간연속극,0.05039,0,0,0.01915,0,0.17533,0.0516,0,0,0,0.00871,0,0.00256,0.14114,"유동근,최명길,이민우,안재모,김무생,김혜리"
20200616,CNTV,092812,102849,바람과구름과비,,7회,전국,010037,드라마&영화,드라마,미니시리즈,0,0,0,0,0.24764,0.09571,0.24723,0,0,0,0.05584,0.1225,0.30675,0.31762,"최천중역:박시후,봉련역:고성희,흥선대원군이하응역:전광렬,채인규역:성혁,김병운역:김승수,김좌근역:차광수,나합역:윤아정,김병학역:한재영,조대비역:김보연,철종역:정욱,이하전역:이루,명성황후민자영역:박정연,고종이재황역:박상훈,용팔룡역:조복래,주모역:김주령,적도사진상역:한동규,팽구철역:노형욱,만석역:박노식,연치성역:임현수,반달역:왕빛나,임종사관역:허태희,최천중어린시절역:강태우,봉련어린시절역:홍승희,채인규어린시절역:최정우,상복역:허성태,민승호역:이해우,저자이병주,출판그림같은세상2020.08.28.,e북무료판매처 1건"
20200616,CNTV,104647,114708,야인시대,,47회,전국,010021,드라마&영화,드라마,주간연속극,0,0,0,0,0,0.00829,0.46788,0,0,0,0.29541,0,0.07824,0.26954,"청년김두한역:안재모,소년김두한역:곽정욱,장년김두한역:김영철,장년정진영역:차광수,구마적역:이원종,쌍칼역:박준규,김무옥역:이혁재,문영철역:장세진,장년개코역:성동일,신마적역:최철호,하야시역:이창훈,가미소리역:이상인,시바루역:이세창,나미꼬역:이세은,시라소니역:조상구,최동열역:정동환,미와역:이재용,마루오까역:최재성,설향역:허영란,애란역:조여정,정운경역:심형탁,김좌진역:최동준,오숙근역:이덕희,박계숙역:전미선,원노인역:이순재,유진산역:이효정,이정재역:김영호,조병옥역:김학철,이화룡역:안승훈,청년개코역:이동훈,신영균역:윤용현,청년정진영역:김정민,김영태역:박영록,박인애역:정소영,이영숙역:이일화,김두한어린시절역:곽정욱"
20200616,CNTV,120826,125943,광개토태왕,,80회,전국,005117,드라마&영화,드라마,주말연속극,0,0,0,0.0549,0.27551,0.23652,0.58954,0,0,0.0175,0,0.00394,0.27721,0.62728,"담덕역:이태곤,고운역:김승수,모용보역:임호,도영역:오지은,연살타역:홍경인,약연역:이인혜,고무역:김진태,고창역:남성진,모두영역:이원발,모두루역:임대호,모용수역:김동현,풍발역:정호근,개연수역:최동준,가라지역:오욱철,연도부역:반석진,계필역:선동혁,이영역:최상훈,담망역:정태우,이련역:송용태,고야역:이보희,담주역:조안,설도안역:김규철,설지역:김정화,마수역:고인범,여소이역:임병기,돌비수역:김정현,갈사무역:강신조,도광역:박승호,소모역:강지후,여문역:나주석,모용희역:조인표,거보역:김덕현,무갑역:유종근,여석개역:방형주,황회역:김명수,원봉역:박유승,하무지역:윤승원,사갈현역:김철기,아신역:박정철"
20200616,CNTV,132008,142007,용의눈물,,77회,전국,005959,드라마&영화,드라마,주간연속극,0.02394,0.11427,0,0.03253,0,0.09679,0.47589,0,0,0.0423,0.00414,0.00793,0.17473,0.55961,"유동근,최명길,이민우,안재모,김무생,김혜리"
20200616,CNTV,143706,153429,용의눈물,,78회,전국,005723,드라마&영화,드라마,주간연속극,0,0.01047,0,0,0.0081,0.20583,0.63945,0.02289,0,0,0.00284,0.00711,0.0029,0.5402,"유동근,최명길,이민우,안재모,김무생,김혜리"
20200616,CNTV,155930,170021,바람과구름과비,,7회,전국,010051,드라마&영화,드라마,미니시리즈,0,0,0.02478,0.0165,0.0348,0.05932,0.45122,0,0.01189,0.47588,0.14203,0.06155,0.28949,0.53928,"최천중역:박시후,봉련역:고성희,흥선대원군이하응역:전광렬,채인규역:성혁,김병운역:김승수,김좌근역:차광수,나합역:윤아정,김병학역:한재영,조대비역:김보연,철종역:정욱,이하전역:이루,명성황후민자영역:박정연,고종이재황역:박상훈,용팔룡역:조복래,주모역:김주령,적도사진상역:한동규,팽구철역:노형욱,만석역:박노식,연치성역:임현수,반달역:왕빛나,임종사관역:허태희,최천중어린시절역:강태우,봉련어린시절역:홍승희,채인규어린시절역:최정우,상복역:허성태,민승호역:이해우,저자이병주,출판그림같은세상2020.08.28.,e북무료판매처 1건"
20200616,CNTV,171644,181705,야인시대,,47회,전국,010021,드라마&영화,드라마,주간연속극,0.02081,0,0.0711,0.00562,0.09231,0.06409,0.21022,0.01087,0.00499,0,0.01237,0.03492,0.00882,0.05942,"청년김두한역:안재모,소년김두한역:곽정욱,장년김두한역:김영철,장년정진영역:차광수,구마적역:이원종,쌍칼역:박준규,김무옥역:이혁재,문영철역:장세진,장년개코역:성동일,신마적역:최철호,하야시역:이창훈,가미소리역:이상인,시바루역:이세창,나미꼬역:이세은,시라소니역:조상구,최동열역:정동환,미와역:이재용,마루오까역:최재성,설향역:허영란,애란역:조여정,정운경역:심형탁,김좌진역:최동준,오숙근역:이덕희,박계숙역:전미선,원노인역:이순재,유진산역:이효정,이정재역:김영호,조병옥역:김학철,이화룡역:안승훈,청년개코역:이동훈,신영균역:윤용현,청년정진영역:김정민,김영태역:박영록,박인애역:정소영,이영숙역:이일화,김두한어린시절역:곽정욱"
20200616,CNTV,183217,192333,광개토태왕,,80회,전국,005116,드라마&영화,드라마,주말연속극,0,0,0,0.00716,0.02355,0.34941,0.2607,0,0,0,0,0.14278,0.17403,0.19585,"담덕역:이태곤,고운역:김승수,모용보역:임호,도영역:오지은,연살타역:홍경인,약연역:이인혜,고무역:김진태,고창역:남성진,모두영역:이원발,모두루역:임대호,모용수역:김동현,풍발역:정호근,개연수역:최동준,가라지역:오욱철,연도부역:반석진,계필역:선동혁,이영역:최상훈,담망역:정태우,이련역:송용태,고야역:이보희,담주역:조안,설도안역:김규철,설지역:김정화,마수역:고인범,여소이역:임병기,돌비수역:김정현,갈사무역:강신조,도광역:박승호,소모역:강지후,여문역:나주석,모용희역:조인표,거보역:김덕현,무갑역:유종근,여석개역:방형주,황회역:김명수,원봉역:박유승,하무지역:윤승원,사갈현역:김철기,아신역:박정철"
20200616,CNTV,194320,204250,용의눈물,,77회,전국,005930,드라마&영화,드라마,주간연속극,0.05164,0.11621,0.01391,0.00678,0.01257,0.04632,0.17638,0.68182,0,0.05723,0,0.08426,0.0099,0.13997,"유동근,최명길,이민우,안재모,김무생,김혜리"
20200616,CNTV,205724,215445,용의눈물,,78회,전국,005721,드라마&영화,드라마,주간연속극,0.11951,0.07806,0.03019,0.09999,0.0803,0.01004,0.15788,0.07383,0.12248,0.09628,0.05822,0.24242,0.02556,0.15775,"유동근,최명길,이민우,안재모,김무생,김혜리"
20200616,CNTV,220810,230845,바람과구름과비,,7회,전국,010035,드라마&영화,드라마,미니시리즈,0,0,0.41345,0.00743,0.0269,0.4517,0.17281,0.03299,0.18706,0,0,0.18436,0.52018,0.0381,"최천중역:박시후,봉련역:고성희,흥선대원군이하응역:전광렬,채인규역:성혁,김병운역:김승수,김좌근역:차광수,나합역:윤아정,김병학역:한재영,조대비역:김보연,철종역:정욱,이하전역:이루,명성황후민자영역:박정연,고종이재황역:박상훈,용팔룡역:조복래,주모역:김주령,적도사진상역:한동규,팽구철역:노형욱,만석역:박노식,연치성역:임현수,반달역:왕빛나,임종사관역:허태희,최천중어린시절역:강태우,봉련어린시절역:홍승희,채인규어린시절역:최정우,상복역:허성태,민승호역:이해우,저자이병주,출판그림같은세상2020.08.28.,e북무료판매처 1건"
20200616,CNTV,232213,242234,야인시대,,47회,전국,010021,드라마&영화,드라마,주간연속극,0,0,0.00735,0,0.01635,0.44362,0.0809,0.04618,0.02415,0,0.00835,0.12501,0.06176,0.10074,"청년김두한역:안재모,소년김두한역:곽정욱,장년김두한역:김영철,장년정진영역:차광수,구마적역:이원종,쌍칼역:박준규,김무옥역:이혁재,문영철역:장세진,장년개코역:성동일,신마적역:최철호,하야시역:이창훈,가미소리역:이상인,시바루역:이세창,나미꼬역:이세은,시라소니역:조상구,최동열역:정동환,미와역:이재용,마루오까역:최재성,설향역:허영란,애란역:조여정,정운경역:심형탁,김좌진역:최동준,오숙근역:이덕희,박계숙역:전미선,원노인역:이순재,유진산역:이효정,이정재역:김영호,조병옥역:김학철,이화룡역:안승훈,청년개코역:이동훈,신영균역:윤용현,청년정진영역:김정민,김영태역:박영록,박인애역:정소영,이영숙역:이일화,김두한어린시절역:곽정욱"
20200616,CNTV,243245,252402,광개토태왕,,80회,전국,005117,드라마&영화,드라마,주말연속극,0,0.03437,0,0.0571,0.36899,0.04889,0.08349,0.23672,0.1238,0,0,0.15083,0.03005,0.28022,"담덕역:이태곤,고운역:김승수,모용보역:임호,도영역:오지은,연살타역:홍경인,약연역:이인혜,고무역:김진태,고창역:남성진,모두영역:이원발,모두루역:임대호,모용수역:김동현,풍발역:정호근,개연수역:최동준,가라지역:오욱철,연도부역:반석진,계필역:선동혁,이영역:최상훈,담망역:정태우,이련역:송용태,고야역:이보희,담주역:조안,설도안역:김규철,설지역:김정화,마수역:고인범,여소이역:임병기,돌비수역:김정현,갈사무역:강신조,도광역:박승호,소모역:강지후,여문역:나주석,모용희역:조인표,거보역:김덕현,무갑역:유종근,여석개역:방형주,황회역:김명수,원봉역:박유승,하무지역:윤승원,사갈현역:김철기,아신역:박정철"
20200616,DRAMAcube,051055,061100,시크릿부티크,,14회,전국,010005,드라마&영화,드라마,미니시리즈,0,0.00305,0.04255,0,0.00202,0.03303,0.03176,0,0.00253,0.00339,0.0666,0.00629,0.03411,0,"제니장역:김선아,김여옥역:장미희,위예남역:박희본,이현지역:고민시,윤선우역:김재영,위정혁역:김태훈,위예은역:류원,차승재역:류승수,황집사역:한정수,미세스왕역:김영아,위동섭역:여무영,운산스님역:박병호,도준섭역:김법래,오태석역:주석태,이주호역:장률,박주현역:장영남,김미진역:윤지인,예준역:최동화,조양오역:임철형,이상훈역:정욱진,윤혜라역:송지우,장도윤역:박재준,우선정역:박성연,어린도영역:박서경,18세도영역:정다은,18세예남역:조민아,20세정혁역:김성현,어린선우역:이시우"
20200616,DRAMAcube,061557,071935,배가본드,,7회,전국,010338,드라마&영화,드라마,미니시리즈,0.01022,0.04661,0,0.03098,0.01591,0.04635,0.01382,0.06278,0.01073,0,0.05391,0.03093,0.0443,0.01651,"차달건역:이승기,고해리역:배수지,기태웅역:신성록,제시카리역:문정희,정국표역:백윤식,홍순조역:문성근,에드워드박역:이경영,강주철역:이기영,윤한기역:김민종,민재식역:정만식,공화숙역:황보라,박만영역:최광일,안기동역:김종수,김세훈역:신승환,한기수역:김민서,미키역:류원,홍승범역:김정현,릴리역:박아인,박광덕역:고규필,제롬역:유태오,김우기역:장혁진,오상미역:강경헌,김도수역:최대철"
20200616,DRAMAcube,084917,095718,야식남녀,,5회,전국,010801,드라마&영화,드라마,미니시리즈,0,0,0.00693,0,0,0.07353,0.03464,0,0,0,0,0.06291,0.09174,0.01733,"박진성역:정일우,김아진역:강지영,강태완역:이학주,이상영역:김승수,차주희역:김수진,남규장역:양대혁,유성은역:공민정,노재수역:박성준,박진우역:최재현"
20200616,DramaH,020000,023142,굿캐스팅,,13회,전국,003142,드라마&영화,드라마,미니시리즈,0,0,0,0,0,0.22978,0.00155,0,0,0,0,0,0,0.0362,"백찬미역:최강희,윤석호역:이상엽,임예은역:유인영,황미순역:김지영,강우원역:이준영,동관수역:이종혁,서국환역:정인기,배무혁역:박경순,간태희역:황보미,명계철역:우현,탁상기역:이상훈,옥철역:김용희,변우석역:허재호,구비서역:한수진,설영훈역:조영훈,심화란역:차수연,남봉만역:이승형,남주연역:김보윤,피철웅역:배진웅,권민석역:성혁,권소희역:노하연"
20200616,DramaH,024543,035439,굿캐스팅,,14회,전국,010856,드라마&영화,드라마,미니시리즈,0,0.0038,0,0.00812,0,0.05679,0.00497,0,0,0,0,0.0034,0.00457,0.07188,"백찬미역:최강희,윤석호역:이상엽,임예은역:유인영,황미순역:김지영,강우원역:이준영,동관수역:이종혁,서국환역:정인기,배무혁역:박경순,간태희역:황보미,명계철역:우현,탁상기역:이상훈,옥철역:김용희,변우석역:허재호,구비서역:한수진,설영훈역:조영훈,심화란역:차수연,남봉만역:이승형,남주연역:김보윤,피철웅역:배진웅,권민석역:성혁,권소희역:노하연"
20200616,DramaH,094428,104517,바람과구름과비,,7회,전국,010049,드라마&영화,드라마,미니시리즈,0.02481,0,0,0.04682,0.01526,0,0.13474,0,0,0,0.0345,0.00378,0.03736,0.09491,"최천중역:박시후,봉련역:고성희,흥선대원군이하응역:전광렬,채인규역:성혁,김병운역:김승수,김좌근역:차광수,나합역:윤아정,김병학역:한재영,조대비역:김보연,철종역:정욱,이하전역:이루,명성황후민자영역:박정연,고종이재황역:박상훈,용팔룡역:조복래,주모역:김주령,적도사진상역:한동규,팽구철역:노형욱,만석역:박노식,연치성역:임현수,반달역:왕빛나,임종사관역:허태희,최천중어린시절역:강태우,봉련어린시절역:홍승희,채인규어린시절역:최정우,상복역:허성태,민승호역:이해우,저자이병주,출판그림같은세상2020.08.28.,e북무료판매처 1건"
20200616,DramaH,110356,120713,바람과구름과비,,8회,전국,010317,드라마&영화,드라마,미니시리즈,0,0,0,0.11377,0.0039,0,0.13525,0.02819,0.00736,0,0.10433,0.00569,0.0015,0.15049,"최천중역:박시후,봉련역:고성희,흥선대원군이하응역:전광렬,채인규역:성혁,김병운역:김승수,김좌근역:차광수,나합역:윤아정,김병학역:한재영,조대비역:김보연,철종역:정욱,이하전역:이루,명성황후민자영역:박정연,고종이재황역:박상훈,용팔룡역:조복래,주모역:김주령,적도사진상역:한동규,팽구철역:노형욱,만석역:박노식,연치성역:임현수,반달역:왕빛나,임종사관역:허태희,최천중어린시절역:강태우,봉련어린시절역:홍승희,채인규어린시절역:최정우,상복역:허성태,민승호역:이해우,저자이병주,출판그림같은세상2020.08.28.,e북무료판매처 1건"
20200616,DramaH,154352,165337,굿캐스팅,,13회,전국,010945,드라마&영화,드라마,미니시리즈,0,0.01294,0.005,0.04117,0.00442,0,0.12282,0,0,0,0,0.01044,0.06239,0.02161,"백찬미역:최강희,윤석호역:이상엽,임예은역:유인영,황미순역:김지영,강우원역:이준영,동관수역:이종혁,서국환역:정인기,배무혁역:박경순,간태희역:황보미,명계철역:우현,탁상기역:이상훈,옥철역:김용희,변우석역:허재호,구비서역:한수진,설영훈역:조영훈,심화란역:차수연,남봉만역:이승형,남주연역:김보윤,피철웅역:배진웅,권민석역:성혁,권소희역:노하연"
20200616,DramaH,171322,182219,굿캐스팅,,14회,전국,010857,드라마&영화,드라마,미니시리즈,0,0,0.02752,0.1462,0,0.04233,0.09194,0,0.00281,0.03517,0.04222,0.00913,0.03727,0.07433,"백찬미역:최강희,윤석호역:이상엽,임예은역:유인영,황미순역:김지영,강우원역:이준영,동관수역:이종혁,서국환역:정인기,배무혁역:박경순,간태희역:황보미,명계철역:우현,탁상기역:이상훈,옥철역:김용희,변우석역:허재호,구비서역:한수진,설영훈역:조영훈,심화란역:차수연,남봉만역:이승형,남주연역:김보윤,피철웅역:배진웅,권민석역:성혁,권소희역:노하연"
20200616,DramaH,224546,234903,바람과구름과비,,8회,전국,010317,드라마&영화,드라마,미니시리즈,0,0,0.00472,0.01792,0.01474,0.2313,0.24371,0.02819,0.00736,0.00729,0,0.08754,0.03656,0.03725,"최천중역:박시후,봉련역:고성희,흥선대원군이하응역:전광렬,채인규역:성혁,김병운역:김승수,김좌근역:차광수,나합역:윤아정,김병학역:한재영,조대비역:김보연,철종역:정욱,이하전역:이루,명성황후민자영역:박정연,고종이재황역:박상훈,용팔룡역:조복래,주모역:김주령,적도사진상역:한동규,팽구철역:노형욱,만석역:박노식,연치성역:임현수,반달역:왕빛나,임종사관역:허태희,최천중어린시절역:강태우,봉련어린시절역:홍승희,채인규어린시절역:최정우,상복역:허성태,민승호역:이해우,저자이병주,출판그림같은세상2020.08.28.,e북무료판매처 1건"
20200616,DramaH,240922,251124,바람과구름과비,,9회,전국,010202,드라마&영화,드라마,미니시리즈,0,0,0.15505,0.00428,0,0.50622,0.04443,0,0,0.09792,0.14391,0.03708,0.25994,0.04578,"최천중역:박시후,봉련역:고성희,흥선대원군이하응역:전광렬,채인규역:성혁,김병운역:김승수,김좌근역:차광수,나합역:윤아정,김병학역:한재영,조대비역:김보연,철종역:정욱,이하전역:이루,명성황후민자영역:박정연,고종이재황역:박상훈,용팔룡역:조복래,주모역:김주령,적도사진상역:한동규,팽구철역:노형욱,만석역:박노식,연치성역:임현수,반달역:왕빛나,임종사관역:허태희,최천중어린시절역:강태우,봉련어린시절역:홍승희,채인규어린시절역:최정우,상복역:허성태,민승호역:이해우,저자이병주,출판그림같은세상2020.08.28.,e북무료판매처 1건"
20200616,Dramax,115427,130218,낭만닥터김사부2,,1회,전국,010751,드라마&영화,드라마,미니시리즈,0,0,0.02699,0.0439,0.00759,0.26344,0.08719,0,0,0.01989,0.34292,0.06846,0.03502,0.18221,"김사부역:한석규,서우진역:안효섭,차은재역:이성경,박민국역:김주헌,배문정역:신동욱,윤아름역:소주연,정인수역:윤나무,여운영역:김홍파,오명심역:진경,장기태역:임원희,남도일역:변우민,박은탁역:김민재,양호준역:고상호,심혜진역:박효주,허영규역:배명진,도윤완역:최진호,엄현정역:정지안,주영미역:윤보라,주지배인역:서영"
20200616,Dramax,131702,142942,낭만닥터김사부2,,2회,전국,011240,드라마&영화,드라마,미니시리즈,0,0.0124,0.04013,0.07868,0.12964,0.13428,0.38497,0,0.15501,0.06687,0.3262,0.0561,0.18658,0.30623,"김사부역:한석규,서우진역:안효섭,차은재역:이성경,박민국역:김주헌,배문정역:신동욱,윤아름역:소주연,정인수역:윤나무,여운영역:김홍파,오명심역:진경,장기태역:임원희,남도일역:변우민,박은탁역:김민재,양호준역:고상호,심혜진역:박효주,허영규역:배명진,도윤완역:최진호,엄현정역:정지안,주영미역:윤보라,주지배인역:서영"
20200616,E채널,061038,064505,닥터프리즈너,,29회,전국,003427,드라마&영화,드라마,미니시리즈,0,0,0.01463,0,0.00227,0.04841,0.01001,0,0,0,0,0,0.05022,0.00435,"나이제역:남궁민,한소금역:권나라,선민식역:김병철,이재준역:최원영,이재인역:이다인,이재환역:박은석,복혜수역:이민영,오정희역:김정난,정의식역:장현성,모이라역:진희경,김상춘역:강신일,고영철역:이준혁,오철민역:박수영,김만철역:박성근,태춘호역:장준녕,신현상역:강홍석,현재민역:이용준,함길선역:이현균,나이현역:하영,한빛역:려운,최정우역:김대령,선민중역:정인겸,최동훈역:채동현,정민제역:남경읍,정세진역:배윤경,김영선역:우미화,장민석역:최덕문,김석우역:이주승,오민정역:김지은"
20200616,E채널,064615,071502,닥터프리즈너,,30회,전국,002847,드라마&영화,드라마,미니시리즈,0,0,0,0,0,0.01086,0.07239,0,0,0,0.01648,0,0.0041,0.00393,"나이제역:남궁민,한소금역:권나라,선민식역:김병철,이재준역:최원영,이재인역:이다인,이재환역:박은석,복혜수역:이민영,오정희역:김정난,정의식역:장현성,모이라역:진희경,김상춘역:강신일,고영철역:이준혁,오철민역:박수영,김만철역:박성근,태춘호역:장준녕,신현상역:강홍석,현재민역:이용준,함길선역:이현균,나이현역:하영,한빛역:려운,최정우역:김대령,선민중역:정인겸,최동훈역:채동현,정민제역:남경읍,정세진역:배윤경,김영선역:우미화,장민석역:최덕문,김석우역:이주승,오민정역:김지은"
20200616,E채널,072806,075533,닥터프리즈너,,31회,전국,002727,드라마&영화,드라마,미니시리즈,0,0,0,0.02126,0.03903,0,0.00193,0,0,0.0144,0,0.02195,0,0.00201,"나이제역:남궁민,한소금역:권나라,선민식역:김병철,이재준역:최원영,이재인역:이다인,이재환역:박은석,복혜수역:이민영,오정희역:김정난,정의식역:장현성,모이라역:진희경,김상춘역:강신일,고영철역:이준혁,오철민역:박수영,김만철역:박성근,태춘호역:장준녕,신현상역:강홍석,현재민역:이용준,함길선역:이현균,나이현역:하영,한빛역:려운,최정우역:김대령,선민중역:정인겸,최동훈역:채동현,정민제역:남경읍,정세진역:배윤경,김영선역:우미화,장민석역:최덕문,김석우역:이주승,오민정역:김지은"
20200616,E채널,075643,083421,닥터프리즈너,,32회,전국,003738,드라마&영화,드라마,미니시리즈,0,0.02384,0,0.04488,0.0598,0.00446,0.00258,0,0,0,0.00605,0.02207,0,0.00368,"나이제역:남궁민,한소금역:권나라,선민식역:김병철,이재준역:최원영,이재인역:이다인,이재환역:박은석,복혜수역:이민영,오정희역:김정난,정의식역:장현성,모이라역:진희경,김상춘역:강신일,고영철역:이준혁,오철민역:박수영,김만철역:박성근,태춘호역:장준녕,신현상역:강홍석,현재민역:이용준,함길선역:이현균,나이현역:하영,한빛역:려운,최정우역:김대령,선민중역:정인겸,최동훈역:채동현,정민제역:남경읍,정세진역:배윤경,김영선역:우미화,장민석역:최덕문,김석우역:이주승,오민정역:김지은"
20200616,FX,041432,050943,야인시대,,102회,전국,005511,드라마&영화,드라마,주간연속극,0,0,0,0,0,0,0.00263,0,0,0,0,0,0,0.00158,"청년김두한역:안재모,소년김두한역:곽정욱,장년김두한역:김영철,장년정진영역:차광수,구마적역:이원종,쌍칼역:박준규,김무옥역:이혁재,문영철역:장세진,장년개코역:성동일,신마적역:최철호,하야시역:이창훈,가미소리역:이상인,시바루역:이세창,나미꼬역:이세은,시라소니역:조상구,최동열역:정동환,미와역:이재용,마루오까역:최재성,설향역:허영란,애란역:조여정,정운경역:심형탁,김좌진역:최동준,오숙근역:이덕희,박계숙역:전미선,원노인역:이순재,유진산역:이효정,이정재역:김영호,조병옥역:김학철,이화룡역:안승훈,청년개코역:이동훈,신영균역:윤용현,청년정진영역:김정민,김영태역:박영록,박인애역:정소영,이영숙역:이일화,김두한어린시절역:곽정욱"
20200616,FX,084445,093513,허준,,38회,전국,005028,드라마&영화,드라마,주간연속극,0,0,0,0,0,0,0,0,0,0,0,0,0,0,"허준역:전광렬,유의태역:이순재,유도지역:김병세,예진역:황수정,임오근역:임현식,구일서역:이희도"
20200616,FX,094845,103819,허준,,39회,전국,004934,드라마&영화,드라마,주간연속극,0,0.04404,0,0,0.01503,0,0.00407,0,0.02837,0,0,0.01393,0,0,"허준역:전광렬,유의태역:이순재,유도지역:김병세,예진역:황수정,임오근역:임현식,구일서역:이희도"
20200616,FX,163932,175014,간택여인들의전쟁,,10회,전국,011042,드라마&영화,드라마,미니시리즈,0,0,0,0.008,0,0.12145,0.00146,0,0,0,0,0,0.01228,0.00633,"강은보역:진세연,이경역:김민규,이재화역:도상우,조영지역:이열음,왈역:이시언,김송이역:이화겸,대왕대비역:정애리,대비역:조은숙,조흥견역:이재용,김만찬역:손병호,용호역:이주진"
20200616,FX,180356,190004,야인시대,,102회,전국,005608,드라마&영화,드라마,주간연속극,0,0,0,0,0.01219,0.00624,0.00796,0,0,0,0,0,0.01101,0.00722,"청년김두한역:안재모,소년김두한역:곽정욱,장년김두한역:김영철,장년정진영역:차광수,구마적역:이원종,쌍칼역:박준규,김무옥역:이혁재,문영철역:장세진,장년개코역:성동일,신마적역:최철호,하야시역:이창훈,가미소리역:이상인,시바루역:이세창,나미꼬역:이세은,시라소니역:조상구,최동열역:정동환,미와역:이재용,마루오까역:최재성,설향역:허영란,애란역:조여정,정운경역:심형탁,김좌진역:최동준,오숙근역:이덕희,박계숙역:전미선,원노인역:이순재,유진산역:이효정,이정재역:김영호,조병옥역:김학철,이화룡역:안승훈,청년개코역:이동훈,신영균역:윤용현,청년정진영역:김정민,김영태역:박영록,박인애역:정소영,이영숙역:이일화,김두한어린시절역:곽정욱"
20200616,FX,201258,212340,간택여인들의전쟁,,10회,전국,011042,드라마&영화,드라마,미니시리즈,0.0165,0,0,0.00477,0,0.09072,0.15893,0,0.00693,0,0,0,0,0.16895,"강은보역:진세연,이경역:김민규,이재화역:도상우,조영지역:이열음,왈역:이시언,김송이역:이화겸,대왕대비역:정애리,대비역:조은숙,조흥견역:이재용,김만찬역:손병호,용호역:이주진"
20200616,FX,213927,224913,간택여인들의전쟁,,11회,전국,010946,드라마&영화,드라마,미니시리즈,0,0.08523,0.05669,0,0.00707,0.05225,0.03931,0,0,0.04393,0,0,0.06098,0.02753,"강은보역:진세연,이경역:김민규,이재화역:도상우,조영지역:이열음,왈역:이시언,김송이역:이화겸,대왕대비역:정애리,대비역:조은숙,조흥견역:이재용,김만찬역:손병호,용호역:이주진"
20200616,FX,243441,253049,야인시대,,102회,전국,005608,드라마&영화,드라마,주간연속극,0,0,0.00493,0.00355,0,0.01043,0.0405,0,0,0,0,0,0,0.04792,"청년김두한역:안재모,소년김두한역:곽정욱,장년김두한역:김영철,장년정진영역:차광수,구마적역:이원종,쌍칼역:박준규,김무옥역:이혁재,문영철역:장세진,장년개코역:성동일,신마적역:최철호,하야시역:이창훈,가미소리역:이상인,시바루역:이세창,나미꼬역:이세은,시라소니역:조상구,최동열역:정동환,미와역:이재용,마루오까역:최재성,설향역:허영란,애란역:조여정,정운경역:심형탁,김좌진역:최동준,오숙근역:이덕희,박계숙역:전미선,원노인역:이순재,유진산역:이효정,이정재역:김영호,조병옥역:김학철,이화룡역:안승훈,청년개코역:이동훈,신영균역:윤용현,청년정진영역:김정민,김영태역:박영록,박인애역:정소영,이영숙역:이일화,김두한어린시절역:곽정욱"
20200616,JTBC2,020000,022600,부부의세계,,1회,전국,002600,드라마&영화,드라마,미니시리즈,0,0.20284,0,0.35689,0,0.2865,0,0,0,0,0,0,0.28562,0.07846,"지선우역:김희애,이태오역:박해준,여다경역:한소희,고예림역:박선영,손제혁역:김영민,설명숙역:채국희,여병규역:이경영,엄효정역:김선경,이준영역:전진서,민현서역:심은우,박인규역:이학주,마강석역:박충선,공지철역:정재성,김윤기역:이무생,하동식역:김종태,윤노을역:신수연,차해강역:정준원,최회장아내역:서이숙,공지철아내역:박미현,차도철아내역:윤인조"
20200616,JTBC2,023901,040355,부부의세계,,2회,전국,012454,드라마&영화,드라마,미니시리즈,0,0,0.00331,0,0.00296,0.1017,0.02804,0,0,0.00479,0.00178,0.1655,0.17687,0.11396,"지선우역:김희애,이태오역:박해준,여다경역:한소희,고예림역:박선영,손제혁역:김영민,설명숙역:채국희,여병규역:이경영,엄효정역:김선경,이준영역:전진서,민현서역:심은우,박인규역:이학주,마강석역:박충선,공지철역:정재성,김윤기역:이무생,하동식역:김종태,윤노을역:신수연,차해강역:정준원,최회장아내역:서이숙,공지철아내역:박미현,차도철아내역:윤인조"
20200616,JTBC2,053011,064604,부부의세계,,13회,전국,011553,드라마&영화,드라마,미니시리즈,0,0,0,0,0.01819,0.00905,0.00558,0,0,0.00489,0,0.02929,0.07826,0.00298,"지선우역:김희애,이태오역:박해준,여다경역:한소희,고예림역:박선영,손제혁역:김영민,설명숙역:채국희,여병규역:이경영,엄효정역:김선경,이준영역:전진서,민현서역:심은우,박인규역:이학주,마강석역:박충선,공지철역:정재성,김윤기역:이무생,하동식역:김종태,윤노을역:신수연,차해강역:정준원,최회장아내역:서이숙,공지철아내역:박미현,차도철아내역:윤인조"
20200616,JTBC2,065950,082252,부부의세계,,14회,전국,012302,드라마&영화,드라마,미니시리즈,0,0.01057,0,0.01736,0.00186,0.00647,0.00727,0,0.01261,0,0.01906,0.00515,0.0021,0.0652,"지선우역:김희애,이태오역:박해준,여다경역:한소희,고예림역:박선영,손제혁역:김영민,설명숙역:채국희,여병규역:이경영,엄효정역:김선경,이준영역:전진서,민현서역:심은우,박인규역:이학주,마강석역:박충선,공지철역:정재성,김윤기역:이무생,하동식역:김종태,윤노을역:신수연,차해강역:정준원,최회장아내역:서이숙,공지철아내역:박미현,차도철아내역:윤인조"
20200616,JTBC2,170746,181223,쌍갑포차,,7회,전국,010437,드라마&영화,드라마,미니시리즈,0,0.11186,0.0093,0.10145,0.19272,0.05382,0.06391,0,0,0.16842,0.08707,0.3337,0.05347,0.02436,"월주역:황정음,한강배역:육성재,귀반장역:최원영,염부장역:이준혁,강여린역:정다은,최진동역:안태환,송미란역:박하나,박대리역:박주형,김원형역:나인우"
20200616,JTBC2,182609,193142,쌍갑포차,,8회,전국,010533,드라마&영화,드라마,미니시리즈,0.08607,0,0.03025,0.0665,0.25958,0.06253,0.1569,0,0,0.11028,0.11889,0.58293,0.43998,0.018,"월주역:황정음,한강배역:육성재,귀반장역:최원영,염부장역:이준혁,강여린역:정다은,최진동역:안태환,송미란역:박하나,박대리역:박주형,김원형역:나인우"
20200616,JTBC2,243359,255257,부부의세계,,3회,전국,011858,드라마&영화,드라마,미니시리즈,0,0,0,0.32731,0.09868,0.13538,0.09482,0,0.03226,0.07118,0.14725,0.29599,0.03189,0.1911,"지선우역:김희애,이태오역:박해준,여다경역:한소희,고예림역:박선영,손제혁역:김영민,설명숙역:채국희,여병규역:이경영,엄효정역:김선경,이준영역:전진서,민현서역:심은우,박인규역:이학주,마강석역:박충선,공지철역:정재성,김윤기역:이무생,하동식역:김종태,윤노을역:신수연,차해강역:정준원,최회장아내역:서이숙,공지철아내역:박미현,차도철아내역:윤인조"
20200616,KBS DRAMA,043929,050722,기막힌유산,,40회,전국,002753,드라마&영화,드라마,일일연속극,0,0.18835,0,0,0,0.01776,0.19452,0,0,0,0.41362,0,0.26405,0.17754,"부영배역:박인환,공계옥역:강세정,부설악역:신정윤,부백두역:강신조,윤민주역:이아현,부금강역:남성진,신애리역:김가연,정미희역:박순천,김용미역:이응경,부한라역:박신우,성판금역:조양자,부가온역:김비주,부태희역:김연지,부혜교역:김효경,부지현역:강유라,공소영역:김난주,이장원역:이일준,김수민역:조서후,김종두역:이춘식,차정건역:조순창,이청아역:정서하,손보미역:박민지,김영지역:주민하,강선희역:박현정,천호식역:백신,이정태역:노상보,고향숙역:박소정"
20200616,KBS DRAMA,050730,053506,기막힌유산,,41회,전국,002736,드라마&영화,드라마,일일연속극,0,0.30083,0,0,0,0.09744,0.39746,0,0,0,0.30426,0.03946,0.48247,0.26069,"부영배역:박인환,공계옥역:강세정,부설악역:신정윤,부백두역:강신조,윤민주역:이아현,부금강역:남성진,신애리역:김가연,정미희역:박순천,김용미역:이응경,부한라역:박신우,성판금역:조양자,부가온역:김비주,부태희역:김연지,부혜교역:김효경,부지현역:강유라,공소영역:김난주,이장원역:이일준,김수민역:조서후,김종두역:이춘식,차정건역:조순창,이청아역:정서하,손보미역:박민지,김영지역:주민하,강선희역:박현정,천호식역:백신,이정태역:노상보,고향숙역:박소정"
20200616,KBS DRAMA,065743,073143,위험한약속,,51회,전국,003400,드라마&영화,드라마,일일연속극,0.04346,0.15511,0,0,0,0.25067,0.57655,0.03838,0,0,0,0.32166,0.48008,1.0182,"차은동역:박하나,강태인역:고세원,최준혁역:강성민,오혜원역:박영린,한지훈역:이창욱,차만종역:이대연,차은찬역:유준서,공영심역:유지연,봉석구역:현우섭,강일섭역:강신일,연두심역:이칸희,한광훈역:길용우,한서주역:김혜지,최명희역:김나운,고재숙역:윤복인,최영국역:송민형,민주란역:오영실,최준경역:이효나,이창욱역:김정운"
20200616,KBS DRAMA,073151,080547,위험한약속,,52회,전국,003356,드라마&영화,드라마,일일연속극,0,0.21201,0.27611,0.01948,0.08306,0.89484,0.93837,0,0.0705,0.31954,0.22266,0.65314,0.42765,1.68032,"차은동역:박하나,강태인역:고세원,최준혁역:강성민,오혜원역:박영린,한지훈역:이창욱,차만종역:이대연,차은찬역:유준서,공영심역:유지연,봉석구역:현우섭,강일섭역:강신일,연두심역:이칸희,한광훈역:길용우,한서주역:김혜지,최명희역:김나운,고재숙역:윤복인,최영국역:송민형,민주란역:오영실,최준경역:이효나,이창욱역:김정운"
20200616,KBS DRAMA,080555,083950,위험한약속,,53회,전국,003355,드라마&영화,드라마,일일연속극,0,0.23342,0.20708,0.01175,0.31721,0.60408,0.9221,0,0.23556,0.35893,0.14549,0.6695,0.75665,1.68877,"차은동역:박하나,강태인역:고세원,최준혁역:강성민,오혜원역:박영린,한지훈역:이창욱,차만종역:이대연,차은찬역:유준서,공영심역:유지연,봉석구역:현우섭,강일섭역:강신일,연두심역:이칸희,한광훈역:길용우,한서주역:김혜지,최명희역:김나운,고재숙역:윤복인,최영국역:송민형,민주란역:오영실,최준경역:이효나,이창욱역:김정운"
20200616,KBS DRAMA,134727,142543,한번다녀왔습니다,,45회,전국,003816,드라마&영화,드라마,주말연속극,0.46083,0.06281,0.18957,0,0.02059,0.01895,0.44261,0,0.01262,0.24959,0.40596,0.23968,0.5049,0.41388,"송영달역:천호진,장옥분역:차화연,최윤정역:김보연,강초연역:이정은,송나희역:이민정,윤규진역:이상엽,송준선역:오대환,송가희역:오윤아,송다희역:이초희,양치수역:안길강,장옥자역:백지원,성현경역:임정은,윤재석역:이상이,박효신역:기도훈,김지훈역:문우진,이주리역:김소라,김가연역:송다은,건어물역:신미영,꽈배기역:김가영,송서영역:이가연,송서진역:안서연,이정록역:알렉스,유보영역:손성윤,유시후역:송민재,박지연역:신수정,한기영역:강유석,홍성우역:김현목,신혜정역:김미은,심정희역:이상경,오연지역:한봄,오정봉역:오의식,이종수역:장원혁,김승현역:배호근,송이역:김주영,지원역:찬희,이현역:이필모"
20200616,KBS DRAMA,142653,145743,한번다녀왔습니다,,46회,전국,003050,드라마&영화,드라마,주말연속극,0.46083,0.59179,0.67211,0,0.31679,0,0.62866,0,0.17458,0.87393,0.43158,0.58611,1.07624,0.45874,"송영달역:천호진,장옥분역:차화연,최윤정역:김보연,강초연역:이정은,송나희역:이민정,윤규진역:이상엽,송준선역:오대환,송가희역:오윤아,송다희역:이초희,양치수역:안길강,장옥자역:백지원,성현경역:임정은,윤재석역:이상이,박효신역:기도훈,김지훈역:문우진,이주리역:김소라,김가연역:송다은,건어물역:신미영,꽈배기역:김가영,송서영역:이가연,송서진역:안서연,이정록역:알렉스,유보영역:손성윤,유시후역:송민재,박지연역:신수정,한기영역:강유석,홍성우역:김현목,신혜정역:김미은,심정희역:이상경,오연지역:한봄,오정봉역:오의식,이종수역:장원혁,김승현역:배호근,송이역:김주영,지원역:찬희,이현역:이필모"
20200616,KBS DRAMA,151131,155030,한번다녀왔습니다,,47회,전국,003859,드라마&영화,드라마,주말연속극,0.84448,0.10257,0.67211,0.08788,0.25668,0.13951,0.51759,0.08364,0.32987,0.04272,0.65569,0.28766,0.7247,0.81579,"송영달역:천호진,장옥분역:차화연,최윤정역:김보연,강초연역:이정은,송나희역:이민정,윤규진역:이상엽,송준선역:오대환,송가희역:오윤아,송다희역:이초희,양치수역:안길강,장옥자역:백지원,성현경역:임정은,윤재석역:이상이,박효신역:기도훈,김지훈역:문우진,이주리역:김소라,김가연역:송다은,건어물역:신미영,꽈배기역:김가영,송서영역:이가연,송서진역:안서연,이정록역:알렉스,유보영역:손성윤,유시후역:송민재,박지연역:신수정,한기영역:강유석,홍성우역:김현목,신혜정역:김미은,심정희역:이상경,오연지역:한봄,오정봉역:오의식,이종수역:장원혁,김승현역:배호근,송이역:김주영,지원역:찬희,이현역:이필모"
20200616,KBS DRAMA,155139,162201,한번다녀왔습니다,,48회,전국,003022,드라마&영화,드라마,주말연속극,0.5857,0,0.68134,0.10265,0.25899,0.21829,0.79479,0,0,0.00821,0.33293,0.34296,0.9094,1.05964,"송영달역:천호진,장옥분역:차화연,최윤정역:김보연,강초연역:이정은,송나희역:이민정,윤규진역:이상엽,송준선역:오대환,송가희역:오윤아,송다희역:이초희,양치수역:안길강,장옥자역:백지원,성현경역:임정은,윤재석역:이상이,박효신역:기도훈,김지훈역:문우진,이주리역:김소라,김가연역:송다은,건어물역:신미영,꽈배기역:김가영,송서영역:이가연,송서진역:안서연,이정록역:알렉스,유보영역:손성윤,유시후역:송민재,박지연역:신수정,한기영역:강유석,홍성우역:김현목,신혜정역:김미은,심정희역:이상경,오연지역:한봄,오정봉역:오의식,이종수역:장원혁,김승현역:배호근,송이역:김주영,지원역:찬희,이현역:이필모"
20200616,KBS W,020000,021552,위험한약속,,51회,전국,001552,드라마&영화,드라마,일일연속극,0,0,0,0,0,0,0.12077,0,0,0,0,0,0,0,"차은동역:박하나,강태인역:고세원,최준혁역:강성민,오혜원역:박영린,한지훈역:이창욱,차만종역:이대연,차은찬역:유준서,공영심역:유지연,봉석구역:현우섭,강일섭역:강신일,연두심역:이칸희,한광훈역:길용우,한서주역:김혜지,최명희역:김나운,고재숙역:윤복인,최영국역:송민형,민주란역:오영실,최준경역:이효나,이창욱역:김정운"
20200616,KBS W,021600,024956,위험한약속,,52회,전국,003356,드라마&영화,드라마,일일연속극,0,0,0,0,0,0,0.01548,0,0,0,0,0,0,0.11908,"차은동역:박하나,강태인역:고세원,최준혁역:강성민,오혜원역:박영린,한지훈역:이창욱,차만종역:이대연,차은찬역:유준서,공영심역:유지연,봉석구역:현우섭,강일섭역:강신일,연두심역:이칸희,한광훈역:길용우,한서주역:김혜지,최명희역:김나운,고재숙역:윤복인,최영국역:송민형,민주란역:오영실,최준경역:이효나,이창욱역:김정운"
20200616,KBS W,055542,063127,뻐꾸기둥지,,101회,전국,003545,드라마&영화,드라마,일일연속극,0,0,0,0,0.14247,0,0,0,0,0,0.04476,0,0,0.17692,"백연희역:장서희,정병국역:황동주,이화영역:이채영,유성빈역:김경남,백철역:임채무,홍금옥역:엄유신,백준희역:손승우,정진우역:정지훈,이명운역:현우성,곽희자역:서권순,정진숙역:지수원,정유미역:김민좌,오기섭역:이정훈,배추자역:박준금,배찬식역:전노민,이공희역:한경선,이소라역:전민서,최상두역:이창욱,직원역:이하나,이동현역:정민진,소진역:김리원,순남역:허인영,이상순역:이숙,사기꾼역:지상렬,이소라어린시절역:박지소"
20200616,KBS W,063136,070607,뻐꾸기둥지,,102회,전국,003431,드라마&영화,드라마,일일연속극,0,0.00538,0.01265,0,0.14603,0.11833,0.04584,0,0.00447,0,0.00477,0,0.1381,0.21243,"백연희역:장서희,정병국역:황동주,이화영역:이채영,유성빈역:김경남,백철역:임채무,홍금옥역:엄유신,백준희역:손승우,정진우역:정지훈,이명운역:현우성,곽희자역:서권순,정진숙역:지수원,정유미역:김민좌,오기섭역:이정훈,배추자역:박준금,배찬식역:전노민,이공희역:한경선,이소라역:전민서,최상두역:이창욱,직원역:이하나,이동현역:정민진,소진역:김리원,순남역:허인영,이상순역:이숙,사기꾼역:지상렬,이소라어린시절역:박지소"
20200616,KBS W,095915,110051,부부클리닉사랑과전쟁,,407회,전국,010136,드라마&영화,드라마,단막극,0,0,0,0,0,0,0.11447,0,0,0,0.01456,0.09664,0,0.07322,"이재만,민지영,최영완,이정수,장가현,손유경,이준우"
20200616,KBS W,111153,120558,부부클리닉사랑과전쟁,,408회,전국,005405,드라마&영화,드라마,단막극,0,0.04663,0,0.03113,0.01592,0,0.04937,0,0.03003,0,0.01254,0.10275,0,0.06406,"이재만,민지영,최영완,이정수,장가현,손유경,이준우"
20200616,KBS W,122035,132311,넝쿨째굴러온당신,,15회,전국,010236,드라마&영화,드라마,주말연속극,0,0,0,0,0.01539,0.00359,0.04999,0,0,0.02085,0,0.0924,0.00736,0.06522,"차윤희역:김남주,방귀남역:유준상,엄청애역:윤여정,방장수역:장용,전막례역:강부자,한만희역:김영란,차세중역:김용희,민지영역:진경,차세광역:강민혁,엄보애역:유지인,엄순애역:양희경,방일숙역:양정아,방이숙역:조윤희,방말숙역:오연서,장양실역:나영희,방정배역:김상호,고옥역:심이영,방장군역:곽동연,천재용역:이희준,윤빈역:김원준,남남구역:김형범,고시생역:김승우,예능국PD역:김준현,라디오DJ역:양희은,홍은희역:홍은희,송수지역:박수진,매니저역:이수근,목사역:지진희,차태봉역:차태현,성시갱역:성시경,노래강사역:이종박,한규현역:강동호,태영역:김형진,지피디역:곽민석,강혜수역:최윤소,동대문옷가게상인역:탁재훈,소개팅남역:이정신,유신혜역:유인영,지환역:이도현,김장훈역:김장훈,뚱보아버지역:유민상,뚱보아들역:김수영,인기여배우역:이혜영,인기남배우역:송준근,심사위원역:김종민,막장모녀엄마역:정경미,막장모녀딸역:박소영,신세경역:신세경,재용첫째누나역:김서형,재용둘째누나역:조민아,재용막내누나역:이제인,호들갑남역:공형진,라디오DJ역:박소현,귀남의양아버지역:길용우,귀남의양어머니역:김창숙,천재용아버지역:이재용,배PD역:이지영,방귀남어린시절역:홍현택"
20200616,KBS W,133412,143700,넝쿨째굴러온당신,,16회,전국,010248,드라마&영화,드라마,주말연속극,0.52433,0,0,0.11637,0.06951,0,0.12077,0,0,0.02513,0.09059,0.13928,0.04819,0.04065,"차윤희역:김남주,방귀남역:유준상,엄청애역:윤여정,방장수역:장용,전막례역:강부자,한만희역:김영란,차세중역:김용희,민지영역:진경,차세광역:강민혁,엄보애역:유지인,엄순애역:양희경,방일숙역:양정아,방이숙역:조윤희,방말숙역:오연서,장양실역:나영희,방정배역:김상호,고옥역:심이영,방장군역:곽동연,천재용역:이희준,윤빈역:김원준,남남구역:김형범,고시생역:김승우,예능국PD역:김준현,라디오DJ역:양희은,홍은희역:홍은희,송수지역:박수진,매니저역:이수근,목사역:지진희,차태봉역:차태현,성시갱역:성시경,노래강사역:이종박,한규현역:강동호,태영역:김형진,지피디역:곽민석,강혜수역:최윤소,동대문옷가게상인역:탁재훈,소개팅남역:이정신,유신혜역:유인영,지환역:이도현,김장훈역:김장훈,뚱보아버지역:유민상,뚱보아들역:김수영,인기여배우역:이혜영,인기남배우역:송준근,심사위원역:김종민,막장모녀엄마역:정경미,막장모녀딸역:박소영,신세경역:신세경,재용첫째누나역:김서형,재용둘째누나역:조민아,재용막내누나역:이제인,호들갑남역:공형진,라디오DJ역:박소현,귀남의양아버지역:길용우,귀남의양어머니역:김창숙,천재용아버지역:이재용,배PD역:이지영,방귀남어린시절역:홍현택"
20200616,KBS W,145029,151752,기막힌유산,,38회,전국,002723,드라마&영화,드라마,일일연속극,0.07694,0,0,0.01708,0,0,0.03706,0,0,0,0.01329,0.04724,0,0.09504,"부영배역:박인환,공계옥역:강세정,부설악역:신정윤,부백두역:강신조,윤민주역:이아현,부금강역:남성진,신애리역:김가연,정미희역:박순천,김용미역:이응경,부한라역:박신우,성판금역:조양자,부가온역:김비주,부태희역:김연지,부혜교역:김효경,부지현역:강유라,공소영역:김난주,이장원역:이일준,김수민역:조서후,김종두역:이춘식,차정건역:조순창,이청아역:정서하,손보미역:박민지,김영지역:주민하,강선희역:박현정,천호식역:백신,이정태역:노상보,고향숙역:박소정"
20200616,KBS W,151801,154533,기막힌유산,,39회,전국,002732,드라마&영화,드라마,일일연속극,0,0,0,0,0,0,0.04313,0,0,0,0,0.01699,0,0.18547,"부영배역:박인환,공계옥역:강세정,부설악역:신정윤,부백두역:강신조,윤민주역:이아현,부금강역:남성진,신애리역:김가연,정미희역:박순천,김용미역:이응경,부한라역:박신우,성판금역:조양자,부가온역:김비주,부태희역:김연지,부혜교역:김효경,부지현역:강유라,공소영역:김난주,이장원역:이일준,김수민역:조서후,김종두역:이춘식,차정건역:조순창,이청아역:정서하,손보미역:박민지,김영지역:주민하,강선희역:박현정,천호식역:백신,이정태역:노상보,고향숙역:박소정"
20200616,KBS W,155633,162425,기막힌유산,,40회,전국,002752,드라마&영화,드라마,일일연속극,0,0,0,0,0,0.07033,0.1552,0,0.14259,0,0,0.15684,0.00882,0.18331,"부영배역:박인환,공계옥역:강세정,부설악역:신정윤,부백두역:강신조,윤민주역:이아현,부금강역:남성진,신애리역:김가연,정미희역:박순천,김용미역:이응경,부한라역:박신우,성판금역:조양자,부가온역:김비주,부태희역:김연지,부혜교역:김효경,부지현역:강유라,공소영역:김난주,이장원역:이일준,김수민역:조서후,김종두역:이춘식,차정건역:조순창,이청아역:정서하,손보미역:박민지,김영지역:주민하,강선희역:박현정,천호식역:백신,이정태역:노상보,고향숙역:박소정"
20200616,KBS W,162435,165209,기막힌유산,,41회,전국,002734,드라마&영화,드라마,일일연속극,0,0,0,0,0,0.09041,0.18671,0,0.02852,0,0,0.21956,0.0533,0.45772,"부영배역:박인환,공계옥역:강세정,부설악역:신정윤,부백두역:강신조,윤민주역:이아현,부금강역:남성진,신애리역:김가연,정미희역:박순천,김용미역:이응경,부한라역:박신우,성판금역:조양자,부가온역:김비주,부태희역:김연지,부혜교역:김효경,부지현역:강유라,공소영역:김난주,이장원역:이일준,김수민역:조서후,김종두역:이춘식,차정건역:조순창,이청아역:정서하,손보미역:박민지,김영지역:주민하,강선희역:박현정,천호식역:백신,이정태역:노상보,고향숙역:박소정"
20200616,KBS W,170605,174006,위험한약속,,50회,전국,003401,드라마&영화,드라마,일일연속극,0.09649,0,0,0.0224,0.00286,0,0.00104,0,0,0.15527,0.0146,0,0.09419,0.13809,"차은동역:박하나,강태인역:고세원,최준혁역:강성민,오혜원역:박영린,한지훈역:이창욱,차만종역:이대연,차은찬역:유준서,공영심역:유지연,봉석구역:현우섭,강일섭역:강신일,연두심역:이칸희,한광훈역:길용우,한서주역:김혜지,최명희역:김나운,고재숙역:윤복인,최영국역:송민형,민주란역:오영실,최준경역:이효나,이창욱역:김정운"
20200616,KBS W,174015,181405,위험한약속,,51회,전국,003350,드라마&영화,드라마,일일연속극,0.08448,0.00538,0,0.03211,0.00356,0.00491,0.08809,0,0.00447,0,0.03342,0.01399,0.00329,0.20534,"차은동역:박하나,강태인역:고세원,최준혁역:강성민,오혜원역:박영린,한지훈역:이창욱,차만종역:이대연,차은찬역:유준서,공영심역:유지연,봉석구역:현우섭,강일섭역:강신일,연두심역:이칸희,한광훈역:길용우,한서주역:김혜지,최명희역:김나운,고재숙역:윤복인,최영국역:송민형,민주란역:오영실,최준경역:이효나,이창욱역:김정운"
20200616,KBS W,182502,185907,위험한약속,,52회,전국,003405,드라마&영화,드라마,일일연속극,0.03038,0.04807,0,0,0.03412,0,0.02431,0,0.03355,0,0.03576,0.36531,0,0.10277,"차은동역:박하나,강태인역:고세원,최준혁역:강성민,오혜원역:박영린,한지훈역:이창욱,차만종역:이대연,차은찬역:유준서,공영심역:유지연,봉석구역:현우섭,강일섭역:강신일,연두심역:이칸희,한광훈역:길용우,한서주역:김혜지,최명희역:김나운,고재숙역:윤복인,최영국역:송민형,민주란역:오영실,최준경역:이효나,이창욱역:김정운"
20200616,KBS W,185916,193308,위험한약속,,53회,전국,003352,드라마&영화,드라마,일일연속극,0,0,0.01204,0.00498,0,0.0097,0.04435,0,0,0,0,0.51224,0.00582,0.23279,"차은동역:박하나,강태인역:고세원,최준혁역:강성민,오혜원역:박영린,한지훈역:이창욱,차만종역:이대연,차은찬역:유준서,공영심역:유지연,봉석구역:현우섭,강일섭역:강신일,연두심역:이칸희,한광훈역:길용우,한서주역:김혜지,최명희역:김나운,고재숙역:윤복인,최영국역:송민형,민주란역:오영실,최준경역:이효나,이창욱역:김정운"
20200616,KBS W,194613,202329,한번다녀왔습니다,,45회,전국,003716,드라마&영화,드라마,주말연속극,0,0,0,0,0,0.04091,0.02973,0,0,0.02398,0.00203,0.42917,0,0.04215,"송영달역:천호진,장옥분역:차화연,최윤정역:김보연,강초연역:이정은,송나희역:이민정,윤규진역:이상엽,송준선역:오대환,송가희역:오윤아,송다희역:이초희,양치수역:안길강,장옥자역:백지원,성현경역:임정은,윤재석역:이상이,박효신역:기도훈,김지훈역:문우진,이주리역:김소라,김가연역:송다은,건어물역:신미영,꽈배기역:김가영,송서영역:이가연,송서진역:안서연,이정록역:알렉스,유보영역:손성윤,유시후역:송민재,박지연역:신수정,한기영역:강유석,홍성우역:김현목,신혜정역:김미은,심정희역:이상경,오연지역:한봄,오정봉역:오의식,이종수역:장원혁,김승현역:배호근,송이역:김주영,지원역:찬희,이현역:이필모"
20200616,KBS W,202338,205427,한번다녀왔습니다,,46회,전국,003049,드라마&영화,드라마,주말연속극,0,0,0,0.00654,0.00717,0.00552,0.00197,0,0,0.01066,0,0.02269,0.00481,0.00381,"송영달역:천호진,장옥분역:차화연,최윤정역:김보연,강초연역:이정은,송나희역:이민정,윤규진역:이상엽,송준선역:오대환,송가희역:오윤아,송다희역:이초희,양치수역:안길강,장옥자역:백지원,성현경역:임정은,윤재석역:이상이,박효신역:기도훈,김지훈역:문우진,이주리역:김소라,김가연역:송다은,건어물역:신미영,꽈배기역:김가영,송서영역:이가연,송서진역:안서연,이정록역:알렉스,유보영역:손성윤,유시후역:송민재,박지연역:신수정,한기영역:강유석,홍성우역:김현목,신혜정역:김미은,심정희역:이상경,오연지역:한봄,오정봉역:오의식,이종수역:장원혁,김승현역:배호근,송이역:김주영,지원역:찬희,이현역:이필모"
20200616,KBS W,210554,214353,한번다녀왔습니다,,47회,전국,003759,드라마&영화,드라마,주말연속극,0,0,0.01175,0,0,0.00376,0.08927,0,0,0.01588,0,0.00417,0.05576,0.00299,"송영달역:천호진,장옥분역:차화연,최윤정역:김보연,강초연역:이정은,송나희역:이민정,윤규진역:이상엽,송준선역:오대환,송가희역:오윤아,송다희역:이초희,양치수역:안길강,장옥자역:백지원,성현경역:임정은,윤재석역:이상이,박효신역:기도훈,김지훈역:문우진,이주리역:김소라,김가연역:송다은,건어물역:신미영,꽈배기역:김가영,송서영역:이가연,송서진역:안서연,이정록역:알렉스,유보영역:손성윤,유시후역:송민재,박지연역:신수정,한기영역:강유석,홍성우역:김현목,신혜정역:김미은,심정희역:이상경,오연지역:한봄,오정봉역:오의식,이종수역:장원혁,김승현역:배호근,송이역:김주영,지원역:찬희,이현역:이필모"
20200616,KBS W,214402,221424,한번다녀왔습니다,,48회,전국,003022,드라마&영화,드라마,주말연속극,0,0,0,0,0,0.01123,0.03467,0,0,0,0.03341,0.08966,0.01378,0.19067,"송영달역:천호진,장옥분역:차화연,최윤정역:김보연,강초연역:이정은,송나희역:이민정,윤규진역:이상엽,송준선역:오대환,송가희역:오윤아,송다희역:이초희,양치수역:안길강,장옥자역:백지원,성현경역:임정은,윤재석역:이상이,박효신역:기도훈,김지훈역:문우진,이주리역:김소라,김가연역:송다은,건어물역:신미영,꽈배기역:김가영,송서영역:이가연,송서진역:안서연,이정록역:알렉스,유보영역:손성윤,유시후역:송민재,박지연역:신수정,한기영역:강유석,홍성우역:김현목,신혜정역:김미은,심정희역:이상경,오연지역:한봄,오정봉역:오의식,이종수역:장원혁,김승현역:배호근,송이역:김주영,지원역:찬희,이현역:이필모"
20200616,KBS W,222525,232505,부부클리닉사랑과전쟁,,390회,전국,005940,드라마&영화,드라마,단막극,0,0,0,0,0,0.0204,0.08768,0,0,0,0,0.12544,0,0.15456,"이재만,민지영,최영완,이정수,장가현,손유경,이준우"
20200616,KBS W,233606,243807,부부클리닉사랑과전쟁,,391회,전국,010201,드라마&영화,드라마,단막극,0,0,0,0.04022,0.06948,0.05076,0.21466,0,0,0.0013,0.01356,0.06782,0.03024,0.21372,"이재만,민지영,최영완,이정수,장가현,손유경,이준우"
20200616,KBS W,244904,251650,기막힌유산,,41회,전국,002746,드라마&영화,드라마,일일연속극,0,0,0,0.02509,0,0.21222,0.12231,0,0,0.00956,0.01514,0,0,0.32267,"부영배역:박인환,공계옥역:강세정,부설악역:신정윤,부백두역:강신조,윤민주역:이아현,부금강역:남성진,신애리역:김가연,정미희역:박순천,김용미역:이응경,부한라역:박신우,성판금역:조양자,부가온역:김비주,부태희역:김연지,부혜교역:김효경,부지현역:강유라,공소영역:김난주,이장원역:이일준,김수민역:조서후,김종두역:이춘식,차정건역:조순창,이청아역:정서하,손보미역:박민지,김영지역:주민하,강선희역:박현정,천호식역:백신,이정태역:노상보,고향숙역:박소정"
20200616,KBS W,251659,254422,기막힌유산,,42회,전국,002723,드라마&영화,드라마,일일연속극,0,0,0,0.17791,0,0.14278,0.08137,0,0,0.19829,0,0,0,0.33592,"부영배역:박인환,공계옥역:강세정,부설악역:신정윤,부백두역:강신조,윤민주역:이아현,부금강역:남성진,신애리역:김가연,정미희역:박순천,김용미역:이응경,부한라역:박신우,성판금역:조양자,부가온역:김비주,부태희역:김연지,부혜교역:김효경,부지현역:강유라,공소영역:김난주,이장원역:이일준,김수민역:조서후,김종두역:이춘식,차정건역:조순창,이청아역:정서하,손보미역:박민지,김영지역:주민하,강선희역:박현정,천호식역:백신,이정태역:노상보,고향숙역:박소정"
20200616,KBS W,255719,255959,위험한약속,,52회,전국,000240,드라마&영화,드라마,일일연속극,0,0,0,0,0,0.14278,0.13895,0,0,0,0.18256,0,0,0.22024,"차은동역:박하나,강태인역:고세원,최준혁역:강성민,오혜원역:박영린,한지훈역:이창욱,차만종역:이대연,차은찬역:유준서,공영심역:유지연,봉석구역:현우섭,강일섭역:강신일,연두심역:이칸희,한광훈역:길용우,한서주역:김혜지,최명희역:김나운,고재숙역:윤복인,최영국역:송민형,민주란역:오영실,최준경역:이효나,이창욱역:김정운"
20200616,K-STAR,103042,113511,부부클리닉사랑과전쟁,,420회,전국,010429,드라마&영화,드라마,주간연속극,0,0,0.00129,0,0,0.0943,0.03558,0,0,0,0.00529,0.26641,0,0.13157,"이재만,민지영,최영완,이정수,장가현,손유경,이준우"
20200616,K-STAR,114819,125308,부부클리닉사랑과전쟁,,421회,전국,010449,드라마&영화,드라마,주간연속극,0.04419,0,0.08254,0.0135,0,0.03066,0.04946,0,0,0,0.1868,0.50601,0.00448,0.35963,"이재만,민지영,최영완,이정수,장가현,손유경,이준우"
20200616,K-STAR,130632,142803,부부의세계,,9회,전국,012131,드라마&영화,드라마,미니시리즈,0.0266,0,0,0.0059,0,0.00228,0.10442,0,0.00462,0.0042,0.01062,0.19311,0.01011,0.1899,"지선우역:김희애,이태오역:박해준,여다경역:한소희,고예림역:박선영,손제혁역:김영민,설명숙역:채국희,여병규역:이경영,엄효정역:김선경,이준영역:전진서,민현서역:심은우,박인규역:이학주,마강석역:박충선,공지철역:정재성,김윤기역:이무생,하동식역:김종태,윤노을역:신수연,차해강역:정준원,최회장아내역:서이숙,공지철아내역:박미현,차도철아내역:윤인조"
20200616,K-STAR,144228,160850,부부의세계,,10회,전국,012622,드라마&영화,드라마,미니시리즈,0,0,0.00201,0.11043,0.00262,0.0737,0.16115,0,0.0043,0,0.0014,0.0046,0.08352,0.16772,"지선우역:김희애,이태오역:박해준,여다경역:한소희,고예림역:박선영,손제혁역:김영민,설명숙역:채국희,여병규역:이경영,엄효정역:김선경,이준영역:전진서,민현서역:심은우,박인규역:이학주,마강석역:박충선,공지철역:정재성,김윤기역:이무생,하동식역:김종태,윤노을역:신수연,차해강역:정준원,최회장아내역:서이숙,공지철아내역:박미현,차도철아내역:윤인조"
20200616,K-STAR,211759,222248,부부클리닉사랑과전쟁,,421회,전국,010449,드라마&영화,드라마,주간연속극,0.0341,0,0,0,0.06682,0.11755,0.28699,0,0.00335,0,0.00699,0.01922,0.04072,0.23985,"이재만,민지영,최영완,이정수,장가현,손유경,이준우"
20200616,KTV,020000,023637,전원일기,,398회,전국,003637,드라마&영화,드라마,주말연속극,0,0,0,0,0,0,0,0,0,0,0,0,0,0.03659,"최불암,김혜자,김용건,김수미,고두심,유인촌,정대홍"
20200616,KTV,061110,070014,전원일기,,775회,전국,004904,드라마&영화,드라마,주말연속극,0,0,0,0,0,0,0,0,0,0,0,0.00416,0,0.18696,"최불암,김혜자,김용건,김수미,고두심,유인촌,정대홍"
20200616,KTV,210524,212838,파랑새는있다,<1부>,29회,전국,002314,드라마&영화,드라마,주간연속극,0,0,0,0,0,0,0.04365,0,0,0,0,0.05544,0,0.04485,"이상인,정선경,백윤식,송경철,박남현,한진희,동방우,양금석"
20200616,KTV,212935,215840,파랑새는있다,<2부>,29회,전국,002905,드라마&영화,드라마,주간연속극,0,0,0,0,0.02389,0,0.14252,0,0,0,0,0.22177,0.02944,0.13791,"이상인,정선경,백윤식,송경철,박남현,한진희,동방우,양금석"
20200616,KTV,220019,222006,전원일기,<1부>,399회,전국,001947,드라마&영화,드라마,주말연속극,0,0,0.16637,0.02025,0.23096,0.24165,0.22781,0,0,0.41123,0,0.02218,0.46438,0.38316,"최불암,김혜자,김용건,김수미,고두심,유인촌,정대홍"
20200616,KTV,222036,224248,전원일기,<2부>,399회,전국,002212,드라마&영화,드라마,주말연속극,0,0,0.16637,0,0.23096,0.24907,0.23151,0,0,0.43136,0,0,0.32245,0.4181,"최불암,김혜자,김용건,김수미,고두심,유인촌,정대홍"
20200616,KTV,224456,231333,바람은불어도,,131회,전국,002837,드라마&영화,드라마,주간연속극,0,0,0.01967,0.00202,0.23096,0.25223,0.08361,0,0,0.63266,0.00584,0,0.15013,0.24869,"최수종,유호정,윤손하,송나영,송기윤,나문희"
20200616,KTV,231539,234245,바람은불어도,,132회,전국,002706,드라마&영화,드라마,주간연속극,0,0,0,0,0.11976,0.23328,0.07547,0,0,0.63266,0,0,0.13509,0.254,"최수종,유호정,윤손하,송나영,송기윤,나문희"
20200616,KTV,243651,252910,파랑새는있다,,29회,전국,005219,드라마&영화,드라마,주간연속극,0,0,0,0.01616,0,0.23328,0.04933,0,0,0.63266,0.0304,0,0.13509,0.16878,"이상인,정선경,백윤식,송경철,박남현,한진희,동방우,양금석"
20200616,MBC every1,025014,031943,그남자의기억법,,17회,전국,002929,드라마&영화,드라마,미니시리즈,0,0,0,0,0,0,0.16148,0,0,0,0,0,0,0.10052,"이정훈역:김동욱,여하진역:문가영,유태은역:윤종훈,여하경역:김슬기,정서연역:이주빈,유성혁역:김창완,서미현역:길해연,최희상역:장영남,김철웅역:이승준,이동영역:차광수,박경애역:이수미,문성호역:주석태,진소영역:유담연,지현근역:지일주,박수창역:장인섭,조일권역:이진혁,문철역:신주협,유지원역:장이정,김수현역:박지원,고유라역:유라,주여민역:로운,서광진역:김선호,황작가역:신동미,양파역:양파"
20200616,MBC every1,031952,035310,그남자의기억법,,18회,전국,003318,드라마&영화,드라마,미니시리즈,0,0,0,0,0,0,0.08498,0,0,0.01125,0,0,0,0.06065,"이정훈역:김동욱,여하진역:문가영,유태은역:윤종훈,여하경역:김슬기,정서연역:이주빈,유성혁역:김창완,서미현역:길해연,최희상역:장영남,김철웅역:이승준,이동영역:차광수,박경애역:이수미,문성호역:주석태,진소영역:유담연,지현근역:지일주,박수창역:장인섭,조일권역:이진혁,문철역:신주협,유지원역:장이정,김수현역:박지원,고유라역:유라,주여민역:로운,서광진역:김선호,황작가역:신동미,양파역:양파"
20200616,MBC every1,035652,043018,그남자의기억법,,19회,전국,003326,드라마&영화,드라마,미니시리즈,0,0,0.0596,0,0.0263,0.06356,0.05547,0,0,0.22706,0,0,0.02113,0.0212,"이정훈역:김동욱,여하진역:문가영,유태은역:윤종훈,여하경역:김슬기,정서연역:이주빈,유성혁역:김창완,서미현역:길해연,최희상역:장영남,김철웅역:이승준,이동영역:차광수,박경애역:이수미,문성호역:주석태,진소영역:유담연,지현근역:지일주,박수창역:장인섭,조일권역:이진혁,문철역:신주협,유지원역:장이정,김수현역:박지원,고유라역:유라,주여민역:로운,서광진역:김선호,황작가역:신동미,양파역:양파"
20200616,MBC every1,043027,045934,그남자의기억법,,20회,전국,002907,드라마&영화,드라마,미니시리즈,0,0,0,0,0,0.05207,0.00248,0,0,0.00619,0.04038,0,0.0349,0.00865,"이정훈역:김동욱,여하진역:문가영,유태은역:윤종훈,여하경역:김슬기,정서연역:이주빈,유성혁역:김창완,서미현역:길해연,최희상역:장영남,김철웅역:이승준,이동영역:차광수,박경애역:이수미,문성호역:주석태,진소영역:유담연,지현근역:지일주,박수창역:장인섭,조일권역:이진혁,문철역:신주협,유지원역:장이정,김수현역:박지원,고유라역:유라,주여민역:로운,서광진역:김선호,황작가역:신동미,양파역:양파"
20200616,MBC M,100413,110821,쇼핑왕루이,,3회,전국,010408,드라마&영화,드라마,미니시리즈,0,0,0,0,0.00402,0.00549,0,0,0,0,0,0,0.00368,0.00179,"루이역:서인국,고복실역:남지현,차중원역:윤상현,백마리역:임세미,조인성역:오대환,남준혁역:강지섭,최일순역:김영옥,김호준역:엄효섭,허정란역:김선영,백선구역:김규철,홍재숙역:윤유선,신영애역:김보연,황금자역:황영희,박혜주역:미람,고복남역:류의현,차수일역:남명렬,이경국역:김병철,변도진역:이재균,권미영역:차청화"
20200616,MBC M,111822,122302,쇼핑왕루이,,4회,전국,010440,드라마&영화,드라마,미니시리즈,0,0,0.50667,0,0.00883,0,0.09669,0.07307,0,0,0.00219,0.01216,0.20782,0,"루이역:서인국,고복실역:남지현,차중원역:윤상현,백마리역:임세미,조인성역:오대환,남준혁역:강지섭,최일순역:김영옥,김호준역:엄효섭,허정란역:김선영,백선구역:김규철,홍재숙역:윤유선,신영애역:김보연,황금자역:황영희,박혜주역:미람,고복남역:류의현,차수일역:남명렬,이경국역:김병철,변도진역:이재균,권미영역:차청화"
20200616,O tvN,020000,025936,화유기,,8회,전국,005936,드라마&영화,드라마,미니시리즈,0,0,0,0.01947,0,0,0.1743,0,0,0,0.07201,0,0,0.01556,"손오공역:이승기,우마왕역:차승원,진선미역:오연서,저팔계역:이홍기,사오정역:장광,마비서역:이엘,이한주역:김성오,앨리스역:윤보라,좀비소녀역:이세영,수보리조사역:성지루,동장군역:성혁,강대성역:송종호,조나단역:마이클리,진선미어린시절역:갈소원,공작역:장근석,나찰녀역:김지수"
20200616,O tvN,031141,042233,화유기,,9회,전국,011052,드라마&영화,드라마,미니시리즈,0,0,0,0.00898,0,0,0.0084,0,0,0,0.00371,0,0,0.00093,"손오공역:이승기,우마왕역:차승원,진선미역:오연서,저팔계역:이홍기,사오정역:장광,마비서역:이엘,이한주역:김성오,앨리스역:윤보라,좀비소녀역:이세영,수보리조사역:성지루,동장군역:성혁,강대성역:송종호,조나단역:마이클리,진선미어린시절역:갈소원,공작역:장근석,나찰녀역:김지수"
20200616,O tvN,082039,092141,화양연화삶이꽃이되는순간,,13회,전국,010102,드라마&영화,드라마,미니시리즈,0,0,0,0,0.01712,0,0.0586,0,0,0,0,0.01578,0.08793,0.12288,"한재현역:유지태,윤지수역:이보영,과거재현역:진영,과거지수역:전소니,장서경역:박시연,장산역:문성근,한준서역:박민수,한인호역:남명렬,이경자역:손숙,윤형구역:장광,이영민역:고우림,정숙희역:이종남,윤지영역:채원빈,이동진역:민성욱,과거동진역:은해성,성화진역:김주령,과거화진역:한지원,강준우역:강영석,정윤기역:김호창,이세훈역:김영훈,주영우역:이태성,과거영우역:병헌,양혜정역:우정원,과거혜정역:박한솔,최선희역:김영아"
20200616,O tvN,093424,103556,화양연화삶이꽃이되는순간,,14회,전국,010132,드라마&영화,드라마,미니시리즈,0,0,0,0.00186,0.00405,0.08803,0.01263,0,0,0,0.00171,0.30206,0.04391,0.17589,"한재현역:유지태,윤지수역:이보영,과거재현역:진영,과거지수역:전소니,장서경역:박시연,장산역:문성근,한준서역:박민수,한인호역:남명렬,이경자역:손숙,윤형구역:장광,이영민역:고우림,정숙희역:이종남,윤지영역:채원빈,이동진역:민성욱,과거동진역:은해성,성화진역:김주령,과거화진역:한지원,강준우역:강영석,정윤기역:김호창,이세훈역:김영훈,주영우역:이태성,과거영우역:병헌,양혜정역:우정원,과거혜정역:박한솔,최선희역:김영아"
20200616,O tvN,104839,115420,THEK2,,5회,전국,010541,드라마&영화,드라마,미니시리즈,0,0,0,0.00197,0,0.41235,0.00428,0,0,0,0.0139,0.10677,0.14891,0.16797,"김제하역:지창욱,최유진역:송윤아,고안나역:임윤아,장세준역:조성하,박관수역:김갑수,최성원역:이정진,엄혜린역:손태영,김실장역:신동미,성원모역:박순천,송영춘역:송경철,타격대장역:조동혁"
20200616,O tvN,120707,131652,THEK2,,6회,전국,010945,드라마&영화,드라마,미니시리즈,0,0,0,0.05326,0.25552,0.0233,0.05109,0,0.3531,0.00414,0.02104,0.07389,0.00409,0.11436,"김제하역:지창욱,최유진역:송윤아,고안나역:임윤아,장세준역:조성하,박관수역:김갑수,최성원역:이정진,엄혜린역:손태영,김실장역:신동미,성원모역:박순천,송영춘역:송경철,타격대장역:조동혁"
20200616,O tvN,132933,143451,THEK2,,7회,전국,010518,드라마&영화,드라마,미니시리즈,0,0.26202,0,0.01832,0.5931,0.00281,0.08796,0,0.76538,0.00895,0.01423,0.26702,0.11855,0.07262,"김제하역:지창욱,최유진역:송윤아,고안나역:임윤아,장세준역:조성하,박관수역:김갑수,최성원역:이정진,엄혜린역:손태영,김실장역:신동미,성원모역:박순천,송영춘역:송경철,타격대장역:조동혁"
20200616,O tvN,144805,155955,오마이베이비,,9회,전국,011150,드라마&영화,드라마,미니시리즈,0,0,0.01539,0,0,0.00217,0.00469,0,0,0.12115,0.02129,0.3148,0.01617,0.03435,"장하리역:장나라,한이상역:고준,윤재영역:박병은,최강으뜸역:정건주,이옥란역:김혜옥,남수철역:조희봉,김은영역:이미도,김철중역:유승목,주승태역:전진기,박연호역:백승희,최효주역:박수영,주선생역:문현정,심정화역:김재화,이소윤역:정라엘,이옥희역:김예령,박재한역:이한위,김상희역:손화령,순남역:이주실,조회장역:장광,조아저씨역:최홍일,강효주역:전혜빈"
20200616,O tvN,161241,172110,오마이베이비,,10회,전국,010829,드라마&영화,드라마,미니시리즈,0,0,0.13143,0.16189,0,0,0,0,0,0.21699,0.04641,0.60728,0.04639,0,"장하리역:장나라,한이상역:고준,윤재영역:박병은,최강으뜸역:정건주,이옥란역:김혜옥,남수철역:조희봉,김은영역:이미도,김철중역:유승목,주승태역:전진기,박연호역:백승희,최효주역:박수영,주선생역:문현정,심정화역:김재화,이소윤역:정라엘,이옥희역:김예령,박재한역:이한위,김상희역:손화령,순남역:이주실,조회장역:장광,조아저씨역:최홍일,강효주역:전혜빈"
20200616,O tvN,173339,183710,알함브라궁전의추억,,5회,전국,010331,드라마&영화,드라마,미니시리즈,0,0.14373,0,0.02398,0.05106,0.02391,0.05789,0,0,0,0.06358,0.41164,0.03256,0.03875,"유진우역:현빈,정희주역:박신혜,차형석역:박훈,오영심역:김용림,정세주역:찬열,정민주역:이레,김상범역:이학주,이수진역:이시원,차병준역:김의성,이수경역:류아벨,박선호역:이승준,서정훈역:민진웅,최양주역:조현철,고유라역:한보름,마르꼬한역:이재욱,노영준역:박진우"
20200616,O tvN,185359,200439,알함브라궁전의추억,,6회,전국,011040,드라마&영화,드라마,미니시리즈,0,0.16579,0.07086,0.08107,0.08471,0.10026,0.03094,0.18759,0.1379,0,0.01028,0.19657,0.03607,0.12325,"유진우역:현빈,정희주역:박신혜,차형석역:박훈,오영심역:김용림,정세주역:찬열,정민주역:이레,김상범역:이학주,이수진역:이시원,차병준역:김의성,이수경역:류아벨,박선호역:이승준,서정훈역:민진웅,최양주역:조현철,고유라역:한보름,마르꼬한역:이재욱,노영준역:박진우"
20200616,O tvN,202159,213716,알함브라궁전의추억,,7회,전국,011517,드라마&영화,드라마,미니시리즈,0.07574,0.03908,0.12299,0.0779,0.14403,0.07197,0.02933,0.01052,0.16841,0.01183,0.01084,0.3287,0.01292,0.07063,"유진우역:현빈,정희주역:박신혜,차형석역:박훈,오영심역:김용림,정세주역:찬열,정민주역:이레,김상범역:이학주,이수진역:이시원,차병준역:김의성,이수경역:류아벨,박선호역:이승준,서정훈역:민진웅,최양주역:조현철,고유라역:한보름,마르꼬한역:이재욱,노영준역:박진우"
20200616,O tvN,215409,230007,알함브라궁전의추억,,8회,전국,010558,드라마&영화,드라마,미니시리즈,0,0,0.05062,0.19071,0.0452,0.0278,0.01197,0,0.04784,0,0.0295,0.12698,0.0094,0.0381,"유진우역:현빈,정희주역:박신혜,차형석역:박훈,오영심역:김용림,정세주역:찬열,정민주역:이레,김상범역:이학주,이수진역:이시원,차병준역:김의성,이수경역:류아벨,박선호역:이승준,서정훈역:민진웅,최양주역:조현철,고유라역:한보름,마르꼬한역:이재욱,노영준역:박진우"
20200616,O tvN,245611,255959,화유기,,10회,전국,010348,드라마&영화,드라마,미니시리즈,0.0072,0,0,0.00905,0.0397,0.09408,0.00741,0,0,0.00282,0,0.16645,0.01479,0.00074,"손오공역:이승기,우마왕역:차승원,진선미역:오연서,저팔계역:이홍기,사오정역:장광,마비서역:이엘,이한주역:김성오,앨리스역:윤보라,좀비소녀역:이세영,수보리조사역:성지루,동장군역:성혁,강대성역:송종호,조나단역:마이클리,진선미어린시절역:갈소원,공작역:장근석,나찰녀역:김지수"
20200616,OCN,122237,132745,번외수사,,7회,전국,010508,드라마&영화,드라마,미니시리즈,0,0.26617,0.34674,0.33121,0.47652,0.13508,0.30326,0.40467,0,0,0.30865,0.40668,0.22972,0.33663,"진강호역:차태현,강무영역:이선빈,이반석역:정상훈,테디정역:윤경호,탁원역:지승현,민대진역:박정우,맨손역:박태산,연장역:장진희,지수철역:이영석,노순이역:민경옥"
20200616,OCN,134812,145533,번외수사,,8회,전국,010721,드라마&영화,드라마,미니시리즈,0,0.27093,0.33118,0.26986,0.88545,0.58093,0.90516,0.53971,0.19014,0.24706,1.01095,1.33063,1.41198,0.71653,"진강호역:차태현,강무영역:이선빈,이반석역:정상훈,테디정역:윤경호,탁원역:지승현,민대진역:박정우,맨손역:박태산,연장역:장진희,지수철역:이영석,노순이역:민경옥"
20200616,On Style,074005,084743,위대한쇼,,11회,전국,010738,드라마&영화,드라마,미니시리즈,0.00721,0,0,0,0.02239,0.00538,0,0,0,0,0,0.00432,0.01036,0.00209,"위대한역:송승헌,정수현역:이선빈,강준호역:임주환,한다정역:노정의,한탁역:정준원,한태풍역:김준,한송이역:박예나,김혜진역:박하나,강경훈역:손병호,정종철역:이원종,최정우역:한상혁,양미숙역:김현,정한수역:유성주,구피디역:유장영,고봉주역:김동영,안작가역:송지현,마작가역:표혜림,한동남역:강성진,정지현역:강은아,위대한어린시절역:이도현"
20200616,On Style,084834,095345,위대한쇼,,12회,전국,010511,드라마&영화,드라마,미니시리즈,0,0,0,0.00739,0,0.02093,0.00699,0,0,0,0.02183,0,0.02486,0.028,"위대한역:송승헌,정수현역:이선빈,강준호역:임주환,한다정역:노정의,한탁역:정준원,한태풍역:김준,한송이역:박예나,김혜진역:박하나,강경훈역:손병호,정종철역:이원종,최정우역:한상혁,양미숙역:김현,정한수역:유성주,구피디역:유장영,고봉주역:김동영,안작가역:송지현,마작가역:표혜림,한동남역:강성진,정지현역:강은아,위대한어린시절역:이도현"
20200616,On Style,124542,135152,김비서가왜그럴까,,4회,전국,010610,드라마&영화,드라마,미니시리즈,0,0,0,0.01408,0,0.09046,0.03221,0,0,0,0.00142,0.02371,0.00164,0.03448,"이영준역:박서준,김미소역:박민영,이성연역:이태환,박유식역:강기영,고귀남역:황찬성,김지아역:표예진,최여사역:김혜옥,이회장역:김병옥,봉세라역:황보라,양철역:강홍석,정치인역:이유준,이영옥역:이정민,박준환역:김정운,설마음역:예원,오지란역:홍지윤,김필남역:백은혜,김말희역:허순미,미소아빠역:조덕현,정유미역:정유미"
20200616,On Style,135405,150048,김비서가왜그럴까,,5회,전국,010643,드라마&영화,드라마,미니시리즈,0,0.01316,0.07891,0,0,0.10166,0.02396,0,0,0.16831,0,0.01918,0.19694,0.06264,"이영준역:박서준,김미소역:박민영,이성연역:이태환,박유식역:강기영,고귀남역:황찬성,김지아역:표예진,최여사역:김혜옥,이회장역:김병옥,봉세라역:황보라,양철역:강홍석,정치인역:이유준,이영옥역:이정민,박준환역:김정운,설마음역:예원,오지란역:홍지윤,김필남역:백은혜,김말희역:허순미,미소아빠역:조덕현,정유미역:정유미"
20200616,On Style,150501,161238,김비서가왜그럴까,,6회,전국,010737,드라마&영화,드라마,미니시리즈,0,0,0.10844,0,0,0.32845,0.02334,0,0,0.23129,0.02803,0,0.17185,0.01339,"이영준역:박서준,김미소역:박민영,이성연역:이태환,박유식역:강기영,고귀남역:황찬성,김지아역:표예진,최여사역:김혜옥,이회장역:김병옥,봉세라역:황보라,양철역:강홍석,정치인역:이유준,이영옥역:이정민,박준환역:김정운,설마음역:예원,오지란역:홍지윤,김필남역:백은혜,김말희역:허순미,미소아빠역:조덕현,정유미역:정유미"
20200616,SBS플러스,020101,030554,굿캐스팅,,14회,전국,010453,드라마&영화,드라마,미니시리즈,0,0,0,0,0,0,0.013,0,0,0,0,0,0.16539,0.15465,"백찬미역:최강희,윤석호역:이상엽,임예은역:유인영,황미순역:김지영,강우원역:이준영,동관수역:이종혁,서국환역:정인기,배무혁역:박경순,간태희역:황보미,명계철역:우현,탁상기역:이상훈,옥철역:김용희,변우석역:허재호,구비서역:한수진,설영훈역:조영훈,심화란역:차수연,남봉만역:이승형,남주연역:김보윤,피철웅역:배진웅,권민석역:성혁,권소희역:노하연"
20200616,SBS플러스,064513,071535,엄마가바람났다,,30회,전국,003022,드라마&영화,드라마,아침드라마,0,0,0.00898,0,0,0.28593,0.20863,0,0,0,0.15144,0.03099,0.92939,0.10402,"오필정역:현쥬니,강석준역:이재황,이은주역:문보령,강석환역:김형범,오순정역:남이안,김복순역:박순천,박민호역:길정우,박민지역:홍제이,김해정역:양금석,강태수역:이원재,이태우역:서현석,최동석역:김동균,최은자역:이진아,최유경역:이영은,최미영역:전은채,왕기범역:차승우,하열도역:김영훈,홍수경역:노정명,박태섭역:강서준,박혜진역:박지수"
20200616,SBS플러스,071646,074631,엄마가바람났다,,31회,전국,002945,드라마&영화,드라마,아침드라마,0,0,0.15173,0,0.03673,0.52271,0.5196,0,0,0.12859,0.42406,0.02432,1.34171,0.56265,"오필정역:현쥬니,강석준역:이재황,이은주역:문보령,강석환역:김형범,오순정역:남이안,김복순역:박순천,박민호역:길정우,박민지역:홍제이,김해정역:양금석,강태수역:이원재,이태우역:서현석,최동석역:김동균,최은자역:이진아,최유경역:이영은,최미영역:전은채,왕기범역:차승우,하열도역:김영훈,홍수경역:노정명,박태섭역:강서준,박혜진역:박지수"
20200616,SBS플러스,075921,090403,주군의태양,,7회,전국,010442,드라마&영화,드라마,미니시리즈,0,0.06154,0.11295,0.04276,0.0265,0.12324,0.07862,0.08498,0,0.01852,0.05446,0.04203,0.18428,0.03392,"주중원역:소지섭,태공실역:공효진,강우역:서인국,태이령역:김유리,김귀도역:최정우,주성란역:김미경,도석철역:이종원,태공리역:박희본,이한주역:이재원,안진주역:정가은,주중원어린시절역:김명수,TV프로그램자역:김상중,미경역:송채윤,하유진역:김보라,가영역:방민아,이은설역:이혜인,차희주역:한보름,주중원아버지역:김용건,이승모역:이도현,이승준역:홍은택,선영역:김보미,지우역:유민규,강길자역:김희정,루이장역:정찬,박서현역:서효림,이재석역:이종혁,이회장역:이재용,한나브라운역:황선희,유진우역:이천희,고여사역:이용녀,유혜성역:진이한"
20200616,SBS플러스,192736,204410,더킹영원의군주,,16회,전국,011634,드라마&영화,드라마,미니시리즈,0.06116,0,0.03661,0.27446,0.39317,0.38794,0.13949,1.01715,0.02126,0.04597,0.40518,0.59352,0.28662,0.30159,"이곤역:이민호,정태을역:김고은,조은섭역:우도환,조영역:우도환,강신재역:김경남,구서령역:정은채,이림역:이정진,루나역:김고은,노옥남역:김영옥,정도인역:전배수,송정혜역:서정연,박문식역:박원상,장미카엘역:강홍석,이종인역:전무송,명나리역:김용지,명승아역:김용지,유경무역:이해영,민화연역:황영희,박지영역:박지연,모비서역:백현주,석호필역:이홍내"
20200616,SKY,031457,042154,낭만닥터김사부2,,5회,전국,010657,드라마&영화,드라마,미니시리즈,0,0,0,0,0.10777,0.01415,0.01931,0,0,0.0015,0.05868,0,0.02185,0.02937,"김사부역:한석규,서우진역:안효섭,차은재역:이성경,박민국역:김주헌,배문정역:신동욱,윤아름역:소주연,정인수역:윤나무,여운영역:김홍파,오명심역:진경,장기태역:임원희,남도일역:변우민,박은탁역:김민재,양호준역:고상호,심혜진역:박효주,허영규역:배명진,도윤완역:최진호,엄현정역:정지안,주영미역:윤보라,주지배인역:서영"
20200616,SKY,093612,104606,굿캐스팅,,13회,전국,010954,드라마&영화,드라마,미니시리즈,0.00782,0,0,0.00343,0.10748,0.12728,0.00193,0,0.00205,0,0.0861,0.10158,0.09878,0.04173,"백찬미역:최강희,윤석호역:이상엽,임예은역:유인영,황미순역:김지영,강우원역:이준영,동관수역:이종혁,서국환역:정인기,배무혁역:박경순,간태희역:황보미,명계철역:우현,탁상기역:이상훈,옥철역:김용희,변우석역:허재호,구비서역:한수진,설영훈역:조영훈,심화란역:차수연,남봉만역:이승형,남주연역:김보윤,피철웅역:배진웅,권민석역:성혁,권소희역:노하연"
20200616,SKY,110326,121234,굿캐스팅,,14회,전국,010908,드라마&영화,드라마,미니시리즈,0,0,0.00375,0.00113,0.10297,0,0.00238,0,0,0,0.12806,0.02683,0.02829,0.03659,"백찬미역:최강희,윤석호역:이상엽,임예은역:유인영,황미순역:김지영,강우원역:이준영,동관수역:이종혁,서국환역:정인기,배무혁역:박경순,간태희역:황보미,명계철역:우현,탁상기역:이상훈,옥철역:김용희,변우석역:허재호,구비서역:한수진,설영훈역:조영훈,심화란역:차수연,남봉만역:이승형,남주연역:김보윤,피철웅역:배진웅,권민석역:성혁,권소희역:노하연"
20200616,ONCE,020000,024242,대조영,,51회,전국,004242,드라마&영화,드라마,주말연속극,0,0,0.00407,0.00374,0.01673,0.25655,0.08414,0,0,0.20167,0,0.02153,0.08617,0.07144,"대조영역:최수종,이해고역:정보석,설인귀역:이덕화,초린역:박예진,검이역:정태우,숙영역:홍수현,양만춘역:임동진,흑수돌역:김학철,연남생역:임호,대중상역:임혁,걸사비우역:최철호,검모잠역:김명수,당태종역:송용태,부지광역:박지일,미모사역:김정현,금란역:심은진,부기원역:김하균,보장왕역:길용우,이진충역:김동현,손만영역:조인표,신홍역:김규철,계필사문역:윤용현,퉁소역:방형주,홍패역:유태술,이문역:남성진,팔보역:우봉식"
20200616,ONCE,025241,033658,전원일기,,426회,전국,004417,드라마&영화,드라마,주말연속극,0,0,0.32861,0,0.00379,0.29767,0.00393,0,0,0,0.01721,0,0.30937,0.00749,"최불암,김혜자,김용건,김수미,고두심,유인촌,정대홍"
20200616,ONCE,034237,042734,전원일기,,429회,전국,004457,드라마&영화,드라마,주말연속극,0,0,0.14439,0.01067,0,0.18226,0,0,0,0,0.15144,0,0.21941,0,"최불암,김혜자,김용건,김수미,고두심,유인촌,정대홍"
20200616,ONCE,051950,062348,동이,,51회,전국,010358,드라마&영화,드라마,주간연속극,0,0,0,0,0.00196,0.10093,0.12447,0,0,0.00236,0,0.06715,0.08645,0.15798,"동이역:한효주,숙종역:지진희,희빈장씨역:이소연,차천수역:배수빈,서용기역:정진영,인현왕후역:박하선,오태석역:정동환,이종욱역:이정훈,홍태윤역:손일권,박도식역:최재호,도승지역:신국,오호양역:여호민,황주식역:이희도,정인국역:나성균,최효원역:천호진,장익헌역:이재용,김환역:정인기,은금역:한다민,오태풍역:이계인,태풍처역:이숙,장희재역:김유석,설희역:김혜진,게둬라부역:정은표,오윤역:최철호,게둬라역:최수한,심운택역:김동윤,동이어린시절역:김유정,봉상궁역:김소이,조상궁역:안여진,유상궁역:임성민,정임역:정유미,애종역:강유미,시비역:오은호,미지역:최하나,대전내관역:정선일,명성대비역:박정수,정상궁역:김혜선,영달역:이광수,최동주역:정성운,장무열역:최종환,이금역:이형석,경종역:윤찬,김구선역:맹상훈,인원왕후역:오연서"
20200616,ONCE,063023,073121,동이,,52회,전국,010058,드라마&영화,드라마,주간연속극,0,0,0,0,0,0.3267,0.1269,0,0.00793,0,0,0.24671,0.10475,0.10437,"동이역:한효주,숙종역:지진희,희빈장씨역:이소연,차천수역:배수빈,서용기역:정진영,인현왕후역:박하선,오태석역:정동환,이종욱역:이정훈,홍태윤역:손일권,박도식역:최재호,도승지역:신국,오호양역:여호민,황주식역:이희도,정인국역:나성균,최효원역:천호진,장익헌역:이재용,김환역:정인기,은금역:한다민,오태풍역:이계인,태풍처역:이숙,장희재역:김유석,설희역:김혜진,게둬라부역:정은표,오윤역:최철호,게둬라역:최수한,심운택역:김동윤,동이어린시절역:김유정,봉상궁역:김소이,조상궁역:안여진,유상궁역:임성민,정임역:정유미,애종역:강유미,시비역:오은호,미지역:최하나,대전내관역:정선일,명성대비역:박정수,정상궁역:김혜선,영달역:이광수,최동주역:정성운,장무열역:최종환,이금역:이형석,경종역:윤찬,김구선역:맹상훈,인원왕후역:오연서"
20200616,ONCE,074230,082647,전원일기,,426회,전국,004417,드라마&영화,드라마,주말연속극,0.03474,0,0.01079,0.04698,0.00525,0.05594,0.03969,0,0,0.00987,0.00772,0.04064,0.11123,0.03025,"최불암,김혜자,김용건,김수미,고두심,유인촌,정대홍"
20200616,ONCE,083351,091849,전원일기,,429회,전국,004458,드라마&영화,드라마,주말연속극,0,0,0.08441,0,0.05135,0.10343,0.06436,0.02274,0,0.0772,0.00834,0.23282,0.18096,0.00401,"최불암,김혜자,김용건,김수미,고두심,유인촌,정대홍"
20200616,ONCE,093259,103525,동이,,53회,전국,010226,드라마&영화,드라마,주간연속극,0,0.21638,0,0.06094,0,0.27891,0.14069,0,0,0.01971,0.05474,0.23282,0.16331,0.07235,"동이역:한효주,숙종역:지진희,희빈장씨역:이소연,차천수역:배수빈,서용기역:정진영,인현왕후역:박하선,오태석역:정동환,이종욱역:이정훈,홍태윤역:손일권,박도식역:최재호,도승지역:신국,오호양역:여호민,황주식역:이희도,정인국역:나성균,최효원역:천호진,장익헌역:이재용,김환역:정인기,은금역:한다민,오태풍역:이계인,태풍처역:이숙,장희재역:김유석,설희역:김혜진,게둬라부역:정은표,오윤역:최철호,게둬라역:최수한,심운택역:김동윤,동이어린시절역:김유정,봉상궁역:김소이,조상궁역:안여진,유상궁역:임성민,정임역:정유미,애종역:강유미,시비역:오은호,미지역:최하나,대전내관역:정선일,명성대비역:박정수,정상궁역:김혜선,영달역:이광수,최동주역:정성운,장무열역:최종환,이금역:이형석,경종역:윤찬,김구선역:맹상훈,인원왕후역:오연서"
20200616,ONCE,104940,115200,동이,,54회,전국,010220,드라마&영화,드라마,주간연속극,0,0,0.03574,0.24018,0.02992,0.38568,0.38852,0,0,0.03925,0.39911,0.33314,0.24494,0.16687,"동이역:한효주,숙종역:지진희,희빈장씨역:이소연,차천수역:배수빈,서용기역:정진영,인현왕후역:박하선,오태석역:정동환,이종욱역:이정훈,홍태윤역:손일권,박도식역:최재호,도승지역:신국,오호양역:여호민,황주식역:이희도,정인국역:나성균,최효원역:천호진,장익헌역:이재용,김환역:정인기,은금역:한다민,오태풍역:이계인,태풍처역:이숙,장희재역:김유석,설희역:김혜진,게둬라부역:정은표,오윤역:최철호,게둬라역:최수한,심운택역:김동윤,동이어린시절역:김유정,봉상궁역:김소이,조상궁역:안여진,유상궁역:임성민,정임역:정유미,애종역:강유미,시비역:오은호,미지역:최하나,대전내관역:정선일,명성대비역:박정수,정상궁역:김혜선,영달역:이광수,최동주역:정성운,장무열역:최종환,이금역:이형석,경종역:윤찬,김구선역:맹상훈,인원왕후역:오연서"
20200616,ONCE,120515,130047,대조영,,52회,전국,005532,드라마&영화,드라마,주말연속극,0,0,0,0.05452,0.24746,0,0.01373,0,0,0,0.00909,0.01746,0,0.05678,"대조영역:최수종,이해고역:정보석,설인귀역:이덕화,초린역:박예진,검이역:정태우,숙영역:홍수현,양만춘역:임동진,흑수돌역:김학철,연남생역:임호,대중상역:임혁,걸사비우역:최철호,검모잠역:김명수,당태종역:송용태,부지광역:박지일,미모사역:김정현,금란역:심은진,부기원역:김하균,보장왕역:길용우,이진충역:김동현,손만영역:조인표,신홍역:김규철,계필사문역:윤용현,퉁소역:방형주,홍패역:유태술,이문역:남성진,팔보역:우봉식"
20200616,ONCE,154832,162952,전원일기,,430회,전국,004120,드라마&영화,드라마,주말연속극,0,0,0.01639,0,0.77514,0.01233,0.09079,1.02338,0,0,0.03562,0.03023,0.01513,0.20328,"최불암,김혜자,김용건,김수미,고두심,유인촌,정대홍"
20200616,ONCE,164056,172101,전원일기,,431회,전국,004005,드라마&영화,드라마,주말연속극,0,0,0.29405,0,0.66248,0.17114,0.06227,1.02338,0,0,0,0,0.27533,0.11104,"최불암,김혜자,김용건,김수미,고두심,유인촌,정대홍"
20200616,ONCE,173411,182943,대조영,,52회,전국,005532,드라마&영화,드라마,주말연속극,0,0,0.00381,0,0.32448,0,0.01774,0.16447,0,0,0,0,0,0.00086,"대조영역:최수종,이해고역:정보석,설인귀역:이덕화,초린역:박예진,검이역:정태우,숙영역:홍수현,양만춘역:임동진,흑수돌역:김학철,연남생역:임호,대중상역:임혁,걸사비우역:최철호,검모잠역:김명수,당태종역:송용태,부지광역:박지일,미모사역:김정현,금란역:심은진,부기원역:김하균,보장왕역:길용우,이진충역:김동현,손만영역:조인표,신홍역:김규철,계필사문역:윤용현,퉁소역:방형주,홍패역:유태술,이문역:남성진,팔보역:우봉식"
20200616,ONCE,222445,232711,동이,,53회,전국,010226,드라마&영화,드라마,주간연속극,0.00833,0.00211,0.01084,0,0.22487,0.15168,0.13422,0,0.01077,0,0.11517,0.24394,0.01723,0.32525,"동이역:한효주,숙종역:지진희,희빈장씨역:이소연,차천수역:배수빈,서용기역:정진영,인현왕후역:박하선,오태석역:정동환,이종욱역:이정훈,홍태윤역:손일권,박도식역:최재호,도승지역:신국,오호양역:여호민,황주식역:이희도,정인국역:나성균,최효원역:천호진,장익헌역:이재용,김환역:정인기,은금역:한다민,오태풍역:이계인,태풍처역:이숙,장희재역:김유석,설희역:김혜진,게둬라부역:정은표,오윤역:최철호,게둬라역:최수한,심운택역:김동윤,동이어린시절역:김유정,봉상궁역:김소이,조상궁역:안여진,유상궁역:임성민,정임역:정유미,애종역:강유미,시비역:오은호,미지역:최하나,대전내관역:정선일,명성대비역:박정수,정상궁역:김혜선,영달역:이광수,최동주역:정성운,장무열역:최종환,이금역:이형석,경종역:윤찬,김구선역:맹상훈,인원왕후역:오연서"
20200616,ONCE,234126,244346,동이,,54회,전국,010220,드라마&영화,드라마,주간연속극,0,0.00407,0,0.01144,0.38513,0.28292,0.12844,0,0,0,0.05966,0.39593,0.08137,0.24895,"동이역:한효주,숙종역:지진희,희빈장씨역:이소연,차천수역:배수빈,서용기역:정진영,인현왕후역:박하선,오태석역:정동환,이종욱역:이정훈,홍태윤역:손일권,박도식역:최재호,도승지역:신국,오호양역:여호민,황주식역:이희도,정인국역:나성균,최효원역:천호진,장익헌역:이재용,김환역:정인기,은금역:한다민,오태풍역:이계인,태풍처역:이숙,장희재역:김유석,설희역:김혜진,게둬라부역:정은표,오윤역:최철호,게둬라역:최수한,심운택역:김동윤,동이어린시절역:김유정,봉상궁역:김소이,조상궁역:안여진,유상궁역:임성민,정임역:정유미,애종역:강유미,시비역:오은호,미지역:최하나,대전내관역:정선일,명성대비역:박정수,정상궁역:김혜선,영달역:이광수,최동주역:정성운,장무열역:최종환,이금역:이형석,경종역:윤찬,김구선역:맹상훈,인원왕후역:오연서"
20200616,ONCE,245701,255233,대조영,,52회,전국,005532,드라마&영화,드라마,주말연속극,0.26138,0,0.00524,0.00811,0.15653,0.26535,0.14677,0.20997,0.12186,0.01174,0.06266,0.09861,0.19095,0.01757,"대조영역:최수종,이해고역:정보석,설인귀역:이덕화,초린역:박예진,검이역:정태우,숙영역:홍수현,양만춘역:임동진,흑수돌역:김학철,연남생역:임호,대중상역:임혁,걸사비우역:최철호,검모잠역:김명수,당태종역:송용태,부지광역:박지일,미모사역:김정현,금란역:심은진,부기원역:김하균,보장왕역:길용우,이진충역:김동현,손만영역:조인표,신홍역:김규철,계필사문역:윤용현,퉁소역:방형주,홍패역:유태술,이문역:남성진,팔보역:우봉식"
20200616,OCN Thrills,091809,102426,번외수사,,5회,전국,010617,드라마&영화,드라마,미니시리즈,0,0,0,0.02487,0.04171,0.00584,0.00574,0.01015,0,0,0.05158,0.04818,0,0.00594,"진강호역:차태현,강무영역:이선빈,이반석역:정상훈,테디정역:윤경호,탁원역:지승현,민대진역:박정우,맨손역:박태산,연장역:장진희,지수철역:이영석,노순이역:민경옥"
20200616,OCN Thrills,103119,113256,번외수사,,6회,전국,010137,드라마&영화,드라마,미니시리즈,0,0,0,0.20531,0.00404,0.04874,0.00364,0,0,0.04346,0.22539,0,0.09247,0.0015,"진강호역:차태현,강무영역:이선빈,이반석역:정상훈,테디정역:윤경호,탁원역:지승현,민대진역:박정우,맨손역:박태산,연장역:장진희,지수철역:이영석,노순이역:민경옥"
20200616,TRENDY,065950,080649,부부클리닉사랑과전쟁2,,31회,전국,010659,드라마&영화,드라마,단막극,0,0,0,0.07185,0.02385,0.00676,0.00089,0,0,0.00451,0.01037,0.01809,0.00691,0.04811,"이재만,민지영,최영완,이정수,장가현,손유경,이준우"
20200616,TRENDY,081810,092246,부부클리닉사랑과전쟁2,,32회,전국,010436,드라마&영화,드라마,단막극,0,0,0,0.00699,0.06908,0,0.01905,0,0.0536,0,0.00735,0.00212,0.0323,0.03723,"이재만,민지영,최영완,이정수,장가현,손유경,이준우"
20200616,TRENDY,135423,150122,부부클리닉사랑과전쟁2,,31회,전국,010659,드라마&영화,드라마,단막극,0,0,0,0.02054,0,0.08708,0.11153,0,0,0,0.00575,0.10636,0.20769,0.14692,"이재만,민지영,최영완,이정수,장가현,손유경,이준우"
20200616,TRENDY,151556,162036,부부클리닉사랑과전쟁2,,32회,전국,010440,드라마&영화,드라마,단막극,0,0,0,0.0037,0.01256,0.06513,0.07476,0,0,0,0.01056,0.10016,0.09066,0.06251,"이재만,민지영,최영완,이정수,장가현,손유경,이준우"
20200616,TRENDY,224243,234947,부부클리닉사랑과전쟁2,,31회,전국,010704,드라마&영화,드라마,단막극,0.02156,0,0,0,0,0.0095,0.00667,0,0.00461,0,0.00787,0.01184,0.08705,0.15155,"이재만,민지영,최영완,이정수,장가현,손유경,이준우"
20200616,TRENDY,240449,250928,부부클리닉사랑과전쟁2,,32회,전국,010439,드라마&영화,드라마,단막극,0,0,0.16635,0,0.06695,0.00443,0.00093,0,0,0,0,0.16658,0.11025,0.02429,"이재만,민지영,최영완,이정수,장가현,손유경,이준우"
20200617,KBS1,203052,205918,기막힌유산,,43회,전국,002826,드라마&영화,드라마,일일연속극,3.21002,3.60603,3.72215,3.86593,4.14826,9.0969,23.48426,0.53061,0.89627,2.51892,3.39884,5.81646,15.87252,30.27674,"부영배역:박인환,공계옥역:강세정,부설악역:신정윤,부백두역:강신조,윤민주역:이아현,부금강역:남성진,신애리역:김가연,정미희역:박순천,김용미역:이응경,부한라역:박신우,성판금역:조양자,부가온역:김비주,부태희역:김연지,부혜교역:김효경,부지현역:강유라,공소영역:김난주,이장원역:이일준,김수민역:조서후,김종두역:이춘식,차정건역:조순창,이청아역:정서하,손보미역:박민지,김영지역:주민하,강선희역:박현정,천호식역:백신,이정태역:노상보,고향숙역:박소정"
20200617,KBS2,090425,093219,기막힌유산,,42회,전국,002754,드라마&영화,드라마,일일연속극,1.97049,0.87699,1.18766,0.76183,1.134,3.04795,2.91698,0.0231,0.60422,0.43957,1.63029,1.94668,3.38104,3.45365,"부영배역:박인환,공계옥역:강세정,부설악역:신정윤,부백두역:강신조,윤민주역:이아현,부금강역:남성진,신애리역:김가연,정미희역:박순천,김용미역:이응경,부한라역:박신우,성판금역:조양자,부가온역:김비주,부태희역:김연지,부혜교역:김효경,부지현역:강유라,공소영역:김난주,이장원역:이일준,김수민역:조서후,김종두역:이춘식,차정건역:조순창,이청아역:정서하,손보미역:박민지,김영지역:주민하,강선희역:박현정,천호식역:백신,이정태역:노상보,고향숙역:박소정"
20200617,KBS2,110446,120410,영혼수선공,<21회/22회>,21회/22회,전국,005924,드라마&영화,드라마,미니시리즈,0.10062,0.34586,0.27923,0.13649,0.30967,0.15809,0.46667,0.1754,0.00483,0.20167,0.25177,0.58497,0.63158,0.68905,"이시준역:신하균,한우주역:정소민,인동혁역:태인호,지영원역:박예진,공지선역:주민경,조인혜역:조경숙,오기태역:박수영,박대하역:정해균,이택경역:최정우,노우정역:안동구,강누리역:하영,임세찬역:장유상,공지희역:박한솔,장유미역:김가란,김영석역:김강민,송민수역:류시원"
20200617,KBS2,121437,131400,영혼수선공,<23회/24회>,23회/24회,전국,005923,드라마&영화,드라마,미니시리즈,0.02846,0.01474,0.15186,0.03212,0.14411,0.42125,0.3573,0,0.01563,0.24255,0.00284,0.518,0.29944,0.45057,"이시준역:신하균,한우주역:정소민,인동혁역:태인호,지영원역:박예진,공지선역:주민경,조인혜역:조경숙,오기태역:박수영,박대하역:정해균,이택경역:최정우,노우정역:안동구,강누리역:하영,임세찬역:장유상,공지희역:박한솔,장유미역:김가란,김영석역:김강민,송민수역:류시원"
20200617,KBS2,195023,202504,위험한약속,,54회,전국,003441,드라마&영화,드라마,일일연속극,2.08969,3.63574,3.05122,4.60265,3.06386,5.9215,15.28335,0.5511,0.81754,1.56199,4.53174,5.06103,12.02123,22.10503,"차은동역:박하나,강태인역:고세원,최준혁역:강성민,오혜원역:박영린,한지훈역:이창욱,차만종역:이대연,차은찬역:유준서,공영심역:유지연,봉석구역:현우섭,강일섭역:강신일,연두심역:이칸희,한광훈역:길용우,한서주역:김혜지,최명희역:김나운,고재숙역:윤복인,최영국역:송민형,민주란역:오영실,최준경역:이효나,이창욱역:김정운"
20200617,KBS2,220102,223425,영혼수선공,<25회>,25회,전국,003323,드라마&영화,드라마,미니시리즈,0.80415,0.02635,0.06121,0.61284,0.25588,1.0826,1.29851,0,0.41995,0.22151,1.83502,0.74597,1.62634,1.2572,"이시준역:신하균,한우주역:정소민,인동혁역:태인호,지영원역:박예진,공지선역:주민경,조인혜역:조경숙,오기태역:박수영,박대하역:정해균,이택경역:최정우,노우정역:안동구,강누리역:하영,임세찬역:장유상,공지희역:박한솔,장유미역:김가란,김영석역:김강민,송민수역:류시원"
20200617,KBS2,223538,230340,영혼수선공,<26회>,26회,전국,002802,드라마&영화,드라마,미니시리즈,1.78069,0.32597,0.64618,1.26414,0.49647,1.50806,1.47159,0.50777,0.26774,0.53131,1.64382,1.14707,2.11968,1.43582,"이시준역:신하균,한우주역:정소민,인동혁역:태인호,지영원역:박예진,공지선역:주민경,조인혜역:조경숙,오기태역:박수영,박대하역:정해균,이택경역:최정우,노우정역:안동구,강누리역:하영,임세찬역:장유상,공지희역:박한솔,장유미역:김가란,김영석역:김강민,송민수역:류시원"
20200617,MBC,104730,110008,꼰대인턴,<13회>,13회,전국,001238,드라마&영화,드라마,미니시리즈,0,0.07745,0.0081,0.24159,0.98049,0.35494,0.99092,0,0.07916,0.02427,0.17665,0.66959,1.04585,0.8341,"가열찬역:박해진,이만식역:김응수,이태리역:한지은,남궁준수역:박기웅,탁정은역:박아인,주윤수역:노종현,오동근역:고건한,김승진역:홍승범,구자숙역:김선영,안상종역:손종학,남궁표역:고인범,엄한길역:김기천,옥경이역:문숙,고선녀역:정경순,열찬모역:전국향,박범준역:장성규,백범역:정성호,은혜수역:정영주,가열찬친구역:권수현,차형석역:영탁"
20200617,MBC,110229,111911,꼰대인턴,<13회>,13회,전국,001642,드라마&영화,드라마,미니시리즈,0,0,0,0.56606,0.65031,0.69503,1.27975,0,0.16339,0.08896,0.184,0.48622,1.14584,1.01908,"가열찬역:박해진,이만식역:김응수,이태리역:한지은,남궁준수역:박기웅,탁정은역:박아인,주윤수역:노종현,오동근역:고건한,김승진역:홍승범,구자숙역:김선영,안상종역:손종학,남궁표역:고인범,엄한길역:김기천,옥경이역:문숙,고선녀역:정경순,열찬모역:전국향,박범준역:장성규,백범역:정성호,은혜수역:정영주,가열찬친구역:권수현,차형석역:영탁"
20200617,MBC,112024,115307,꼰대인턴,<14회>,14회,전국,003243,드라마&영화,드라마,미니시리즈,0,0.02366,0,0.25478,0.38131,0.49784,0.95421,0.05903,0.01403,0.03341,0.24909,0.61646,1.00416,1.19345,"가열찬역:박해진,이만식역:김응수,이태리역:한지은,남궁준수역:박기웅,탁정은역:박아인,주윤수역:노종현,오동근역:고건한,김승진역:홍승범,구자숙역:김선영,안상종역:손종학,남궁표역:고인범,엄한길역:김기천,옥경이역:문숙,고선녀역:정경순,열찬모역:전국향,박범준역:장성규,백범역:정성호,은혜수역:정영주,가열찬친구역:권수현,차형석역:영탁"
20200617,MBC,160306,163506,꼰대인턴,<15회>,15회,전국,003200,드라마&영화,드라마,미니시리즈,0,0.09143,0.07423,0.05987,0.6447,0.6525,0.53167,0.64679,0.32572,0.0556,0.86654,0.33634,0.71864,0.87243,"가열찬역:박해진,이만식역:김응수,이태리역:한지은,남궁준수역:박기웅,탁정은역:박아인,주윤수역:노종현,오동근역:고건한,김승진역:홍승범,구자숙역:김선영,안상종역:손종학,남궁표역:고인범,엄한길역:김기천,옥경이역:문숙,고선녀역:정경순,열찬모역:전국향,박범준역:장성규,백범역:정성호,은혜수역:정영주,가열찬친구역:권수현,차형석역:영탁"
20200617,MBC,163516,170543,꼰대인턴,<16회>,16회,전국,003027,드라마&영화,드라마,미니시리즈,0.11442,0.531,0.26238,0.56587,0.33759,1.03498,0.66221,0.77242,0.71814,0.21685,1.10253,0.70601,0.67194,0.6194,"가열찬역:박해진,이만식역:김응수,이태리역:한지은,남궁준수역:박기웅,탁정은역:박아인,주윤수역:노종현,오동근역:고건한,김승진역:홍승범,구자숙역:김선영,안상종역:손종학,남궁표역:고인범,엄한길역:김기천,옥경이역:문숙,고선녀역:정경순,열찬모역:전국향,박범준역:장성규,백범역:정성호,은혜수역:정영주,가열찬친구역:권수현,차형석역:영탁"
20200617,MBC,205845,212759,꼰대인턴,<17회>,17회,전국,002914,드라마&영화,드라마,미니시리즈,0,1.13483,1.27032,1.9433,2.01159,4.81779,2.47566,1.23952,2.12935,0.51085,0.96696,4.04124,4.17394,2.46952,"가열찬역:박해진,이만식역:김응수,이태리역:한지은,남궁준수역:박기웅,탁정은역:박아인,주윤수역:노종현,오동근역:고건한,김승진역:홍승범,구자숙역:김선영,안상종역:손종학,남궁표역:고인범,엄한길역:김기천,옥경이역:문숙,고선녀역:정경순,열찬모역:전국향,박범준역:장성규,백범역:정성호,은혜수역:정영주,가열찬친구역:권수현,차형석역:영탁"
20200617,MBC,212958,220316,꼰대인턴,<18회>,18회,전국,003318,드라마&영화,드라마,미니시리즈,0.32316,1.40117,1.31911,2.32119,2.82892,5.7006,2.91546,0.67396,1.45253,1.10756,1.74949,4.83314,5.51781,3.32731,"가열찬역:박해진,이만식역:김응수,이태리역:한지은,남궁준수역:박기웅,탁정은역:박아인,주윤수역:노종현,오동근역:고건한,김승진역:홍승범,구자숙역:김선영,안상종역:손종학,남궁표역:고인범,엄한길역:김기천,옥경이역:문숙,고선녀역:정경순,열찬모역:전국향,박범준역:장성규,백범역:정성호,은혜수역:정영주,가열찬친구역:권수현,차형석역:영탁"
20200617,SBS,083630,090726,엄마가바람났다,,33회,전국,003056,드라마&영화,드라마,아침드라마,2.13909,2.058,1.45264,1.14296,3.2856,3.56932,5.75934,0,2.04292,0.23377,3.19999,3.07512,4.20345,7.10769,"오필정역:현쥬니,강석준역:이재황,이은주역:문보령,강석환역:김형범,오순정역:남이안,김복순역:박순천,박민호역:길정우,박민지역:홍제이,김해정역:양금석,강태수역:이원재,이태우역:서현석,최동석역:김동균,최은자역:이진아,최유경역:이영은,최미영역:전은채,왕기범역:차승우,하열도역:김영훈,홍수경역:노정명,박태섭역:강서준,박혜진역:박지수"
20200617,OBS,094010,104257,구가의서,,12회,전국,010247,드라마&영화,드라마,주간연속극,0,0.0053,0,0.02207,0.22915,0.00598,0.01231,0,0,0,0.01663,0.15736,0.03756,0.05461,"최강치역:이승기,담여울역:수지,조관웅역:이성재,담평준역:조성하,박태서역:유연석,박청조역:이유비,곤역:성준,구월령역:최진혁,윤서화역:이연희,소정법사역:김희원,천수련역:정혜영,자홍명역:윤세아,박무솔역:엄효섭,월선역:손승우,이순신역:유동근,마봉출역:조재윤,카게시마역:데이비드맥기니스,한노역:박주형,윤씨역:김희정,억만역:김기방,윤정윤역:이다윗,담이역:김보미,필목역:송영규,공달선생역:이도경"
20200617,OBS,181623,191932,구가의서,,13회,전국,010309,드라마&영화,드라마,주간연속극,0,0,0.00321,0,0,0.02088,0.23063,0,0,0,0,0,0.1074,0.20835,"최강치역:이승기,담여울역:수지,조관웅역:이성재,담평준역:조성하,박태서역:유연석,박청조역:이유비,곤역:성준,구월령역:최진혁,윤서화역:이연희,소정법사역:김희원,천수련역:정혜영,자홍명역:윤세아,박무솔역:엄효섭,월선역:손승우,이순신역:유동근,마봉출역:조재윤,카게시마역:데이비드맥기니스,한노역:박주형,윤씨역:김희정,억만역:김기방,윤정윤역:이다윗,담이역:김보미,필목역:송영규,공달선생역:이도경"
20200617,JTBC,100604,111050,쌍갑포차,,7회,전국,010446,드라마&영화,드라마,미니시리즈,0,0,0,0.09292,0.08926,0.44387,0.14362,0,0.26281,0.00823,0.51709,0.18635,0.22522,0.43594,"월주역:황정음,한강배역:육성재,귀반장역:최원영,염부장역:이준혁,강여린역:정다은,최진동역:안태환,송미란역:박하나,박대리역:박주형,김원형역:나인우"
20200617,JTBC,112437,122927,쌍갑포차,,8회,전국,010450,드라마&영화,드라마,미니시리즈,0,0.21167,0.03975,0.10632,0.10005,0.71876,0.35526,0,0.47998,0.19371,0.81353,1.19244,0.45529,0.63762,"월주역:황정음,한강배역:육성재,귀반장역:최원영,염부장역:이준혁,강여린역:정다은,최진동역:안태환,송미란역:박하나,박대리역:박주형,김원형역:나인우"
20200617,JTBC,213552,224618,쌍갑포차,,9회,전국,011026,드라마&영화,드라마,미니시리즈,0.70706,0.91392,1.63359,0.94779,1.96064,2.32107,1.09345,0.2622,0.78915,1.38186,0.92803,4.39889,4.50006,1.3626,"월주역:황정음,한강배역:육성재,귀반장역:최원영,염부장역:이준혁,강여린역:정다은,최진동역:안태환,송미란역:박하나,박대리역:박주형,김원형역:나인우"
20200617,TV CHOSUN,023722,032242,운명과분노,,2회,전국,004520,드라마&영화,드라마,주말연속극,0,0.02714,0.62793,0.87443,0.03421,0.66875,0.11702,0,0.31095,0.22804,0.34525,0.03084,0.8313,0.56748,"태인준역:주상욱,구해라역:이민정,차수현역:소이현,진태오역:이기우,태필운역:고인범,한성숙역:송옥숙,태정호역:공정환,고아정역:심이영,태정민역:박수아,현정수역:조승연,구현주역:차수연,강선영역:정수영,강의건역:윤학,김창수역:허준석,차동규역:권태원,이은숙역:하민,김비서역:임지규,이현정역:한은선,김석진역:조완기,이정혜역:전현아,제니진역:김단우"
20200617,tvN,020000,024213,아는건별로없지만가족입니다,,6회,전국,004213,드라마&영화,드라마,미니시리즈,0,0,0.02627,0.0139,0.06334,0.04197,0.00128,0,0,0,0,0.29452,0.04951,0.32126,"김은희역:한예리,박찬혁역:김지석,김은주역:추자현,김상식역:정진영,이진숙역:원미경,김지우역:신재하,임건주역:신동욱,윤태형역:김태훈,젊은상식역:한준우,젊은진숙역:조아영,유선일역:서상원,안효석역:이종원,서경옥역:가득희,윤서영역:혜정,전하라역:배윤경,유민우역:권율"
20200617,tvN,025901,041623,왕이된남자,,3회,전국,011722,드라마&영화,드라마,미니시리즈,0,0.1196,0,0,0.18211,0.00577,0.03492,0,0,0,0.00387,0.07904,0.00284,0.15394,"하선역:여진구,이헌역:여진구,유소운역:이세영,이규역:김상경,운심역:정혜영,조내관역:장광,신치수역:권해효,대비역:장영남,주호걸역:이규한,갑수역:윤경호,진평군역:이무생,김상궁역:민지아,정생역:장성원,박상궁역:김수진,선화당역:서윤아,장무영역:윤종석,애영역:오하늬,신이겸역:최규진,계환역:시은,달래역:신수연,장상궁역:이미은,유호준역:이윤건,이한종역:최무인,서장원역:이창직,기성군역:윤박"
20200617,tvN,043752,055551,왕이된남자,,4회,전국,011759,드라마&영화,드라마,미니시리즈,0,0.09564,0.00431,0.03236,0.34146,0.04828,0.0711,0,0.0626,0,0.00197,0.11085,0.17253,0.24535,"하선역:여진구,이헌역:여진구,유소운역:이세영,이규역:김상경,운심역:정혜영,조내관역:장광,신치수역:권해효,대비역:장영남,주호걸역:이규한,갑수역:윤경호,진평군역:이무생,김상궁역:민지아,정생역:장성원,박상궁역:김수진,선화당역:서윤아,장무영역:윤종석,애영역:오하늬,신이겸역:최규진,계환역:시은,달래역:신수연,장상궁역:이미은,유호준역:이윤건,이한종역:최무인,서장원역:이창직,기성군역:윤박"
20200617,tvN,124129,140022,아는건별로없지만가족입니다,,5회,전국,011853,드라마&영화,드라마,미니시리즈,0.1059,0,0.04406,0.27876,0.04979,0.31393,0.11457,0.45503,0,0.02902,0.54786,0.32724,0.51684,0.31836,"김은희역:한예리,박찬혁역:김지석,김은주역:추자현,김상식역:정진영,이진숙역:원미경,김지우역:신재하,임건주역:신동욱,윤태형역:김태훈,젊은상식역:한준우,젊은진숙역:조아영,유선일역:서상원,안효석역:이종원,서경옥역:가득희,윤서영역:혜정,전하라역:배윤경,유민우역:권율"
20200617,tvN,141912,153652,아는건별로없지만가족입니다,,6회,전국,011740,드라마&영화,드라마,미니시리즈,0,0.09964,0.85623,0.23552,0.27014,0.90142,0.59139,0.02488,0.0457,0.07371,0.66811,0.97246,0.93338,0.78383,"김은희역:한예리,박찬혁역:김지석,김은주역:추자현,김상식역:정진영,이진숙역:원미경,김지우역:신재하,임건주역:신동욱,윤태형역:김태훈,젊은상식역:한준우,젊은진숙역:조아영,유선일역:서상원,안효석역:이종원,서경옥역:가득희,윤서영역:혜정,전하라역:배윤경,유민우역:권율"
20200617,tvN,225158,240318,오마이베이비,,11회,전국,011120,드라마&영화,드라마,미니시리즈,0.03941,0.16857,0.45382,0.26191,0.34597,0.9124,0.11394,0.16398,0.2983,0.26769,0.88059,1.90838,1.16367,0.36268,"장하리역:장나라,한이상역:고준,윤재영역:박병은,최강으뜸역:정건주,이옥란역:김혜옥,남수철역:조희봉,김은영역:이미도,김철중역:유승목,주승태역:전진기,박연호역:백승희,최효주역:박수영,주선생역:문현정,심정화역:김재화,이소윤역:정라엘,이옥희역:김예령,박재한역:이한위,김상희역:손화령,순남역:이주실,조회장역:장광,조아저씨역:최홍일,강효주역:전혜빈"
20200617,국방TV,210036,212852,바람은불어도,,105회,전국,002816,드라마&영화,드라마,미니시리즈,0,0,0.00842,0.0048,0,0.01786,0.0039,0,0,0.00269,0,0.0026,0.02285,0.00286,"최수종,유호정,윤손하,송나영,송기윤,나문희"
20200617,국방TV,213033,215707,바람은불어도,,106회,전국,002634,드라마&영화,드라마,미니시리즈,0,0,0,0,0.01811,0,0,0,0,0,0,0,0,0,"최수종,유호정,윤손하,송나영,송기윤,나문희"
20200617,국방TV,240035,242852,바람은불어도,,105회,전국,002817,드라마&영화,드라마,미니시리즈,0,0,0,0.0101,0,0,0,0,0,0,0,0,0,0.00672,"최수종,유호정,윤손하,송나영,송기윤,나문희"
20200617,국방TV,243037,245711,바람은불어도,,106회,전국,002634,드라마&영화,드라마,미니시리즈,0,0,0,0,0,0.00725,0,0,0,0,0,0,0,0,"최수종,유호정,윤손하,송나영,송기윤,나문희"
20200617,국방TV,250019,252918,바람은불어도,,107회,전국,002859,드라마&영화,드라마,미니시리즈,0,0,0,0.02213,0,0,0.00415,0,0,0.03319,0,0,0,0.0057,"최수종,유호정,윤손하,송나영,송기윤,나문희"
20200617,국방TV,253026,255705,바람은불어도,,108회,전국,002639,드라마&영화,드라마,미니시리즈,0,0,0,0,0,0,0,0,0,0,0,0,0,0,"최수종,유호정,윤손하,송나영,송기윤,나문희"
20200617,AsiaUHD,030205,040327,삼총사,,3회,전국,010122,드라마&영화,드라마,주간연속극,0,0,0,0,0,0,0,0,0,0,0,0,0,0,"박달향역:정용화,소현세자역:이진욱,허승포역:양동근,안민서역:정해인,강빈역:서현진,미령역:유인영,김자점역:박영규,최명길역:전노민,용골대역:김성민,인조역:김명수,판쇠역:이켠,노수역:박성민,정명공주역:한민,마부대역:김서경,소현세자어린시절역:지은성"
20200617,AsiaUHD,043018,054024,삼총사,,4회,전국,011006,드라마&영화,드라마,주간연속극,0,0,0,0,0,0,0,0,0,0,0,0,0,0,"박달향역:정용화,소현세자역:이진욱,허승포역:양동근,안민서역:정해인,강빈역:서현진,미령역:유인영,김자점역:박영규,최명길역:전노민,용골대역:김성민,인조역:김명수,판쇠역:이켠,노수역:박성민,정명공주역:한민,마부대역:김서경,소현세자어린시절역:지은성"
20200617,CHING,020000,023821,이산,,17회,전국,003821,드라마&영화,드라마,주간연속극,0,0,0,0,0,0,0,0,0,0,0,0.01319,0,0,"정조이산역:이서진,성송연역:한지민,영조역:이순재,정순왕후역:김여진,화완옹주역:성현아,정후겸역:조연우,박대수역:이종수,효의왕후역:박은혜,혜경궁홍씨역:견미리,사도세자역:이창훈,홍국영역:한상진,최석주역:조경환,채제공역:한인수,정약용역:송창의,장태우역:이재용,민주식역:정호근,박제가역:정재곤,남사초역:맹상훈,박달호역:이희도,김정금상궁역:김소이,강미비상궁역:이숙,원빈홍씨역:지성원,화빈윤씨역:유연지,박영문역:신국,초비역:이도은,이천역:지상렬,탁지수역:유민혁,이산어린시절역:박지빈,성송연어린시절역:이한나,박대수어린시절역:권오민,정후겸어린시절역:이인성"
20200617,CHING,024737,035422,이산,,18회,전국,010645,드라마&영화,드라마,주간연속극,0,0.00613,0.01073,0,0,0.00624,0,0,0,0,0,0.17219,0.02878,0.00068,"정조이산역:이서진,성송연역:한지민,영조역:이순재,정순왕후역:김여진,화완옹주역:성현아,정후겸역:조연우,박대수역:이종수,효의왕후역:박은혜,혜경궁홍씨역:견미리,사도세자역:이창훈,홍국영역:한상진,최석주역:조경환,채제공역:한인수,정약용역:송창의,장태우역:이재용,민주식역:정호근,박제가역:정재곤,남사초역:맹상훈,박달호역:이희도,김정금상궁역:김소이,강미비상궁역:이숙,원빈홍씨역:지성원,화빈윤씨역:유연지,박영문역:신국,초비역:이도은,이천역:지상렬,탁지수역:유민혁,이산어린시절역:박지빈,성송연어린시절역:이한나,박대수어린시절역:권오민,정후겸어린시절역:이인성"
20200617,CHING,084300,095032,이산,,19회,전국,010732,드라마&영화,드라마,주간연속극,0,0,0,0.01091,0.00193,0.00134,0.06467,0,0,0,0.05344,0.00108,0.00939,0.00639,"정조이산역:이서진,성송연역:한지민,영조역:이순재,정순왕후역:김여진,화완옹주역:성현아,정후겸역:조연우,박대수역:이종수,효의왕후역:박은혜,혜경궁홍씨역:견미리,사도세자역:이창훈,홍국영역:한상진,최석주역:조경환,채제공역:한인수,정약용역:송창의,장태우역:이재용,민주식역:정호근,박제가역:정재곤,남사초역:맹상훈,박달호역:이희도,김정금상궁역:김소이,강미비상궁역:이숙,원빈홍씨역:지성원,화빈윤씨역:유연지,박영문역:신국,초비역:이도은,이천역:지상렬,탁지수역:유민혁,이산어린시절역:박지빈,성송연어린시절역:이한나,박대수어린시절역:권오민,정후겸어린시절역:이인성"
20200617,CHING,100348,110931,이산,,20회,전국,010543,드라마&영화,드라마,주간연속극,0,0,0,0,0.0546,0.00262,0.05401,0,0,0.00434,0,0,0.00225,0,"정조이산역:이서진,성송연역:한지민,영조역:이순재,정순왕후역:김여진,화완옹주역:성현아,정후겸역:조연우,박대수역:이종수,효의왕후역:박은혜,혜경궁홍씨역:견미리,사도세자역:이창훈,홍국영역:한상진,최석주역:조경환,채제공역:한인수,정약용역:송창의,장태우역:이재용,민주식역:정호근,박제가역:정재곤,남사초역:맹상훈,박달호역:이희도,김정금상궁역:김소이,강미비상궁역:이숙,원빈홍씨역:지성원,화빈윤씨역:유연지,박영문역:신국,초비역:이도은,이천역:지상렬,탁지수역:유민혁,이산어린시절역:박지빈,성송연어린시절역:이한나,박대수어린시절역:권오민,정후겸어린시절역:이인성"
20200617,CHING,144421,151318,인어아가씨,,89회,전국,002857,드라마&영화,드라마,주간연속극,0,0.43717,0,0,0,0.02443,0.08478,0,0,0.15391,0.10589,0.0217,0.07243,0.05187,"은아리영역:장서희,한경혜역:정영숙,은진섭역:박근형,심수정역:한혜숙,은예영역:우희진,이주왕역:김성민,이성수역:김병기,금옥선역:사미자,금실라역:김용림,조수아역:고두심,마마준역:정보석,마마린역:이재은"
20200617,CHING,151429,154408,인어아가씨,,90회,전국,002939,드라마&영화,드라마,주간연속극,0,0,0,0.0163,0,0,0.03918,0,0,0,0,0,0,0.04298,"은아리영역:장서희,한경혜역:정영숙,은진섭역:박근형,심수정역:한혜숙,은예영역:우희진,이주왕역:김성민,이성수역:김병기,금옥선역:사미자,금실라역:김용림,조수아역:고두심,마마준역:정보석,마마린역:이재은"
20200617,CHING,155550,162454,인어아가씨,,91회,전국,002904,드라마&영화,드라마,주간연속극,0,0,0,0,0,0,0,0,0,0,0.00408,0,0,0,"은아리영역:장서희,한경혜역:정영숙,은진섭역:박근형,심수정역:한혜숙,은예영역:우희진,이주왕역:김성민,이성수역:김병기,금옥선역:사미자,금실라역:김용림,조수아역:고두심,마마준역:정보석,마마린역:이재은"
20200617,CHING,162605,165539,인어아가씨,,92회,전국,002934,드라마&영화,드라마,주간연속극,0,0.05205,0.0115,0.02082,0,0.00765,0.01248,0.12987,0,0,0.02399,0,0.00758,0.02213,"은아리영역:장서희,한경혜역:정영숙,은진섭역:박근형,심수정역:한혜숙,은예영역:우희진,이주왕역:김성민,이성수역:김병기,금옥선역:사미자,금실라역:김용림,조수아역:고두심,마마준역:정보석,마마린역:이재은"
20200617,CHING,171111,181844,이산,,19회,전국,010733,드라마&영화,드라마,주간연속극,0,0.20916,0,0.01538,0.28914,0.01573,0.25964,0,0,0,0.28187,0.02529,0.00111,0.05311,"정조이산역:이서진,성송연역:한지민,영조역:이순재,정순왕후역:김여진,화완옹주역:성현아,정후겸역:조연우,박대수역:이종수,효의왕후역:박은혜,혜경궁홍씨역:견미리,사도세자역:이창훈,홍국영역:한상진,최석주역:조경환,채제공역:한인수,정약용역:송창의,장태우역:이재용,민주식역:정호근,박제가역:정재곤,남사초역:맹상훈,박달호역:이희도,김정금상궁역:김소이,강미비상궁역:이숙,원빈홍씨역:지성원,화빈윤씨역:유연지,박영문역:신국,초비역:이도은,이천역:지상렬,탁지수역:유민혁,이산어린시절역:박지빈,성송연어린시절역:이한나,박대수어린시절역:권오민,정후겸어린시절역:이인성"
20200617,CHING,183022,193605,이산,,20회,전국,010543,드라마&영화,드라마,주간연속극,0,0.02258,0,0.05188,0.04308,0.00966,0.1352,0,0,0.00564,0.05018,0.01092,0,0.00695,"정조이산역:이서진,성송연역:한지민,영조역:이순재,정순왕후역:김여진,화완옹주역:성현아,정후겸역:조연우,박대수역:이종수,효의왕후역:박은혜,혜경궁홍씨역:견미리,사도세자역:이창훈,홍국영역:한상진,최석주역:조경환,채제공역:한인수,정약용역:송창의,장태우역:이재용,민주식역:정호근,박제가역:정재곤,남사초역:맹상훈,박달호역:이희도,김정금상궁역:김소이,강미비상궁역:이숙,원빈홍씨역:지성원,화빈윤씨역:유연지,박영문역:신국,초비역:이도은,이천역:지상렬,탁지수역:유민혁,이산어린시절역:박지빈,성송연어린시절역:이한나,박대수어린시절역:권오민,정후겸어린시절역:이인성"
20200617,CHING,230423,233319,인어아가씨,,89회,전국,002856,드라마&영화,드라마,주간연속극,0,0,0,0,0,0,0.02791,0,0,0,0,0,0.0147,0,"은아리영역:장서희,한경혜역:정영숙,은진섭역:박근형,심수정역:한혜숙,은예영역:우희진,이주왕역:김성민,이성수역:김병기,금옥선역:사미자,금실라역:김용림,조수아역:고두심,마마준역:정보석,마마린역:이재은"
20200617,CHING,233431,240410,인어아가씨,,90회,전국,002939,드라마&영화,드라마,주간연속극,0,0,0,0,0.01624,0,0.07302,0,0,0,0,0,0.01483,0.00814,"은아리영역:장서희,한경혜역:정영숙,은진섭역:박근형,심수정역:한혜숙,은예영역:우희진,이주왕역:김성민,이성수역:김병기,금옥선역:사미자,금실라역:김용림,조수아역:고두심,마마준역:정보석,마마린역:이재은"
20200617,CHING,241421,244327,인어아가씨,,91회,전국,002906,드라마&영화,드라마,주간연속극,0,0,0,0,0,0,0.00559,0,0,0,0,0,0,0,"은아리영역:장서희,한경혜역:정영숙,은진섭역:박근형,심수정역:한혜숙,은예영역:우희진,이주왕역:김성민,이성수역:김병기,금옥선역:사미자,금실라역:김용림,조수아역:고두심,마마준역:정보석,마마린역:이재은"
20200617,CHING,244438,251411,인어아가씨,,92회,전국,002933,드라마&영화,드라마,주간연속극,0,0,0.00985,0,0,0.00904,0,0,0,0.00751,0,0,0,0,"은아리영역:장서희,한경혜역:정영숙,은진섭역:박근형,심수정역:한혜숙,은예영역:우희진,이주왕역:김성민,이성수역:김병기,금옥선역:사미자,금실라역:김용림,조수아역:고두심,마마준역:정보석,마마린역:이재은"
20200617,CHING,252626,255959,이산,,19회,전국,003333,드라마&영화,드라마,주간연속극,0.10433,0.13149,0,0.02182,0.04725,0.10018,0.08936,0.11454,0,0,0.22723,0.08809,0.01149,0.02728,"정조이산역:이서진,성송연역:한지민,영조역:이순재,정순왕후역:김여진,화완옹주역:성현아,정후겸역:조연우,박대수역:이종수,효의왕후역:박은혜,혜경궁홍씨역:견미리,사도세자역:이창훈,홍국영역:한상진,최석주역:조경환,채제공역:한인수,정약용역:송창의,장태우역:이재용,민주식역:정호근,박제가역:정재곤,남사초역:맹상훈,박달호역:이희도,김정금상궁역:김소이,강미비상궁역:이숙,원빈홍씨역:지성원,화빈윤씨역:유연지,박영문역:신국,초비역:이도은,이천역:지상렬,탁지수역:유민혁,이산어린시절역:박지빈,성송연어린시절역:이한나,박대수어린시절역:권오민,정후겸어린시절역:이인성"
20200617,CNTV,032343,035540,녹두꽃,,13회,전국,003157,드라마&영화,드라마,미니시리즈,0,0,0,0.09533,0,0,0.08051,0,0,0,0,0,0,0.18763,"백이강역:조정석,백이현역:윤시윤,송자인역:한예리,전봉준역:최무성,백가역:박혁권,최덕기역:김상호,황석주역:최원영,채씨역:황영희,백이화역:백은혜,유월이역:서영희,남서방역:정선철,최경선역:민성욱,해승역:안길강,버들이역:노행하,번개역:병헌,동록개역:정규수,김가역:박지환,김개남역:김정호,손화중역:홍우진,송희옥역:이태검,황명심역:박규영,홍가역:조희봉,억쇠역:조현식,철두역:김도연,박원명역:김하균,송봉길역:박지일,김당손역:문원주,김문현역:이순원,김학진역:남문철,홍계훈역:윤서현,이규태역:손우현,이두황역:서종봉,대원군역:전국환,민비역:김지현,고종역:이윤건,조병갑역:장광,이용태역:이정헌,최시형역:전무송,다케다요스케역:이기찬,김홍집역:황만익"
20200617,CNTV,035606,042308,녹두꽃,,14회,전국,002702,드라마&영화,드라마,미니시리즈,0,0,0,0,0,0.05134,0.11171,0,0,0,0,0,0.07437,0.15055,"백이강역:조정석,백이현역:윤시윤,송자인역:한예리,전봉준역:최무성,백가역:박혁권,최덕기역:김상호,황석주역:최원영,채씨역:황영희,백이화역:백은혜,유월이역:서영희,남서방역:정선철,최경선역:민성욱,해승역:안길강,버들이역:노행하,번개역:병헌,동록개역:정규수,김가역:박지환,김개남역:김정호,손화중역:홍우진,송희옥역:이태검,황명심역:박규영,홍가역:조희봉,억쇠역:조현식,철두역:김도연,박원명역:김하균,송봉길역:박지일,김당손역:문원주,김문현역:이순원,김학진역:남문철,홍계훈역:윤서현,이규태역:손우현,이두황역:서종봉,대원군역:전국환,민비역:김지현,고종역:이윤건,조병갑역:장광,이용태역:이정헌,최시형역:전무송,다케다요스케역:이기찬,김홍집역:황만익"
20200617,CNTV,060618,065824,용의눈물,,79회,전국,005206,드라마&영화,드라마,주간연속극,0,0,0,0,0,0.00133,0.09066,0,0,0,0,0.27998,0.00549,0.07704,"유동근,최명길,이민우,안재모,김무생,김혜리"
20200617,CNTV,071037,080839,용의눈물,,80회,전국,005802,드라마&영화,드라마,주간연속극,0.0034,0,0,0.02499,0.05058,0.04133,0.22015,0.00373,0.05371,0.01845,0.1261,0.04742,0.00787,0.22123,"유동근,최명길,이민우,안재모,김무생,김혜리"
20200617,CNTV,092929,103255,자이언트,,44회,전국,010326,드라마&영화,드라마,주간연속극,0,0.0421,0.0166,0.0277,0.34768,0.03081,0.13157,0.38687,0.20511,0,0.0029,0.11262,0.00813,0.12915,"이강모역:이범수,황정연역:박진희,조민우역:주상욱,이성모역:박상민,이미주역:황정음,조필연역:정보석,황태섭역:이덕화,박소태역:이문식,유경옥역:김서형,염재수역:유형관,황정식역:김정현,한명석역:이효정,오병탁역:김학철,이성모어린시절역:김수현,조민우어린시절역:노영학,이미주어린시절역:박하영,황정연어린시절역:남지현,이강모어린시절역:여진구,민홍기역:이기영,백파역:임혁,말죽거리파두목역:최민,홍기표역:손병호,염시덕역:신승환,이복자역:한경선,염경자역:최하나,남영출역:송경철,오남숙역:문희경,주영국역:장순국,문성중역:이승형,양명자역:홍여진,고재춘역:윤용현,유찬성역:황택하,윤기훈역:임종윤,지연수역:유호린,천수연역:한다민,차부철역:김성오"
20200617,CNTV,104944,115011,야인시대,,48회,전국,010027,드라마&영화,드라마,주간연속극,0,0,0.00339,0.03365,0.28922,0.14481,0.19425,0,0,0,0,0,0.10809,0.19986,"청년김두한역:안재모,소년김두한역:곽정욱,장년김두한역:김영철,장년정진영역:차광수,구마적역:이원종,쌍칼역:박준규,김무옥역:이혁재,문영철역:장세진,장년개코역:성동일,신마적역:최철호,하야시역:이창훈,가미소리역:이상인,시바루역:이세창,나미꼬역:이세은,시라소니역:조상구,최동열역:정동환,미와역:이재용,마루오까역:최재성,설향역:허영란,애란역:조여정,정운경역:심형탁,김좌진역:최동준,오숙근역:이덕희,박계숙역:전미선,원노인역:이순재,유진산역:이효정,이정재역:김영호,조병옥역:김학철,이화룡역:안승훈,청년개코역:이동훈,신영균역:윤용현,청년정진영역:김정민,김영태역:박영록,박인애역:정소영,이영숙역:이일화,김두한어린시절역:곽정욱"
20200617,CNTV,121034,130226,광개토태왕,,81회,전국,005152,드라마&영화,드라마,주말연속극,0.0473,0,0,0,0.35106,0.27821,0.76222,0.26425,0.02252,0,0,0.00876,0.27848,0.59027,"담덕역:이태곤,고운역:김승수,모용보역:임호,도영역:오지은,연살타역:홍경인,약연역:이인혜,고무역:김진태,고창역:남성진,모두영역:이원발,모두루역:임대호,모용수역:김동현,풍발역:정호근,개연수역:최동준,가라지역:오욱철,연도부역:반석진,계필역:선동혁,이영역:최상훈,담망역:정태우,이련역:송용태,고야역:이보희,담주역:조안,설도안역:김규철,설지역:김정화,마수역:고인범,여소이역:임병기,돌비수역:김정현,갈사무역:강신조,도광역:박승호,소모역:강지후,여문역:나주석,모용희역:조인표,거보역:김덕현,무갑역:유종근,여석개역:방형주,황회역:김명수,원봉역:박유승,하무지역:윤승원,사갈현역:김철기,아신역:박정철"
20200617,CNTV,131955,141241,용의눈물,,79회,전국,005246,드라마&영화,드라마,주간연속극,0.02631,0,0,0.00912,0,0.16371,0.59148,0.02441,0,0,0.02328,0.00625,0.00088,0.48195,"유동근,최명길,이민우,안재모,김무생,김혜리"
20200617,CNTV,143346,153204,용의눈물,,80회,전국,005818,드라마&영화,드라마,주간연속극,0.13646,0.00538,0,0.14021,0.0877,0.16225,0.46164,0.00373,0.00416,0.07479,0.16426,0.05224,0.29998,0.217,"유동근,최명길,이민우,안재모,김무생,김혜리"
20200617,CNTV,155506,165903,자이언트,,44회,전국,010357,드라마&영화,드라마,주간연속극,0,0,0.00719,0.04302,0.08225,0.01143,0.49142,0.04042,0,0,0.09838,0.01334,0.00919,0.16164,"이강모역:이범수,황정연역:박진희,조민우역:주상욱,이성모역:박상민,이미주역:황정음,조필연역:정보석,황태섭역:이덕화,박소태역:이문식,유경옥역:김서형,염재수역:유형관,황정식역:김정현,한명석역:이효정,오병탁역:김학철,이성모어린시절역:김수현,조민우어린시절역:노영학,이미주어린시절역:박하영,황정연어린시절역:남지현,이강모어린시절역:여진구,민홍기역:이기영,백파역:임혁,말죽거리파두목역:최민,홍기표역:손병호,염시덕역:신승환,이복자역:한경선,염경자역:최하나,남영출역:송경철,오남숙역:문희경,주영국역:장순국,문성중역:이승형,양명자역:홍여진,고재춘역:윤용현,유찬성역:황택하,윤기훈역:임종윤,지연수역:유호린,천수연역:한다민,차부철역:김성오"
20200617,CNTV,171527,181553,야인시대,,48회,전국,010026,드라마&영화,드라마,주간연속극,0,0,0.14474,0,0.0451,0.06491,0.54231,0,0,0,0.00871,0,0.15449,0.21191,"청년김두한역:안재모,소년김두한역:곽정욱,장년김두한역:김영철,장년정진영역:차광수,구마적역:이원종,쌍칼역:박준규,김무옥역:이혁재,문영철역:장세진,장년개코역:성동일,신마적역:최철호,하야시역:이창훈,가미소리역:이상인,시바루역:이세창,나미꼬역:이세은,시라소니역:조상구,최동열역:정동환,미와역:이재용,마루오까역:최재성,설향역:허영란,애란역:조여정,정운경역:심형탁,김좌진역:최동준,오숙근역:이덕희,박계숙역:전미선,원노인역:이순재,유진산역:이효정,이정재역:김영호,조병옥역:김학철,이화룡역:안승훈,청년개코역:이동훈,신영균역:윤용현,청년정진영역:김정민,김영태역:박영록,박인애역:정소영,이영숙역:이일화,김두한어린시절역:곽정욱"
20200617,CNTV,183318,192510,광개토태왕,,81회,전국,005152,드라마&영화,드라마,주말연속극,0,0.02946,0.01579,0.02651,0.16391,0.1804,0.37164,0,0.06406,0,0,0.0974,0.05707,0.21862,"담덕역:이태곤,고운역:김승수,모용보역:임호,도영역:오지은,연살타역:홍경인,약연역:이인혜,고무역:김진태,고창역:남성진,모두영역:이원발,모두루역:임대호,모용수역:김동현,풍발역:정호근,개연수역:최동준,가라지역:오욱철,연도부역:반석진,계필역:선동혁,이영역:최상훈,담망역:정태우,이련역:송용태,고야역:이보희,담주역:조안,설도안역:김규철,설지역:김정화,마수역:고인범,여소이역:임병기,돌비수역:김정현,갈사무역:강신조,도광역:박승호,소모역:강지후,여문역:나주석,모용희역:조인표,거보역:김덕현,무갑역:유종근,여석개역:방형주,황회역:김명수,원봉역:박유승,하무지역:윤승원,사갈현역:김철기,아신역:박정철"
20200617,CNTV,194400,203630,용의눈물,,79회,전국,005230,드라마&영화,드라마,주간연속극,0,0.13372,0.00799,0,0.0122,0.02166,0.29981,0.33353,0,0.04728,0.0122,0.02131,0.0165,0.13961,"유동근,최명길,이민우,안재모,김무생,김혜리"
20200617,CNTV,205612,215430,용의눈물,,80회,전국,005818,드라마&영화,드라마,주간연속극,0.05776,0.1244,0,0.02517,0.04412,0.15675,0.20635,0,0.01298,0,0.07357,0.07103,0.12459,0.27207,"유동근,최명길,이민우,안재모,김무생,김혜리"
20200617,CNTV,220728,231110,자이언트,,44회,전국,010342,드라마&영화,드라마,주간연속극,0,0,0.02579,0.00141,0.00468,0.07147,0.10821,0,0,0,0.08029,0.33808,0.02934,0.13601,"이강모역:이범수,황정연역:박진희,조민우역:주상욱,이성모역:박상민,이미주역:황정음,조필연역:정보석,황태섭역:이덕화,박소태역:이문식,유경옥역:김서형,염재수역:유형관,황정식역:김정현,한명석역:이효정,오병탁역:김학철,이성모어린시절역:김수현,조민우어린시절역:노영학,이미주어린시절역:박하영,황정연어린시절역:남지현,이강모어린시절역:여진구,민홍기역:이기영,백파역:임혁,말죽거리파두목역:최민,홍기표역:손병호,염시덕역:신승환,이복자역:한경선,염경자역:최하나,남영출역:송경철,오남숙역:문희경,주영국역:장순국,문성중역:이승형,양명자역:홍여진,고재춘역:윤용현,유찬성역:황택하,윤기훈역:임종윤,지연수역:유호린,천수연역:한다민,차부철역:김성오"
20200617,CNTV,232454,242520,야인시대,,48회,전국,010026,드라마&영화,드라마,주간연속극,0,0,0,0.03751,0.06193,0.03054,0.13748,0.04224,0,0,0.03824,0.06742,0.01632,0.17552,"청년김두한역:안재모,소년김두한역:곽정욱,장년김두한역:김영철,장년정진영역:차광수,구마적역:이원종,쌍칼역:박준규,김무옥역:이혁재,문영철역:장세진,장년개코역:성동일,신마적역:최철호,하야시역:이창훈,가미소리역:이상인,시바루역:이세창,나미꼬역:이세은,시라소니역:조상구,최동열역:정동환,미와역:이재용,마루오까역:최재성,설향역:허영란,애란역:조여정,정운경역:심형탁,김좌진역:최동준,오숙근역:이덕희,박계숙역:전미선,원노인역:이순재,유진산역:이효정,이정재역:김영호,조병옥역:김학철,이화룡역:안승훈,청년개코역:이동훈,신영균역:윤용현,청년정진영역:김정민,김영태역:박영록,박인애역:정소영,이영숙역:이일화,김두한어린시절역:곽정욱"
20200617,CNTV,243533,252725,광개토태왕,,81회,전국,005152,드라마&영화,드라마,주말연속극,0,0,0,0.16915,0.18607,0.01026,0.17987,0,0,0,0,0.12019,0.0072,0.20322,"담덕역:이태곤,고운역:김승수,모용보역:임호,도영역:오지은,연살타역:홍경인,약연역:이인혜,고무역:김진태,고창역:남성진,모두영역:이원발,모두루역:임대호,모용수역:김동현,풍발역:정호근,개연수역:최동준,가라지역:오욱철,연도부역:반석진,계필역:선동혁,이영역:최상훈,담망역:정태우,이련역:송용태,고야역:이보희,담주역:조안,설도안역:김규철,설지역:김정화,마수역:고인범,여소이역:임병기,돌비수역:김정현,갈사무역:강신조,도광역:박승호,소모역:강지후,여문역:나주석,모용희역:조인표,거보역:김덕현,무갑역:유종근,여석개역:방형주,황회역:김명수,원봉역:박유승,하무지역:윤승원,사갈현역:김철기,아신역:박정철"
20200617,DRAMAcube,050318,060330,시크릿부티크,,15회,전국,010012,드라마&영화,드라마,미니시리즈,0,0.08187,0.04999,0,0,0.02224,0.0337,0,0,0,0,0.05101,0.01734,0.03162,"제니장역:김선아,김여옥역:장미희,위예남역:박희본,이현지역:고민시,윤선우역:김재영,위정혁역:김태훈,위예은역:류원,차승재역:류승수,황집사역:한정수,미세스왕역:김영아,위동섭역:여무영,운산스님역:박병호,도준섭역:김법래,오태석역:주석태,이주호역:장률,박주현역:장영남,김미진역:윤지인,예준역:최동화,조양오역:임철형,이상훈역:정욱진,윤혜라역:송지우,장도윤역:박재준,우선정역:박성연,어린도영역:박서경,18세도영역:정다은,18세예남역:조민아,20세정혁역:김성현,어린선우역:이시우"
20200617,DRAMAcube,060723,070733,배가본드,,8회,전국,010010,드라마&영화,드라마,미니시리즈,0.06,0.03217,0,0.0198,0.0176,0.00204,0.0206,0,0,0,0,0.01724,0,0.01546,"차달건역:이승기,고해리역:배수지,기태웅역:신성록,제시카리역:문정희,정국표역:백윤식,홍순조역:문성근,에드워드박역:이경영,강주철역:이기영,윤한기역:김민종,민재식역:정만식,공화숙역:황보라,박만영역:최광일,안기동역:김종수,김세훈역:신승환,한기수역:김민서,미키역:류원,홍승범역:김정현,릴리역:박아인,박광덕역:고규필,제롬역:유태오,김우기역:장혁진,오상미역:강경헌,김도수역:최대철"
20200617,DRAMAcube,081555,092208,야식남녀,,6회,전국,010613,드라마&영화,드라마,미니시리즈,0,0,0,0.00428,0,0.13133,0.00579,0,0,0,0,0.00255,0.00106,0.00663,"박진성역:정일우,김아진역:강지영,강태완역:이학주,이상영역:김승수,차주희역:김수진,남규장역:양대혁,유성은역:공민정,노재수역:박성준,박진우역:최재현"
20200617,DRAMAcube,193550,204454,굿캐스팅,,14회,전국,010904,드라마&영화,드라마,미니시리즈,0,0.02142,0,0,0.00573,0.16679,0.06639,0,0.00681,0.03941,0,0.24403,0.24672,0.02725,"백찬미역:최강희,윤석호역:이상엽,임예은역:유인영,황미순역:김지영,강우원역:이준영,동관수역:이종혁,서국환역:정인기,배무혁역:박경순,간태희역:황보미,명계철역:우현,탁상기역:이상훈,옥철역:김용희,변우석역:허재호,구비서역:한수진,설영훈역:조영훈,심화란역:차수연,남봉만역:이승형,남주연역:김보윤,피철웅역:배진웅,권민석역:성혁,권소희역:노하연"
20200617,DramaH,100435,110807,바람과구름과비,,8회,전국,010332,드라마&영화,드라마,미니시리즈,0,0,0.02191,0.07286,0.00747,0.31379,0.28707,0.0308,0.00854,0.03347,0.08631,0.00831,0.34154,0.30323,"최천중역:박시후,봉련역:고성희,흥선대원군이하응역:전광렬,채인규역:성혁,김병운역:김승수,김좌근역:차광수,나합역:윤아정,김병학역:한재영,조대비역:김보연,철종역:정욱,이하전역:이루,명성황후민자영역:박정연,고종이재황역:박상훈,용팔룡역:조복래,주모역:김주령,적도사진상역:한동규,팽구철역:노형욱,만석역:박노식,연치성역:임현수,반달역:왕빛나,임종사관역:허태희,최천중어린시절역:강태우,봉련어린시절역:홍승희,채인규어린시절역:최정우,상복역:허성태,민승호역:이해우,저자이병주,출판그림같은세상2020.08.28.,e북무료판매처 1건"
20200617,DramaH,112758,123015,바람과구름과비,,9회,전국,010217,드라마&영화,드라마,미니시리즈,0,0,0.00326,0.05881,0,0.31667,0.65119,0.60507,0,0,0.20543,0.23643,0.43514,0.64332,"최천중역:박시후,봉련역:고성희,흥선대원군이하응역:전광렬,채인규역:성혁,김병운역:김승수,김좌근역:차광수,나합역:윤아정,김병학역:한재영,조대비역:김보연,철종역:정욱,이하전역:이루,명성황후민자영역:박정연,고종이재황역:박상훈,용팔룡역:조복래,주모역:김주령,적도사진상역:한동규,팽구철역:노형욱,만석역:박노식,연치성역:임현수,반달역:왕빛나,임종사관역:허태희,최천중어린시절역:강태우,봉련어린시절역:홍승희,채인규어린시절역:최정우,상복역:허성태,민승호역:이해우,저자이병주,출판그림같은세상2020.08.28.,e북무료판매처 1건"
20200617,DramaH,160026,170358,바람과구름과비,,8회,전국,010332,드라마&영화,드라마,미니시리즈,0,0,0,0.01811,0,0.05404,0.31877,0,0,0.0335,0,0,0.08262,0.24873,"최천중역:박시후,봉련역:고성희,흥선대원군이하응역:전광렬,채인규역:성혁,김병운역:김승수,김좌근역:차광수,나합역:윤아정,김병학역:한재영,조대비역:김보연,철종역:정욱,이하전역:이루,명성황후민자영역:박정연,고종이재황역:박상훈,용팔룡역:조복래,주모역:김주령,적도사진상역:한동규,팽구철역:노형욱,만석역:박노식,연치성역:임현수,반달역:왕빛나,임종사관역:허태희,최천중어린시절역:강태우,봉련어린시절역:홍승희,채인규어린시절역:최정우,상복역:허성태,민승호역:이해우,저자이병주,출판그림같은세상2020.08.28.,e북무료판매처 1건"
20200617,DramaH,172617,182819,바람과구름과비,,9회,전국,010202,드라마&영화,드라마,미니시리즈,0,0,0.04715,0,0,0.2556,0.11951,0,0,0.04998,0,0.00534,0.35578,0.33888,"최천중역:박시후,봉련역:고성희,흥선대원군이하응역:전광렬,채인규역:성혁,김병운역:김승수,김좌근역:차광수,나합역:윤아정,김병학역:한재영,조대비역:김보연,철종역:정욱,이하전역:이루,명성황후민자영역:박정연,고종이재황역:박상훈,용팔룡역:조복래,주모역:김주령,적도사진상역:한동규,팽구철역:노형욱,만석역:박노식,연치성역:임현수,반달역:왕빛나,임종사관역:허태희,최천중어린시절역:강태우,봉련어린시절역:홍승희,채인규어린시절역:최정우,상복역:허성태,민승호역:이해우,저자이병주,출판그림같은세상2020.08.28.,e북무료판매처 1건"
20200617,DramaH,230449,241101,번외수사,,5회,전국,010612,드라마&영화,드라마,미니시리즈,0,0,0,0.0276,0.11664,0.12876,0,0,0,0,0.02653,0,0,0.0448,"진강호역:차태현,강무영역:이선빈,이반석역:정상훈,테디정역:윤경호,탁원역:지승현,민대진역:박정우,맨손역:박태산,연장역:장진희,지수철역:이영석,노순이역:민경옥"
20200617,DramaH,243024,253041,번외수사,,6회,전국,010017,드라마&영화,드라마,미니시리즈,0,0,0.01014,0.00729,0,0.01357,0.01167,0,0,0.01323,0,0.00443,0.06911,0.00584,"진강호역:차태현,강무영역:이선빈,이반석역:정상훈,테디정역:윤경호,탁원역:지승현,민대진역:박정우,맨손역:박태산,연장역:장진희,지수철역:이영석,노순이역:민경옥"
20200617,Dramax,113230,124510,낭만닥터김사부2,,2회,전국,011240,드라마&영화,드라마,미니시리즈,0.49608,0.02645,0.07668,0,0.27806,0.09256,0.0853,0,0.00614,0.11353,0.11702,0.00888,0.08153,0.09458,"김사부역:한석규,서우진역:안효섭,차은재역:이성경,박민국역:김주헌,배문정역:신동욱,윤아름역:소주연,정인수역:윤나무,여운영역:김홍파,오명심역:진경,장기태역:임원희,남도일역:변우민,박은탁역:김민재,양호준역:고상호,심혜진역:박효주,허영규역:배명진,도윤완역:최진호,엄현정역:정지안,주영미역:윤보라,주지배인역:서영"
20200617,Dramax,125747,140201,낭만닥터김사부2,,3회,전국,010414,드라마&영화,드라마,미니시리즈,0,0,0.12857,0.00614,0.01077,0.15494,0.11279,0,0,0.27224,0.15271,0.33455,0.19142,0.25146,"김사부역:한석규,서우진역:안효섭,차은재역:이성경,박민국역:김주헌,배문정역:신동욱,윤아름역:소주연,정인수역:윤나무,여운영역:김홍파,오명심역:진경,장기태역:임원희,남도일역:변우민,박은탁역:김민재,양호준역:고상호,심혜진역:박효주,허영규역:배명진,도윤완역:최진호,엄현정역:정지안,주영미역:윤보라,주지배인역:서영"
20200617,FX,041841,051625,야인시대,,103회,전국,005744,드라마&영화,드라마,주간연속극,0.15032,0,0,0.0441,0,0,0,0,0,0,0.03322,0,0,0,"청년김두한역:안재모,소년김두한역:곽정욱,장년김두한역:김영철,장년정진영역:차광수,구마적역:이원종,쌍칼역:박준규,김무옥역:이혁재,문영철역:장세진,장년개코역:성동일,신마적역:최철호,하야시역:이창훈,가미소리역:이상인,시바루역:이세창,나미꼬역:이세은,시라소니역:조상구,최동열역:정동환,미와역:이재용,마루오까역:최재성,설향역:허영란,애란역:조여정,정운경역:심형탁,김좌진역:최동준,오숙근역:이덕희,박계숙역:전미선,원노인역:이순재,유진산역:이효정,이정재역:김영호,조병옥역:김학철,이화룡역:안승훈,청년개코역:이동훈,신영균역:윤용현,청년정진영역:김정민,김영태역:박영록,박인애역:정소영,이영숙역:이일화,김두한어린시절역:곽정욱"
20200617,FX,085056,094030,허준,,39회,전국,004934,드라마&영화,드라마,주간연속극,0,0.00474,0,0.02384,0,0.04444,0.01825,0,0,0,0.02261,0.04359,0.00273,0.04057,"허준역:전광렬,유의태역:이순재,유도지역:김병세,예진역:황수정,임오근역:임현식,구일서역:이희도"
20200617,FX,095637,104746,허준,,40회,전국,005109,드라마&영화,드라마,주간연속극,0,0,0,0,0,0,0,0,0,0,0,0,0,0.00057,"허준역:전광렬,유의태역:이순재,유도지역:김병세,예진역:황수정,임오근역:임현식,구일서역:이희도"
20200617,FX,163629,174616,간택여인들의전쟁,,11회,전국,010947,드라마&영화,드라마,미니시리즈,0,0,0,0.00523,0.00287,0.16998,0.00158,0,0,0,0,0.00717,0,0.03404,"강은보역:진세연,이경역:김민규,이재화역:도상우,조영지역:이열음,왈역:이시언,김송이역:이화겸,대왕대비역:정애리,대비역:조은숙,조흥견역:이재용,김만찬역:손병호,용호역:이주진"
20200617,FX,175807,185649,야인시대,,103회,전국,005842,드라마&영화,드라마,주간연속극,0,0,0.03404,0,0,0.00497,0.01927,0,0,0,0,0,0.00573,0.02228,"청년김두한역:안재모,소년김두한역:곽정욱,장년김두한역:김영철,장년정진영역:차광수,구마적역:이원종,쌍칼역:박준규,김무옥역:이혁재,문영철역:장세진,장년개코역:성동일,신마적역:최철호,하야시역:이창훈,가미소리역:이상인,시바루역:이세창,나미꼬역:이세은,시라소니역:조상구,최동열역:정동환,미와역:이재용,마루오까역:최재성,설향역:허영란,애란역:조여정,정운경역:심형탁,김좌진역:최동준,오숙근역:이덕희,박계숙역:전미선,원노인역:이순재,유진산역:이효정,이정재역:김영호,조병옥역:김학철,이화룡역:안승훈,청년개코역:이동훈,신영균역:윤용현,청년정진영역:김정민,김영태역:박영록,박인애역:정소영,이영숙역:이일화,김두한어린시절역:곽정욱"
20200617,FX,201123,212109,간택여인들의전쟁,,11회,전국,010946,드라마&영화,드라마,미니시리즈,0,0,0,0,0,0.10073,0,0,0,0,0,0,0,0,"강은보역:진세연,이경역:김민규,이재화역:도상우,조영지역:이열음,왈역:이시언,김송이역:이화겸,대왕대비역:정애리,대비역:조은숙,조흥견역:이재용,김만찬역:손병호,용호역:이주진"
20200617,FX,213641,224555,간택여인들의전쟁,,12회,전국,010914,드라마&영화,드라마,미니시리즈,0,0,0,0.01063,0,0.22034,0.00062,0,0,0,0.01029,0,0,0.00038,"강은보역:진세연,이경역:김민규,이재화역:도상우,조영지역:이열음,왈역:이시언,김송이역:이화겸,대왕대비역:정애리,대비역:조은숙,조흥견역:이재용,김만찬역:손병호,용호역:이주진"
20200617,FX,242908,252750,야인시대,,103회,전국,005842,드라마&영화,드라마,주간연속극,0,0,0,0,0,0.00464,0.038,0,0,0,0,0,0.00427,0.04136,"청년김두한역:안재모,소년김두한역:곽정욱,장년김두한역:김영철,장년정진영역:차광수,구마적역:이원종,쌍칼역:박준규,김무옥역:이혁재,문영철역:장세진,장년개코역:성동일,신마적역:최철호,하야시역:이창훈,가미소리역:이상인,시바루역:이세창,나미꼬역:이세은,시라소니역:조상구,최동열역:정동환,미와역:이재용,마루오까역:최재성,설향역:허영란,애란역:조여정,정운경역:심형탁,김좌진역:최동준,오숙근역:이덕희,박계숙역:전미선,원노인역:이순재,유진산역:이효정,이정재역:김영호,조병옥역:김학철,이화룡역:안승훈,청년개코역:이동훈,신영균역:윤용현,청년정진영역:김정민,김영태역:박영록,박인애역:정소영,이영숙역:이일화,김두한어린시절역:곽정욱"
20200617,JTBC2,020636,032902,부부의세계,,4회,전국,012226,드라마&영화,드라마,미니시리즈,0,0,0,0.04316,0.06811,0.00663,0.15072,0,0.01269,0,0,0.08484,0.05216,0.15765,"지선우역:김희애,이태오역:박해준,여다경역:한소희,고예림역:박선영,손제혁역:김영민,설명숙역:채국희,여병규역:이경영,엄효정역:김선경,이준영역:전진서,민현서역:심은우,박인규역:이학주,마강석역:박충선,공지철역:정재성,김윤기역:이무생,하동식역:김종태,윤노을역:신수연,차해강역:정준원,최회장아내역:서이숙,공지철아내역:박미현,차도철아내역:윤인조"
20200617,JTBC2,034253,044605,야식남녀,,7회,전국,010312,드라마&영화,드라마,미니시리즈,0,0,0.00672,0,0,0.17306,0.00097,0,0,0,0.2253,0.00554,0.21337,0.00711,"박진성역:정일우,김아진역:강지영,강태완역:이학주,이상영역:김승수,차주희역:김수진,남규장역:양대혁,유성은역:공민정,노재수역:박성준,박진우역:최재현"
20200617,JTBC2,045423,055723,야식남녀,,8회,전국,010300,드라마&영화,드라마,미니시리즈,0,0,0.00496,0.00767,0,0.01793,0.11121,0,0,0.03252,0.13254,0,0.01083,0.07675,"박진성역:정일우,김아진역:강지영,강태완역:이학주,이상영역:김승수,차주희역:김수진,남규장역:양대혁,유성은역:공민정,노재수역:박성준,박진우역:최재현"
20200617,JTBC2,060947,074405,부부의세계,,15회,전국,013418,드라마&영화,드라마,미니시리즈,0,0,0.01949,0,0.00801,0.0206,0.07435,0.01376,0,0.00569,0.1445,0.0122,0.01246,0.05816,"지선우역:김희애,이태오역:박해준,여다경역:한소희,고예림역:박선영,손제혁역:김영민,설명숙역:채국희,여병규역:이경영,엄효정역:김선경,이준영역:전진서,민현서역:심은우,박인규역:이학주,마강석역:박충선,공지철역:정재성,김윤기역:이무생,하동식역:김종태,윤노을역:신수연,차해강역:정준원,최회장아내역:서이숙,공지철아내역:박미현,차도철아내역:윤인조"
20200617,JTBC2,075651,091859,부부의세계,,16회,전국,012208,드라마&영화,드라마,미니시리즈,0,0.01381,0.00496,0.02618,0,0.00221,0.08733,0.11427,0.02692,0.10219,0.07311,0.04366,0.13378,0.05886,"지선우역:김희애,이태오역:박해준,여다경역:한소희,고예림역:박선영,손제혁역:김영민,설명숙역:채국희,여병규역:이경영,엄효정역:김선경,이준영역:전진서,민현서역:심은우,박인규역:이학주,마강석역:박충선,공지철역:정재성,김윤기역:이무생,하동식역:김종태,윤노을역:신수연,차해강역:정준원,최회장아내역:서이숙,공지철아내역:박미현,차도철아내역:윤인조"
20200617,JTBC2,225324,235857,쌍갑포차,,8회,전국,010533,드라마&영화,드라마,미니시리즈,0,0.03938,0.06468,0.20048,0.0356,0.03762,0.42142,0.03126,0.0067,0.38763,0.01128,0.72707,0.04647,0.45987,"월주역:황정음,한강배역:육성재,귀반장역:최원영,염부장역:이준혁,강여린역:정다은,최진동역:안태환,송미란역:박하나,박대리역:박주형,김원형역:나인우"
20200617,JTBC2,241138,252046,쌍갑포차,,9회,전국,010908,드라마&영화,드라마,미니시리즈,0,0.31215,0.07198,0.08797,0.26957,0.12407,0.24464,0,0,0.28159,0.25999,1.32813,0.15823,0.44073,"월주역:황정음,한강배역:육성재,귀반장역:최원영,염부장역:이준혁,강여린역:정다은,최진동역:안태환,송미란역:박하나,박대리역:박주형,김원형역:나인우"
20200617,JTBC2,253522,255959,쌍갑포차,,9회,전국,002437,드라마&영화,드라마,미니시리즈,0.56951,0.19977,0,0.17852,0,0.005,0.07836,0,0,0.3406,0,0.74734,0.08845,0.21751,"월주역:황정음,한강배역:육성재,귀반장역:최원영,염부장역:이준혁,강여린역:정다은,최진동역:안태환,송미란역:박하나,박대리역:박주형,김원형역:나인우"
20200617,KBS DRAMA,044806,051551,기막힌유산,,41회,전국,002745,드라마&영화,드라마,일일연속극,0.15991,0.34941,0,0.13247,0.26858,0.02277,0.0675,0,0.04716,0,0.09115,0.32266,0.42111,0.11887,"부영배역:박인환,공계옥역:강세정,부설악역:신정윤,부백두역:강신조,윤민주역:이아현,부금강역:남성진,신애리역:김가연,정미희역:박순천,김용미역:이응경,부한라역:박신우,성판금역:조양자,부가온역:김비주,부태희역:김연지,부혜교역:김효경,부지현역:강유라,공소영역:김난주,이장원역:이일준,김수민역:조서후,김종두역:이춘식,차정건역:조순창,이청아역:정서하,손보미역:박민지,김영지역:주민하,강선희역:박현정,천호식역:백신,이정태역:노상보,고향숙역:박소정"
20200617,KBS DRAMA,051559,054325,기막힌유산,,42회,전국,002726,드라마&영화,드라마,일일연속극,0,0.31215,0,0,0.34117,0.00172,0.03284,0,0,0,0.31877,0.30984,0.46707,0.09717,"부영배역:박인환,공계옥역:강세정,부설악역:신정윤,부백두역:강신조,윤민주역:이아현,부금강역:남성진,신애리역:김가연,정미희역:박순천,김용미역:이응경,부한라역:박신우,성판금역:조양자,부가온역:김비주,부태희역:김연지,부혜교역:김효경,부지현역:강유라,공소영역:김난주,이장원역:이일준,김수민역:조서후,김종두역:이춘식,차정건역:조순창,이청아역:정서하,손보미역:박민지,김영지역:주민하,강선희역:박현정,천호식역:백신,이정태역:노상보,고향숙역:박소정"
20200617,KBS DRAMA,054712,062116,위험한약속,,49회,전국,003404,드라마&영화,드라마,일일연속극,0.20506,0.10099,0.03359,0.16557,0.2264,0.13643,0.24132,0,0,0.33389,0.39583,0.09159,0.64867,0.3954,"차은동역:박하나,강태인역:고세원,최준혁역:강성민,오혜원역:박영린,한지훈역:이창욱,차만종역:이대연,차은찬역:유준서,공영심역:유지연,봉석구역:현우섭,강일섭역:강신일,연두심역:이칸희,한광훈역:길용우,한서주역:김혜지,최명희역:김나운,고재숙역:윤복인,최영국역:송민형,민주란역:오영실,최준경역:이효나,이창욱역:김정운"
20200617,KBS DRAMA,062124,065516,위험한약속,,50회,전국,003352,드라마&영화,드라마,일일연속극,0.41012,0.01271,0.05504,0.32773,0.15487,0.16289,0.34341,0,0,0.47027,0.47288,0.00938,0.35193,0.61256,"차은동역:박하나,강태인역:고세원,최준혁역:강성민,오혜원역:박영린,한지훈역:이창욱,차만종역:이대연,차은찬역:유준서,공영심역:유지연,봉석구역:현우섭,강일섭역:강신일,연두심역:이칸희,한광훈역:길용우,한서주역:김혜지,최명희역:김나운,고재숙역:윤복인,최영국역:송민형,민주란역:오영실,최준경역:이효나,이창욱역:김정운"
20200617,KBS DRAMA,070627,074027,위험한약속,,51회,전국,003400,드라마&영화,드라마,일일연속극,0,0,0.04199,0.19043,0.1577,0.28852,0.24577,0,0,0.44323,0.3094,0.01191,0.44248,0.82786,"차은동역:박하나,강태인역:고세원,최준혁역:강성민,오혜원역:박영린,한지훈역:이창욱,차만종역:이대연,차은찬역:유준서,공영심역:유지연,봉석구역:현우섭,강일섭역:강신일,연두심역:이칸희,한광훈역:길용우,한서주역:김혜지,최명희역:김나운,고재숙역:윤복인,최영국역:송민형,민주란역:오영실,최준경역:이효나,이창욱역:김정운"
20200617,KBS DRAMA,074035,081430,위험한약속,,52회,전국,003355,드라마&영화,드라마,일일연속극,0,0.15065,0.12147,0.2422,0.27726,0.48817,0.66531,0,0,0.27917,0.33804,0.28603,0.79253,1.62278,"차은동역:박하나,강태인역:고세원,최준혁역:강성민,오혜원역:박영린,한지훈역:이창욱,차만종역:이대연,차은찬역:유준서,공영심역:유지연,봉석구역:현우섭,강일섭역:강신일,연두심역:이칸희,한광훈역:길용우,한서주역:김혜지,최명희역:김나운,고재숙역:윤복인,최영국역:송민형,민주란역:오영실,최준경역:이효나,이창욱역:김정운"
20200617,KBS DRAMA,081439,084833,위험한약속,,53회,전국,003354,드라마&영화,드라마,일일연속극,0,0.41894,0,0.06301,0.40289,0.28748,0.7704,0,0,0.15862,0.54982,0.56807,0.53921,1.33063,"차은동역:박하나,강태인역:고세원,최준혁역:강성민,오혜원역:박영린,한지훈역:이창욱,차만종역:이대연,차은찬역:유준서,공영심역:유지연,봉석구역:현우섭,강일섭역:강신일,연두심역:이칸희,한광훈역:길용우,한서주역:김혜지,최명희역:김나운,고재숙역:윤복인,최영국역:송민형,민주란역:오영실,최준경역:이효나,이창욱역:김정운"
20200617,KBS DRAMA,090227,094044,한번다녀왔습니다,,45회,전국,003817,드라마&영화,드라마,주말연속극,0.13107,0,0.0034,0.10576,0.10634,0.03435,0.24596,0.29746,0.15364,0.03755,0.07343,0.1575,0.3368,0.27048,"송영달역:천호진,장옥분역:차화연,최윤정역:김보연,강초연역:이정은,송나희역:이민정,윤규진역:이상엽,송준선역:오대환,송가희역:오윤아,송다희역:이초희,양치수역:안길강,장옥자역:백지원,성현경역:임정은,윤재석역:이상이,박효신역:기도훈,김지훈역:문우진,이주리역:김소라,김가연역:송다은,건어물역:신미영,꽈배기역:김가영,송서영역:이가연,송서진역:안서연,이정록역:알렉스,유보영역:손성윤,유시후역:송민재,박지연역:신수정,한기영역:강유석,홍성우역:김현목,신혜정역:김미은,심정희역:이상경,오연지역:한봄,오정봉역:오의식,이종수역:장원혁,김승현역:배호근,송이역:김주영,지원역:찬희,이현역:이필모"
20200617,KBS DRAMA,094154,101243,한번다녀왔습니다,,46회,전국,003049,드라마&영화,드라마,주말연속극,0.28887,0.31215,0,0.02824,0.38713,0.21209,0.2089,0.46058,0.26341,0,0.33638,0.47299,0.20273,0.32577,"송영달역:천호진,장옥분역:차화연,최윤정역:김보연,강초연역:이정은,송나희역:이민정,윤규진역:이상엽,송준선역:오대환,송가희역:오윤아,송다희역:이초희,양치수역:안길강,장옥자역:백지원,성현경역:임정은,윤재석역:이상이,박효신역:기도훈,김지훈역:문우진,이주리역:김소라,김가연역:송다은,건어물역:신미영,꽈배기역:김가영,송서영역:이가연,송서진역:안서연,이정록역:알렉스,유보영역:손성윤,유시후역:송민재,박지연역:신수정,한기영역:강유석,홍성우역:김현목,신혜정역:김미은,심정희역:이상경,오연지역:한봄,오정봉역:오의식,이종수역:장원혁,김승현역:배호근,송이역:김주영,지원역:찬희,이현역:이필모"
20200617,KBS DRAMA,102621,110521,한번다녀왔습니다,,47회,전국,003900,드라마&영화,드라마,주말연속극,0.28702,0,0,0.06148,0.16175,0.1412,0.44775,0,0.12798,0.10796,0.67911,0.27897,0.29846,0.59756,"송영달역:천호진,장옥분역:차화연,최윤정역:김보연,강초연역:이정은,송나희역:이민정,윤규진역:이상엽,송준선역:오대환,송가희역:오윤아,송다희역:이초희,양치수역:안길강,장옥자역:백지원,성현경역:임정은,윤재석역:이상이,박효신역:기도훈,김지훈역:문우진,이주리역:김소라,김가연역:송다은,건어물역:신미영,꽈배기역:김가영,송서영역:이가연,송서진역:안서연,이정록역:알렉스,유보영역:손성윤,유시후역:송민재,박지연역:신수정,한기영역:강유석,홍성우역:김현목,신혜정역:김미은,심정희역:이상경,오연지역:한봄,오정봉역:오의식,이종수역:장원혁,김승현역:배호근,송이역:김주영,지원역:찬희,이현역:이필모"
20200617,KBS DRAMA,110630,113652,한번다녀왔습니다,,48회,전국,003022,드라마&영화,드라마,주말연속극,0.5971,0,0.00815,0,0.18961,0.2529,0.48215,0.02156,0,0.34977,0.65206,0.31262,0.28613,0.73415,"송영달역:천호진,장옥분역:차화연,최윤정역:김보연,강초연역:이정은,송나희역:이민정,윤규진역:이상엽,송준선역:오대환,송가희역:오윤아,송다희역:이초희,양치수역:안길강,장옥자역:백지원,성현경역:임정은,윤재석역:이상이,박효신역:기도훈,김지훈역:문우진,이주리역:김소라,김가연역:송다은,건어물역:신미영,꽈배기역:김가영,송서영역:이가연,송서진역:안서연,이정록역:알렉스,유보영역:손성윤,유시후역:송민재,박지연역:신수정,한기영역:강유석,홍성우역:김현목,신혜정역:김미은,심정희역:이상경,오연지역:한봄,오정봉역:오의식,이종수역:장원혁,김승현역:배호근,송이역:김주영,지원역:찬희,이현역:이필모"
20200617,KBS DRAMA,243800,251218,영혼수선공,,25회,전국,003418,드라마&영화,드라마,미니시리즈,0,0.07628,0,0,0.02787,0,0.0503,0,0,0.1096,0.12841,0.09521,0.11516,0.04885,"이시준역:신하균,한우주역:정소민,인동혁역:태인호,지영원역:박예진,공지선역:주민경,조인혜역:조경숙,오기태역:박수영,박대하역:정해균,이택경역:최정우,노우정역:안동구,강누리역:하영,임세찬역:장유상,공지희역:박한솔,장유미역:김가란,김영석역:김강민,송민수역:류시원"
20200617,KBS DRAMA,251328,254018,영혼수선공,,26회,전국,002650,드라마&영화,드라마,미니시리즈,0,0,0,0.00819,0.0037,0.01485,0.13405,0,0.02828,0.09386,0.15874,0.06297,0.28871,0.15974,"이시준역:신하균,한우주역:정소민,인동혁역:태인호,지영원역:박예진,공지선역:주민경,조인혜역:조경숙,오기태역:박수영,박대하역:정해균,이택경역:최정우,노우정역:안동구,강누리역:하영,임세찬역:장유상,공지희역:박한솔,장유미역:김가란,김영석역:김강민,송민수역:류시원"
20200617,KBS W,020000,023125,위험한약속,,52회,전국,003125,드라마&영화,드라마,일일연속극,0,0,0,0,0.00266,0,0.00114,0,0,0,0,0,0,0.12479,"차은동역:박하나,강태인역:고세원,최준혁역:강성민,오혜원역:박영린,한지훈역:이창욱,차만종역:이대연,차은찬역:유준서,공영심역:유지연,봉석구역:현우섭,강일섭역:강신일,연두심역:이칸희,한광훈역:길용우,한서주역:김혜지,최명희역:김나운,고재숙역:윤복인,최영국역:송민형,민주란역:오영실,최준경역:이효나,이창욱역:김정운"
20200617,KBS W,023132,030526,위험한약속,,53회,전국,003354,드라마&영화,드라마,일일연속극,0,0,0,0.02196,0.02708,0.00478,0.03871,0,0,0.01077,0,0,0.01449,0.16799,"차은동역:박하나,강태인역:고세원,최준혁역:강성민,오혜원역:박영린,한지훈역:이창욱,차만종역:이대연,차은찬역:유준서,공영심역:유지연,봉석구역:현우섭,강일섭역:강신일,연두심역:이칸희,한광훈역:길용우,한서주역:김혜지,최명희역:김나운,고재숙역:윤복인,최영국역:송민형,민주란역:오영실,최준경역:이효나,이창욱역:김정운"
20200617,KBS W,093822,103826,부부클리닉사랑과전쟁,,409회,전국,010004,드라마&영화,드라마,단막극,0.1785,0,0,0.18093,0,0,0.0192,0,0,0,0.03945,0.16968,0,0.08431,"이재만,민지영,최영완,이정수,장가현,손유경,이준우"
20200617,KBS W,104928,115018,부부클리닉사랑과전쟁,,410회,전국,010050,드라마&영화,드라마,단막극,0,0,0.12581,0.17423,0,0,0.08096,0,0,0,0,0.22425,0.10841,0.03266,"이재만,민지영,최영완,이정수,장가현,손유경,이준우"
20200617,KBS W,120456,130818,넝쿨째굴러온당신,,17회,전국,010322,드라마&영화,드라마,주말연속극,0.5001,0.0046,0,0.27546,0.04913,0,0.01628,0,0.00452,0,0.10144,0.16423,0,0.05707,"차윤희역:김남주,방귀남역:유준상,엄청애역:윤여정,방장수역:장용,전막례역:강부자,한만희역:김영란,차세중역:김용희,민지영역:진경,차세광역:강민혁,엄보애역:유지인,엄순애역:양희경,방일숙역:양정아,방이숙역:조윤희,방말숙역:오연서,장양실역:나영희,방정배역:김상호,고옥역:심이영,방장군역:곽동연,천재용역:이희준,윤빈역:김원준,남남구역:김형범,고시생역:김승우,예능국PD역:김준현,라디오DJ역:양희은,홍은희역:홍은희,송수지역:박수진,매니저역:이수근,목사역:지진희,차태봉역:차태현,성시갱역:성시경,노래강사역:이종박,한규현역:강동호,태영역:김형진,지피디역:곽민석,강혜수역:최윤소,동대문옷가게상인역:탁재훈,소개팅남역:이정신,유신혜역:유인영,지환역:이도현,김장훈역:김장훈,뚱보아버지역:유민상,뚱보아들역:김수영,인기여배우역:이혜영,인기남배우역:송준근,심사위원역:김종민,막장모녀엄마역:정경미,막장모녀딸역:박소영,신세경역:신세경,재용첫째누나역:김서형,재용둘째누나역:조민아,재용막내누나역:이제인,호들갑남역:공형진,라디오DJ역:박소현,귀남의양아버지역:길용우,귀남의양어머니역:김창숙,천재용아버지역:이재용,배PD역:이지영,방귀남어린시절역:홍현택"
20200617,KBS W,131919,142300,넝쿨째굴러온당신,,18회,전국,010341,드라마&영화,드라마,주말연속극,0.09204,0,0,0.027,0.07404,0.00819,0.21227,0,0,0.00581,0.02034,0.09921,0.01024,0.30351,"차윤희역:김남주,방귀남역:유준상,엄청애역:윤여정,방장수역:장용,전막례역:강부자,한만희역:김영란,차세중역:김용희,민지영역:진경,차세광역:강민혁,엄보애역:유지인,엄순애역:양희경,방일숙역:양정아,방이숙역:조윤희,방말숙역:오연서,장양실역:나영희,방정배역:김상호,고옥역:심이영,방장군역:곽동연,천재용역:이희준,윤빈역:김원준,남남구역:김형범,고시생역:김승우,예능국PD역:김준현,라디오DJ역:양희은,홍은희역:홍은희,송수지역:박수진,매니저역:이수근,목사역:지진희,차태봉역:차태현,성시갱역:성시경,노래강사역:이종박,한규현역:강동호,태영역:김형진,지피디역:곽민석,강혜수역:최윤소,동대문옷가게상인역:탁재훈,소개팅남역:이정신,유신혜역:유인영,지환역:이도현,김장훈역:김장훈,뚱보아버지역:유민상,뚱보아들역:김수영,인기여배우역:이혜영,인기남배우역:송준근,심사위원역:김종민,막장모녀엄마역:정경미,막장모녀딸역:박소영,신세경역:신세경,재용첫째누나역:김서형,재용둘째누나역:조민아,재용막내누나역:이제인,호들갑남역:공형진,라디오DJ역:박소현,귀남의양아버지역:길용우,귀남의양어머니역:김창숙,천재용아버지역:이재용,배PD역:이지영,방귀남어린시절역:홍현택"
20200617,KBS W,143701,150444,기막힌유산,,39회,전국,002743,드라마&영화,드라마,일일연속극,0,0,0,0,0.15795,0,0.19391,0,0,0,0,0.08243,0,0.42672,"부영배역:박인환,공계옥역:강세정,부설악역:신정윤,부백두역:강신조,윤민주역:이아현,부금강역:남성진,신애리역:김가연,정미희역:박순천,김용미역:이응경,부한라역:박신우,성판금역:조양자,부가온역:김비주,부태희역:김연지,부혜교역:김효경,부지현역:강유라,공소영역:김난주,이장원역:이일준,김수민역:조서후,김종두역:이춘식,차정건역:조순창,이청아역:정서하,손보미역:박민지,김영지역:주민하,강선희역:박현정,천호식역:백신,이정태역:노상보,고향숙역:박소정"
20200617,KBS W,150451,153236,기막힌유산,,40회,전국,002745,드라마&영화,드라마,일일연속극,0,0,0,0.0865,0.03385,0.01908,0.21475,0,0,0,0,0.10132,0.08992,0.29834,"부영배역:박인환,공계옥역:강세정,부설악역:신정윤,부백두역:강신조,윤민주역:이아현,부금강역:남성진,신애리역:김가연,정미희역:박순천,김용미역:이응경,부한라역:박신우,성판금역:조양자,부가온역:김비주,부태희역:김연지,부혜교역:김효경,부지현역:강유라,공소영역:김난주,이장원역:이일준,김수민역:조서후,김종두역:이춘식,차정건역:조순창,이청아역:정서하,손보미역:박민지,김영지역:주민하,강선희역:박현정,천호식역:백신,이정태역:노상보,고향숙역:박소정"
20200617,KBS W,154335,161120,기막힌유산,,41회,전국,002745,드라마&영화,드라마,일일연속극,0,0,0,0,0,0.09036,0.19399,0,0,0,0,0.08243,0,0.37857,"부영배역:박인환,공계옥역:강세정,부설악역:신정윤,부백두역:강신조,윤민주역:이아현,부금강역:남성진,신애리역:김가연,정미희역:박순천,김용미역:이응경,부한라역:박신우,성판금역:조양자,부가온역:김비주,부태희역:김연지,부혜교역:김효경,부지현역:강유라,공소영역:김난주,이장원역:이일준,김수민역:조서후,김종두역:이춘식,차정건역:조순창,이청아역:정서하,손보미역:박민지,김영지역:주민하,강선희역:박현정,천호식역:백신,이정태역:노상보,고향숙역:박소정"
20200617,KBS W,161127,163852,기막힌유산,,42회,전국,002725,드라마&영화,드라마,일일연속극,0,0,0,0,0,0.14351,0.30768,0,0,0,0,0.08243,0.01068,0.62172,"부영배역:박인환,공계옥역:강세정,부설악역:신정윤,부백두역:강신조,윤민주역:이아현,부금강역:남성진,신애리역:김가연,정미희역:박순천,김용미역:이응경,부한라역:박신우,성판금역:조양자,부가온역:김비주,부태희역:김연지,부혜교역:김효경,부지현역:강유라,공소영역:김난주,이장원역:이일준,김수민역:조서후,김종두역:이춘식,차정건역:조순창,이청아역:정서하,손보미역:박민지,김영지역:주민하,강선희역:박현정,천호식역:백신,이정태역:노상보,고향숙역:박소정"
20200617,KBS W,165319,172724,위험한약속,,52회,전국,003405,드라마&영화,드라마,일일연속극,0.01575,0,0,0.12538,0,0,0.02079,0,0,0,0.00348,0.01427,0.00612,0.06238,"차은동역:박하나,강태인역:고세원,최준혁역:강성민,오혜원역:박영린,한지훈역:이창욱,차만종역:이대연,차은찬역:유준서,공영심역:유지연,봉석구역:현우섭,강일섭역:강신일,연두심역:이칸희,한광훈역:길용우,한서주역:김혜지,최명희역:김나운,고재숙역:윤복인,최영국역:송민형,민주란역:오영실,최준경역:이효나,이창욱역:김정운"
20200617,KBS W,172731,180124,위험한약속,,53회,전국,003353,드라마&영화,드라마,일일연속극,0.53551,0,0,0.33562,0.00772,0.1588,0.2697,0,0,0,0.11835,0.00656,0.1012,0.24529,"차은동역:박하나,강태인역:고세원,최준혁역:강성민,오혜원역:박영린,한지훈역:이창욱,차만종역:이대연,차은찬역:유준서,공영심역:유지연,봉석구역:현우섭,강일섭역:강신일,연두심역:이칸희,한광훈역:길용우,한서주역:김혜지,최명희역:김나운,고재숙역:윤복인,최영국역:송민형,민주란역:오영실,최준경역:이효나,이창욱역:김정운"
20200617,KBS W,222347,232423,부부클리닉사랑과전쟁,,392회,전국,010036,드라마&영화,드라마,단막극,0.06009,0,0,0.0747,0.03626,0.01208,0.01322,0.01078,0.00638,0,0.0006,0.03042,0.0035,0.03435,"이재만,민지영,최영완,이정수,장가현,손유경,이준우"
20200617,KBS W,233524,243430,부부클리닉사랑과전쟁,,393회,전국,005906,드라마&영화,드라마,단막극,0,0,0,0.07145,0.13233,0.03129,0.02689,0.08565,0,0,0,0.06059,0,0.05272,"이재만,민지영,최영완,이정수,장가현,손유경,이준우"
20200617,KBS W,244859,251634,기막힌유산,,42회,전국,002735,드라마&영화,드라마,일일연속극,0,0,0,0,0,0.01538,0.1266,0,0,0,0,0,0,0.02873,"부영배역:박인환,공계옥역:강세정,부설악역:신정윤,부백두역:강신조,윤민주역:이아현,부금강역:남성진,신애리역:김가연,정미희역:박순천,김용미역:이응경,부한라역:박신우,성판금역:조양자,부가온역:김비주,부태희역:김연지,부혜교역:김효경,부지현역:강유라,공소영역:김난주,이장원역:이일준,김수민역:조서후,김종두역:이춘식,차정건역:조순창,이청아역:정서하,손보미역:박민지,김영지역:주민하,강선희역:박현정,천호식역:백신,이정태역:노상보,고향숙역:박소정"
20200617,KBS W,251641,254432,기막힌유산,,43회,전국,002751,드라마&영화,드라마,일일연속극,0,0.01885,0,0,0,0.15305,0.17138,0,0.0152,0,0,0.01383,0,0.27546,"부영배역:박인환,공계옥역:강세정,부설악역:신정윤,부백두역:강신조,윤민주역:이아현,부금강역:남성진,신애리역:김가연,정미희역:박순천,김용미역:이응경,부한라역:박신우,성판금역:조양자,부가온역:김비주,부태희역:김연지,부혜교역:김효경,부지현역:강유라,공소영역:김난주,이장원역:이일준,김수민역:조서후,김종두역:이춘식,차정건역:조순창,이청아역:정서하,손보미역:박민지,김영지역:주민하,강선희역:박현정,천호식역:백신,이정태역:노상보,고향숙역:박소정"
20200617,KBS W,255729,255959,위험한약속,,52회,전국,000230,드라마&영화,드라마,일일연속극,0,0,0,0,0,0,0,0,0,0,0,0,0,0.04893,"차은동역:박하나,강태인역:고세원,최준혁역:강성민,오혜원역:박영린,한지훈역:이창욱,차만종역:이대연,차은찬역:유준서,공영심역:유지연,봉석구역:현우섭,강일섭역:강신일,연두심역:이칸희,한광훈역:길용우,한서주역:김혜지,최명희역:김나운,고재숙역:윤복인,최영국역:송민형,민주란역:오영실,최준경역:이효나,이창욱역:김정운"
20200617,K-STAR,103914,114403,부부클리닉사랑과전쟁,,421회,전국,010449,드라마&영화,드라마,주간연속극,0.53551,0,0,0.1571,0,0.00243,0.01258,0,0,0,0.18204,0.02294,0.00329,0.19263,"이재만,민지영,최영완,이정수,장가현,손유경,이준우"
20200617,K-STAR,115741,130011,부부클리닉사랑과전쟁,,422회,전국,010230,드라마&영화,드라마,주간연속극,0,0,0.00505,0.10731,0,0.01106,0.09355,0,0,0,0,0.0668,0.00393,0.1843,"이재만,민지영,최영완,이정수,장가현,손유경,이준우"
20200617,K-STAR,131340,144002,부부의세계,,10회,전국,012622,드라마&영화,드라마,미니시리즈,0.051,0,0,0,0,0.0063,0.09871,0,0,0.01866,0.00533,0.0008,0.00795,0.20958,"지선우역:김희애,이태오역:박해준,여다경역:한소희,고예림역:박선영,손제혁역:김영민,설명숙역:채국희,여병규역:이경영,엄효정역:김선경,이준영역:전진서,민현서역:심은우,박인규역:이학주,마강석역:박충선,공지철역:정재성,김윤기역:이무생,하동식역:김종태,윤노을역:신수연,차해강역:정준원,최회장아내역:서이숙,공지철아내역:박미현,차도철아내역:윤인조"
20200617,K-STAR,145332,161040,부부의세계,,11회,전국,011708,드라마&영화,드라마,미니시리즈,0,0.03466,0.0132,0,0,0.03114,0.08934,0,0.00553,0.01449,0.07232,0.00635,0.13595,0.14688,"지선우역:김희애,이태오역:박해준,여다경역:한소희,고예림역:박선영,손제혁역:김영민,설명숙역:채국희,여병규역:이경영,엄효정역:김선경,이준영역:전진서,민현서역:심은우,박인규역:이학주,마강석역:박충선,공지철역:정재성,김윤기역:이무생,하동식역:김종태,윤노을역:신수연,차해강역:정준원,최회장아내역:서이숙,공지철아내역:박미현,차도철아내역:윤인조"
20200617,K-STAR,223301,233530,부부클리닉사랑과전쟁,,422회,전국,010229,드라마&영화,드라마,주간연속극,0,0,0,0,0,0.07336,0.01422,0,0,0,0.00689,0,0.00262,0.0358,"이재만,민지영,최영완,이정수,장가현,손유경,이준우"
20200617,KTV,020037,024320,전원일기,,399회,전국,004243,드라마&영화,드라마,주말연속극,0,0,0,0,0,0.23103,0.02977,0,0,0.61694,0,0,0.14621,0.17735,"최불암,김혜자,김용건,김수미,고두심,유인촌,정대홍"
20200617,KTV,061021,065839,전원일기,,776회,전국,004818,드라마&영화,드라마,주말연속극,0,0,0.13587,0,0,0.06584,0.03836,0,0,0,0,0,0.07588,0.05458,"최불암,김혜자,김용건,김수미,고두심,유인촌,정대홍"
20200617,KTV,210300,212923,파랑새는있다,<1부>,30회,전국,002623,드라마&영화,드라마,주간연속극,0,0,0,0,0,0.02969,0.17064,0,0,0.08037,0.04308,0,0.03389,0.06659,"이상인,정선경,백윤식,송경철,박남현,한진희,동방우,양금석"
20200617,KTV,213059,215537,파랑새는있다,<2부>,30회,전국,002438,드라마&영화,드라마,주간연속극,0,0,0,0,0,0,0.28334,0,0,0.18997,0,0,0.01137,0.57915,"이상인,정선경,백윤식,송경철,박남현,한진희,동방우,양금석"
20200617,KTV,215717,221644,전원일기,<1부>,400회,전국,001927,드라마&영화,드라마,주말연속극,0,0,0.09148,0,0.40956,0.04071,0.28155,0.7192,0,0.18997,0,0.05745,0.15308,0.47813,"최불암,김혜자,김용건,김수미,고두심,유인촌,정대홍"
20200617,KTV,221832,223935,전원일기,<2부>,400회,전국,002103,드라마&영화,드라마,주말연속극,0,0,0.20329,0,0.48184,0.09046,0.23872,0.84611,0,0.18997,0,0.21886,0.04236,0.47087,"최불암,김혜자,김용건,김수미,고두심,유인촌,정대홍"
20200617,KTV,224017,230856,바람은불어도,,133회,전국,002839,드라마&영화,드라마,주간연속극,0,0,0.20329,0,0.01662,0.09046,0.09764,0.02918,0,0.18997,0,0,0.04236,0.22629,"최수종,유호정,윤손하,송나영,송기윤,나문희"
20200617,KTV,231148,233927,바람은불어도,,134회,전국,002739,드라마&영화,드라마,주간연속극,0,0,0.10541,0,0,0.04691,0.17424,0,0,0.18997,0,0,0.02196,0.19142,"최수종,유호정,윤손하,송나영,송기윤,나문희"
20200617,KTV,243129,252230,파랑새는있다,,30회,전국,005101,드라마&영화,드라마,주간연속극,0,0,0,0,0,0,0.02829,0,0,0.1644,0,0,0,0.24788,"이상인,정선경,백윤식,송경철,박남현,한진희,동방우,양금석"
20200617,KTV,255815,255959,전원일기,,400회,전국,000144,드라마&영화,드라마,주말연속극,0,0,0,0,0,0,0.06799,0,0,0,0,0.13224,0,0.18225,"최불암,김혜자,김용건,김수미,고두심,유인촌,정대홍"
20200617,MBC every1,035518,042612,그남자의기억법,,21회,전국,003054,드라마&영화,드라마,미니시리즈,0,0.02618,0,0.00912,0.01496,0.16514,0,0,0,0.17667,0,0.01978,0.12533,0.02791,"이정훈역:김동욱,여하진역:문가영,유태은역:윤종훈,여하경역:김슬기,정서연역:이주빈,유성혁역:김창완,서미현역:길해연,최희상역:장영남,김철웅역:이승준,이동영역:차광수,박경애역:이수미,문성호역:주석태,진소영역:유담연,지현근역:지일주,박수창역:장인섭,조일권역:이진혁,문철역:신주협,유지원역:장이정,김수현역:박지원,고유라역:유라,주여민역:로운,서광진역:김선호,황작가역:신동미,양파역:양파"
20200617,MBC every1,042621,045834,그남자의기억법,,22회,전국,003213,드라마&영화,드라마,미니시리즈,0,0,0.00865,0.06427,0,0.10659,0.00686,0,0,0.17667,0,0.05756,0.12533,0.11596,"이정훈역:김동욱,여하진역:문가영,유태은역:윤종훈,여하경역:김슬기,정서연역:이주빈,유성혁역:김창완,서미현역:길해연,최희상역:장영남,김철웅역:이승준,이동영역:차광수,박경애역:이수미,문성호역:주석태,진소영역:유담연,지현근역:지일주,박수창역:장인섭,조일권역:이진혁,문철역:신주협,유지원역:장이정,김수현역:박지원,고유라역:유라,주여민역:로운,서광진역:김선호,황작가역:신동미,양파역:양파"
20200617,MBC M,094033,104406,쇼핑왕루이,,5회,전국,010333,드라마&영화,드라마,미니시리즈,0,0,0,0,0.01303,0,0,0,0,0,0.01157,0.01712,0,0,"루이역:서인국,고복실역:남지현,차중원역:윤상현,백마리역:임세미,조인성역:오대환,남준혁역:강지섭,최일순역:김영옥,김호준역:엄효섭,허정란역:김선영,백선구역:김규철,홍재숙역:윤유선,신영애역:김보연,황금자역:황영희,박혜주역:미람,고복남역:류의현,차수일역:남명렬,이경국역:김병철,변도진역:이재균,권미영역:차청화"
20200617,MBC M,104919,115352,쇼핑왕루이,,6회,전국,010433,드라마&영화,드라마,미니시리즈,0.00303,0,0.13568,0.00697,0.00137,0.04989,0.02473,0.00333,0,0.02518,0.02192,0,0.14647,0.00554,"루이역:서인국,고복실역:남지현,차중원역:윤상현,백마리역:임세미,조인성역:오대환,남준혁역:강지섭,최일순역:김영옥,김호준역:엄효섭,허정란역:김선영,백선구역:김규철,홍재숙역:윤유선,신영애역:김보연,황금자역:황영희,박혜주역:미람,고복남역:류의현,차수일역:남명렬,이경국역:김병철,변도진역:이재균,권미영역:차청화"
20200617,O tvN,020000,020928,화유기,,10회,전국,000928,드라마&영화,드라마,미니시리즈,0,0,0.10841,0,0,0.13711,0,0,0,0,0,0.21786,0,0,"손오공역:이승기,우마왕역:차승원,진선미역:오연서,저팔계역:이홍기,사오정역:장광,마비서역:이엘,이한주역:김성오,앨리스역:윤보라,좀비소녀역:이세영,수보리조사역:성지루,동장군역:성혁,강대성역:송종호,조나단역:마이클리,진선미어린시절역:갈소원,공작역:장근석,나찰녀역:김지수"
20200617,O tvN,022420,033656,화유기,,11회,전국,011236,드라마&영화,드라마,미니시리즈,0,0.05731,0,0.02622,0,0.00948,0.00813,0,0,0,0.11344,0,0.03301,0.02016,"손오공역:이승기,우마왕역:차승원,진선미역:오연서,저팔계역:이홍기,사오정역:장광,마비서역:이엘,이한주역:김성오,앨리스역:윤보라,좀비소녀역:이세영,수보리조사역:성지루,동장군역:성혁,강대성역:송종호,조나단역:마이클리,진선미어린시절역:갈소원,공작역:장근석,나찰녀역:김지수"
20200617,O tvN,092537,103726,오마이베이비,,9회,전국,011149,드라마&영화,드라마,미니시리즈,0,0.02374,0.05981,0,0.18571,0.07533,0.00731,0.0362,0,0.01316,0.01391,0.08907,0.01979,0.07655,"장하리역:장나라,한이상역:고준,윤재영역:박병은,최강으뜸역:정건주,이옥란역:김혜옥,남수철역:조희봉,김은영역:이미도,김철중역:유승목,주승태역:전진기,박연호역:백승희,최효주역:박수영,주선생역:문현정,심정화역:김재화,이소윤역:정라엘,이옥희역:김예령,박재한역:이한위,김상희역:손화령,순남역:이주실,조회장역:장광,조아저씨역:최홍일,강효주역:전혜빈"
20200617,O tvN,105043,115909,오마이베이비,,10회,전국,010826,드라마&영화,드라마,미니시리즈,0,0.05086,0,0,0.08329,0,0.04565,0.04756,0,0,0.01127,0.12124,0.00759,0.03655,"장하리역:장나라,한이상역:고준,윤재영역:박병은,최강으뜸역:정건주,이옥란역:김혜옥,남수철역:조희봉,김은영역:이미도,김철중역:유승목,주승태역:전진기,박연호역:백승희,최효주역:박수영,주선생역:문현정,심정화역:김재화,이소윤역:정라엘,이옥희역:김예령,박재한역:이한위,김상희역:손화령,순남역:이주실,조회장역:장광,조아저씨역:최홍일,강효주역:전혜빈"
20200617,O tvN,121228,132023,THEK2,,8회,전국,010755,드라마&영화,드라마,미니시리즈,0,0.34963,0.21268,0.03469,0.2137,0.01682,0.06864,0,0,0,0.23616,0.18896,0.00808,0.07826,"김제하역:지창욱,최유진역:송윤아,고안나역:임윤아,장세준역:조성하,박관수역:김갑수,최성원역:이정진,엄혜린역:손태영,김실장역:신동미,성원모역:박순천,송영춘역:송경철,타격대장역:조동혁"
20200617,O tvN,133332,144130,THEK2,,9회,전국,010758,드라마&영화,드라마,미니시리즈,0,0.61243,0.15959,0.05198,0.38343,0.00211,0.06797,0.11414,0.01047,0.00434,0,0.43471,0.07033,0.13677,"김제하역:지창욱,최유진역:송윤아,고안나역:임윤아,장세준역:조성하,박관수역:김갑수,최성원역:이정진,엄혜린역:손태영,김실장역:신동미,성원모역:박순천,송영춘역:송경철,타격대장역:조동혁"
20200617,O tvN,145349,160714,THEK2,,10회,전국,011325,드라마&영화,드라마,미니시리즈,0,0.51205,0.41593,0.27518,0.34092,0.13266,0.23087,0,0,0.29851,0.05046,0.41877,0.17202,0.1213,"김제하역:지창욱,최유진역:송윤아,고안나역:임윤아,장세준역:조성하,박관수역:김갑수,최성원역:이정진,엄혜린역:손태영,김실장역:신동미,성원모역:박순천,송영춘역:송경철,타격대장역:조동혁"
20200617,O tvN,180444,190525,화양연화삶이꽃이되는순간,,15회,전국,010041,드라마&영화,드라마,미니시리즈,0,0,0.06464,0.03368,0.0438,0.01139,0.06667,0,0.00897,0.05921,0.0196,0.01415,0.03346,0.06521,"한재현역:유지태,윤지수역:이보영,과거재현역:진영,과거지수역:전소니,장서경역:박시연,장산역:문성근,한준서역:박민수,한인호역:남명렬,이경자역:손숙,윤형구역:장광,이영민역:고우림,정숙희역:이종남,윤지영역:채원빈,이동진역:민성욱,과거동진역:은해성,성화진역:김주령,과거화진역:한지원,강준우역:강영석,정윤기역:김호창,이세훈역:김영훈,주영우역:이태성,과거영우역:병헌,양혜정역:우정원,과거혜정역:박한솔,최선희역:김영아"
20200617,O tvN,191641,202026,화양연화삶이꽃이되는순간,,16회,전국,010345,드라마&영화,드라마,미니시리즈,0,0,0,0.00283,0.01387,0.04589,0.03724,0,0.04227,0.00789,0.09926,0.03895,0.13779,0.05382,"한재현역:유지태,윤지수역:이보영,과거재현역:진영,과거지수역:전소니,장서경역:박시연,장산역:문성근,한준서역:박민수,한인호역:남명렬,이경자역:손숙,윤형구역:장광,이영민역:고우림,정숙희역:이종남,윤지영역:채원빈,이동진역:민성욱,과거동진역:은해성,성화진역:김주령,과거화진역:한지원,강준우역:강영석,정윤기역:김호창,이세훈역:김영훈,주영우역:이태성,과거영우역:병헌,양혜정역:우정원,과거혜정역:박한솔,최선희역:김영아"
20200617,O tvN,203411,213536,알함브라궁전의추억,,9회,전국,010125,드라마&영화,드라마,미니시리즈,0,0,0.02113,0.0039,0.0324,0.01979,0.01394,0,0.02864,0.02151,0.07288,0.16763,0.19466,0.0402,"유진우역:현빈,정희주역:박신혜,차형석역:박훈,오영심역:김용림,정세주역:찬열,정민주역:이레,김상범역:이학주,이수진역:이시원,차병준역:김의성,이수경역:류아벨,박선호역:이승준,서정훈역:민진웅,최양주역:조현철,고유라역:한보름,마르꼬한역:이재욱,노영준역:박진우"
20200617,O tvN,214858,225504,알함브라궁전의추억,,10회,전국,010606,드라마&영화,드라마,미니시리즈,0,0,0.01985,0.06589,0.12912,0.01345,0.01686,0,0.0269,0,0,0.17084,0.13229,0.01948,"유진우역:현빈,정희주역:박신혜,차형석역:박훈,오영심역:김용림,정세주역:찬열,정민주역:이레,김상범역:이학주,이수진역:이시원,차병준역:김의성,이수경역:류아벨,박선호역:이승준,서정훈역:민진웅,최양주역:조현철,고유라역:한보름,마르꼬한역:이재욱,노영준역:박진우"
20200617,O tvN,231036,242036,알함브라궁전의추억,,11회,전국,011000,드라마&영화,드라마,미니시리즈,0,0,0.16375,0.21743,0.0269,0.09126,0.01929,0,0.22196,0.01664,0.04524,0.53718,0,0.06566,"유진우역:현빈,정희주역:박신혜,차형석역:박훈,오영심역:김용림,정세주역:찬열,정민주역:이레,김상범역:이학주,이수진역:이시원,차병준역:김의성,이수경역:류아벨,박선호역:이승준,서정훈역:민진웅,최양주역:조현철,고유라역:한보름,마르꼬한역:이재욱,노영준역:박진우"
20200617,OCN,141916,152423,번외수사,,7회,전국,010507,드라마&영화,드라마,미니시리즈,0.26487,0.08454,0,0.31225,0.11044,0.25453,0.11719,0.09951,0.15665,0.00347,0.49238,0.22792,0.4162,0.17701,"진강호역:차태현,강무영역:이선빈,이반석역:정상훈,테디정역:윤경호,탁원역:지승현,민대진역:박정우,맨손역:박태산,연장역:장진희,지수철역:이영석,노순이역:민경옥"
20200617,OCN,153730,164451,번외수사,,8회,전국,010721,드라마&영화,드라마,미니시리즈,0,0.30283,0,0.1766,0.10894,0.35752,0.1465,0.29926,0.20326,0.11317,0.04297,0.37864,0.41939,0.29804,"진강호역:차태현,강무영역:이선빈,이반석역:정상훈,테디정역:윤경호,탁원역:지승현,민대진역:박정우,맨손역:박태산,연장역:장진희,지수철역:이영석,노순이역:민경옥"
20200617,O'live,245357,255959,아는건별로없지만가족입니다,,1회,전국,010602,드라마&영화,드라마,미니시리즈,0,0,0.01683,0.00687,0.00875,0.35567,0.01378,0,0.02018,0.00609,0,0.09381,0.0301,0.05217,"김은희역:한예리,박찬혁역:김지석,김은주역:추자현,김상식역:정진영,이진숙역:원미경,김지우역:신재하,임건주역:신동욱,윤태형역:김태훈,젊은상식역:한준우,젊은진숙역:조아영,유선일역:서상원,안효석역:이종원,서경옥역:가득희,윤서영역:혜정,전하라역:배윤경,유민우역:권율"
20200617,On Style,075456,085926,위대한쇼,,13회,전국,010430,드라마&영화,드라마,미니시리즈,0,0.00659,0,0.0328,0.00429,0,0.06886,0,0,0,0.09995,0.01103,0,0.05406,"위대한역:송승헌,정수현역:이선빈,강준호역:임주환,한다정역:노정의,한탁역:정준원,한태풍역:김준,한송이역:박예나,김혜진역:박하나,강경훈역:손병호,정종철역:이원종,최정우역:한상혁,양미숙역:김현,정한수역:유성주,구피디역:유장영,고봉주역:김동영,안작가역:송지현,마작가역:표혜림,한동남역:강성진,정지현역:강은아,위대한어린시절역:이도현"
20200617,On Style,090032,100427,위대한쇼,,14회,전국,010355,드라마&영화,드라마,미니시리즈,0,0,0,0,0.05277,0.05974,0.00961,0,0.006,0.00712,0.00604,0.05142,0.03471,0.00747,"위대한역:송승헌,정수현역:이선빈,강준호역:임주환,한다정역:노정의,한탁역:정준원,한태풍역:김준,한송이역:박예나,김혜진역:박하나,강경훈역:손병호,정종철역:이원종,최정우역:한상혁,양미숙역:김현,정한수역:유성주,구피디역:유장영,고봉주역:김동영,안작가역:송지현,마작가역:표혜림,한동남역:강성진,정지현역:강은아,위대한어린시절역:이도현"
20200617,On Style,121037,132235,김비서가왜그럴까,,7회,전국,011158,드라마&영화,드라마,미니시리즈,0,0,0,0,0,0,0.00673,0,0,0.09607,0.02033,0.14878,0.02151,0.00632,"이영준역:박서준,김미소역:박민영,이성연역:이태환,박유식역:강기영,고귀남역:황찬성,김지아역:표예진,최여사역:김혜옥,이회장역:김병옥,봉세라역:황보라,양철역:강홍석,정치인역:이유준,이영옥역:이정민,박준환역:김정운,설마음역:예원,오지란역:홍지윤,김필남역:백은혜,김말희역:허순미,미소아빠역:조덕현,정유미역:정유미"
20200617,On Style,132548,143700,김비서가왜그럴까,,8회,전국,011112,드라마&영화,드라마,미니시리즈,0,0.16791,0,0,0,0.01478,0.01952,0,0,0.11514,0.15333,0.17623,0.00986,0.03365,"이영준역:박서준,김미소역:박민영,이성연역:이태환,박유식역:강기영,고귀남역:황찬성,김지아역:표예진,최여사역:김혜옥,이회장역:김병옥,봉세라역:황보라,양철역:강홍석,정치인역:이유준,이영옥역:이정민,박준환역:김정운,설마음역:예원,오지란역:홍지윤,김필남역:백은혜,김말희역:허순미,미소아빠역:조덕현,정유미역:정유미"
20200617,On Style,143958,155307,김비서가왜그럴까,,9회,전국,011309,드라마&영화,드라마,미니시리즈,0,0.01021,0,0,0,0.03586,0.015,0,0.2417,0.00266,0.15981,0.12576,0.0313,0.0745,"이영준역:박서준,김미소역:박민영,이성연역:이태환,박유식역:강기영,고귀남역:황찬성,김지아역:표예진,최여사역:김혜옥,이회장역:김병옥,봉세라역:황보라,양철역:강홍석,정치인역:이유준,이영옥역:이정민,박준환역:김정운,설마음역:예원,오지란역:홍지윤,김필남역:백은혜,김말희역:허순미,미소아빠역:조덕현,정유미역:정유미"
20200617,SBS플러스,065011,072008,엄마가바람났다,,31회,전국,002957,드라마&영화,드라마,아침드라마,0,0,0.00324,0,0,0.04395,0.25805,0,0,0.00593,0.04804,0.16878,0.56125,0.36837,"오필정역:현쥬니,강석준역:이재황,이은주역:문보령,강석환역:김형범,오순정역:남이안,김복순역:박순천,박민호역:길정우,박민지역:홍제이,김해정역:양금석,강태수역:이원재,이태우역:서현석,최동석역:김동균,최은자역:이진아,최유경역:이영은,최미영역:전은채,왕기범역:차승우,하열도역:김영훈,홍수경역:노정명,박태섭역:강서준,박혜진역:박지수"
20200617,SBS플러스,072017,075024,엄마가바람났다,,32회,전국,003007,드라마&영화,드라마,아침드라마,0,0,0.0885,0,0,0.21587,0.40339,0,0,0,0,0.36606,0.83356,0.54565,"오필정역:현쥬니,강석준역:이재황,이은주역:문보령,강석환역:김형범,오순정역:남이안,김복순역:박순천,박민호역:길정우,박민지역:홍제이,김해정역:양금석,강태수역:이원재,이태우역:서현석,최동석역:김동균,최은자역:이진아,최유경역:이영은,최미영역:전은채,왕기범역:차승우,하열도역:김영훈,홍수경역:노정명,박태섭역:강서준,박혜진역:박지수"
20200617,SBS플러스,080433,090954,주군의태양,,8회,전국,010521,드라마&영화,드라마,미니시리즈,0.01238,0.06052,0.17671,0,0.0292,0.02922,0.10317,0.09227,0,0.00207,0.02708,0.15066,0.05342,0.03574,"주중원역:소지섭,태공실역:공효진,강우역:서인국,태이령역:김유리,김귀도역:최정우,주성란역:김미경,도석철역:이종원,태공리역:박희본,이한주역:이재원,안진주역:정가은,주중원어린시절역:김명수,TV프로그램자역:김상중,미경역:송채윤,하유진역:김보라,가영역:방민아,이은설역:이혜인,차희주역:한보름,주중원아버지역:김용건,이승모역:이도현,이승준역:홍은택,선영역:김보미,지우역:유민규,강길자역:김희정,루이장역:정찬,박서현역:서효림,이재석역:이종혁,이회장역:이재용,한나브라운역:황선희,유진우역:이천희,고여사역:이용녀,유혜성역:진이한"
20200617,SBS플러스,171907,183541,더킹영원의군주,,16회,전국,011634,드라마&영화,드라마,미니시리즈,0,0,0.10548,0.01728,0.13434,0.18463,0.14091,0,0,0.19493,0.14483,0.17769,0.30814,0.17073,"이곤역:이민호,정태을역:김고은,조은섭역:우도환,조영역:우도환,강신재역:김경남,구서령역:정은채,이림역:이정진,루나역:김고은,노옥남역:김영옥,정도인역:전배수,송정혜역:서정연,박문식역:박원상,장미카엘역:강홍석,이종인역:전무송,명나리역:김용지,명승아역:김용지,유경무역:이해영,민화연역:황영희,박지영역:박지연,모비서역:백현주,석호필역:이홍내"
20200617,SBS플러스,254245,255959,굿캐스팅,,13회,전국,001714,드라마&영화,드라마,미니시리즈,0,0,0.61075,0.74942,0.29144,0.71498,0.09816,0,0,0,0,0,0.31445,0,"백찬미역:최강희,윤석호역:이상엽,임예은역:유인영,황미순역:김지영,강우원역:이준영,동관수역:이종혁,서국환역:정인기,배무혁역:박경순,간태희역:황보미,명계철역:우현,탁상기역:이상훈,옥철역:김용희,변우석역:허재호,구비서역:한수진,설영훈역:조영훈,심화란역:차수연,남봉만역:이승형,남주연역:김보윤,피철웅역:배진웅,권민석역:성혁,권소희역:노하연"
20200617,SKY,033140,043951,낭만닥터김사부2,,6회,전국,010811,드라마&영화,드라마,미니시리즈,0,0.03306,0,0.0057,0.18636,0.1063,0.10621,0.0504,0,0,0,0.16276,0.03191,0.06977,"김사부역:한석규,서우진역:안효섭,차은재역:이성경,박민국역:김주헌,배문정역:신동욱,윤아름역:소주연,정인수역:윤나무,여운영역:김홍파,오명심역:진경,장기태역:임원희,남도일역:변우민,박은탁역:김민재,양호준역:고상호,심혜진역:박효주,허영규역:배명진,도윤완역:최진호,엄현정역:정지안,주영미역:윤보라,주지배인역:서영"
20200617,SKY,063512,074420,굿캐스팅,,14회,전국,010908,드라마&영화,드라마,미니시리즈,0,0,0,0.0035,0,0,0.04448,0,0,0,0,0,0.10645,0.0207,"백찬미역:최강희,윤석호역:이상엽,임예은역:유인영,황미순역:김지영,강우원역:이준영,동관수역:이종혁,서국환역:정인기,배무혁역:박경순,간태희역:황보미,명계철역:우현,탁상기역:이상훈,옥철역:김용희,변우석역:허재호,구비서역:한수진,설영훈역:조영훈,심화란역:차수연,남봉만역:이승형,남주연역:김보윤,피철웅역:배진웅,권민석역:성혁,권소희역:노하연"
20200617,SKY,110008,122732,화유기,,1회,전국,012724,드라마&영화,드라마,미니시리즈,0.01108,0.01025,0.04341,0.00694,0.00932,0.17794,0.01982,0,0,0.06428,0.02511,0.20972,0.0638,0.01605,"손오공역:이승기,우마왕역:차승원,진선미역:오연서,저팔계역:이홍기,사오정역:장광,마비서역:이엘,이한주역:김성오,앨리스역:윤보라,좀비소녀역:이세영,수보리조사역:성지루,동장군역:성혁,강대성역:송종호,조나단역:마이클리,진선미어린시절역:갈소원,공작역:장근석,나찰녀역:김지수"
20200617,ONCE,020102,024222,전원일기,,430회,전국,004120,드라마&영화,드라마,주말연속극,0,0,0.20616,0,0,0.23629,0.13528,0,0,0,0,0,0.37777,0.02559,"최불암,김혜자,김용건,김수미,고두심,유인촌,정대홍"
20200617,ONCE,025101,033105,전원일기,,431회,전국,004004,드라마&영화,드라마,주말연속극,0,0,0.21132,0,0.09366,0.1782,0.15893,0,0,0,0.00767,0.12649,0.3003,0.0515,"최불암,김혜자,김용건,김수미,고두심,유인촌,정대홍"
20200617,ONCE,061915,072141,동이,,53회,전국,010226,드라마&영화,드라마,주간연속극,0,0,0.00645,0,0.00238,0.00287,0.20012,0,0,0.18696,0,0.16915,0.01306,0.22026,"동이역:한효주,숙종역:지진희,희빈장씨역:이소연,차천수역:배수빈,서용기역:정진영,인현왕후역:박하선,오태석역:정동환,이종욱역:이정훈,홍태윤역:손일권,박도식역:최재호,도승지역:신국,오호양역:여호민,황주식역:이희도,정인국역:나성균,최효원역:천호진,장익헌역:이재용,김환역:정인기,은금역:한다민,오태풍역:이계인,태풍처역:이숙,장희재역:김유석,설희역:김혜진,게둬라부역:정은표,오윤역:최철호,게둬라역:최수한,심운택역:김동윤,동이어린시절역:김유정,봉상궁역:김소이,조상궁역:안여진,유상궁역:임성민,정임역:정유미,애종역:강유미,시비역:오은호,미지역:최하나,대전내관역:정선일,명성대비역:박정수,정상궁역:김혜선,영달역:이광수,최동주역:정성운,장무열역:최종환,이금역:이형석,경종역:윤찬,김구선역:맹상훈,인원왕후역:오연서"
20200617,ONCE,073647,083906,동이,,54회,전국,010219,드라마&영화,드라마,주간연속극,0,0.02362,0.09429,0,0.09923,0.20054,0.26169,0,0,0.28994,0,0.07541,0.16984,0.23032,"동이역:한효주,숙종역:지진희,희빈장씨역:이소연,차천수역:배수빈,서용기역:정진영,인현왕후역:박하선,오태석역:정동환,이종욱역:이정훈,홍태윤역:손일권,박도식역:최재호,도승지역:신국,오호양역:여호민,황주식역:이희도,정인국역:나성균,최효원역:천호진,장익헌역:이재용,김환역:정인기,은금역:한다민,오태풍역:이계인,태풍처역:이숙,장희재역:김유석,설희역:김혜진,게둬라부역:정은표,오윤역:최철호,게둬라역:최수한,심운택역:김동윤,동이어린시절역:김유정,봉상궁역:김소이,조상궁역:안여진,유상궁역:임성민,정임역:정유미,애종역:강유미,시비역:오은호,미지역:최하나,대전내관역:정선일,명성대비역:박정수,정상궁역:김혜선,영달역:이광수,최동주역:정성운,장무열역:최종환,이금역:이형석,경종역:윤찬,김구선역:맹상훈,인원왕후역:오연서"
20200617,ONCE,084717,092835,전원일기,,430회,전국,004118,드라마&영화,드라마,주말연속극,0,0,0.05303,0,0.07761,0.00931,0.14401,0,0,0.05622,0,0.09133,0.12471,0.06547,"최불암,김혜자,김용건,김수미,고두심,유인촌,정대홍"
20200617,ONCE,093940,101943,전원일기,,431회,전국,004003,드라마&영화,드라마,주말연속극,0.12049,0,0.06109,0,0.21119,0,0.05355,0,0,0,0,0.18029,0.04513,0.17022,"최불암,김혜자,김용건,김수미,고두심,유인촌,정대홍"
20200617,ONCE,103049,111505,전원일기,,426회,전국,004416,드라마&영화,드라마,주말연속극,0,0,0,0,0.09466,0.02141,0.00505,0,0,0,0,0.08041,0,0.10863,"최불암,김혜자,김용건,김수미,고두심,유인촌,정대홍"
20200617,ONCE,112410,120906,전원일기,,429회,전국,004456,드라마&영화,드라마,주말연속극,0,0,0.00543,0,0.10897,0.00677,0.10468,0,0,0,0.09144,0,0.016,0.07581,"최불암,김혜자,김용건,김수미,고두심,유인촌,정대홍"
20200617,ONCE,122006,131512,대조영,,53회,전국,005506,드라마&영화,드라마,주말연속극,0,0,0,0.01354,0,0,0.01054,0.08635,0,0.07944,0.00258,0,0.0073,0.03679,"대조영역:최수종,이해고역:정보석,설인귀역:이덕화,초린역:박예진,검이역:정태우,숙영역:홍수현,양만춘역:임동진,흑수돌역:김학철,연남생역:임호,대중상역:임혁,걸사비우역:최철호,검모잠역:김명수,당태종역:송용태,부지광역:박지일,미모사역:김정현,금란역:심은진,부기원역:김하균,보장왕역:길용우,이진충역:김동현,손만영역:조인표,신홍역:김규철,계필사문역:윤용현,퉁소역:방형주,홍패역:유태술,이문역:남성진,팔보역:우봉식"
20200617,ONCE,170440,175946,대조영,,53회,전국,005506,드라마&영화,드라마,주말연속극,0,0.43227,0.04049,0,0.44298,0.0462,0.09055,0,0.01467,0.03636,0.00988,0.22244,0.01871,0.0839,"대조영역:최수종,이해고역:정보석,설인귀역:이덕화,초린역:박예진,검이역:정태우,숙영역:홍수현,양만춘역:임동진,흑수돌역:김학철,연남생역:임호,대중상역:임혁,걸사비우역:최철호,검모잠역:김명수,당태종역:송용태,부지광역:박지일,미모사역:김정현,금란역:심은진,부기원역:김하균,보장왕역:길용우,이진충역:김동현,손만영역:조인표,신홍역:김규철,계필사문역:윤용현,퉁소역:방형주,홍패역:유태술,이문역:남성진,팔보역:우봉식"
20200617,ONCE,181402,191800,동이,,51회,전국,010358,드라마&영화,드라마,주간연속극,0,0,0,0.28985,0.66906,0.00644,0.05531,0,0,0.00498,0.28904,0,0.00584,0.15411,"동이역:한효주,숙종역:지진희,희빈장씨역:이소연,차천수역:배수빈,서용기역:정진영,인현왕후역:박하선,오태석역:정동환,이종욱역:이정훈,홍태윤역:손일권,박도식역:최재호,도승지역:신국,오호양역:여호민,황주식역:이희도,정인국역:나성균,최효원역:천호진,장익헌역:이재용,김환역:정인기,은금역:한다민,오태풍역:이계인,태풍처역:이숙,장희재역:김유석,설희역:김혜진,게둬라부역:정은표,오윤역:최철호,게둬라역:최수한,심운택역:김동윤,동이어린시절역:김유정,봉상궁역:김소이,조상궁역:안여진,유상궁역:임성민,정임역:정유미,애종역:강유미,시비역:오은호,미지역:최하나,대전내관역:정선일,명성대비역:박정수,정상궁역:김혜선,영달역:이광수,최동주역:정성운,장무열역:최종환,이금역:이형석,경종역:윤찬,김구선역:맹상훈,인원왕후역:오연서"
20200617,ONCE,193217,203313,동이,,52회,전국,010056,드라마&영화,드라마,주간연속극,0.01615,0,0.00328,0.33277,0.31757,0.2454,0.031,0.01773,0,0.01365,0.33131,0.00733,0.00165,0.14042,"동이역:한효주,숙종역:지진희,희빈장씨역:이소연,차천수역:배수빈,서용기역:정진영,인현왕후역:박하선,오태석역:정동환,이종욱역:이정훈,홍태윤역:손일권,박도식역:최재호,도승지역:신국,오호양역:여호민,황주식역:이희도,정인국역:나성균,최효원역:천호진,장익헌역:이재용,김환역:정인기,은금역:한다민,오태풍역:이계인,태풍처역:이숙,장희재역:김유석,설희역:김혜진,게둬라부역:정은표,오윤역:최철호,게둬라역:최수한,심운택역:김동윤,동이어린시절역:김유정,봉상궁역:김소이,조상궁역:안여진,유상궁역:임성민,정임역:정유미,애종역:강유미,시비역:오은호,미지역:최하나,대전내관역:정선일,명성대비역:박정수,정상궁역:김혜선,영달역:이광수,최동주역:정성운,장무열역:최종환,이금역:이형석,경종역:윤찬,김구선역:맹상훈,인원왕후역:오연서"
20200617,ONCE,224137,232552,전원일기,,426회,전국,004415,드라마&영화,드라마,주말연속극,0,0,0.17753,0.00483,0.57035,0.19456,0.008,0.84611,0,0,0,0,0.17,0.00731,"최불암,김혜자,김용건,김수미,고두심,유인촌,정대홍"
20200617,ONCE,233558,242054,전원일기,,429회,전국,004456,드라마&영화,드라마,주말연속극,0,0,0.08453,0.00337,0.50575,0.15259,0,0.82731,0,0,0.02305,0,0.2105,0.0026,"최불암,김혜자,김용건,김수미,고두심,유인촌,정대홍"
20200617,ONCE,243405,252910,대조영,,53회,전국,005505,드라마&영화,드라마,주말연속극,0.01749,0,0,0.00336,0.10707,0.17473,0,0.15384,0,0,0.00416,0.00602,0,0,"대조영역:최수종,이해고역:정보석,설인귀역:이덕화,초린역:박예진,검이역:정태우,숙영역:홍수현,양만춘역:임동진,흑수돌역:김학철,연남생역:임호,대중상역:임혁,걸사비우역:최철호,검모잠역:김명수,당태종역:송용태,부지광역:박지일,미모사역:김정현,금란역:심은진,부기원역:김하균,보장왕역:길용우,이진충역:김동현,손만영역:조인표,신홍역:김규철,계필사문역:윤용현,퉁소역:방형주,홍패역:유태술,이문역:남성진,팔보역:우봉식"
20200617,ONCE,254016,255959,동이,,51회,전국,001943,드라마&영화,드라마,주간연속극,0,0,0,0,0.0494,0,0.04111,0,0,0,0,0,0,0.0183,"동이역:한효주,숙종역:지진희,희빈장씨역:이소연,차천수역:배수빈,서용기역:정진영,인현왕후역:박하선,오태석역:정동환,이종욱역:이정훈,홍태윤역:손일권,박도식역:최재호,도승지역:신국,오호양역:여호민,황주식역:이희도,정인국역:나성균,최효원역:천호진,장익헌역:이재용,김환역:정인기,은금역:한다민,오태풍역:이계인,태풍처역:이숙,장희재역:김유석,설희역:김혜진,게둬라부역:정은표,오윤역:최철호,게둬라역:최수한,심운택역:김동윤,동이어린시절역:김유정,봉상궁역:김소이,조상궁역:안여진,유상궁역:임성민,정임역:정유미,애종역:강유미,시비역:오은호,미지역:최하나,대전내관역:정선일,명성대비역:박정수,정상궁역:김혜선,영달역:이광수,최동주역:정성운,장무열역:최종환,이금역:이형석,경종역:윤찬,김구선역:맹상훈,인원왕후역:오연서"
20200617,SKYUHD,111056,131257,야식남녀,,3회/4회,전국,020201,드라마&영화,드라마,미니시리즈,0,0,0,0,0,0,0,0,0,0,0,0,0,0,"박진성역:정일우,김아진역:강지영,강태완역:이학주,이상영역:김승수,차주희역:김수진,남규장역:양대혁,유성은역:공민정,노재수역:박성준,박진우역:최재현"
20200617,SKYUHD,205025,215629,야식남녀,,5회,전국,010604,드라마&영화,드라마,미니시리즈,0,0,0,0,0,0,0,0,0,0,0,0,0,0,"박진성역:정일우,김아진역:강지영,강태완역:이학주,이상영역:김승수,차주희역:김수진,남규장역:양대혁,유성은역:공민정,노재수역:박성준,박진우역:최재현"
20200617,SKYUHD,250952,255959,야식남녀,,5회,전국,005007,드라마&영화,드라마,미니시리즈,0,0,0,0,0,0,0,0,0,0,0,0,0,0,"박진성역:정일우,김아진역:강지영,강태완역:이학주,이상영역:김승수,차주희역:김수진,남규장역:양대혁,유성은역:공민정,노재수역:박성준,박진우역:최재현"
20200617,OCN Thrills,093516,110022,블랙,,7회,전국,012506,드라마&영화,드라마,미니시리즈,0,0,0,0.01375,0,0.0126,0.0124,0,0.0025,0,0,0.21764,0.0657,0.01874,"블랙역:송승헌,강하람역:고아라,윤수완역:이엘,오만수역:김동준,오십견,저승사자No.007역:조재윤,저승사자No.416역:이규복,나광견역:김원해,봉만식역:정석용,오소태역:이철민,박귀남역:허재호,김선영역:송수현,저승사자블랙역:김태우"
20200617,OCN Thrills,111354,124323,블랙,,8회,전국,012929,드라마&영화,드라마,미니시리즈,0.50919,0,0,0.11413,0.00696,0.0019,0.01979,0,0.00302,0,0.00182,0.00065,0.1161,0.01956,"블랙역:송승헌,강하람역:고아라,윤수완역:이엘,오만수역:김동준,오십견,저승사자No.007역:조재윤,저승사자No.416역:이규복,나광견역:김원해,봉만식역:정석용,오소태역:이철민,박귀남역:허재호,김선영역:송수현,저승사자블랙역:김태우"
20200617,OCN Thrills,125440,140701,블랙,,9회,전국,011221,드라마&영화,드라마,미니시리즈,0.24531,0,0.00457,0.00445,0.05335,0.00306,0.09237,0,0,0.0041,0.02847,0.14192,0.11737,0.03172,"블랙역:송승헌,강하람역:고아라,윤수완역:이엘,오만수역:김동준,오십견,저승사자No.007역:조재윤,저승사자No.416역:이규복,나광견역:김원해,봉만식역:정석용,오소태역:이철민,박귀남역:허재호,김선영역:송수현,저승사자블랙역:김태우"
20200617,OCN Thrills,183145,193552,번외수사,,7회,전국,010407,드라마&영화,드라마,미니시리즈,0,0.01039,0.02773,0.09179,0.08226,0.35982,0.01218,0,0.00314,0.03815,0,0.24768,0.20828,0.01291,"진강호역:차태현,강무영역:이선빈,이반석역:정상훈,테디정역:윤경호,탁원역:지승현,민대진역:박정우,맨손역:박태산,연장역:장진희,지수철역:이영석,노순이역:민경옥"
20200617,OCN Thrills,194406,205127,번외수사,,8회,전국,010721,드라마&영화,드라마,미니시리즈,0,0,0.1185,0.02228,0,0.38618,0.05215,0,0,0,0.0868,0.15752,0.12828,0.13942,"진강호역:차태현,강무영역:이선빈,이반석역:정상훈,테디정역:윤경호,탁원역:지승현,민대진역:박정우,맨손역:박태산,연장역:장진희,지수철역:이영석,노순이역:민경옥"
20200617,TRENDY,070212,080803,부부클리닉사랑과전쟁2,,33회,전국,010551,드라마&영화,드라마,단막극,0,0,0,0.04682,0,0,0,0,0,0,0.00232,0,0.03184,0,"이재만,민지영,최영완,이정수,장가현,손유경,이준우"
20200617,TRENDY,081736,092440,부부클리닉사랑과전쟁2,,34회,전국,010704,드라마&영화,드라마,단막극,0,0,0.04143,0.20281,0.195,0.00281,0.09003,0,0.00635,0.07772,0.18578,0.27891,0.03778,0.22868,"이재만,민지영,최영완,이정수,장가현,손유경,이준우"
20200617,TRENDY,135624,150215,부부클리닉사랑과전쟁2,,33회,전국,010551,드라마&영화,드라마,단막극,0,0.00554,0,0,0.04632,0,0.04801,0,0,0,0.30133,0.02077,0.02328,0.13359,"이재만,민지영,최영완,이정수,장가현,손유경,이준우"
20200617,TRENDY,151502,162208,부부클리닉사랑과전쟁2,,34회,전국,010706,드라마&영화,드라마,단막극,0,0,0,0.09176,0,0.01887,0.03097,0,0.04286,0,0.30933,0.05432,0.13168,0.11414,"이재만,민지영,최영완,이정수,장가현,손유경,이준우"
20200617,TRENDY,225421,240013,부부클리닉사랑과전쟁2,,33회,전국,010552,드라마&영화,드라마,단막극,0,0,0.00937,0,0,0,0.03239,0,0,0.01,0,0,0,0.02404,"이재만,민지영,최영완,이정수,장가현,손유경,이준우"
20200617,TRENDY,241344,252049,부부클리닉사랑과전쟁2,,34회,전국,010705,드라마&영화,드라마,단막극,0,0.05848,0,0.023,0.01346,0.03529,0.20989,0,0,0,0.005,0.02081,0.05628,0.14498,"이재만,민지영,최영완,이정수,장가현,손유경,이준우"
20200617,WeLike,200400,210545,아테나:전쟁의여신,,1회,전국,010145,드라마&영화,드라마,미니시리즈,0,0,0.00137,0.00114,0,0.00544,0.01038,0,0,0.00114,0,0,0.00458,0.00793,"이정우역:정우성,손혁역:차승원,윤혜인역:수애,한재희역:이지아,김기수역:김민종,김준호역:시원,조명호역:이정길,최진희역:김영애,권용관역:유동근,박철영역:김승우,조수영역:이보영,오숙경역:오윤아,한정필역:전국환,제시카역:연민지,앤디역:션리차드,철규역:정찬우,최태현역:최강창민,김선화역:김소연,박성철역:이한위"
20200617,WeLike,211925,222235,아테나:전쟁의여신,,2회,전국,010310,드라마&영화,드라마,미니시리즈,0,0,0,0,0,0,0.0072,0,0,0,0,0,0,0.00563,"이정우역:정우성,손혁역:차승원,윤혜인역:수애,한재희역:이지아,김기수역:김민종,김준호역:시원,조명호역:이정길,최진희역:김영애,권용관역:유동근,박철영역:김승우,조수영역:이보영,오숙경역:오윤아,한정필역:전국환,제시카역:연민지,앤디역:션리차드,철규역:정찬우,최태현역:최강창민,김선화역:김소연,박성철역:이한위"
20200618,KBS1,203059,205919,기막힌유산,,44회,전국,002820,드라마&영화,드라마,일일연속극,2.93556,3.73606,4.23203,3.54488,5.60556,11.03629,27.07662,2.50752,2.30015,3.032,3.72866,5.87894,16.51311,30.48405,"부영배역:박인환,공계옥역:강세정,부설악역:신정윤,부백두역:강신조,윤민주역:이아현,부금강역:남성진,신애리역:김가연,정미희역:박순천,김용미역:이응경,부한라역:박신우,성판금역:조양자,부가온역:김비주,부태희역:김연지,부혜교역:김효경,부지현역:강유라,공소영역:김난주,이장원역:이일준,김수민역:조서후,김종두역:이춘식,차정건역:조순창,이청아역:정서하,손보미역:박민지,김영지역:주민하,강선희역:박현정,천호식역:백신,이정태역:노상보,고향숙역:박소정"
20200618,KBS2,090457,093325,기막힌유산,,43회,전국,002828,드라마&영화,드라마,일일연속극,0.88083,1.50125,0.99972,0.83828,1.54879,2.99002,3.89991,0.04003,0.47823,0.49934,1.8531,2.5378,3.21644,4.89594,"부영배역:박인환,공계옥역:강세정,부설악역:신정윤,부백두역:강신조,윤민주역:이아현,부금강역:남성진,신애리역:김가연,정미희역:박순천,김용미역:이응경,부한라역:박신우,성판금역:조양자,부가온역:김비주,부태희역:김연지,부혜교역:김효경,부지현역:강유라,공소영역:김난주,이장원역:이일준,김수민역:조서후,김종두역:이춘식,차정건역:조순창,이청아역:정서하,손보미역:박민지,김영지역:주민하,강선희역:박현정,천호식역:백신,이정태역:노상보,고향숙역:박소정"
20200618,KBS2,110318,120402,영혼수선공,,25회/26회,전국,010044,드라마&영화,드라마,미니시리즈,0,0.53427,0.17059,0.09598,0.08214,0.13908,0.51138,0,0.00909,0.13154,0.35134,0.38873,0.54239,0.97048,"이시준역:신하균,한우주역:정소민,인동혁역:태인호,지영원역:박예진,공지선역:주민경,조인혜역:조경숙,오기태역:박수영,박대하역:정해균,이택경역:최정우,노우정역:안동구,강누리역:하영,임세찬역:장유상,공지희역:박한솔,장유미역:김가란,김영석역:김강민,송민수역:류시원"
20200618,KBS2,194936,202414,위험한약속,,55회,전국,003438,드라마&영화,드라마,일일연속극,2.25931,4.3083,2.61165,3.04824,4.25143,6.65392,19.28549,2.24419,1.16614,1.96516,4.2215,4.65047,13.1723,24.17044,"차은동역:박하나,강태인역:고세원,최준혁역:강성민,오혜원역:박영린,한지훈역:이창욱,차만종역:이대연,차은찬역:유준서,공영심역:유지연,봉석구역:현우섭,강일섭역:강신일,연두심역:이칸희,한광훈역:길용우,한서주역:김혜지,최명희역:김나운,고재숙역:윤복인,최영국역:송민형,민주란역:오영실,최준경역:이효나,이창욱역:김정운"
20200618,KBS2,220015,222859,영혼수선공,<27회>,27회,전국,002844,드라마&영화,드라마,미니시리즈,0.46008,1.01638,0.0795,0.16096,0.81942,0.15898,0.92102,1.4344,0.27613,0.08421,0.9296,0.97595,0.92921,1.63617,"이시준역:신하균,한우주역:정소민,인동혁역:태인호,지영원역:박예진,공지선역:주민경,조인혜역:조경숙,오기태역:박수영,박대하역:정해균,이택경역:최정우,노우정역:안동구,강누리역:하영,임세찬역:장유상,공지희역:박한솔,장유미역:김가란,김영석역:김강민,송민수역:류시원"
20200618,KBS2,223012,230252,영혼수선공,<28회>,28회,전국,003240,드라마&영화,드라마,미니시리즈,0.55521,0.93392,0.13047,0.18391,1.69347,0.39022,1.13132,2.00253,0.24812,0.68728,1.28611,1.50583,1.39487,1.77538,"이시준역:신하균,한우주역:정소민,인동혁역:태인호,지영원역:박예진,공지선역:주민경,조인혜역:조경숙,오기태역:박수영,박대하역:정해균,이택경역:최정우,노우정역:안동구,강누리역:하영,임세찬역:장유상,공지희역:박한솔,장유미역:김가란,김영석역:김강민,송민수역:류시원"
20200618,MBC,104831,111745,꼰대인턴,<17회>,17회,전국,002914,드라마&영화,드라마,미니시리즈,0.19447,0.55407,0.03564,0.07749,0.70007,1.1809,0.86472,0.14258,0,0.32149,0.24816,1.13603,1.30659,1.26856,"가열찬역:박해진,이만식역:김응수,이태리역:한지은,남궁준수역:박기웅,탁정은역:박아인,주윤수역:노종현,오동근역:고건한,김승진역:홍승범,구자숙역:김선영,안상종역:손종학,남궁표역:고인범,엄한길역:김기천,옥경이역:문숙,고선녀역:정경순,열찬모역:전국향,박범준역:장성규,백범역:정성호,은혜수역:정영주,가열찬친구역:권수현,차형석역:영탁"
20200618,MBC,111858,115216,꼰대인턴,<18회>,18회,전국,003318,드라마&영화,드라마,미니시리즈,0.64119,0.3373,0.00801,0.1265,0.30568,1.14598,1.16284,0.23664,0.01078,0.29592,0.35404,0.93602,1.40447,1.41563,"가열찬역:박해진,이만식역:김응수,이태리역:한지은,남궁준수역:박기웅,탁정은역:박아인,주윤수역:노종현,오동근역:고건한,김승진역:홍승범,구자숙역:김선영,안상종역:손종학,남궁표역:고인범,엄한길역:김기천,옥경이역:문숙,고선녀역:정경순,열찬모역:전국향,박범준역:장성규,백범역:정성호,은혜수역:정영주,가열찬친구역:권수현,차형석역:영탁"
20200618,MBC,205831,213049,꼰대인턴,<19회>,19회,전국,003218,드라마&영화,드라마,미니시리즈,0.25683,0.95692,0.79156,1.17246,2.75354,3.77912,2.88278,0.71646,1.81308,0.6556,2.13488,3.7514,4.44707,2.8376,"가열찬역:박해진,이만식역:김응수,이태리역:한지은,남궁준수역:박기웅,탁정은역:박아인,주윤수역:노종현,오동근역:고건한,김승진역:홍승범,구자숙역:김선영,안상종역:손종학,남궁표역:고인범,엄한길역:김기천,옥경이역:문숙,고선녀역:정경순,열찬모역:전국향,박범준역:장성규,백범역:정성호,은혜수역:정영주,가열찬친구역:권수현,차형석역:영탁"
20200618,MBC,213248,220320,꼰대인턴,<20회>,20회,전국,003032,드라마&영화,드라마,미니시리즈,0.85368,1.18598,1.19902,1.19791,4.54224,5.29687,3.12341,0.49948,2.2274,1.52435,2.15701,5.48527,5.47737,3.71589,"가열찬역:박해진,이만식역:김응수,이태리역:한지은,남궁준수역:박기웅,탁정은역:박아인,주윤수역:노종현,오동근역:고건한,김승진역:홍승범,구자숙역:김선영,안상종역:손종학,남궁표역:고인범,엄한길역:김기천,옥경이역:문숙,고선녀역:정경순,열찬모역:전국향,박범준역:장성규,백범역:정성호,은혜수역:정영주,가열찬친구역:권수현,차형석역:영탁"
20200618,SBS,083649,090717,엄마가바람났다,,34회,전국,003028,드라마&영화,드라마,아침드라마,2.57989,1.9981,1.41818,1.67701,2.97435,4.34132,5.52956,0.18444,1.0135,0.47512,3.28096,3.39726,4.1993,7.3755,"오필정역:현쥬니,강석준역:이재황,이은주역:문보령,강석환역:김형범,오순정역:남이안,김복순역:박순천,박민호역:길정우,박민지역:홍제이,김해정역:양금석,강태수역:이원재,이태우역:서현석,최동석역:김동균,최은자역:이진아,최유경역:이영은,최미영역:전은채,왕기범역:차승우,하열도역:김영훈,홍수경역:노정명,박태섭역:강서준,박혜진역:박지수"
20200618,OBS,094934,105244,구가의서,,13회,전국,010310,드라마&영화,드라마,주간연속극,0,0.27693,0,0.00736,0,0,0.01307,0,0.01441,0.0182,0,0.15337,0.00726,0,"최강치역:이승기,담여울역:수지,조관웅역:이성재,담평준역:조성하,박태서역:유연석,박청조역:이유비,곤역:성준,구월령역:최진혁,윤서화역:이연희,소정법사역:김희원,천수련역:정혜영,자홍명역:윤세아,박무솔역:엄효섭,월선역:손승우,이순신역:유동근,마봉출역:조재윤,카게시마역:데이비드맥기니스,한노역:박주형,윤씨역:김희정,억만역:김기방,윤정윤역:이다윗,담이역:김보미,필목역:송영규,공달선생역:이도경"
20200618,OBS,182003,191922,구가의서,,14회,전국,005919,드라마&영화,드라마,주간연속극,0,0,0,0,0,0.00647,0.06219,0,0.01624,0,0,0.49294,0.20397,0.06925,"최강치역:이승기,담여울역:수지,조관웅역:이성재,담평준역:조성하,박태서역:유연석,박청조역:이유비,곤역:성준,구월령역:최진혁,윤서화역:이연희,소정법사역:김희원,천수련역:정혜영,자홍명역:윤세아,박무솔역:엄효섭,월선역:손승우,이순신역:유동근,마봉출역:조재윤,카게시마역:데이비드맥기니스,한노역:박주형,윤씨역:김희정,억만역:김기방,윤정윤역:이다윗,담이역:김보미,필목역:송영규,공달선생역:이도경"
20200618,JTBC,123427,134344,쌍갑포차,,9회,전국,010917,드라마&영화,드라마,미니시리즈,0,0.29348,0.02061,0.14439,0.89127,0.78856,0.52652,0.33437,0.22704,0.70476,0.18862,0.76146,0.90158,0.41065,"월주역:황정음,한강배역:육성재,귀반장역:최원영,염부장역:이준혁,강여린역:정다은,최진동역:안태환,송미란역:박하나,박대리역:박주형,김원형역:나인우"
20200618,JTBC,213243,224136,쌍갑포차,,10회,전국,010853,드라마&영화,드라마,미니시리즈,1.08409,0.64673,0.65417,0.7877,1.0236,2.58398,1.00135,0.22741,1.62311,0.56789,1.45695,3.33738,4.01493,1.01799,"월주역:황정음,한강배역:육성재,귀반장역:최원영,염부장역:이준혁,강여린역:정다은,최진동역:안태환,송미란역:박하나,박대리역:박주형,김원형역:나인우"
20200618,TV CHOSUN,025006,033531,운명과분노,,3회,전국,004525,드라마&영화,드라마,주말연속극,0,0,0.45866,0.00576,0,0.46201,0.21433,0,0,0,0.35298,0,0.69792,0.52715,"태인준역:주상욱,구해라역:이민정,차수현역:소이현,진태오역:이기우,태필운역:고인범,한성숙역:송옥숙,태정호역:공정환,고아정역:심이영,태정민역:박수아,현정수역:조승연,구현주역:차수연,강선영역:정수영,강의건역:윤학,김창수역:허준석,차동규역:권태원,이은숙역:하민,김비서역:임지규,이현정역:한은선,김석진역:조완기,이정혜역:전현아,제니진역:김단우"
20200618,tvN,101527,112628,오마이베이비,,11회,전국,011101,드라마&영화,드라마,미니시리즈,0.53627,0.03973,0.08507,0.14373,0.29243,0.48394,0.31936,0.81343,0.15027,0.20859,1.01011,1.41203,0.70901,0.17598,"장하리역:장나라,한이상역:고준,윤재영역:박병은,최강으뜸역:정건주,이옥란역:김혜옥,남수철역:조희봉,김은영역:이미도,김철중역:유승목,주승태역:전진기,박연호역:백승희,최효주역:박수영,주선생역:문현정,심정화역:김재화,이소윤역:정라엘,이옥희역:김예령,박재한역:이한위,김상희역:손화령,순남역:이주실,조회장역:장광,조아저씨역:최홍일,강효주역:전혜빈"
20200618,tvN,224935,235840,오마이베이비,,12회,전국,010905,드라마&영화,드라마,미니시리즈,0.0727,0.74072,0.48957,0.38045,0.31054,0.99065,0.28655,0.0868,0.60006,0.58727,1.84702,2.44738,0.91583,0.56105,"장하리역:장나라,한이상역:고준,윤재영역:박병은,최강으뜸역:정건주,이옥란역:김혜옥,남수철역:조희봉,김은영역:이미도,김철중역:유승목,주승태역:전진기,박연호역:백승희,최효주역:박수영,주선생역:문현정,심정화역:김재화,이소윤역:정라엘,이옥희역:김예령,박재한역:이한위,김상희역:손화령,순남역:이주실,조회장역:장광,조아저씨역:최홍일,강효주역:전혜빈"
20200618,국방TV,210019,212918,바람은불어도,,107회,전국,002859,드라마&영화,드라마,미니시리즈,0.04327,0,0,0,0.01388,0.07895,0.00364,0,0,0,0.01081,0,0,0.00432,"최수종,유호정,윤손하,송나영,송기윤,나문희"
20200618,국방TV,213045,215715,바람은불어도,,108회,전국,002630,드라마&영화,드라마,미니시리즈,0,0,0,0,0,0,0,0,0,0,0,0,0,0,"최수종,유호정,윤손하,송나영,송기윤,나문희"
20200618,국방TV,240018,242918,바람은불어도,,107회,전국,002900,드라마&영화,드라마,미니시리즈,0,0,0,0,0,0.00565,0,0,0,0,0,0,0.0065,0,"최수종,유호정,윤손하,송나영,송기윤,나문희"
20200618,국방TV,243027,245706,바람은불어도,,108회,전국,002639,드라마&영화,드라마,미니시리즈,0,0,0,0,0.02388,0,0,0,0,0,0,0,0,0,"최수종,유호정,윤손하,송나영,송기윤,나문희"
20200618,국방TV,250035,252831,바람은불어도,,109회,전국,002756,드라마&영화,드라마,미니시리즈,0,0,0,0,0,0,0.00632,0,0,0,0.01374,0,0,0.00501,"최수종,유호정,윤손하,송나영,송기윤,나문희"
20200618,국방TV,253019,255904,바람은불어도,,110회,전국,002845,드라마&영화,드라마,미니시리즈,0,0,0,0,0,0,0.00174,0,0,0,0,0,0,0,"최수종,유호정,윤손하,송나영,송기윤,나문희"
20200618,AsiaUHD,030205,040506,삼총사,,5회,전국,010301,드라마&영화,드라마,주간연속극,0,0,0,0,0,0,0,0,0,0,0,0,0,0,"박달향역:정용화,소현세자역:이진욱,허승포역:양동근,안민서역:정해인,강빈역:서현진,미령역:유인영,김자점역:박영규,최명길역:전노민,용골대역:김성민,인조역:김명수,판쇠역:이켠,노수역:박성민,정명공주역:한민,마부대역:김서경,소현세자어린시절역:지은성"
20200618,AsiaUHD,043006,053910,삼총사,,6회,전국,010904,드라마&영화,드라마,주간연속극,0,0,0,0,0,0,0,0,0,0,0,0,0,0,"박달향역:정용화,소현세자역:이진욱,허승포역:양동근,안민서역:정해인,강빈역:서현진,미령역:유인영,김자점역:박영규,최명길역:전노민,용골대역:김성민,인조역:김명수,판쇠역:이켠,노수역:박성민,정명공주역:한민,마부대역:김서경,소현세자어린시절역:지은성"
20200618,CHING,020000,023359,이산,,19회,전국,003359,드라마&영화,드라마,주간연속극,0,0,0,0,0,0,0,0,0,0,0,0,0,0,"정조이산역:이서진,성송연역:한지민,영조역:이순재,정순왕후역:김여진,화완옹주역:성현아,정후겸역:조연우,박대수역:이종수,효의왕후역:박은혜,혜경궁홍씨역:견미리,사도세자역:이창훈,홍국영역:한상진,최석주역:조경환,채제공역:한인수,정약용역:송창의,장태우역:이재용,민주식역:정호근,박제가역:정재곤,남사초역:맹상훈,박달호역:이희도,김정금상궁역:김소이,강미비상궁역:이숙,원빈홍씨역:지성원,화빈윤씨역:유연지,박영문역:신국,초비역:이도은,이천역:지상렬,탁지수역:유민혁,이산어린시절역:박지빈,성송연어린시절역:이한나,박대수어린시절역:권오민,정후겸어린시절역:이인성"
20200618,CHING,024623,035206,이산,,20회,전국,010543,드라마&영화,드라마,주간연속극,0,0,0.0221,0,0,0.0126,0.08913,0,0,0,0,0,0.01198,0.0691,"정조이산역:이서진,성송연역:한지민,영조역:이순재,정순왕후역:김여진,화완옹주역:성현아,정후겸역:조연우,박대수역:이종수,효의왕후역:박은혜,혜경궁홍씨역:견미리,사도세자역:이창훈,홍국영역:한상진,최석주역:조경환,채제공역:한인수,정약용역:송창의,장태우역:이재용,민주식역:정호근,박제가역:정재곤,남사초역:맹상훈,박달호역:이희도,김정금상궁역:김소이,강미비상궁역:이숙,원빈홍씨역:지성원,화빈윤씨역:유연지,박영문역:신국,초비역:이도은,이천역:지상렬,탁지수역:유민혁,이산어린시절역:박지빈,성송연어린시절역:이한나,박대수어린시절역:권오민,정후겸어린시절역:이인성"
20200618,CHING,084354,094846,이산,,21회,전국,010452,드라마&영화,드라마,주간연속극,0.02747,0,0,0.04914,0.01218,0.07181,0.10353,0.03005,0,0,0.01733,0.00667,0.00061,0.08648,"정조이산역:이서진,성송연역:한지민,영조역:이순재,정순왕후역:김여진,화완옹주역:성현아,정후겸역:조연우,박대수역:이종수,효의왕후역:박은혜,혜경궁홍씨역:견미리,사도세자역:이창훈,홍국영역:한상진,최석주역:조경환,채제공역:한인수,정약용역:송창의,장태우역:이재용,민주식역:정호근,박제가역:정재곤,남사초역:맹상훈,박달호역:이희도,김정금상궁역:김소이,강미비상궁역:이숙,원빈홍씨역:지성원,화빈윤씨역:유연지,박영문역:신국,초비역:이도은,이천역:지상렬,탁지수역:유민혁,이산어린시절역:박지빈,성송연어린시절역:이한나,박대수어린시절역:권오민,정후겸어린시절역:이인성"
20200618,CHING,100426,111134,이산,,22회,전국,010708,드라마&영화,드라마,주간연속극,0,0,0,0.01105,0.00893,0,0.13704,0,0,0.01874,0,0.01091,0,0.01473,"정조이산역:이서진,성송연역:한지민,영조역:이순재,정순왕후역:김여진,화완옹주역:성현아,정후겸역:조연우,박대수역:이종수,효의왕후역:박은혜,혜경궁홍씨역:견미리,사도세자역:이창훈,홍국영역:한상진,최석주역:조경환,채제공역:한인수,정약용역:송창의,장태우역:이재용,민주식역:정호근,박제가역:정재곤,남사초역:맹상훈,박달호역:이희도,김정금상궁역:김소이,강미비상궁역:이숙,원빈홍씨역:지성원,화빈윤씨역:유연지,박영문역:신국,초비역:이도은,이천역:지상렬,탁지수역:유민혁,이산어린시절역:박지빈,성송연어린시절역:이한나,박대수어린시절역:권오민,정후겸어린시절역:이인성"
20200618,CHING,144225,151001,인어아가씨,,93회,전국,002736,드라마&영화,드라마,주간연속극,0,0.04857,0,0,0,0.00732,0.08849,0,0,0,0.1923,0,0.00431,0,"은아리영역:장서희,한경혜역:정영숙,은진섭역:박근형,심수정역:한혜숙,은예영역:우희진,이주왕역:김성민,이성수역:김병기,금옥선역:사미자,금실라역:김용림,조수아역:고두심,마마준역:정보석,마마린역:이재은"
20200618,CHING,151113,153907,인어아가씨,,94회,전국,002754,드라마&영화,드라마,주간연속극,0,0,0,0,0,0,0.05056,0,0,0,0.10989,0,0.00399,0,"은아리영역:장서희,한경혜역:정영숙,은진섭역:박근형,심수정역:한혜숙,은예영역:우희진,이주왕역:김성민,이성수역:김병기,금옥선역:사미자,금실라역:김용림,조수아역:고두심,마마준역:정보석,마마린역:이재은"
20200618,CHING,155024,161824,인어아가씨,,95회,전국,002800,드라마&영화,드라마,주간연속극,0,0,0,0,0,0.01575,0.04621,0,0,0,0,0.04838,0,0,"은아리영역:장서희,한경혜역:정영숙,은진섭역:박근형,심수정역:한혜숙,은예영역:우희진,이주왕역:김성민,이성수역:김병기,금옥선역:사미자,금실라역:김용림,조수아역:고두심,마마준역:정보석,마마린역:이재은"
20200618,CHING,161938,164523,인어아가씨,,96회,전국,002545,드라마&영화,드라마,주간연속극,0,0.0816,0,0,0,0,0.06256,0,0,0,0,0,0,0.01793,"은아리영역:장서희,한경혜역:정영숙,은진섭역:박근형,심수정역:한혜숙,은예영역:우희진,이주왕역:김성민,이성수역:김병기,금옥선역:사미자,금실라역:김용림,조수아역:고두심,마마준역:정보석,마마린역:이재은"
20200618,CHING,170205,180652,이산,,21회,전국,010447,드라마&영화,드라마,주간연속극,0,0,0,0.01546,0.10973,0,0.07842,0,0,0,0.06509,0,0,0.0035,"정조이산역:이서진,성송연역:한지민,영조역:이순재,정순왕후역:김여진,화완옹주역:성현아,정후겸역:조연우,박대수역:이종수,효의왕후역:박은혜,혜경궁홍씨역:견미리,사도세자역:이창훈,홍국영역:한상진,최석주역:조경환,채제공역:한인수,정약용역:송창의,장태우역:이재용,민주식역:정호근,박제가역:정재곤,남사초역:맹상훈,박달호역:이희도,김정금상궁역:김소이,강미비상궁역:이숙,원빈홍씨역:지성원,화빈윤씨역:유연지,박영문역:신국,초비역:이도은,이천역:지상렬,탁지수역:유민혁,이산어린시절역:박지빈,성송연어린시절역:이한나,박대수어린시절역:권오민,정후겸어린시절역:이인성"
20200618,CHING,182309,193012,이산,,22회,전국,010703,드라마&영화,드라마,주간연속극,0,0,0,0.147,0,0.00379,0.06673,0,0,0,0,0.00343,0,0.03557,"정조이산역:이서진,성송연역:한지민,영조역:이순재,정순왕후역:김여진,화완옹주역:성현아,정후겸역:조연우,박대수역:이종수,효의왕후역:박은혜,혜경궁홍씨역:견미리,사도세자역:이창훈,홍국영역:한상진,최석주역:조경환,채제공역:한인수,정약용역:송창의,장태우역:이재용,민주식역:정호근,박제가역:정재곤,남사초역:맹상훈,박달호역:이희도,김정금상궁역:김소이,강미비상궁역:이숙,원빈홍씨역:지성원,화빈윤씨역:유연지,박영문역:신국,초비역:이도은,이천역:지상렬,탁지수역:유민혁,이산어린시절역:박지빈,성송연어린시절역:이한나,박대수어린시절역:권오민,정후겸어린시절역:이인성"
20200618,CHING,230019,232754,인어아가씨,,93회,전국,002735,드라마&영화,드라마,주간연속극,0,0,0,0,0,0,0,0,0,0,0,0,0,0,"은아리영역:장서희,한경혜역:정영숙,은진섭역:박근형,심수정역:한혜숙,은예영역:우희진,이주왕역:김성민,이성수역:김병기,금옥선역:사미자,금실라역:김용림,조수아역:고두심,마마준역:정보석,마마린역:이재은"
20200618,CHING,232907,235702,인어아가씨,,94회,전국,002755,드라마&영화,드라마,주간연속극,0,0,0,0,0.01029,0,0.04418,0,0.01888,0.0049,0,0.19347,0,0.06093,"은아리영역:장서희,한경혜역:정영숙,은진섭역:박근형,심수정역:한혜숙,은예영역:우희진,이주왕역:김성민,이성수역:김병기,금옥선역:사미자,금실라역:김용림,조수아역:고두심,마마준역:정보석,마마린역:이재은"
20200618,CHING,240916,243715,인어아가씨,,95회,전국,002759,드라마&영화,드라마,주간연속극,0,0,0,0,0,0,0.00178,0,0,0,0,0.05741,0.01563,0,"은아리영역:장서희,한경혜역:정영숙,은진섭역:박근형,심수정역:한혜숙,은예영역:우희진,이주왕역:김성민,이성수역:김병기,금옥선역:사미자,금실라역:김용림,조수아역:고두심,마마준역:정보석,마마린역:이재은"
20200618,CHING,243830,250415,인어아가씨,,96회,전국,002545,드라마&영화,드라마,주간연속극,0,0,0,0,0,0.00819,0.0437,0,0,0,0,0,0.00483,0.07548,"은아리영역:장서희,한경혜역:정영숙,은진섭역:박근형,심수정역:한혜숙,은예영역:우희진,이주왕역:김성민,이성수역:김병기,금옥선역:사미자,금실라역:김용림,조수아역:고두심,마마준역:정보석,마마린역:이재은"
20200618,CHING,251414,255959,이산,,21회,전국,004545,드라마&영화,드라마,주간연속극,0,0,0,0,0.00245,0,0.00108,0,0,0,0,0,0,0,"정조이산역:이서진,성송연역:한지민,영조역:이순재,정순왕후역:김여진,화완옹주역:성현아,정후겸역:조연우,박대수역:이종수,효의왕후역:박은혜,혜경궁홍씨역:견미리,사도세자역:이창훈,홍국영역:한상진,최석주역:조경환,채제공역:한인수,정약용역:송창의,장태우역:이재용,민주식역:정호근,박제가역:정재곤,남사초역:맹상훈,박달호역:이희도,김정금상궁역:김소이,강미비상궁역:이숙,원빈홍씨역:지성원,화빈윤씨역:유연지,박영문역:신국,초비역:이도은,이천역:지상렬,탁지수역:유민혁,이산어린시절역:박지빈,성송연어린시절역:이한나,박대수어린시절역:권오민,정후겸어린시절역:이인성"
20200618,CNTV,032444,035534,녹두꽃,,15회,전국,003050,드라마&영화,드라마,미니시리즈,0,0,0,0,0,0,0.02235,0,0.0227,0,0,0.01673,0,0.07892,"백이강역:조정석,백이현역:윤시윤,송자인역:한예리,전봉준역:최무성,백가역:박혁권,최덕기역:김상호,황석주역:최원영,채씨역:황영희,백이화역:백은혜,유월이역:서영희,남서방역:정선철,최경선역:민성욱,해승역:안길강,버들이역:노행하,번개역:병헌,동록개역:정규수,김가역:박지환,김개남역:김정호,손화중역:홍우진,송희옥역:이태검,황명심역:박규영,홍가역:조희봉,억쇠역:조현식,철두역:김도연,박원명역:김하균,송봉길역:박지일,김당손역:문원주,김문현역:이순원,김학진역:남문철,홍계훈역:윤서현,이규태역:손우현,이두황역:서종봉,대원군역:전국환,민비역:김지현,고종역:이윤건,조병갑역:장광,이용태역:이정헌,최시형역:전무송,다케다요스케역:이기찬,김홍집역:황만익"
20200618,CNTV,035559,042352,녹두꽃,,16회,전국,002753,드라마&영화,드라마,미니시리즈,0,0,0,0,0.00988,0,0,0,0,0,0,0.01359,0,0,"백이강역:조정석,백이현역:윤시윤,송자인역:한예리,전봉준역:최무성,백가역:박혁권,최덕기역:김상호,황석주역:최원영,채씨역:황영희,백이화역:백은혜,유월이역:서영희,남서방역:정선철,최경선역:민성욱,해승역:안길강,버들이역:노행하,번개역:병헌,동록개역:정규수,김가역:박지환,김개남역:김정호,손화중역:홍우진,송희옥역:이태검,황명심역:박규영,홍가역:조희봉,억쇠역:조현식,철두역:김도연,박원명역:김하균,송봉길역:박지일,김당손역:문원주,김문현역:이순원,김학진역:남문철,홍계훈역:윤서현,이규태역:손우현,이두황역:서종봉,대원군역:전국환,민비역:김지현,고종역:이윤건,조병갑역:장광,이용태역:이정헌,최시형역:전무송,다케다요스케역:이기찬,김홍집역:황만익"
20200618,CNTV,060151,070141,용의눈물,,81회,전국,005950,드라마&영화,드라마,주간연속극,0,0.00543,0,0.01837,0,0.01156,0.09108,0,0,0.00676,0.0024,0.27624,0.03165,0.02999,"유동근,최명길,이민우,안재모,김무생,김혜리"
20200618,CNTV,071200,081130,용의눈물,,82회,전국,005930,드라마&영화,드라마,주간연속극,0.06303,0,0.07493,0.02846,0.01739,0.01711,0.01213,0,0,0.00244,0,0.02108,0.0113,0.0107,"유동근,최명길,이민우,안재모,김무생,김혜리"
20200618,CNTV,092704,103228,자이언트,,45회,전국,010524,드라마&영화,드라마,주간연속극,0,0.04196,0.015,0.03041,0.04597,0.02886,0.18931,0.03885,0,0.01095,0.01082,0.06297,0.22745,0.03573,"이강모역:이범수,황정연역:박진희,조민우역:주상욱,이성모역:박상민,이미주역:황정음,조필연역:정보석,황태섭역:이덕화,박소태역:이문식,유경옥역:김서형,염재수역:유형관,황정식역:김정현,한명석역:이효정,오병탁역:김학철,이성모어린시절역:김수현,조민우어린시절역:노영학,이미주어린시절역:박하영,황정연어린시절역:남지현,이강모어린시절역:여진구,민홍기역:이기영,백파역:임혁,말죽거리파두목역:최민,홍기표역:손병호,염시덕역:신승환,이복자역:한경선,염경자역:최하나,남영출역:송경철,오남숙역:문희경,주영국역:장순국,문성중역:이승형,양명자역:홍여진,고재춘역:윤용현,유찬성역:황택하,윤기훈역:임종윤,지연수역:유호린,천수연역:한다민,차부철역:김성오"
20200618,CNTV,104850,114950,야인시대,,49회,전국,010100,드라마&영화,드라마,주간연속극,0,0,0.02711,0.00154,0.1467,0.14736,0.41141,0,0,0,0.19622,0.10784,0.40309,0.17548,"청년김두한역:안재모,소년김두한역:곽정욱,장년김두한역:김영철,장년정진영역:차광수,구마적역:이원종,쌍칼역:박준규,김무옥역:이혁재,문영철역:장세진,장년개코역:성동일,신마적역:최철호,하야시역:이창훈,가미소리역:이상인,시바루역:이세창,나미꼬역:이세은,시라소니역:조상구,최동열역:정동환,미와역:이재용,마루오까역:최재성,설향역:허영란,애란역:조여정,정운경역:심형탁,김좌진역:최동준,오숙근역:이덕희,박계숙역:전미선,원노인역:이순재,유진산역:이효정,이정재역:김영호,조병옥역:김학철,이화룡역:안승훈,청년개코역:이동훈,신영균역:윤용현,청년정진영역:김정민,김영태역:박영록,박인애역:정소영,이영숙역:이일화,김두한어린시절역:곽정욱"
20200618,CNTV,120913,130207,광개토태왕,,82회,전국,005254,드라마&영화,드라마,주말연속극,0.32756,0.05531,0,0.31631,0.25951,0.32118,0.68209,0,0.26555,0.03228,0.07997,0.18093,0.19246,0.4365,"담덕역:이태곤,고운역:김승수,모용보역:임호,도영역:오지은,연살타역:홍경인,약연역:이인혜,고무역:김진태,고창역:남성진,모두영역:이원발,모두루역:임대호,모용수역:김동현,풍발역:정호근,개연수역:최동준,가라지역:오욱철,연도부역:반석진,계필역:선동혁,이영역:최상훈,담망역:정태우,이련역:송용태,고야역:이보희,담주역:조안,설도안역:김규철,설지역:김정화,마수역:고인범,여소이역:임병기,돌비수역:김정현,갈사무역:강신조,도광역:박승호,소모역:강지후,여문역:나주석,모용희역:조인표,거보역:김덕현,무갑역:유종근,여석개역:방형주,황회역:김명수,원봉역:박유승,하무지역:윤승원,사갈현역:김철기,아신역:박정철"
20200618,CNTV,131652,141721,용의눈물,,81회,전국,010029,드라마&영화,드라마,주간연속극,0.03845,0.03007,0,0.10588,0.0144,0.10111,0.45483,0.10101,0,0.08039,0.01576,0,0.02023,0.46058,"유동근,최명길,이민우,안재모,김무생,김혜리"
20200618,CNTV,143321,153305,용의눈물,,82회,전국,005944,드라마&영화,드라마,주간연속극,0,0.15911,0.00162,0,0,0.08597,0.66587,0,0,0.23654,0.01854,0.04026,0.01934,0.76918,"유동근,최명길,이민우,안재모,김무생,김혜리"
20200618,CNTV,155318,165857,자이언트,,45회,전국,010539,드라마&영화,드라마,주간연속극,0,0.09377,0.00892,0.06026,0.10058,0.04089,0.24902,0,0,0.05667,0,0.08897,0.13077,0.0705,"이강모역:이범수,황정연역:박진희,조민우역:주상욱,이성모역:박상민,이미주역:황정음,조필연역:정보석,황태섭역:이덕화,박소태역:이문식,유경옥역:김서형,염재수역:유형관,황정식역:김정현,한명석역:이효정,오병탁역:김학철,이성모어린시절역:김수현,조민우어린시절역:노영학,이미주어린시절역:박하영,황정연어린시절역:남지현,이강모어린시절역:여진구,민홍기역:이기영,백파역:임혁,말죽거리파두목역:최민,홍기표역:손병호,염시덕역:신승환,이복자역:한경선,염경자역:최하나,남영출역:송경철,오남숙역:문희경,주영국역:장순국,문성중역:이승형,양명자역:홍여진,고재춘역:윤용현,유찬성역:황택하,윤기훈역:임종윤,지연수역:유호린,천수연역:한다민,차부철역:김성오"
20200618,CNTV,171521,181621,야인시대,,49회,전국,010100,드라마&영화,드라마,주간연속극,0.03782,0,0.14323,0.01688,0.02032,0.06219,0.24922,0,0,0,0.0171,0.00645,0.2047,0.12095,"청년김두한역:안재모,소년김두한역:곽정욱,장년김두한역:김영철,장년정진영역:차광수,구마적역:이원종,쌍칼역:박준규,김무옥역:이혁재,문영철역:장세진,장년개코역:성동일,신마적역:최철호,하야시역:이창훈,가미소리역:이상인,시바루역:이세창,나미꼬역:이세은,시라소니역:조상구,최동열역:정동환,미와역:이재용,마루오까역:최재성,설향역:허영란,애란역:조여정,정운경역:심형탁,김좌진역:최동준,오숙근역:이덕희,박계숙역:전미선,원노인역:이순재,유진산역:이효정,이정재역:김영호,조병옥역:김학철,이화룡역:안승훈,청년개코역:이동훈,신영균역:윤용현,청년정진영역:김정민,김영태역:박영록,박인애역:정소영,이영숙역:이일화,김두한어린시절역:곽정욱"
20200618,CNTV,183049,192343,광개토태왕,,82회,전국,005254,드라마&영화,드라마,주말연속극,0,0.29306,0.32077,0,0.12293,0.18973,0.45703,0.16795,0.18339,0,0.06054,0.06576,0.53583,0.31678,"담덕역:이태곤,고운역:김승수,모용보역:임호,도영역:오지은,연살타역:홍경인,약연역:이인혜,고무역:김진태,고창역:남성진,모두영역:이원발,모두루역:임대호,모용수역:김동현,풍발역:정호근,개연수역:최동준,가라지역:오욱철,연도부역:반석진,계필역:선동혁,이영역:최상훈,담망역:정태우,이련역:송용태,고야역:이보희,담주역:조안,설도안역:김규철,설지역:김정화,마수역:고인범,여소이역:임병기,돌비수역:김정현,갈사무역:강신조,도광역:박승호,소모역:강지후,여문역:나주석,모용희역:조인표,거보역:김덕현,무갑역:유종근,여석개역:방형주,황회역:김명수,원봉역:박유승,하무지역:윤승원,사갈현역:김철기,아신역:박정철"
20200618,CNTV,193953,204007,용의눈물,,81회,전국,010014,드라마&영화,드라마,주간연속극,0.01984,0.00675,0,0.02803,0.07238,0.13655,0.19857,0.03012,0.15288,0.0756,0.01251,0.1329,0.14901,0.11697,"유동근,최명길,이민우,안재모,김무생,김혜리"
20200618,CNTV,205442,215426,용의눈물,,82회,전국,005944,드라마&영화,드라마,주간연속극,0,0.10665,0.03179,0,0.00411,0.10527,0.05008,0,0,0.01886,0,0,0.18733,0.05274,"유동근,최명길,이민우,안재모,김무생,김혜리"
20200618,CNTV,220724,231248,자이언트,,45회,전국,010524,드라마&영화,드라마,주간연속극,0,0,0,0.04956,0,0.20374,0.2288,0,0,0,0.26145,0.17383,0.18451,0.14406,"이강모역:이범수,황정연역:박진희,조민우역:주상욱,이성모역:박상민,이미주역:황정음,조필연역:정보석,황태섭역:이덕화,박소태역:이문식,유경옥역:김서형,염재수역:유형관,황정식역:김정현,한명석역:이효정,오병탁역:김학철,이성모어린시절역:김수현,조민우어린시절역:노영학,이미주어린시절역:박하영,황정연어린시절역:남지현,이강모어린시절역:여진구,민홍기역:이기영,백파역:임혁,말죽거리파두목역:최민,홍기표역:손병호,염시덕역:신승환,이복자역:한경선,염경자역:최하나,남영출역:송경철,오남숙역:문희경,주영국역:장순국,문성중역:이승형,양명자역:홍여진,고재춘역:윤용현,유찬성역:황택하,윤기훈역:임종윤,지연수역:유호린,천수연역:한다민,차부철역:김성오"
20200618,CNTV,232625,242725,야인시대,,49회,전국,010100,드라마&영화,드라마,주간연속극,0,0,0,0.02689,0.05368,0.20616,0.12098,0,0,0,0.09224,0.09936,0.08226,0.10577,"청년김두한역:안재모,소년김두한역:곽정욱,장년김두한역:김영철,장년정진영역:차광수,구마적역:이원종,쌍칼역:박준규,김무옥역:이혁재,문영철역:장세진,장년개코역:성동일,신마적역:최철호,하야시역:이창훈,가미소리역:이상인,시바루역:이세창,나미꼬역:이세은,시라소니역:조상구,최동열역:정동환,미와역:이재용,마루오까역:최재성,설향역:허영란,애란역:조여정,정운경역:심형탁,김좌진역:최동준,오숙근역:이덕희,박계숙역:전미선,원노인역:이순재,유진산역:이효정,이정재역:김영호,조병옥역:김학철,이화룡역:안승훈,청년개코역:이동훈,신영균역:윤용현,청년정진영역:김정민,김영태역:박영록,박인애역:정소영,이영숙역:이일화,김두한어린시절역:곽정욱"
20200618,CNTV,243738,253032,광개토태왕,,82회,전국,005254,드라마&영화,드라마,주말연속극,0,0,0.29235,0,0,0.22197,0.20066,0,0,0,0.00132,0.20972,0.08026,0.19255,"담덕역:이태곤,고운역:김승수,모용보역:임호,도영역:오지은,연살타역:홍경인,약연역:이인혜,고무역:김진태,고창역:남성진,모두영역:이원발,모두루역:임대호,모용수역:김동현,풍발역:정호근,개연수역:최동준,가라지역:오욱철,연도부역:반석진,계필역:선동혁,이영역:최상훈,담망역:정태우,이련역:송용태,고야역:이보희,담주역:조안,설도안역:김규철,설지역:김정화,마수역:고인범,여소이역:임병기,돌비수역:김정현,갈사무역:강신조,도광역:박승호,소모역:강지후,여문역:나주석,모용희역:조인표,거보역:김덕현,무갑역:유종근,여석개역:방형주,황회역:김명수,원봉역:박유승,하무지역:윤승원,사갈현역:김철기,아신역:박정철"
20200618,DRAMAcube,051910,062117,시크릿부티크,,16회,전국,010207,드라마&영화,드라마,미니시리즈,0,0,0.01333,0.00748,0.02598,0.04138,0.00589,0,0,0,0,0.06519,0.06745,0.07767,"제니장역:김선아,김여옥역:장미희,위예남역:박희본,이현지역:고민시,윤선우역:김재영,위정혁역:김태훈,위예은역:류원,차승재역:류승수,황집사역:한정수,미세스왕역:김영아,위동섭역:여무영,운산스님역:박병호,도준섭역:김법래,오태석역:주석태,이주호역:장률,박주현역:장영남,김미진역:윤지인,예준역:최동화,조양오역:임철형,이상훈역:정욱진,윤혜라역:송지우,장도윤역:박재준,우선정역:박성연,어린도영역:박서경,18세도영역:정다은,18세예남역:조민아,20세정혁역:김성현,어린선우역:이시우"
20200618,DRAMAcube,062657,072916,배가본드,,9회,전국,010219,드라마&영화,드라마,미니시리즈,0,0,0,0.04474,0,0.00514,0.00647,0,0,0,0.04342,0,0.00653,0.00644,"차달건역:이승기,고해리역:배수지,기태웅역:신성록,제시카리역:문정희,정국표역:백윤식,홍순조역:문성근,에드워드박역:이경영,강주철역:이기영,윤한기역:김민종,민재식역:정만식,공화숙역:황보라,박만영역:최광일,안기동역:김종수,김세훈역:신승환,한기수역:김민서,미키역:류원,홍승범역:김정현,릴리역:박아인,박광덕역:고규필,제롬역:유태오,김우기역:장혁진,오상미역:강경헌,김도수역:최대철"
20200618,DRAMAcube,132334,143326,굿캐스팅,,13회,전국,010952,드라마&영화,드라마,미니시리즈,0,0,0,0,0,0.0781,0.10538,0,0,0.00701,0.09728,0.00266,0.09429,0.06838,"백찬미역:최강희,윤석호역:이상엽,임예은역:유인영,황미순역:김지영,강우원역:이준영,동관수역:이종혁,서국환역:정인기,배무혁역:박경순,간태희역:황보미,명계철역:우현,탁상기역:이상훈,옥철역:김용희,변우석역:허재호,구비서역:한수진,설영훈역:조영훈,심화란역:차수연,남봉만역:이승형,남주연역:김보윤,피철웅역:배진웅,권민석역:성혁,권소희역:노하연"
20200618,DRAMAcube,144547,155451,굿캐스팅,,14회,전국,010904,드라마&영화,드라마,미니시리즈,0,0.05139,0.02048,0,0.04028,0,0.04346,0.05733,0.18507,0.01857,0.28396,0.14588,0.01257,0.10438,"백찬미역:최강희,윤석호역:이상엽,임예은역:유인영,황미순역:김지영,강우원역:이준영,동관수역:이종혁,서국환역:정인기,배무혁역:박경순,간태희역:황보미,명계철역:우현,탁상기역:이상훈,옥철역:김용희,변우석역:허재호,구비서역:한수진,설영훈역:조영훈,심화란역:차수연,남봉만역:이승형,남주연역:김보윤,피철웅역:배진웅,권민석역:성혁,권소희역:노하연"
20200618,DramaH,103548,113752,바람과구름과비,,9회,전국,010204,드라마&영화,드라마,미니시리즈,0,0,0,0.00845,0,0.00212,0.10747,0,0.00902,0,0.00501,0,0.00603,0.13744,"최천중역:박시후,봉련역:고성희,흥선대원군이하응역:전광렬,채인규역:성혁,김병운역:김승수,김좌근역:차광수,나합역:윤아정,김병학역:한재영,조대비역:김보연,철종역:정욱,이하전역:이루,명성황후민자영역:박정연,고종이재황역:박상훈,용팔룡역:조복래,주모역:김주령,적도사진상역:한동규,팽구철역:노형욱,만석역:박노식,연치성역:임현수,반달역:왕빛나,임종사관역:허태희,최천중어린시절역:강태우,봉련어린시절역:홍승희,채인규어린시절역:최정우,상복역:허성태,민승호역:이해우,저자이병주,출판그림같은세상2020.08.28.,e북무료판매처 1건"
20200618,DramaH,115332,125542,영혼수선공,,13회,전국,010210,드라마&영화,드라마,미니시리즈,0,0,0,0,0,0,0.00597,0.14888,0,0,0.0353,0,0,0.13148,"이시준역:신하균,한우주역:정소민,인동혁역:태인호,지영원역:박예진,공지선역:주민경,조인혜역:조경숙,오기태역:박수영,박대하역:정해균,이택경역:최정우,노우정역:안동구,강누리역:하영,임세찬역:장유상,공지희역:박한솔,장유미역:김가란,김영석역:김강민,송민수역:류시원"
20200618,DramaH,164528,175125,번외수사,,5회,전국,010557,드라마&영화,드라마,미니시리즈,0.01708,0,0,0,0.29973,0.02667,0.19439,0,0.01108,0.00489,0.00218,0.00597,0.12843,0.07059,"진강호역:차태현,강무영역:이선빈,이반석역:정상훈,테디정역:윤경호,탁원역:지승현,민대진역:박정우,맨손역:박태산,연장역:장진희,지수철역:이영석,노순이역:민경옥"
20200618,DramaH,180805,190809,번외수사,,6회,전국,010004,드라마&영화,드라마,미니시리즈,0,0,0.00358,0.01547,0.40295,0.00554,0.01466,0,0.01838,0,0,0.00766,0.0084,0.01053,"진강호역:차태현,강무영역:이선빈,이반석역:정상훈,테디정역:윤경호,탁원역:지승현,민대진역:박정우,맨손역:박태산,연장역:장진희,지수철역:이영석,노순이역:민경옥"
20200618,DramaH,251946,255959,바람과구름과비,,8회,전국,004013,드라마&영화,드라마,미니시리즈,0,0,0,0,0,0,0.00881,0,0,0,0.0353,0.11863,0,0.02579,"최천중역:박시후,봉련역:고성희,흥선대원군이하응역:전광렬,채인규역:성혁,김병운역:김승수,김좌근역:차광수,나합역:윤아정,김병학역:한재영,조대비역:김보연,철종역:정욱,이하전역:이루,명성황후민자영역:박정연,고종이재황역:박상훈,용팔룡역:조복래,주모역:김주령,적도사진상역:한동규,팽구철역:노형욱,만석역:박노식,연치성역:임현수,반달역:왕빛나,임종사관역:허태희,최천중어린시절역:강태우,봉련어린시절역:홍승희,채인규어린시절역:최정우,상복역:허성태,민승호역:이해우,저자이병주,출판그림같은세상2020.08.28.,e북무료판매처 1건"
20200618,Dramax,102759,112840,VIP,,13회,전국,010041,드라마&영화,드라마,미니시리즈,0.01272,0,0.00386,0.03138,0.00688,0.16612,0.08135,0.01081,0,0.1497,0,0.0074,0.10709,0.05077,"나정선역:장나라,박성준역:이상윤,이현아역:이청아,송미나역:곽선영,온유리역:표예진,마상우역:신재하,이병훈역:이재원,차진호역:정준원,하재웅역:박성근,배도일역:장혁진,하영웅역:조승연,강지영역:이진희,계미옥역:김미경,나영철역:최홍일,한숙영역:정애리,한숙자역:김서라,장진철역:장현성,이명은역:전혜진,하태영역:박지영"
20200618,Dramax,114119,124237,VIP,,14회,전국,010118,드라마&영화,드라마,미니시리즈,0,0,0.08153,0.02458,0.061,0.0029,0.02002,0,0,0.12613,0.00569,0.14411,0.03111,0.06114,"나정선역:장나라,박성준역:이상윤,이현아역:이청아,송미나역:곽선영,온유리역:표예진,마상우역:신재하,이병훈역:이재원,차진호역:정준원,하재웅역:박성근,배도일역:장혁진,하영웅역:조승연,강지영역:이진희,계미옥역:김미경,나영철역:최홍일,한숙영역:정애리,한숙자역:김서라,장진철역:장현성,이명은역:전혜진,하태영역:박지영"
20200618,Dramax,125445,135536,VIP,,15회,전국,010051,드라마&영화,드라마,미니시리즈,0,0,0.14814,0,0.02931,0.01379,0.0504,0,0,0.27558,0.06401,0.02635,0.08348,0.23391,"나정선역:장나라,박성준역:이상윤,이현아역:이청아,송미나역:곽선영,온유리역:표예진,마상우역:신재하,이병훈역:이재원,차진호역:정준원,하재웅역:박성근,배도일역:장혁진,하영웅역:조승연,강지영역:이진희,계미옥역:김미경,나영철역:최홍일,한숙영역:정애리,한숙자역:김서라,장진철역:장현성,이명은역:전혜진,하태영역:박지영"
20200618,Dramax,140822,150837,VIP,,16회,전국,010015,드라마&영화,드라마,미니시리즈,0,0,0.1625,0.00859,0,0.20183,0.02129,0,0.11384,0.26821,0.08547,0.12288,0.16195,0.2826,"나정선역:장나라,박성준역:이상윤,이현아역:이청아,송미나역:곽선영,온유리역:표예진,마상우역:신재하,이병훈역:이재원,차진호역:정준원,하재웅역:박성근,배도일역:장혁진,하영웅역:조승연,강지영역:이진희,계미옥역:김미경,나영철역:최홍일,한숙영역:정애리,한숙자역:김서라,장진철역:장현성,이명은역:전혜진,하태영역:박지영"
20200618,E채널,044451,055242,야식남녀,,7회,전국,010751,드라마&영화,드라마,미니시리즈,0,0,0,0,0,0,0.0034,0,0,0,0,0,0.00271,0.03235,"박진성역:정일우,김아진역:강지영,강태완역:이학주,이상영역:김승수,차주희역:김수진,남규장역:양대혁,유성은역:공민정,노재수역:박성준,박진우역:최재현"
20200618,FX,041650,051046,야인시대,,104회,전국,005356,드라마&영화,드라마,주간연속극,0.02375,0.01731,0,0,0,0.0047,0.04388,0,0,0,0,0.01384,0,0.02179,"청년김두한역:안재모,소년김두한역:곽정욱,장년김두한역:김영철,장년정진영역:차광수,구마적역:이원종,쌍칼역:박준규,김무옥역:이혁재,문영철역:장세진,장년개코역:성동일,신마적역:최철호,하야시역:이창훈,가미소리역:이상인,시바루역:이세창,나미꼬역:이세은,시라소니역:조상구,최동열역:정동환,미와역:이재용,마루오까역:최재성,설향역:허영란,애란역:조여정,정운경역:심형탁,김좌진역:최동준,오숙근역:이덕희,박계숙역:전미선,원노인역:이순재,유진산역:이효정,이정재역:김영호,조병옥역:김학철,이화룡역:안승훈,청년개코역:이동훈,신영균역:윤용현,청년정진영역:김정민,김영태역:박영록,박인애역:정소영,이영숙역:이일화,김두한어린시절역:곽정욱"
20200618,FX,084853,094002,허준,,40회,전국,005109,드라마&영화,드라마,주간연속극,0,0,0,0,0,0,0,0,0,0,0,0,0,0,"허준역:전광렬,유의태역:이순재,유도지역:김병세,예진역:황수정,임오근역:임현식,구일서역:이희도"
20200618,FX,095554,105057,허준,,41회,전국,005503,드라마&영화,드라마,주간연속극,0.00361,0.00865,0,0.00581,0.01264,0.0112,0.01502,0.00395,0.02124,0,0.00695,0.01123,0.01209,0.00667,"허준역:전광렬,유의태역:이순재,유도지역:김병세,예진역:황수정,임오근역:임현식,구일서역:이희도"
20200618,FX,163952,174906,간택여인들의전쟁,,12회,전국,010914,드라마&영화,드라마,미니시리즈,0.02588,0.0069,0,0,0.01499,0.23579,0,0.0283,0.01693,0.01732,0.02005,0,0.00472,0.00802,"강은보역:진세연,이경역:김민규,이재화역:도상우,조영지역:이열음,왈역:이시언,김송이역:이화겸,대왕대비역:정애리,대비역:조은숙,조흥견역:이재용,김만찬역:손병호,용호역:이주진"
20200618,FX,180108,185604,야인시대,,104회,전국,005456,드라마&영화,드라마,주간연속극,0,0.00433,0.00379,0.00708,0.00221,0.02831,0.06679,0,0.01062,0,0.00234,0,0.0015,0.00311,"청년김두한역:안재모,소년김두한역:곽정욱,장년김두한역:김영철,장년정진영역:차광수,구마적역:이원종,쌍칼역:박준규,김무옥역:이혁재,문영철역:장세진,장년개코역:성동일,신마적역:최철호,하야시역:이창훈,가미소리역:이상인,시바루역:이세창,나미꼬역:이세은,시라소니역:조상구,최동열역:정동환,미와역:이재용,마루오까역:최재성,설향역:허영란,애란역:조여정,정운경역:심형탁,김좌진역:최동준,오숙근역:이덕희,박계숙역:전미선,원노인역:이순재,유진산역:이효정,이정재역:김영호,조병옥역:김학철,이화룡역:안승훈,청년개코역:이동훈,신영균역:윤용현,청년정진영역:김정민,김영태역:박영록,박인애역:정소영,이영숙역:이일화,김두한어린시절역:곽정욱"
20200618,FX,243623,253119,야인시대,,104회,전국,005456,드라마&영화,드라마,주간연속극,0,0,0,0,0,0,0.00655,0,0,0,0,0.01254,0.00334,0.02046,"청년김두한역:안재모,소년김두한역:곽정욱,장년김두한역:김영철,장년정진영역:차광수,구마적역:이원종,쌍칼역:박준규,김무옥역:이혁재,문영철역:장세진,장년개코역:성동일,신마적역:최철호,하야시역:이창훈,가미소리역:이상인,시바루역:이세창,나미꼬역:이세은,시라소니역:조상구,최동열역:정동환,미와역:이재용,마루오까역:최재성,설향역:허영란,애란역:조여정,정운경역:심형탁,김좌진역:최동준,오숙근역:이덕희,박계숙역:전미선,원노인역:이순재,유진산역:이효정,이정재역:김영호,조병옥역:김학철,이화룡역:안승훈,청년개코역:이동훈,신영균역:윤용현,청년정진영역:김정민,김영태역:박영록,박인애역:정소영,이영숙역:이일화,김두한어린시절역:곽정욱"
20200618,JTBC2,020000,024430,쌍갑포차,,9회,전국,004430,드라마&영화,드라마,미니시리즈,0,0,0,0.01887,0,0.01768,0,0,0,0,0.01569,0.31574,0.01597,0.04818,"월주역:황정음,한강배역:육성재,귀반장역:최원영,염부장역:이준혁,강여린역:정다은,최진동역:안태환,송미란역:박하나,박대리역:박주형,김원형역:나인우"
20200618,JTBC2,071425,082040,쌍갑포차,,9회,전국,010615,드라마&영화,드라마,미니시리즈,0,0,0,0,0.02536,0.01001,0.0262,0,0,0,0.00789,0.38115,0.03818,0.0298,"월주역:황정음,한강배역:육성재,귀반장역:최원영,염부장역:이준혁,강여린역:정다은,최진동역:안태환,송미란역:박하나,박대리역:박주형,김원형역:나인우"
20200618,JTBC2,103252,114159,쌍갑포차,,9회,전국,010907,드라마&영화,드라마,미니시리즈,0.10507,0.23027,0.20576,0.00463,0.38976,0.13866,0.10763,0,0,0.1485,0.26628,0.60642,0.1833,0.17566,"월주역:황정음,한강배역:육성재,귀반장역:최원영,염부장역:이준혁,강여린역:정다은,최진동역:안태환,송미란역:박하나,박대리역:박주형,김원형역:나인우"
20200618,JTBC2,155208,170109,쌍갑포차,,9회,전국,010901,드라마&영화,드라마,미니시리즈,0.72722,0.00452,0.07264,0.01344,0.3084,0.20459,0.23688,0,0,0.0974,0.29943,0.31263,0.3616,0.26235,"월주역:황정음,한강배역:육성재,귀반장역:최원영,염부장역:이준혁,강여린역:정다은,최진동역:안태환,송미란역:박하나,박대리역:박주형,김원형역:나인우"
20200618,JTBC2,192034,202938,쌍갑포차,,9회,전국,010904,드라마&영화,드라마,미니시리즈,0.14486,0,0,0.23627,0.12243,0.27779,0.2378,0,0.02315,0.11584,0.19518,0.51349,0.60492,0.19268,"월주역:황정음,한강배역:육성재,귀반장역:최원영,염부장역:이준혁,강여린역:정다은,최진동역:안태환,송미란역:박하나,박대리역:박주형,김원형역:나인우"
20200618,JTBC2,224931,235832,쌍갑포차,,9회,전국,010901,드라마&영화,드라마,미니시리즈,0,0,0,0.0158,0.44318,0.34594,0.0244,0,0,0.02637,0.30755,0.50172,0.27225,0.04244,"월주역:황정음,한강배역:육성재,귀반장역:최원영,염부장역:이준혁,강여린역:정다은,최진동역:안태환,송미란역:박하나,박대리역:박주형,김원형역:나인우"
20200618,JTBC2,241240,252127,쌍갑포차,,10회,전국,010847,드라마&영화,드라마,미니시리즈,0,0,0.74176,0,0.62169,0.60929,0.11559,0,0.11019,0.05834,0.52103,1.42426,0.58945,0.02008,"월주역:황정음,한강배역:육성재,귀반장역:최원영,염부장역:이준혁,강여린역:정다은,최진동역:안태환,송미란역:박하나,박대리역:박주형,김원형역:나인우"
20200618,JTBC2,253629,255959,쌍갑포차,,10회,전국,002330,드라마&영화,드라마,미니시리즈,0,0,0.86872,0.02786,0.03285,0.67669,0.11029,0,0.35123,0,0.17564,0.74312,0.62615,0.01599,"월주역:황정음,한강배역:육성재,귀반장역:최원영,염부장역:이준혁,강여린역:정다은,최진동역:안태환,송미란역:박하나,박대리역:박주형,김원형역:나인우"
20200618,KBS DRAMA,044641,051417,기막힌유산,,42회,전국,002736,드라마&영화,드라마,일일연속극,0,0,0,0,0,0,0.27158,0,0,0,0.15483,0,0.4546,0.16076,"부영배역:박인환,공계옥역:강세정,부설악역:신정윤,부백두역:강신조,윤민주역:이아현,부금강역:남성진,신애리역:김가연,정미희역:박순천,김용미역:이응경,부한라역:박신우,성판금역:조양자,부가온역:김비주,부태희역:김연지,부혜교역:김효경,부지현역:강유라,공소영역:김난주,이장원역:이일준,김수민역:조서후,김종두역:이춘식,차정건역:조순창,이청아역:정서하,손보미역:박민지,김영지역:주민하,강선희역:박현정,천호식역:백신,이정태역:노상보,고향숙역:박소정"
20200618,KBS DRAMA,051424,054216,기막힌유산,,43회,전국,002752,드라마&영화,드라마,일일연속극,0,0.28059,0,0,0,0.05997,0.33965,0,0,0,0.34836,0,0.49307,0.31209,"부영배역:박인환,공계옥역:강세정,부설악역:신정윤,부백두역:강신조,윤민주역:이아현,부금강역:남성진,신애리역:김가연,정미희역:박순천,김용미역:이응경,부한라역:박신우,성판금역:조양자,부가온역:김비주,부태희역:김연지,부혜교역:김효경,부지현역:강유라,공소영역:김난주,이장원역:이일준,김수민역:조서후,김종두역:이춘식,차정건역:조순창,이청아역:정서하,손보미역:박민지,김영지역:주민하,강선희역:박현정,천호식역:백신,이정태역:노상보,고향숙역:박소정"
20200618,KBS DRAMA,054603,062002,위험한약속,,50회,전국,003359,드라마&영화,드라마,일일연속극,0,0.4135,0,0,0,0.03358,0.3463,0,0,0.04389,0.11087,0,0.20891,0.56803,"차은동역:박하나,강태인역:고세원,최준혁역:강성민,오혜원역:박영린,한지훈역:이창욱,차만종역:이대연,차은찬역:유준서,공영심역:유지연,봉석구역:현우섭,강일섭역:강신일,연두심역:이칸희,한광훈역:길용우,한서주역:김혜지,최명희역:김나운,고재숙역:윤복인,최영국역:송민형,민주란역:오영실,최준경역:이효나,이창욱역:김정운"
20200618,KBS DRAMA,062009,065402,위험한약속,,51회,전국,003353,드라마&영화,드라마,일일연속극,0.04564,0.4135,0,0.21293,0,0.04762,0.609,0.03878,0.25492,0.11478,0.21152,0,0.78007,0.93822,"차은동역:박하나,강태인역:고세원,최준혁역:강성민,오혜원역:박영린,한지훈역:이창욱,차만종역:이대연,차은찬역:유준서,공영심역:유지연,봉석구역:현우섭,강일섭역:강신일,연두심역:이칸희,한광훈역:길용우,한서주역:김혜지,최명희역:김나운,고재숙역:윤복인,최영국역:송민형,민주란역:오영실,최준경역:이효나,이창욱역:김정운"
20200618,KBS DRAMA,070519,073923,위험한약속,,52회,전국,003404,드라마&영화,드라마,일일연속극,0,0.4135,0,0.2924,0.23423,0.12791,0.7419,0.5042,0.27959,0.40991,0.18042,0.13194,0.74341,0.91093,"차은동역:박하나,강태인역:고세원,최준혁역:강성민,오혜원역:박영린,한지훈역:이창욱,차만종역:이대연,차은찬역:유준서,공영심역:유지연,봉석구역:현우섭,강일섭역:강신일,연두심역:이칸희,한광훈역:길용우,한서주역:김혜지,최명희역:김나운,고재숙역:윤복인,최영국역:송민형,민주란역:오영실,최준경역:이효나,이창욱역:김정운"
20200618,KBS DRAMA,073930,081324,위험한약속,,53회,전국,003354,드라마&영화,드라마,일일연속극,0.05174,0.82767,0.03467,0.40514,0.1508,0.39336,1.20782,0,0.27959,0.44741,0.45595,0.12576,1.18453,1.54667,"차은동역:박하나,강태인역:고세원,최준혁역:강성민,오혜원역:박영린,한지훈역:이창욱,차만종역:이대연,차은찬역:유준서,공영심역:유지연,봉석구역:현우섭,강일섭역:강신일,연두심역:이칸희,한광훈역:길용우,한서주역:김혜지,최명희역:김나운,고재숙역:윤복인,최영국역:송민형,민주란역:오영실,최준경역:이효나,이창욱역:김정운"
20200618,KBS DRAMA,081331,084727,위험한약속,,54회,전국,003356,드라마&영화,드라마,일일연속극,0,1.23644,0.29952,0.3373,0.45933,0.81788,1.20989,0,0.22028,0.44717,0.29858,0.45662,1.46687,1.90022,"차은동역:박하나,강태인역:고세원,최준혁역:강성민,오혜원역:박영린,한지훈역:이창욱,차만종역:이대연,차은찬역:유준서,공영심역:유지연,봉석구역:현우섭,강일섭역:강신일,연두심역:이칸희,한광훈역:길용우,한서주역:김혜지,최명희역:김나운,고재숙역:윤복인,최영국역:송민형,민주란역:오영실,최준경역:이효나,이창욱역:김정운"
20200618,KBS DRAMA,131556,135410,한번다녀왔습니다,,45회,전국,003814,드라마&영화,드라마,주말연속극,0,0,0.23964,0.07614,0.01934,0.04332,0.22525,0,0.01472,0.03394,0.50648,0.55959,0.99803,0.20162,"송영달역:천호진,장옥분역:차화연,최윤정역:김보연,강초연역:이정은,송나희역:이민정,윤규진역:이상엽,송준선역:오대환,송가희역:오윤아,송다희역:이초희,양치수역:안길강,장옥자역:백지원,성현경역:임정은,윤재석역:이상이,박효신역:기도훈,김지훈역:문우진,이주리역:김소라,김가연역:송다은,건어물역:신미영,꽈배기역:김가영,송서영역:이가연,송서진역:안서연,이정록역:알렉스,유보영역:손성윤,유시후역:송민재,박지연역:신수정,한기영역:강유석,홍성우역:김현목,신혜정역:김미은,심정희역:이상경,오연지역:한봄,오정봉역:오의식,이종수역:장원혁,김승현역:배호근,송이역:김주영,지원역:찬희,이현역:이필모"
20200618,KBS DRAMA,135521,142609,한번다녀왔습니다,,46회,전국,003048,드라마&영화,드라마,주말연속극,0,0,0.02864,0.17955,0,0,0.28927,0,0,0.19022,0.11294,0.98386,0.33921,0.68678,"송영달역:천호진,장옥분역:차화연,최윤정역:김보연,강초연역:이정은,송나희역:이민정,윤규진역:이상엽,송준선역:오대환,송가희역:오윤아,송다희역:이초희,양치수역:안길강,장옥자역:백지원,성현경역:임정은,윤재석역:이상이,박효신역:기도훈,김지훈역:문우진,이주리역:김소라,김가연역:송다은,건어물역:신미영,꽈배기역:김가영,송서영역:이가연,송서진역:안서연,이정록역:알렉스,유보영역:손성윤,유시후역:송민재,박지연역:신수정,한기영역:강유석,홍성우역:김현목,신혜정역:김미은,심정희역:이상경,오연지역:한봄,오정봉역:오의식,이종수역:장원혁,김승현역:배호근,송이역:김주영,지원역:찬희,이현역:이필모"
20200618,KBS DRAMA,144020,151917,한번다녀왔습니다,,47회,전국,003857,드라마&영화,드라마,주말연속극,0,0,0.18841,0.0028,0.02304,0.08787,0.24155,0,0.01094,0.35267,0.25812,0.81427,0.22948,0.56358,"송영달역:천호진,장옥분역:차화연,최윤정역:김보연,강초연역:이정은,송나희역:이민정,윤규진역:이상엽,송준선역:오대환,송가희역:오윤아,송다희역:이초희,양치수역:안길강,장옥자역:백지원,성현경역:임정은,윤재석역:이상이,박효신역:기도훈,김지훈역:문우진,이주리역:김소라,김가연역:송다은,건어물역:신미영,꽈배기역:김가영,송서영역:이가연,송서진역:안서연,이정록역:알렉스,유보영역:손성윤,유시후역:송민재,박지연역:신수정,한기영역:강유석,홍성우역:김현목,신혜정역:김미은,심정희역:이상경,오연지역:한봄,오정봉역:오의식,이종수역:장원혁,김승현역:배호근,송이역:김주영,지원역:찬희,이현역:이필모"
20200618,KBS DRAMA,152027,155049,한번다녀왔습니다,,48회,전국,003022,드라마&영화,드라마,주말연속극,0,0.0225,0.26811,0.03869,0.0891,0.05856,0.61189,0.17015,0,0.31661,0.71427,0.6975,0.29185,0.95509,"송영달역:천호진,장옥분역:차화연,최윤정역:김보연,강초연역:이정은,송나희역:이민정,윤규진역:이상엽,송준선역:오대환,송가희역:오윤아,송다희역:이초희,양치수역:안길강,장옥자역:백지원,성현경역:임정은,윤재석역:이상이,박효신역:기도훈,김지훈역:문우진,이주리역:김소라,김가연역:송다은,건어물역:신미영,꽈배기역:김가영,송서영역:이가연,송서진역:안서연,이정록역:알렉스,유보영역:손성윤,유시후역:송민재,박지연역:신수정,한기영역:강유석,홍성우역:김현목,신혜정역:김미은,심정희역:이상경,오연지역:한봄,오정봉역:오의식,이종수역:장원혁,김승현역:배호근,송이역:김주영,지원역:찬희,이현역:이필모"
20200618,KBS DRAMA,242530,245510,영혼수선공,,27회,전국,002940,드라마&영화,드라마,미니시리즈,0,0.03564,0,0,0.02386,0,0.04672,0,0,0,0.40379,0.8294,0.2421,0.0416,"이시준역:신하균,한우주역:정소민,인동혁역:태인호,지영원역:박예진,공지선역:주민경,조인혜역:조경숙,오기태역:박수영,박대하역:정해균,이택경역:최정우,노우정역:안동구,강누리역:하영,임세찬역:장유상,공지희역:박한솔,장유미역:김가란,김영석역:김강민,송민수역:류시원"
20200618,KBS DRAMA,245620,252756,영혼수선공,,28회,전국,003136,드라마&영화,드라마,미니시리즈,0,0,0,0,0,0.00543,0,0,0,0,0.34411,0.54728,0.27707,0,"이시준역:신하균,한우주역:정소민,인동혁역:태인호,지영원역:박예진,공지선역:주민경,조인혜역:조경숙,오기태역:박수영,박대하역:정해균,이택경역:최정우,노우정역:안동구,강누리역:하영,임세찬역:장유상,공지희역:박한솔,장유미역:김가란,김영석역:김강민,송민수역:류시원"
20200618,KBS W,020000,023134,위험한약속,,52회,전국,003134,드라마&영화,드라마,일일연속극,0,0,0,0,0,0,0.00973,0,0,0,0,0,0.00554,0.00735,"차은동역:박하나,강태인역:고세원,최준혁역:강성민,오혜원역:박영린,한지훈역:이창욱,차만종역:이대연,차은찬역:유준서,공영심역:유지연,봉석구역:현우섭,강일섭역:강신일,연두심역:이칸희,한광훈역:길용우,한서주역:김혜지,최명희역:김나운,고재숙역:윤복인,최영국역:송민형,민주란역:오영실,최준경역:이효나,이창욱역:김정운"
20200618,KBS W,023141,030536,위험한약속,,53회,전국,003355,드라마&영화,드라마,일일연속극,0,0.01159,0,0,0.00829,0,0.02576,0,0,0,0,0.01168,0.01101,0.1909,"차은동역:박하나,강태인역:고세원,최준혁역:강성민,오혜원역:박영린,한지훈역:이창욱,차만종역:이대연,차은찬역:유준서,공영심역:유지연,봉석구역:현우섭,강일섭역:강신일,연두심역:이칸희,한광훈역:길용우,한서주역:김혜지,최명희역:김나운,고재숙역:윤복인,최영국역:송민형,민주란역:오영실,최준경역:이효나,이창욱역:김정운"
20200618,KBS W,093458,103420,부부클리닉사랑과전쟁,,411회,전국,005922,드라마&영화,드라마,단막극,0.00336,0,0,0.05511,0.00583,0.00272,0.00384,0.00368,0,0.00251,0.00626,0.16177,0.10559,0.08922,"이재만,민지영,최영완,이정수,장가현,손유경,이준우"
20200618,KBS W,104521,114548,부부클리닉사랑과전쟁,,412회,전국,010027,드라마&영화,드라마,단막극,0,0,0.0135,0.03333,0.00397,0,0.04336,0,0,0,0.12575,0.082,0.03629,0.16049,"이재만,민지영,최영완,이정수,장가현,손유경,이준우"
20200618,KBS W,115936,130133,넝쿨째굴러온당신,,19회,전국,010157,드라마&영화,드라마,주말연속극,0,0,0,0,0,0.02329,0.01826,0,0,0,0,0.07286,0.025,0.08152,"차윤희역:김남주,방귀남역:유준상,엄청애역:윤여정,방장수역:장용,전막례역:강부자,한만희역:김영란,차세중역:김용희,민지영역:진경,차세광역:강민혁,엄보애역:유지인,엄순애역:양희경,방일숙역:양정아,방이숙역:조윤희,방말숙역:오연서,장양실역:나영희,방정배역:김상호,고옥역:심이영,방장군역:곽동연,천재용역:이희준,윤빈역:김원준,남남구역:김형범,고시생역:김승우,예능국PD역:김준현,라디오DJ역:양희은,홍은희역:홍은희,송수지역:박수진,매니저역:이수근,목사역:지진희,차태봉역:차태현,성시갱역:성시경,노래강사역:이종박,한규현역:강동호,태영역:김형진,지피디역:곽민석,강혜수역:최윤소,동대문옷가게상인역:탁재훈,소개팅남역:이정신,유신혜역:유인영,지환역:이도현,김장훈역:김장훈,뚱보아버지역:유민상,뚱보아들역:김수영,인기여배우역:이혜영,인기남배우역:송준근,심사위원역:김종민,막장모녀엄마역:정경미,막장모녀딸역:박소영,신세경역:신세경,재용첫째누나역:김서형,재용둘째누나역:조민아,재용막내누나역:이제인,호들갑남역:공형진,라디오DJ역:박소현,귀남의양아버지역:길용우,귀남의양어머니역:김창숙,천재용아버지역:이재용,배PD역:이지영,방귀남어린시절역:홍현택"
20200618,KBS W,131345,141634,넝쿨째굴러온당신,,20회,전국,010249,드라마&영화,드라마,주말연속극,0.26721,0,0,0.08115,0,0,0.0114,0,0,0,0.06524,0.07105,0,0.16383,"차윤희역:김남주,방귀남역:유준상,엄청애역:윤여정,방장수역:장용,전막례역:강부자,한만희역:김영란,차세중역:김용희,민지영역:진경,차세광역:강민혁,엄보애역:유지인,엄순애역:양희경,방일숙역:양정아,방이숙역:조윤희,방말숙역:오연서,장양실역:나영희,방정배역:김상호,고옥역:심이영,방장군역:곽동연,천재용역:이희준,윤빈역:김원준,남남구역:김형범,고시생역:김승우,예능국PD역:김준현,라디오DJ역:양희은,홍은희역:홍은희,송수지역:박수진,매니저역:이수근,목사역:지진희,차태봉역:차태현,성시갱역:성시경,노래강사역:이종박,한규현역:강동호,태영역:김형진,지피디역:곽민석,강혜수역:최윤소,동대문옷가게상인역:탁재훈,소개팅남역:이정신,유신혜역:유인영,지환역:이도현,김장훈역:김장훈,뚱보아버지역:유민상,뚱보아들역:김수영,인기여배우역:이혜영,인기남배우역:송준근,심사위원역:김종민,막장모녀엄마역:정경미,막장모녀딸역:박소영,신세경역:신세경,재용첫째누나역:김서형,재용둘째누나역:조민아,재용막내누나역:이제인,호들갑남역:공형진,라디오DJ역:박소현,귀남의양아버지역:길용우,귀남의양어머니역:김창숙,천재용아버지역:이재용,배PD역:이지영,방귀남어린시절역:홍현택"
20200618,KBS W,143144,145936,기막힌유산,,40회,전국,002752,드라마&영화,드라마,일일연속극,0,0,0,0.0352,0,0.01609,0.01492,0,0,0,0,0.12925,0.01776,0.16414,"부영배역:박인환,공계옥역:강세정,부설악역:신정윤,부백두역:강신조,윤민주역:이아현,부금강역:남성진,신애리역:김가연,정미희역:박순천,김용미역:이응경,부한라역:박신우,성판금역:조양자,부가온역:김비주,부태희역:김연지,부혜교역:김효경,부지현역:강유라,공소영역:김난주,이장원역:이일준,김수민역:조서후,김종두역:이춘식,차정건역:조순창,이청아역:정서하,손보미역:박민지,김영지역:주민하,강선희역:박현정,천호식역:백신,이정태역:노상보,고향숙역:박소정"
20200618,KBS W,145943,152719,기막힌유산,,41회,전국,002736,드라마&영화,드라마,일일연속극,0,0,0,0,0,0,0,0,0,0,0,0.17254,0,0.22552,"부영배역:박인환,공계옥역:강세정,부설악역:신정윤,부백두역:강신조,윤민주역:이아현,부금강역:남성진,신애리역:김가연,정미희역:박순천,김용미역:이응경,부한라역:박신우,성판금역:조양자,부가온역:김비주,부태희역:김연지,부혜교역:김효경,부지현역:강유라,공소영역:김난주,이장원역:이일준,김수민역:조서후,김종두역:이춘식,차정건역:조순창,이청아역:정서하,손보미역:박민지,김영지역:주민하,강선희역:박현정,천호식역:백신,이정태역:노상보,고향숙역:박소정"
20200618,KBS W,153857,160632,기막힌유산,,42회,전국,002735,드라마&영화,드라마,일일연속극,0,0.20675,0,0,0,0.00212,0.05752,0,0,0,0,0.17254,0.00761,0.12311,"부영배역:박인환,공계옥역:강세정,부설악역:신정윤,부백두역:강신조,윤민주역:이아현,부금강역:남성진,신애리역:김가연,정미희역:박순천,김용미역:이응경,부한라역:박신우,성판금역:조양자,부가온역:김비주,부태희역:김연지,부혜교역:김효경,부지현역:강유라,공소영역:김난주,이장원역:이일준,김수민역:조서후,김종두역:이춘식,차정건역:조순창,이청아역:정서하,손보미역:박민지,김영지역:주민하,강선희역:박현정,천호식역:백신,이정태역:노상보,고향숙역:박소정"
20200618,KBS W,160639,163430,기막힌유산,,43회,전국,002751,드라마&영화,드라마,일일연속극,0.43213,0.4135,0,0.13123,0,0,0.12017,0,0,0,0.10551,0.15406,0.05612,0.16527,"부영배역:박인환,공계옥역:강세정,부설악역:신정윤,부백두역:강신조,윤민주역:이아현,부금강역:남성진,신애리역:김가연,정미희역:박순천,김용미역:이응경,부한라역:박신우,성판금역:조양자,부가온역:김비주,부태희역:김연지,부혜교역:김효경,부지현역:강유라,공소영역:김난주,이장원역:이일준,김수민역:조서후,김종두역:이춘식,차정건역:조순창,이청아역:정서하,손보미역:박민지,김영지역:주민하,강선희역:박현정,천호식역:백신,이정태역:노상보,고향숙역:박소정"
20200618,KBS W,164849,172250,위험한약속,,51회,전국,003401,드라마&영화,드라마,일일연속극,0.52607,0.4135,0,0.15975,0,0.00508,0.43588,0,0,0,0.12844,0.00622,0.19374,0.22206,"차은동역:박하나,강태인역:고세원,최준혁역:강성민,오혜원역:박영린,한지훈역:이창욱,차만종역:이대연,차은찬역:유준서,공영심역:유지연,봉석구역:현우섭,강일섭역:강신일,연두심역:이칸희,한광훈역:길용우,한서주역:김혜지,최명희역:김나운,고재숙역:윤복인,최영국역:송민형,민주란역:오영실,최준경역:이효나,이창욱역:김정운"
20200618,KBS W,172257,175653,위험한약속,,52회,전국,003356,드라마&영화,드라마,일일연속극,0.03095,0.4135,0,0.0094,0,0,0.50064,0,0,0,0.00756,0.01866,0.1737,0.40064,"차은동역:박하나,강태인역:고세원,최준혁역:강성민,오혜원역:박영린,한지훈역:이창욱,차만종역:이대연,차은찬역:유준서,공영심역:유지연,봉석구역:현우섭,강일섭역:강신일,연두심역:이칸희,한광훈역:길용우,한서주역:김혜지,최명희역:김나운,고재숙역:윤복인,최영국역:송민형,민주란역:오영실,최준경역:이효나,이창욱역:김정운"
20200618,KBS W,180856,184259,위험한약속,,53회,전국,003403,드라마&영화,드라마,일일연속극,0,0.4135,0,0,0.00756,0.01122,0.41391,0,0,0,0,0,0.04205,0.31974,"차은동역:박하나,강태인역:고세원,최준혁역:강성민,오혜원역:박영린,한지훈역:이창욱,차만종역:이대연,차은찬역:유준서,공영심역:유지연,봉석구역:현우섭,강일섭역:강신일,연두심역:이칸희,한광훈역:길용우,한서주역:김혜지,최명희역:김나운,고재숙역:윤복인,최영국역:송민형,민주란역:오영실,최준경역:이효나,이창욱역:김정운"
20200618,KBS W,184306,191702,위험한약속,,54회,전국,003356,드라마&영화,드라마,일일연속극,0,0.4135,0.05677,0.08021,0,0.03862,0.46772,0,0,0,0,0,0.08905,0.50549,"차은동역:박하나,강태인역:고세원,최준혁역:강성민,오혜원역:박영린,한지훈역:이창욱,차만종역:이대연,차은찬역:유준서,공영심역:유지연,봉석구역:현우섭,강일섭역:강신일,연두심역:이칸희,한광훈역:길용우,한서주역:김혜지,최명희역:김나운,고재숙역:윤복인,최영국역:송민형,민주란역:오영실,최준경역:이효나,이창욱역:김정운"
20200618,KBS W,222807,232821,부부클리닉사랑과전쟁,,394회,전국,010014,드라마&영화,드라마,단막극,0,0,0,0.01546,0,0.08394,0.09105,0,0,0.00996,0.03185,0.0947,0.003,0.09899,"이재만,민지영,최영완,이정수,장가현,손유경,이준우"
20200618,KBS W,233923,244021,부부클리닉사랑과전쟁,,395회,전국,010058,드라마&영화,드라마,단막극,0,0,0,0,0.01134,0.01478,0.04763,0,0,0,0,0.03639,0.01699,0.02471,"이재만,민지영,최영완,이정수,장가현,손유경,이준우"
20200618,KBS W,245321,252121,기막힌유산,,43회,전국,002800,드라마&영화,드라마,일일연속극,0,0,0,0,0,0.06971,0.15771,0,0,0,0,0,0,0.09012,"부영배역:박인환,공계옥역:강세정,부설악역:신정윤,부백두역:강신조,윤민주역:이아현,부금강역:남성진,신애리역:김가연,정미희역:박순천,김용미역:이응경,부한라역:박신우,성판금역:조양자,부가온역:김비주,부태희역:김연지,부혜교역:김효경,부지현역:강유라,공소영역:김난주,이장원역:이일준,김수민역:조서후,김종두역:이춘식,차정건역:조순창,이청아역:정서하,손보미역:박민지,김영지역:주민하,강선희역:박현정,천호식역:백신,이정태역:노상보,고향숙역:박소정"
20200618,KBS W,252128,254920,기막힌유산,,44회,전국,002752,드라마&영화,드라마,일일연속극,0,0,0,0,0,0,0.11553,0,0,0.18431,0,0,0,0.12495,"부영배역:박인환,공계옥역:강세정,부설악역:신정윤,부백두역:강신조,윤민주역:이아현,부금강역:남성진,신애리역:김가연,정미희역:박순천,김용미역:이응경,부한라역:박신우,성판금역:조양자,부가온역:김비주,부태희역:김연지,부혜교역:김효경,부지현역:강유라,공소영역:김난주,이장원역:이일준,김수민역:조서후,김종두역:이춘식,차정건역:조순창,이청아역:정서하,손보미역:박민지,김영지역:주민하,강선희역:박현정,천호식역:백신,이정태역:노상보,고향숙역:박소정"
20200618,K-STAR,023033,033205,궁중잔혹사꽃들의전쟁,,36회,전국,010132,드라마&영화,드라마,주말연속극,0,0,0,0,0,0.17663,0.01856,0,0,0.03718,0,0.01835,0.08164,0.05129,"소용조씨역:김현주,인조역:이덕화,민회빈강씨역:송선미,김자점역:정성모,소현세자역:정성운,봉림대군역:김주영,장렬왕후조씨역:고원희,남혁역:전태수,설죽역:서이숙,박숙의역:이서연,유덕역:이설희,소용조씨어린시절역:이채미,이형익역:손병호,심기원역:김규철,김인역:우현,한옥역:정선경,장귀인역:이혜은,이상궁역:연미주,김상궁역:엄유신,언년역:정유민"
20200618,K-STAR,112252,122522,부부클리닉사랑과전쟁,,422회,전국,010230,드라마&영화,드라마,주간연속극,0.24607,0.49773,0,0.17612,0.4259,0.08077,0.09471,0.91989,0,0,0.20261,0.36027,0.10225,0.3902,"이재만,민지영,최영완,이정수,장가현,손유경,이준우"
20200618,K-STAR,123801,134331,부부클리닉사랑과전쟁,,423회,전국,010530,드라마&영화,드라마,주간연속극,0.19927,0.1282,0.01008,0.26115,0.41663,0.00921,0.2439,0.23694,0,0,0.06028,0.26182,0.09639,0.76527,"이재만,민지영,최영완,이정수,장가현,손유경,이준우"
20200618,K-STAR,135840,151549,부부의세계,,11회,전국,011709,드라마&영화,드라마,미니시리즈,0,0.00361,0.01152,0.01247,0.01774,0,0.05796,0.05699,0.00459,0,0.00157,0.01179,0.0237,0.17894,"지선우역:김희애,이태오역:박해준,여다경역:한소희,고예림역:박선영,손제혁역:김영민,설명숙역:채국희,여병규역:이경영,엄효정역:김선경,이준영역:전진서,민현서역:심은우,박인규역:이학주,마강석역:박충선,공지철역:정재성,김윤기역:이무생,하동식역:김종태,윤노을역:신수연,차해강역:정준원,최회장아내역:서이숙,공지철아내역:박미현,차도철아내역:윤인조"
20200618,K-STAR,152840,165202,부부의세계,,12회,전국,012322,드라마&영화,드라마,미니시리즈,0.21063,0,0,0,0.02236,0.01146,0.05401,0,0,0.12172,0,0.03541,0.01543,0.23723,"지선우역:김희애,이태오역:박해준,여다경역:한소희,고예림역:박선영,손제혁역:김영민,설명숙역:채국희,여병규역:이경영,엄효정역:김선경,이준영역:전진서,민현서역:심은우,박인규역:이학주,마강석역:박충선,공지철역:정재성,김윤기역:이무생,하동식역:김종태,윤노을역:신수연,차해강역:정준원,최회장아내역:서이숙,공지철아내역:박미현,차도철아내역:윤인조"
20200618,K-STAR,214518,225049,부부클리닉사랑과전쟁,,423회,전국,010531,드라마&영화,드라마,주간연속극,0,0.01138,0.03425,0,0,0.03854,0.0542,0,0.00268,0.03107,0.11369,0.08957,0.03304,0.01608,"이재만,민지영,최영완,이정수,장가현,손유경,이준우"
20200618,K-STAR,250817,255959,부부의세계,,12회,전국,005142,드라마&영화,드라마,미니시리즈,0,0,0,0.01465,0.02914,0,0,0,0,0,0,0,0.10288,0.02125,"지선우역:김희애,이태오역:박해준,여다경역:한소희,고예림역:박선영,손제혁역:김영민,설명숙역:채국희,여병규역:이경영,엄효정역:김선경,이준영역:전진서,민현서역:심은우,박인규역:이학주,마강석역:박충선,공지철역:정재성,김윤기역:이무생,하동식역:김종태,윤노을역:신수연,차해강역:정준원,최회장아내역:서이숙,공지철아내역:박미현,차도철아내역:윤인조"
20200618,KTV,020000,023830,전원일기,,400회,전국,003830,드라마&영화,드라마,주말연속극,0,0,0,0,0,0,0.18657,0,0,0,0,0.13353,0,0.14005,"최불암,김혜자,김용건,김수미,고두심,유인촌,정대홍"
20200618,KTV,061023,065803,전원일기,,777회,전국,004740,드라마&영화,드라마,주말연속극,0,0,0,0,0,0,0.07095,0,0,0,0,0,0,0,"최불암,김혜자,김용건,김수미,고두심,유인촌,정대홍"
20200618,KTV,210538,213210,파랑새는있다,<1부>,31회,전국,002632,드라마&영화,드라마,주간연속극,0,0,0,0,0.00573,0,0.06695,0,0,0,0,0.00563,0,0.03302,"이상인,정선경,백윤식,송경철,박남현,한진희,동방우,양금석"
20200618,KTV,213328,215813,파랑새는있다,<2부>,31회,전국,002445,드라마&영화,드라마,주간연속극,0,0,0.03292,0,0,0.03672,0.08905,0,0,0,0,0,0.03528,0.06732,"이상인,정선경,백윤식,송경철,박남현,한진희,동방우,양금석"
20200618,KTV,215954,221857,전원일기,<1부>,401회,전국,001903,드라마&영화,드라마,주말연속극,0,0,0.20576,0,0.33894,0.0864,0.12582,0.89531,0,0,0,0,0.25348,0.19395,"최불암,김혜자,김용건,김수미,고두심,유인촌,정대홍"
20200618,KTV,221934,224707,전원일기,<2부>,401회,전국,002733,드라마&영화,드라마,주말연속극,0,0,0.20576,0.01186,0.40249,0.0864,0.13534,1.06318,0,0,0.02137,0,0.25197,0.19699,"최불암,김혜자,김용건,김수미,고두심,유인촌,정대홍"
20200618,KTV,224916,231640,바람은불어도,,135회,전국,002724,드라마&영화,드라마,주간연속극,0,0,0,0,0,0,0.07546,0,0,0,0,0,0,0.10322,"최수종,유호정,윤손하,송나영,송기윤,나문희"
20200618,KTV,231838,234723,바람은불어도,,136회,전국,002845,드라마&영화,드라마,주간연속극,0,0,0,0,0,0,0.18597,0,0,0,0,0.05246,0,0.06657,"최수종,유호정,윤손하,송나영,송기윤,나문희"
20200618,KTV,252120,255959,파랑새는있다,,31회,전국,003839,드라마&영화,드라마,주간연속극,0,0,0,0,0,0,0.06626,0,0,0,0,0,0,0.03656,"이상인,정선경,백윤식,송경철,박남현,한진희,동방우,양금석"
20200618,MBC M,100351,110802,쇼핑왕루이,,7회,전국,010411,드라마&영화,드라마,미니시리즈,0,0,0,0.0219,0,0,0.01514,0,0,0,0.00294,0.08459,0.00816,0.00397,"루이역:서인국,고복실역:남지현,차중원역:윤상현,백마리역:임세미,조인성역:오대환,남준혁역:강지섭,최일순역:김영옥,김호준역:엄효섭,허정란역:김선영,백선구역:김규철,홍재숙역:윤유선,신영애역:김보연,황금자역:황영희,박혜주역:미람,고복남역:류의현,차수일역:남명렬,이경국역:김병철,변도진역:이재균,권미영역:차청화"
20200618,MBC M,111945,122309,쇼핑왕루이,,8회,전국,010324,드라마&영화,드라마,미니시리즈,0,0,0,0,0,0,0.06375,0,0,0,0,0.00734,0,0.08432,"루이역:서인국,고복실역:남지현,차중원역:윤상현,백마리역:임세미,조인성역:오대환,남준혁역:강지섭,최일순역:김영옥,김호준역:엄효섭,허정란역:김선영,백선구역:김규철,홍재숙역:윤유선,신영애역:김보연,황금자역:황영희,박혜주역:미람,고복남역:류의현,차수일역:남명렬,이경국역:김병철,변도진역:이재균,권미영역:차청화"
20200618,O tvN,021335,032600,화유기,,12회,전국,011225,드라마&영화,드라마,미니시리즈,0,0,0,0.00966,0.08748,0.07468,0.00911,0,0,0,0.001,0.19191,0.04862,0.02567,"손오공역:이승기,우마왕역:차승원,진선미역:오연서,저팔계역:이홍기,사오정역:장광,마비서역:이엘,이한주역:김성오,앨리스역:윤보라,좀비소녀역:이세영,수보리조사역:성지루,동장군역:성혁,강대성역:송종호,조나단역:마이클리,진선미어린시절역:갈소원,공작역:장근석,나찰녀역:김지수"
20200618,O tvN,034057,045530,화유기,,13회,전국,011433,드라마&영화,드라마,미니시리즈,0,0,0,0.00928,0.13223,0,0.04162,0,0,0,0.00959,0,0.0278,0,"손오공역:이승기,우마왕역:차승원,진선미역:오연서,저팔계역:이홍기,사오정역:장광,마비서역:이엘,이한주역:김성오,앨리스역:윤보라,좀비소녀역:이세영,수보리조사역:성지루,동장군역:성혁,강대성역:송종호,조나단역:마이클리,진선미어린시절역:갈소원,공작역:장근석,나찰녀역:김지수"
20200618,O tvN,051027,062352,화유기,,14회,전국,011325,드라마&영화,드라마,미니시리즈,0,0.07578,0,0,0.19964,0,0.04131,0,0,0.00256,0.00366,0.19774,0.00144,0.02355,"손오공역:이승기,우마왕역:차승원,진선미역:오연서,저팔계역:이홍기,사오정역:장광,마비서역:이엘,이한주역:김성오,앨리스역:윤보라,좀비소녀역:이세영,수보리조사역:성지루,동장군역:성혁,강대성역:송종호,조나단역:마이클리,진선미어린시절역:갈소원,공작역:장근석,나찰녀역:김지수"
20200618,O tvN,084016,094111,화양연화삶이꽃이되는순간,,15회,전국,010055,드라마&영화,드라마,미니시리즈,0,0,0.00325,0.00632,0.00402,0.08336,0,0,0,0,0,0.14948,0.03402,0.01942,"한재현역:유지태,윤지수역:이보영,과거재현역:진영,과거지수역:전소니,장서경역:박시연,장산역:문성근,한준서역:박민수,한인호역:남명렬,이경자역:손숙,윤형구역:장광,이영민역:고우림,정숙희역:이종남,윤지영역:채원빈,이동진역:민성욱,과거동진역:은해성,성화진역:김주령,과거화진역:한지원,강준우역:강영석,정윤기역:김호창,이세훈역:김영훈,주영우역:이태성,과거영우역:병헌,양혜정역:우정원,과거혜정역:박한솔,최선희역:김영아"
20200618,O tvN,094942,105341,화양연화삶이꽃이되는순간,,16회,전국,010359,드라마&영화,드라마,미니시리즈,0,0,0.07428,0.00424,0.02027,0.24829,0.01287,0,0,0.12138,0.00888,0.29616,0.11427,0.03433,"한재현역:유지태,윤지수역:이보영,과거재현역:진영,과거지수역:전소니,장서경역:박시연,장산역:문성근,한준서역:박민수,한인호역:남명렬,이경자역:손숙,윤형구역:장광,이영민역:고우림,정숙희역:이종남,윤지영역:채원빈,이동진역:민성욱,과거동진역:은해성,성화진역:김주령,과거화진역:한지원,강준우역:강영석,정윤기역:김호창,이세훈역:김영훈,주영우역:이태성,과거영우역:병헌,양혜정역:우정원,과거혜정역:박한솔,최선희역:김영아"
20200618,O tvN,110340,121121,THEK2,,11회,전국,010741,드라마&영화,드라마,미니시리즈,0,0,0,0,0.08134,0,0.02682,0,0,0.00861,0.08386,0.10686,0.09767,0.00507,"김제하역:지창욱,최유진역:송윤아,고안나역:임윤아,장세준역:조성하,박관수역:김갑수,최성원역:이정진,엄혜린역:손태영,김실장역:신동미,성원모역:박순천,송영춘역:송경철,타격대장역:조동혁"
20200618,O tvN,122020,133342,THEK2,,12회,전국,011322,드라마&영화,드라마,미니시리즈,0.01824,0,0.20874,0.03866,0.01813,0.04818,0.0823,0,0,0,0.04063,0.19667,0.17946,0.09049,"김제하역:지창욱,최유진역:송윤아,고안나역:임윤아,장세준역:조성하,박관수역:김갑수,최성원역:이정진,엄혜린역:손태영,김실장역:신동미,성원모역:박순천,송영춘역:송경철,타격대장역:조동혁"
20200618,O tvN,134257,145051,THEK2,,13회,전국,010754,드라마&영화,드라마,미니시리즈,0,0,0.28605,0.00646,0.00402,0.06244,0.1026,0,0,0.05662,0.01239,0.01841,0.11655,0.06097,"김제하역:지창욱,최유진역:송윤아,고안나역:임윤아,장세준역:조성하,박관수역:김갑수,최성원역:이정진,엄혜린역:손태영,김실장역:신동미,성원모역:박순천,송영춘역:송경철,타격대장역:조동혁"
20200618,O tvN,150143,161625,아는건별로없지만가족입니다,,3회,전국,011442,드라마&영화,드라마,미니시리즈,0,0.24418,0,0.04921,0,0.25845,0.12722,0,0,0.0041,0.05717,0.29689,0.23851,0.09574,"김은희역:한예리,박찬혁역:김지석,김은주역:추자현,김상식역:정진영,이진숙역:원미경,김지우역:신재하,임건주역:신동욱,윤태형역:김태훈,젊은상식역:한준우,젊은진숙역:조아영,유선일역:서상원,안효석역:이종원,서경옥역:가득희,윤서영역:혜정,전하라역:배윤경,유민우역:권율"
20200618,O tvN,162847,174726,아는건별로없지만가족입니다,,4회,전국,011839,드라마&영화,드라마,미니시리즈,0,0,0.01615,0.01004,0.07226,0.3187,0.1607,0,0.0153,0,0.03452,0.35836,0.34924,0.2342,"김은희역:한예리,박찬혁역:김지석,김은주역:추자현,김상식역:정진영,이진숙역:원미경,김지우역:신재하,임건주역:신동욱,윤태형역:김태훈,젊은상식역:한준우,젊은진숙역:조아영,유선일역:서상원,안효석역:이종원,서경옥역:가득희,윤서영역:혜정,전하라역:배윤경,유민우역:권율"
20200618,O tvN,175948,191813,아는건별로없지만가족입니다,,5회,전국,011825,드라마&영화,드라마,미니시리즈,0.01998,0.01743,0.0618,0.07933,0.01921,0.58113,0.23533,0,0.05833,0.24732,0.01045,0.42837,0.85772,0.2109,"김은희역:한예리,박찬혁역:김지석,김은주역:추자현,김상식역:정진영,이진숙역:원미경,김지우역:신재하,임건주역:신동욱,윤태형역:김태훈,젊은상식역:한준우,젊은진숙역:조아영,유선일역:서상원,안효석역:이종원,서경옥역:가득희,윤서영역:혜정,전하라역:배윤경,유민우역:권율"
20200618,O tvN,193220,204931,아는건별로없지만가족입니다,,6회,전국,011711,드라마&영화,드라마,미니시리즈,0.00201,0,0.00724,0.13876,0.00564,0.73896,0.20091,0,0.1083,0.43413,0.102,0.13594,0.70345,0.30046,"김은희역:한예리,박찬혁역:김지석,김은주역:추자현,김상식역:정진영,이진숙역:원미경,김지우역:신재하,임건주역:신동욱,윤태형역:김태훈,젊은상식역:한준우,젊은진숙역:조아영,유선일역:서상원,안효석역:이종원,서경옥역:가득희,윤서영역:혜정,전하라역:배윤경,유민우역:권율"
20200618,O tvN,210117,220547,알함브라궁전의추억,,12회,전국,010430,드라마&영화,드라마,미니시리즈,0,0,0.10105,0.03041,0,0.06835,0.03713,0,0.06121,0.05319,0.02492,0.13412,0,0.04322,"유진우역:현빈,정희주역:박신혜,차형석역:박훈,오영심역:김용림,정세주역:찬열,정민주역:이레,김상범역:이학주,이수진역:이시원,차병준역:김의성,이수경역:류아벨,박선호역:이승준,서정훈역:민진웅,최양주역:조현철,고유라역:한보름,마르꼬한역:이재욱,노영준역:박진우"
20200618,O tvN,222039,232226,알함브라궁전의추억,,13회,전국,010147,드라마&영화,드라마,미니시리즈,0,0,0.13075,0,0.03549,0.07377,0.02534,0,0.13756,0.0042,0,0.48897,0.0124,0.00147,"유진우역:현빈,정희주역:박신혜,차형석역:박훈,오영심역:김용림,정세주역:찬열,정민주역:이레,김상범역:이학주,이수진역:이시원,차병준역:김의성,이수경역:류아벨,박선호역:이승준,서정훈역:민진웅,최양주역:조현철,고유라역:한보름,마르꼬한역:이재욱,노영준역:박진우"
20200618,O tvN,233806,244306,알함브라궁전의추억,,14회,전국,010500,드라마&영화,드라마,미니시리즈,0,0,0.03303,0.00357,0.20448,0.042,0.01585,0,0.14926,0.05138,0,0.22162,0.03498,0.0266,"유진우역:현빈,정희주역:박신혜,차형석역:박훈,오영심역:김용림,정세주역:찬열,정민주역:이레,김상범역:이학주,이수진역:이시원,차병준역:김의성,이수경역:류아벨,박선호역:이승준,서정훈역:민진웅,최양주역:조현철,고유라역:한보름,마르꼬한역:이재욱,노영준역:박진우"
20200618,O'live,020000,021223,아는건별로없지만가족입니다,,1회,전국,001223,드라마&영화,드라마,미니시리즈,0,0,0,0,0,0.17383,0.02841,0,0,0,0,0.24057,0,0.03978,"김은희역:한예리,박찬혁역:김지석,김은주역:추자현,김상식역:정진영,이진숙역:원미경,김지우역:신재하,임건주역:신동욱,윤태형역:김태훈,젊은상식역:한준우,젊은진숙역:조아영,유선일역:서상원,안효석역:이종원,서경옥역:가득희,윤서영역:혜정,전하라역:배윤경,유민우역:권율"
20200618,O'live,021809,032944,아는건별로없지만가족입니다,,2회,전국,011135,드라마&영화,드라마,미니시리즈,0.01378,0.02164,0,0.01611,0.02212,0.05414,0.06717,0.01507,0,0.00203,0.02892,0.06968,0.04849,0.06102,"김은희역:한예리,박찬혁역:김지석,김은주역:추자현,김상식역:정진영,이진숙역:원미경,김지우역:신재하,임건주역:신동욱,윤태형역:김태훈,젊은상식역:한준우,젊은진숙역:조아영,유선일역:서상원,안효석역:이종원,서경옥역:가득희,윤서영역:혜정,전하라역:배윤경,유민우역:권율"
20200618,O'live,243349,254854,아는건별로없지만가족입니다,,3회,전국,011505,드라마&영화,드라마,미니시리즈,0,0,0,0.14843,0.06341,0,0.14918,0,0,0.00728,0.0368,0.09236,0,0.10288,"김은희역:한예리,박찬혁역:김지석,김은주역:추자현,김상식역:정진영,이진숙역:원미경,김지우역:신재하,임건주역:신동욱,윤태형역:김태훈,젊은상식역:한준우,젊은진숙역:조아영,유선일역:서상원,안효석역:이종원,서경옥역:가득희,윤서영역:혜정,전하라역:배윤경,유민우역:권율"
20200618,O'live,255956,255959,아는건별로없지만가족입니다,,4회,전국,000003,드라마&영화,드라마,미니시리즈,0,0,0,0.23192,0.14412,0,0.14085,0,0,0,0,0.1824,0,0.09615,"김은희역:한예리,박찬혁역:김지석,김은주역:추자현,김상식역:정진영,이진숙역:원미경,김지우역:신재하,임건주역:신동욱,윤태형역:김태훈,젊은상식역:한준우,젊은진숙역:조아영,유선일역:서상원,안효석역:이종원,서경옥역:가득희,윤서영역:혜정,전하라역:배윤경,유민우역:권율"
20200618,On Style,081501,092011,위대한쇼,,15회,전국,010510,드라마&영화,드라마,미니시리즈,0,0.01156,0,0.0089,0.07454,0,0.00128,0,0,0,0.00108,0.06404,0.01619,0.00148,"위대한역:송승헌,정수현역:이선빈,강준호역:임주환,한다정역:노정의,한탁역:정준원,한태풍역:김준,한송이역:박예나,김혜진역:박하나,강경훈역:손병호,정종철역:이원종,최정우역:한상혁,양미숙역:김현,정한수역:유성주,구피디역:유장영,고봉주역:김동영,안작가역:송지현,마작가역:표혜림,한동남역:강성진,정지현역:강은아,위대한어린시절역:이도현"
20200618,On Style,092135,102652,위대한쇼,,16회,전국,010517,드라마&영화,드라마,미니시리즈,0,0,0.00814,0.0454,0,0.00795,0.0541,0,0.06294,0,0.04603,0.01593,0.03615,0.00192,"위대한역:송승헌,정수현역:이선빈,강준호역:임주환,한다정역:노정의,한탁역:정준원,한태풍역:김준,한송이역:박예나,김혜진역:박하나,강경훈역:손병호,정종철역:이원종,최정우역:한상혁,양미숙역:김현,정한수역:유성주,구피디역:유장영,고봉주역:김동영,안작가역:송지현,마작가역:표혜림,한동남역:강성진,정지현역:강은아,위대한어린시절역:이도현"
20200618,On Style,132021,143542,김비서가왜그럴까,,10회,전국,011521,드라마&영화,드라마,미니시리즈,0,0,0,0.00915,0.01078,0,0.0198,0,0.03584,0.04526,0.00274,0.03928,0.03972,0.04712,"이영준역:박서준,김미소역:박민영,이성연역:이태환,박유식역:강기영,고귀남역:황찬성,김지아역:표예진,최여사역:김혜옥,이회장역:김병옥,봉세라역:황보라,양철역:강홍석,정치인역:이유준,이영옥역:이정민,박준환역:김정운,설마음역:예원,오지란역:홍지윤,김필남역:백은혜,김말희역:허순미,미소아빠역:조덕현,정유미역:정유미"
20200618,On Style,143910,155531,김비서가왜그럴까,,11회,전국,011621,드라마&영화,드라마,미니시리즈,0,0,0.05909,0.0195,0,0.02842,0.01416,0,0.23435,0.27738,0.07425,0.184,0.08429,0.0403,"이영준역:박서준,김미소역:박민영,이성연역:이태환,박유식역:강기영,고귀남역:황찬성,김지아역:표예진,최여사역:김혜옥,이회장역:김병옥,봉세라역:황보라,양철역:강홍석,정치인역:이유준,이영옥역:이정민,박준환역:김정운,설마음역:예원,오지란역:홍지윤,김필남역:백은혜,김말희역:허순미,미소아빠역:조덕현,정유미역:정유미"
20200618,On Style,160044,171343,김비서가왜그럴까,,12회,전국,011259,드라마&영화,드라마,미니시리즈,0,0,0,0,0.00168,0.04288,0.08559,0,0,0.02871,0.11233,0.07148,0.0574,0.05329,"이영준역:박서준,김미소역:박민영,이성연역:이태환,박유식역:강기영,고귀남역:황찬성,김지아역:표예진,최여사역:김혜옥,이회장역:김병옥,봉세라역:황보라,양철역:강홍석,정치인역:이유준,이영옥역:이정민,박준환역:김정운,설마음역:예원,오지란역:홍지윤,김필남역:백은혜,김말희역:허순미,미소아빠역:조덕현,정유미역:정유미"
20200618,SBS플러스,020000,025043,굿캐스팅,,13회,전국,005043,드라마&영화,드라마,미니시리즈,0,0.21991,0.57976,0.69939,0.171,0.45352,0.01874,0,0,0,0,0.22749,0.2067,0,"백찬미역:최강희,윤석호역:이상엽,임예은역:유인영,황미순역:김지영,강우원역:이준영,동관수역:이종혁,서국환역:정인기,배무혁역:박경순,간태희역:황보미,명계철역:우현,탁상기역:이상훈,옥철역:김용희,변우석역:허재호,구비서역:한수진,설영훈역:조영훈,심화란역:차수연,남봉만역:이승형,남주연역:김보윤,피철웅역:배진웅,권민석역:성혁,권소희역:노하연"
20200618,SBS플러스,030029,040321,굿캐스팅,,14회,전국,010252,드라마&영화,드라마,미니시리즈,0,0,0.01841,0,0.0011,0.0144,0.02669,0,0,0,0.06579,0,0.00621,0.13154,"백찬미역:최강희,윤석호역:이상엽,임예은역:유인영,황미순역:김지영,강우원역:이준영,동관수역:이종혁,서국환역:정인기,배무혁역:박경순,간태희역:황보미,명계철역:우현,탁상기역:이상훈,옥철역:김용희,변우석역:허재호,구비서역:한수진,설영훈역:조영훈,심화란역:차수연,남봉만역:이승형,남주연역:김보윤,피철웅역:배진웅,권민석역:성혁,권소희역:노하연"
20200618,SBS플러스,070446,073503,엄마가바람났다,,32회,전국,003017,드라마&영화,드라마,아침드라마,0,0,0.38008,0.02319,0.13322,0.39062,0.3297,0,0.35185,0.18597,0.02652,0.29924,0.56671,0.33364,"오필정역:현쥬니,강석준역:이재황,이은주역:문보령,강석환역:김형범,오순정역:남이안,김복순역:박순천,박민호역:길정우,박민지역:홍제이,김해정역:양금석,강태수역:이원재,이태우역:서현석,최동석역:김동균,최은자역:이진아,최유경역:이영은,최미영역:전은채,왕기범역:차승우,하열도역:김영훈,홍수경역:노정명,박태섭역:강서준,박혜진역:박지수"
20200618,SBS플러스,073614,080623,엄마가바람났다,,33회,전국,003009,드라마&영화,드라마,아침드라마,0,0,0.38119,0.21297,0.04553,0.75686,0.73164,0,0.23457,0.21459,0.51223,0.47717,0.83311,0.67154,"오필정역:현쥬니,강석준역:이재황,이은주역:문보령,강석환역:김형범,오순정역:남이안,김복순역:박순천,박민호역:길정우,박민지역:홍제이,김해정역:양금석,강태수역:이원재,이태우역:서현석,최동석역:김동균,최은자역:이진아,최유경역:이영은,최미영역:전은채,왕기범역:차승우,하열도역:김영훈,홍수경역:노정명,박태섭역:강서준,박혜진역:박지수"
20200618,SBS플러스,082037,092537,주군의태양,,9회,전국,010500,드라마&영화,드라마,미니시리즈,0.6175,0.22416,0.11937,0.2331,0.57022,0.10761,0.21014,0,0.05907,0,0.16276,0.17417,0.18389,0.07427,"주중원역:소지섭,태공실역:공효진,강우역:서인국,태이령역:김유리,김귀도역:최정우,주성란역:김미경,도석철역:이종원,태공리역:박희본,이한주역:이재원,안진주역:정가은,주중원어린시절역:김명수,TV프로그램자역:김상중,미경역:송채윤,하유진역:김보라,가영역:방민아,이은설역:이혜인,차희주역:한보름,주중원아버지역:김용건,이승모역:이도현,이승준역:홍은택,선영역:김보미,지우역:유민규,강길자역:김희정,루이장역:정찬,박서현역:서효림,이재석역:이종혁,이회장역:이재용,한나브라운역:황선희,유진우역:이천희,고여사역:이용녀,유혜성역:진이한"
20200618,SBS플러스,192021,203655,더킹영원의군주,,16회,전국,011634,드라마&영화,드라마,미니시리즈,0.33169,0.12151,0.08891,0.13507,0.23669,0.52574,0.13345,0.30588,0.21178,0.11705,0.17051,1.14798,0.35961,0.21602,"이곤역:이민호,정태을역:김고은,조은섭역:우도환,조영역:우도환,강신재역:김경남,구서령역:정은채,이림역:이정진,루나역:김고은,노옥남역:김영옥,정도인역:전배수,송정혜역:서정연,박문식역:박원상,장미카엘역:강홍석,이종인역:전무송,명나리역:김용지,명승아역:김용지,유경무역:이해영,민화연역:황영희,박지영역:박지연,모비서역:백현주,석호필역:이홍내"
20200618,SKY,035614,050347,야식남녀,,7회,전국,010733,드라마&영화,드라마,미니시리즈,0,0.00458,0,0.00796,0.05732,0.01964,0.00735,0,0,0.01024,0,0.00431,0.01118,0.01573,"박진성역:정일우,김아진역:강지영,강태완역:이학주,이상영역:김승수,차주희역:김수진,남규장역:양대혁,유성은역:공민정,노재수역:박성준,박진우역:최재현"
20200618,SKY,051412,062157,야식남녀,,8회,전국,010745,드라마&영화,드라마,미니시리즈,0.0066,0,0.0305,0.01134,0.01083,0,0.0146,0,0,0.05489,0.02419,0,0.00772,0.06787,"박진성역:정일우,김아진역:강지영,강태완역:이학주,이상영역:김승수,차주희역:김수진,남규장역:양대혁,유성은역:공민정,노재수역:박성준,박진우역:최재현"
20200618,SKY,121556,134322,화유기,,1회,전국,012726,드라마&영화,드라마,미니시리즈,0,0,0.02025,0.05541,0,0.14917,0.03131,0,0.00413,0.07367,0.06808,0.40759,0.06761,0.01834,"손오공역:이승기,우마왕역:차승원,진선미역:오연서,저팔계역:이홍기,사오정역:장광,마비서역:이엘,이한주역:김성오,앨리스역:윤보라,좀비소녀역:이세영,수보리조사역:성지루,동장군역:성혁,강대성역:송종호,조나단역:마이클리,진선미어린시절역:갈소원,공작역:장근석,나찰녀역:김지수"
20200618,SKY,140327,153040,화유기,,2회,전국,012713,드라마&영화,드라마,미니시리즈,0,0.00113,0,0.00124,0.09886,0.45067,0.05725,0,0.01999,0.20487,0.13415,0.7605,0.15366,0.05088,"손오공역:이승기,우마왕역:차승원,진선미역:오연서,저팔계역:이홍기,사오정역:장광,마비서역:이엘,이한주역:김성오,앨리스역:윤보라,좀비소녀역:이세영,수보리조사역:성지루,동장군역:성혁,강대성역:송종호,조나단역:마이클리,진선미어린시절역:갈소원,공작역:장근석,나찰녀역:김지수"
20200618,SKY,205327,222053,화유기,,1회,전국,012726,드라마&영화,드라마,미니시리즈,0,0.01566,0.01431,0.01383,0.00768,0.29296,0.02684,0.0043,0.02156,0.00275,0.00597,0.50214,0.04138,0.00679,"손오공역:이승기,우마왕역:차승원,진선미역:오연서,저팔계역:이홍기,사오정역:장광,마비서역:이엘,이한주역:김성오,앨리스역:윤보라,좀비소녀역:이세영,수보리조사역:성지루,동장군역:성혁,강대성역:송종호,조나단역:마이클리,진선미어린시절역:갈소원,공작역:장근석,나찰녀역:김지수"
20200618,SKY,224017,240731,화유기,,2회,전국,012714,드라마&영화,드라마,미니시리즈,0.02483,0,0,0.03037,0.38752,0.12086,0.00275,0,0.189,0.14954,0.06436,0.45602,0.00046,0.00763,"손오공역:이승기,우마왕역:차승원,진선미역:오연서,저팔계역:이홍기,사오정역:장광,마비서역:이엘,이한주역:김성오,앨리스역:윤보라,좀비소녀역:이세영,수보리조사역:성지루,동장군역:성혁,강대성역:송종호,조나단역:마이클리,진선미어린시절역:갈소원,공작역:장근석,나찰녀역:김지수"
20200618,ONCE,020000,024414,동이,,51회,전국,004414,드라마&영화,드라마,주간연속극,0,0,0,0,0,0.12357,0.01624,0,0,0,0,0,0,0.0131,"동이역:한효주,숙종역:지진희,희빈장씨역:이소연,차천수역:배수빈,서용기역:정진영,인현왕후역:박하선,오태석역:정동환,이종욱역:이정훈,홍태윤역:손일권,박도식역:최재호,도승지역:신국,오호양역:여호민,황주식역:이희도,정인국역:나성균,최효원역:천호진,장익헌역:이재용,김환역:정인기,은금역:한다민,오태풍역:이계인,태풍처역:이숙,장희재역:김유석,설희역:김혜진,게둬라부역:정은표,오윤역:최철호,게둬라역:최수한,심운택역:김동윤,동이어린시절역:김유정,봉상궁역:김소이,조상궁역:안여진,유상궁역:임성민,정임역:정유미,애종역:강유미,시비역:오은호,미지역:최하나,대전내관역:정선일,명성대비역:박정수,정상궁역:김혜선,영달역:이광수,최동주역:정성운,장무열역:최종환,이금역:이형석,경종역:윤찬,김구선역:맹상훈,인원왕후역:오연서"
20200618,ONCE,025505,035602,동이,,52회,전국,010057,드라마&영화,드라마,주간연속극,0,0,0,0,0,0.16405,0.00849,0,0,0,0,0,0.01137,0,"동이역:한효주,숙종역:지진희,희빈장씨역:이소연,차천수역:배수빈,서용기역:정진영,인현왕후역:박하선,오태석역:정동환,이종욱역:이정훈,홍태윤역:손일권,박도식역:최재호,도승지역:신국,오호양역:여호민,황주식역:이희도,정인국역:나성균,최효원역:천호진,장익헌역:이재용,김환역:정인기,은금역:한다민,오태풍역:이계인,태풍처역:이숙,장희재역:김유석,설희역:김혜진,게둬라부역:정은표,오윤역:최철호,게둬라역:최수한,심운택역:김동윤,동이어린시절역:김유정,봉상궁역:김소이,조상궁역:안여진,유상궁역:임성민,정임역:정유미,애종역:강유미,시비역:오은호,미지역:최하나,대전내관역:정선일,명성대비역:박정수,정상궁역:김혜선,영달역:이광수,최동주역:정성운,장무열역:최종환,이금역:이형석,경종역:윤찬,김구선역:맹상훈,인원왕후역:오연서"
20200618,ONCE,061331,065747,전원일기,,426회,전국,004416,드라마&영화,드라마,주말연속극,0,0,0,0.04617,0,0.0783,0.00764,0,0,0,0.28502,0,0,0.0253,"최불암,김혜자,김용건,김수미,고두심,유인촌,정대홍"
20200618,ONCE,070752,075248,전원일기,,429회,전국,004456,드라마&영화,드라마,주말연속극,0,0,0,0,0,0.03254,0.07326,0,0,0,0,0.00383,0.04502,0.02691,"최불암,김혜자,김용건,김수미,고두심,유인촌,정대홍"
20200618,ONCE,080459,090857,동이,,51회,전국,010358,드라마&영화,드라마,주간연속극,0,0,0.117,0.0157,0,0.09961,0.23901,0,0,0.10614,0,0.07894,0.16611,0.18635,"동이역:한효주,숙종역:지진희,희빈장씨역:이소연,차천수역:배수빈,서용기역:정진영,인현왕후역:박하선,오태석역:정동환,이종욱역:이정훈,홍태윤역:손일권,박도식역:최재호,도승지역:신국,오호양역:여호민,황주식역:이희도,정인국역:나성균,최효원역:천호진,장익헌역:이재용,김환역:정인기,은금역:한다민,오태풍역:이계인,태풍처역:이숙,장희재역:김유석,설희역:김혜진,게둬라부역:정은표,오윤역:최철호,게둬라역:최수한,심운택역:김동윤,동이어린시절역:김유정,봉상궁역:김소이,조상궁역:안여진,유상궁역:임성민,정임역:정유미,애종역:강유미,시비역:오은호,미지역:최하나,대전내관역:정선일,명성대비역:박정수,정상궁역:김혜선,영달역:이광수,최동주역:정성운,장무열역:최종환,이금역:이형석,경종역:윤찬,김구선역:맹상훈,인원왕후역:오연서"
20200618,ONCE,092313,102409,동이,,52회,전국,010056,드라마&영화,드라마,주간연속극,0,0,0,0.08236,0,0,0.04576,0,0,0,0,0.09071,0.01046,0.03007,"동이역:한효주,숙종역:지진희,희빈장씨역:이소연,차천수역:배수빈,서용기역:정진영,인현왕후역:박하선,오태석역:정동환,이종욱역:이정훈,홍태윤역:손일권,박도식역:최재호,도승지역:신국,오호양역:여호민,황주식역:이희도,정인국역:나성균,최효원역:천호진,장익헌역:이재용,김환역:정인기,은금역:한다민,오태풍역:이계인,태풍처역:이숙,장희재역:김유석,설희역:김혜진,게둬라부역:정은표,오윤역:최철호,게둬라역:최수한,심운택역:김동윤,동이어린시절역:김유정,봉상궁역:김소이,조상궁역:안여진,유상궁역:임성민,정임역:정유미,애종역:강유미,시비역:오은호,미지역:최하나,대전내관역:정선일,명성대비역:박정수,정상궁역:김혜선,영달역:이광수,최동주역:정성운,장무열역:최종환,이금역:이형석,경종역:윤찬,김구선역:맹상훈,인원왕후역:오연서"
20200618,ONCE,103520,111639,전원일기,,430회,전국,004119,드라마&영화,드라마,주말연속극,0.0107,0,0.10495,0,0.02196,0.00234,0.11173,0,0,0,0.00391,0.08623,0.00819,0.04343,"최불암,김혜자,김용건,김수미,고두심,유인촌,정대홍"
20200618,ONCE,112444,120447,전원일기,,431회,전국,004003,드라마&영화,드라마,주말연속극,0,0,0.22039,0,0.03019,0.03541,0.12728,0.07974,0,0,0,0.01836,0.08475,0.00715,"최불암,김혜자,김용건,김수미,고두심,유인촌,정대홍"
20200618,ONCE,121758,131320,대조영,,54회,전국,005522,드라마&영화,드라마,주말연속극,0,0,0,0,0,0.00715,0.00161,0,0,0,0.00586,0,0.0082,0.00191,"대조영역:최수종,이해고역:정보석,설인귀역:이덕화,초린역:박예진,검이역:정태우,숙영역:홍수현,양만춘역:임동진,흑수돌역:김학철,연남생역:임호,대중상역:임혁,걸사비우역:최철호,검모잠역:김명수,당태종역:송용태,부지광역:박지일,미모사역:김정현,금란역:심은진,부기원역:김하균,보장왕역:길용우,이진충역:김동현,손만영역:조인표,신홍역:김규철,계필사문역:윤용현,퉁소역:방형주,홍패역:유태술,이문역:남성진,팔보역:우봉식"
20200618,ONCE,170346,175907,대조영,,54회,전국,005521,드라마&영화,드라마,주말연속극,0,0.40772,0.08811,0.01476,0.13753,0.06953,0.10875,0,0,0,0,0.31086,0.08957,0.07326,"대조영역:최수종,이해고역:정보석,설인귀역:이덕화,초린역:박예진,검이역:정태우,숙영역:홍수현,양만춘역:임동진,흑수돌역:김학철,연남생역:임호,대중상역:임혁,걸사비우역:최철호,검모잠역:김명수,당태종역:송용태,부지광역:박지일,미모사역:김정현,금란역:심은진,부기원역:김하균,보장왕역:길용우,이진충역:김동현,손만영역:조인표,신홍역:김규철,계필사문역:윤용현,퉁소역:방형주,홍패역:유태술,이문역:남성진,팔보역:우봉식"
20200618,ONCE,181323,191548,동이,,53회,전국,010225,드라마&영화,드라마,주간연속극,0,0,0.04709,0,0.44045,0.00665,0.10546,0,0,0.04272,0,0.24199,0.06535,0.10272,"동이역:한효주,숙종역:지진희,희빈장씨역:이소연,차천수역:배수빈,서용기역:정진영,인현왕후역:박하선,오태석역:정동환,이종욱역:이정훈,홍태윤역:손일권,박도식역:최재호,도승지역:신국,오호양역:여호민,황주식역:이희도,정인국역:나성균,최효원역:천호진,장익헌역:이재용,김환역:정인기,은금역:한다민,오태풍역:이계인,태풍처역:이숙,장희재역:김유석,설희역:김혜진,게둬라부역:정은표,오윤역:최철호,게둬라역:최수한,심운택역:김동윤,동이어린시절역:김유정,봉상궁역:김소이,조상궁역:안여진,유상궁역:임성민,정임역:정유미,애종역:강유미,시비역:오은호,미지역:최하나,대전내관역:정선일,명성대비역:박정수,정상궁역:김혜선,영달역:이광수,최동주역:정성운,장무열역:최종환,이금역:이형석,경종역:윤찬,김구선역:맹상훈,인원왕후역:오연서"
20200618,ONCE,193005,203223,동이,,54회,전국,010218,드라마&영화,드라마,주간연속극,0.01743,0,0.07348,0.06482,0.45495,0.10849,0.12042,0,0,0.05995,0,0.15175,0.07898,0.02196,"동이역:한효주,숙종역:지진희,희빈장씨역:이소연,차천수역:배수빈,서용기역:정진영,인현왕후역:박하선,오태석역:정동환,이종욱역:이정훈,홍태윤역:손일권,박도식역:최재호,도승지역:신국,오호양역:여호민,황주식역:이희도,정인국역:나성균,최효원역:천호진,장익헌역:이재용,김환역:정인기,은금역:한다민,오태풍역:이계인,태풍처역:이숙,장희재역:김유석,설희역:김혜진,게둬라부역:정은표,오윤역:최철호,게둬라역:최수한,심운택역:김동윤,동이어린시절역:김유정,봉상궁역:김소이,조상궁역:안여진,유상궁역:임성민,정임역:정유미,애종역:강유미,시비역:오은호,미지역:최하나,대전내관역:정선일,명성대비역:박정수,정상궁역:김혜선,영달역:이광수,최동주역:정성운,장무열역:최종환,이금역:이형석,경종역:윤찬,김구선역:맹상훈,인원왕후역:오연서"
20200618,ONCE,224115,232234,전원일기,,430회,전국,004119,드라마&영화,드라마,주말연속극,0,0,0.20979,0,0.31625,0.40674,0,0.83536,0,0,0,0,0.40981,0,"최불암,김혜자,김용건,김수미,고두심,유인촌,정대홍"
20200618,ONCE,233240,241243,전원일기,,431회,전국,004003,드라마&영화,드라마,주말연속극,0,0,0.05507,0.0058,0.08321,0.45678,0.04304,0,0,0,0.01209,0.02697,0.20424,0.01628,"최불암,김혜자,김용건,김수미,고두심,유인촌,정대홍"
20200618,ONCE,242554,252116,대조영,,54회,전국,005522,드라마&영화,드라마,주말연속극,0,0.0041,0,0,0.51964,0.12769,0.02618,0.01837,0,0,0,0.09048,0.02414,0.05505,"대조영역:최수종,이해고역:정보석,설인귀역:이덕화,초린역:박예진,검이역:정태우,숙영역:홍수현,양만춘역:임동진,흑수돌역:김학철,연남생역:임호,대중상역:임혁,걸사비우역:최철호,검모잠역:김명수,당태종역:송용태,부지광역:박지일,미모사역:김정현,금란역:심은진,부기원역:김하균,보장왕역:길용우,이진충역:김동현,손만영역:조인표,신홍역:김규철,계필사문역:윤용현,퉁소역:방형주,홍패역:유태술,이문역:남성진,팔보역:우봉식"
20200618,ONCE,253222,255959,동이,,53회,전국,002737,드라마&영화,드라마,주간연속극,0,0,0,0,0.4755,0,0,0,0,0,0,0,0,0.023,"동이역:한효주,숙종역:지진희,희빈장씨역:이소연,차천수역:배수빈,서용기역:정진영,인현왕후역:박하선,오태석역:정동환,이종욱역:이정훈,홍태윤역:손일권,박도식역:최재호,도승지역:신국,오호양역:여호민,황주식역:이희도,정인국역:나성균,최효원역:천호진,장익헌역:이재용,김환역:정인기,은금역:한다민,오태풍역:이계인,태풍처역:이숙,장희재역:김유석,설희역:김혜진,게둬라부역:정은표,오윤역:최철호,게둬라역:최수한,심운택역:김동윤,동이어린시절역:김유정,봉상궁역:김소이,조상궁역:안여진,유상궁역:임성민,정임역:정유미,애종역:강유미,시비역:오은호,미지역:최하나,대전내관역:정선일,명성대비역:박정수,정상궁역:김혜선,영달역:이광수,최동주역:정성운,장무열역:최종환,이금역:이형석,경종역:윤찬,김구선역:맹상훈,인원왕후역:오연서"
20200618,SKYUHD,020000,021556,야식남녀,,5회,전국,001556,드라마&영화,드라마,미니시리즈,0,0,0,0,0,0,0,0,0,0,0,0,0,0,"박진성역:정일우,김아진역:강지영,강태완역:이학주,이상영역:김승수,차주희역:김수진,남규장역:양대혁,유성은역:공민정,노재수역:박성준,박진우역:최재현"
20200618,SKYUHD,122446,133050,야식남녀,,5회,전국,010604,드라마&영화,드라마,미니시리즈,0,0,0,0,0,0,0,0,0,0,0,0,0,0,"박진성역:정일우,김아진역:강지영,강태완역:이학주,이상영역:김승수,차주희역:김수진,남규장역:양대혁,유성은역:공민정,노재수역:박성준,박진우역:최재현"
20200618,SKYUHD,203637,214053,야식남녀,,6회,전국,010416,드라마&영화,드라마,미니시리즈,0,0,0,0,0,0,0,0,0,0,0,0,0,0,"박진성역:정일우,김아진역:강지영,강태완역:이학주,이상영역:김승수,차주희역:김수진,남규장역:양대혁,유성은역:공민정,노재수역:박성준,박진우역:최재현"
20200618,SKYUHD,244956,255412,야식남녀,,6회,전국,010416,드라마&영화,드라마,미니시리즈,0,0,0,0,0,0,0,0,0,0,0,0,0,0,"박진성역:정일우,김아진역:강지영,강태완역:이학주,이상영역:김승수,차주희역:김수진,남규장역:양대혁,유성은역:공민정,노재수역:박성준,박진우역:최재현"
20200618,OCN Thrills,093234,104455,블랙,,10회,전국,011221,드라마&영화,드라마,미니시리즈,0,0.06462,0.0245,0.0104,0,0.37693,0.14966,0,0,0.0038,0.05157,0.17803,0.15917,0.08729,"블랙역:송승헌,강하람역:고아라,윤수완역:이엘,오만수역:김동준,오십견,저승사자No.007역:조재윤,저승사자No.416역:이규복,나광견역:김원해,봉만식역:정석용,오소태역:이철민,박귀남역:허재호,김선영역:송수현,저승사자블랙역:김태우"
20200618,OCN Thrills,105630,120615,블랙,,11회,전국,010945,드라마&영화,드라마,미니시리즈,0,0.04704,0.00638,0,0,0.33637,0.06024,0,0.00803,0.00292,0.00567,0.15758,0.33124,0.05176,"블랙역:송승헌,강하람역:고아라,윤수완역:이엘,오만수역:김동준,오십견,저승사자No.007역:조재윤,저승사자No.416역:이규복,나광견역:김원해,봉만식역:정석용,오소태역:이철민,박귀남역:허재호,김선영역:송수현,저승사자블랙역:김태우"
20200618,OCN Thrills,121638,133251,블랙,,12회,전국,011613,드라마&영화,드라마,미니시리즈,0,0.00895,0.01857,0.0061,0.00091,0.30981,0.01061,0,0,0,0.00698,0.12564,0.25836,0.01068,"블랙역:송승헌,강하람역:고아라,윤수완역:이엘,오만수역:김동준,오십견,저승사자No.007역:조재윤,저승사자No.416역:이규복,나광견역:김원해,봉만식역:정석용,오소태역:이철민,박귀남역:허재호,김선영역:송수현,저승사자블랙역:김태우"
20200618,OCN Thrills,160200,170537,번외수사,,7회,전국,010337,드라마&영화,드라마,미니시리즈,0.04901,0.02564,0.07851,0,0.07997,0.35565,0.04338,0,0,0.01518,0.01465,0.05063,0.07184,0.09152,"진강호역:차태현,강무영역:이선빈,이반석역:정상훈,테디정역:윤경호,탁원역:지승현,민대진역:박정우,맨손역:박태산,연장역:장진희,지수철역:이영석,노순이역:민경옥"
20200618,OCN Thrills,171136,181727,번외수사,,8회,전국,010551,드라마&영화,드라마,미니시리즈,0.06033,0.24199,0,0.00746,0.14692,0.36303,0.0377,0.58833,0,0.02047,0.07968,0.3129,0.17043,0.10191,"진강호역:차태현,강무영역:이선빈,이반석역:정상훈,테디정역:윤경호,탁원역:지승현,민대진역:박정우,맨손역:박태산,연장역:장진희,지수철역:이영석,노순이역:민경옥"
20200618,TRENDY,072541,082657,부부클리닉사랑과전쟁2,,35회,전국,010116,드라마&영화,드라마,단막극,0,0,0,0,0.07869,0,0.01898,0,0.0435,0,0,0.07637,0.0414,0.0441,"이재만,민지영,최영완,이정수,장가현,손유경,이준우"
20200618,TRENDY,083732,093853,부부클리닉사랑과전쟁2,,36회,전국,010121,드라마&영화,드라마,단막극,0,0,0,0.16149,0,0.01776,0.1592,0,0,0,0.05674,0.11597,0.0123,0.16726,"이재만,민지영,최영완,이정수,장가현,손유경,이준우"
20200618,TRENDY,141439,151559,부부클리닉사랑과전쟁2,,35회,전국,010120,드라마&영화,드라마,단막극,0,0,0,0,0.05574,0.01877,0.01996,0,0,0.01586,0,0.13334,0.1309,0.05892,"이재만,민지영,최영완,이정수,장가현,손유경,이준우"
20200618,TRENDY,152845,163010,부부클리닉사랑과전쟁2,,36회,전국,010125,드라마&영화,드라마,단막극,0.02057,0,0,0,0.0066,0,0.08874,0,0,0,0.15226,0.00596,0.00442,0.12466,"이재만,민지영,최영완,이정수,장가현,손유경,이준우"
20200618,TRENDY,230055,240214,부부클리닉사랑과전쟁2,,35회,전국,010119,드라마&영화,드라마,단막극,0,0,0,0,0.00274,0.00301,0.12855,0,0.0406,0,0,0.00206,0.02162,0,"이재만,민지영,최영완,이정수,장가현,손유경,이준우"
20200618,TRENDY,241501,251626,부부클리닉사랑과전쟁2,,36회,전국,010125,드라마&영화,드라마,단막극,0,0.07943,0.03951,0.08188,0.01228,0.06664,0.1755,0,0.0725,0.00498,0,0.08467,0.0576,0.09901,"이재만,민지영,최영완,이정수,장가현,손유경,이준우"
20200618,WeLike,095149,105348,아테나:전쟁의여신,,1회,전국,010159,드라마&영화,드라마,미니시리즈,0,0,0,0,0,0,0,0,0,0,0,0,0,0,"이정우역:정우성,손혁역:차승원,윤혜인역:수애,한재희역:이지아,김기수역:김민종,김준호역:시원,조명호역:이정길,최진희역:김영애,권용관역:유동근,박철영역:김승우,조수영역:이보영,오숙경역:오윤아,한정필역:전국환,제시카역:연민지,앤디역:션리차드,철규역:정찬우,최태현역:최강창민,김선화역:김소연,박성철역:이한위"
20200618,WeLike,110854,121218,아테나:전쟁의여신,,2회,전국,010324,드라마&영화,드라마,미니시리즈,0,0,0,0.00578,0,0,0.00197,0,0,0,0,0,0,0.00276,"이정우역:정우성,손혁역:차승원,윤혜인역:수애,한재희역:이지아,김기수역:김민종,김준호역:시원,조명호역:이정길,최진희역:김영애,권용관역:유동근,박철영역:김승우,조수영역:이보영,오숙경역:오윤아,한정필역:전국환,제시카역:연민지,앤디역:션리차드,철규역:정찬우,최태현역:최강창민,김선화역:김소연,박성철역:이한위"
20200618,WeLike,195901,210154,아테나:전쟁의여신,,3회,전국,010253,드라마&영화,드라마,미니시리즈,0,0,0,0,0,0.00606,0.00807,0,0.00323,0,0.00207,0.00151,0,0,"이정우역:정우성,손혁역:차승원,윤혜인역:수애,한재희역:이지아,김기수역:김민종,김준호역:시원,조명호역:이정길,최진희역:김영애,권용관역:유동근,박철영역:김승우,조수영역:이보영,오숙경역:오윤아,한정필역:전국환,제시카역:연민지,앤디역:션리차드,철규역:정찬우,최태현역:최강창민,김선화역:김소연,박성철역:이한위"
20200618,WeLike,211238,221551,아테나:전쟁의여신,,4회,전국,010313,드라마&영화,드라마,미니시리즈,0,0,0,0.00368,0,0,0,0,0,0,0,0,0,0,"이정우역:정우성,손혁역:차승원,윤혜인역:수애,한재희역:이지아,김기수역:김민종,김준호역:시원,조명호역:이정길,최진희역:김영애,권용관역:유동근,박철영역:김승우,조수영역:이보영,오숙경역:오윤아,한정필역:전국환,제시카역:연민지,앤디역:션리차드,철규역:정찬우,최태현역:최강창민,김선화역:김소연,박성철역:이한위"
20200619,KBS1,203058,205917,기막힌유산,,45회,전국,002819,드라마&영화,드라마,일일연속극,4.53298,2.25298,4.69352,4.96899,4.20402,9.24297,25.48408,4.53153,1.54639,2.42617,6.17055,4.93068,14.71127,29.33367,"부영배역:박인환,공계옥역:강세정,부설악역:신정윤,부백두역:강신조,윤민주역:이아현,부금강역:남성진,신애리역:김가연,정미희역:박순천,김용미역:이응경,부한라역:박신우,성판금역:조양자,부가온역:김비주,부태희역:김연지,부혜교역:김효경,부지현역:강유라,공소영역:김난주,이장원역:이일준,김수민역:조서후,김종두역:이춘식,차정건역:조순창,이청아역:정서하,손보미역:박민지,김영지역:주민하,강선희역:박현정,천호식역:백신,이정태역:노상보,고향숙역:박소정"
20200619,KBS2,090545,093407,기막힌유산,,44회,전국,002822,드라마&영화,드라마,일일연속극,1.46914,0.9328,0.74579,0.90734,1.55579,1.63037,2.6764,0.5074,0.36019,0.24939,1.24826,2.44722,2.60762,2.95942,"부영배역:박인환,공계옥역:강세정,부설악역:신정윤,부백두역:강신조,윤민주역:이아현,부금강역:남성진,신애리역:김가연,정미희역:박순천,김용미역:이응경,부한라역:박신우,성판금역:조양자,부가온역:김비주,부태희역:김연지,부혜교역:김효경,부지현역:강유라,공소영역:김난주,이장원역:이일준,김수민역:조서후,김종두역:이춘식,차정건역:조순창,이청아역:정서하,손보미역:박민지,김영지역:주민하,강선희역:박현정,천호식역:백신,이정태역:노상보,고향숙역:박소정"
20200619,KBS2,110606,121518,한번다녀왔습니다,<45회/46회>,45회/46회,전국,010912,드라마&영화,드라마,주말연속극,0.15829,0.01317,0.17813,0.14702,0.384,0.60317,0.92782,0,0.18755,0.188,0.69808,1.28487,1.16924,1.16554,"송영달역:천호진,장옥분역:차화연,최윤정역:김보연,강초연역:이정은,송나희역:이민정,윤규진역:이상엽,송준선역:오대환,송가희역:오윤아,송다희역:이초희,양치수역:안길강,장옥자역:백지원,성현경역:임정은,윤재석역:이상이,박효신역:기도훈,김지훈역:문우진,이주리역:김소라,김가연역:송다은,건어물역:신미영,꽈배기역:김가영,송서영역:이가연,송서진역:안서연,이정록역:알렉스,유보영역:손성윤,유시후역:송민재,박지연역:신수정,한기영역:강유석,홍성우역:김현목,신혜정역:김미은,심정희역:이상경,오연지역:한봄,오정봉역:오의식,이종수역:장원혁,김승현역:배호근,송이역:김주영,지원역:찬희,이현역:이필모"
20200619,KBS2,122704,133624,한번다녀왔습니다,<47회/48회>,47회/48회,전국,010920,드라마&영화,드라마,주말연속극,1.02062,0.68556,0.75194,0.39964,0.66403,0.6432,0.81026,0.01038,0.243,0,1.23316,0.68277,1.12951,1.69068,"송영달역:천호진,장옥분역:차화연,최윤정역:김보연,강초연역:이정은,송나희역:이민정,윤규진역:이상엽,송준선역:오대환,송가희역:오윤아,송다희역:이초희,양치수역:안길강,장옥자역:백지원,성현경역:임정은,윤재석역:이상이,박효신역:기도훈,김지훈역:문우진,이주리역:김소라,김가연역:송다은,건어물역:신미영,꽈배기역:김가영,송서영역:이가연,송서진역:안서연,이정록역:알렉스,유보영역:손성윤,유시후역:송민재,박지연역:신수정,한기영역:강유석,홍성우역:김현목,신혜정역:김미은,심정희역:이상경,오연지역:한봄,오정봉역:오의식,이종수역:장원혁,김승현역:배호근,송이역:김주영,지원역:찬희,이현역:이필모"
20200619,KBS2,194901,202337,위험한약속,,568회,전국,003436,드라마&영화,드라마,일일연속극,2.84566,1.44636,2.74746,4.59118,3.58035,6.49865,16.42836,2.66836,0.77957,1.44695,5.35074,3.32954,12.28721,18.49191,"차은동역:박하나,강태인역:고세원,최준혁역:강성민,오혜원역:박영린,한지훈역:이창욱,차만종역:이대연,차은찬역:유준서,공영심역:유지연,봉석구역:현우섭,강일섭역:강신일,연두심역:이칸희,한광훈역:길용우,한서주역:김혜지,최명희역:김나운,고재숙역:윤복인,최영국역:송민형,민주란역:오영실,최준경역:이효나,이창욱역:김정운"
20200619,SBS,083602,090651,엄마가바람났다,,35회,전국,003049,드라마&영화,드라마,아침드라마,2.85135,2.49138,2.24274,1.45085,3.49363,3.55569,5.10939,0.04685,1.23208,0.15777,2.53899,3.66103,5.11161,6.42782,"오필정역:현쥬니,강석준역:이재황,이은주역:문보령,강석환역:김형범,오순정역:남이안,김복순역:박순천,박민호역:길정우,박민지역:홍제이,김해정역:양금석,강태수역:이원재,이태우역:서현석,최동석역:김동균,최은자역:이진아,최유경역:이영은,최미영역:전은채,왕기범역:차승우,하열도역:김영훈,홍수경역:노정명,박태섭역:강서준,박혜진역:박지수"
20200619,SBS,220109,223247,편의점샛별이,<1부>,1회,전국,003138,드라마&영화,드라마,미니시리즈,3.57979,1.30656,1.24528,2.4925,2.40712,2.4318,2.9347,1.69443,0.99463,1.18645,2.62542,3.32873,3.68478,2.43774,"최대현역:지창욱,정샛별역:김유정,유연주역:한선화,조승준역:도상우,정은별역:솔빈,공분희역:김선영,최용필역:이병준,한달식역:음문석,권의추역:우현,차기복역:이윤희,고광태역:배기범,김혜자역:견미리,최대순역:김지현,황금비역:서예화,차은조역:윤수,배부장역:허재호,강성태역:지찬,김정하역:신윤정,오현지역:한류은,강지욱역:김민규,유명기역:길용우"
20200619,SBS,223458,230750,편의점샛별이,<2부>,1회,전국,003252,드라마&영화,드라마,미니시리즈,4.27069,2.53883,1.56626,3.68282,4.0663,4.16428,3.54653,3.89496,1.87517,1.47697,3.57715,5.41211,4.18453,2.787,"최대현역:지창욱,정샛별역:김유정,유연주역:한선화,조승준역:도상우,정은별역:솔빈,공분희역:김선영,최용필역:이병준,한달식역:음문석,권의추역:우현,차기복역:이윤희,고광태역:배기범,김혜자역:견미리,최대순역:김지현,황금비역:서예화,차은조역:윤수,배부장역:허재호,강성태역:지찬,김정하역:신윤정,오현지역:한류은,강지욱역:김민규,유명기역:길용우"
20200619,SBS,242543,245721,편의점샛별이,<1부>,1회,서울/경기/부산/광주/강원/충북/전북/전남/경남,003138,드라마&영화,드라마,미니시리즈,0.04969,0.76093,0.1902,1.20033,0.90555,1.67631,0.63602,0,0.70717,0.09366,0.65491,1.61525,0.94519,0.41056,"최대현역:지창욱,정샛별역:김유정,유연주역:한선화,조승준역:도상우,정은별역:솔빈,공분희역:김선영,최용필역:이병준,한달식역:음문석,권의추역:우현,차기복역:이윤희,고광태역:배기범,김혜자역:견미리,최대순역:김지현,황금비역:서예화,차은조역:윤수,배부장역:허재호,강성태역:지찬,김정하역:신윤정,오현지역:한류은,강지욱역:김민규,유명기역:길용우"
20200619,SBS,245901,253153,편의점샛별이,<2부>,1회,서울/경기/부산/광주/강원/충북/전북/전남/경남,003252,드라마&영화,드라마,미니시리즈,0,1.3642,0.20389,1.63294,1.09875,2.1538,0.63097,0,0.9039,0.24192,0.96589,1.82721,1.15132,0.35052,"최대현역:지창욱,정샛별역:김유정,유연주역:한선화,조승준역:도상우,정은별역:솔빈,공분희역:김선영,최용필역:이병준,한달식역:음문석,권의추역:우현,차기복역:이윤희,고광태역:배기범,김혜자역:견미리,최대순역:김지현,황금비역:서예화,차은조역:윤수,배부장역:허재호,강성태역:지찬,김정하역:신윤정,오현지역:한류은,강지욱역:김민규,유명기역:길용우"
20200619,OBS,094019,103938,구가의서,,14회,전국,005919,드라마&영화,드라마,주간연속극,0,0,0,0,0,0,0.08478,0,0.01198,0,0,0.00553,0,0.02271,"최강치역:이승기,담여울역:수지,조관웅역:이성재,담평준역:조성하,박태서역:유연석,박청조역:이유비,곤역:성준,구월령역:최진혁,윤서화역:이연희,소정법사역:김희원,천수련역:정혜영,자홍명역:윤세아,박무솔역:엄효섭,월선역:손승우,이순신역:유동근,마봉출역:조재윤,카게시마역:데이비드맥기니스,한노역:박주형,윤씨역:김희정,억만역:김기방,윤정윤역:이다윗,담이역:김보미,필목역:송영규,공달선생역:이도경"
20200619,OBS,181937,191919,구가의서,,15회,전국,005942,드라마&영화,드라마,주간연속극,0,0.21481,0.10077,0.00482,0.01595,0.10254,0.24159,0,0,0,0.01783,0.23518,0.094,0.27706,"최강치역:이승기,담여울역:수지,조관웅역:이성재,담평준역:조성하,박태서역:유연석,박청조역:이유비,곤역:성준,구월령역:최진혁,윤서화역:이연희,소정법사역:김희원,천수련역:정혜영,자홍명역:윤세아,박무솔역:엄효섭,월선역:손승우,이순신역:유동근,마봉출역:조재윤,카게시마역:데이비드맥기니스,한노역:박주형,윤씨역:김희정,억만역:김기방,윤정윤역:이다윗,담이역:김보미,필목역:송영규,공달선생역:이도경"
20200619,JTBC,124105,134929,쌍갑포차,,10회,전국,010824,드라마&영화,드라마,미니시리즈,0.21561,0.05088,0.05719,0.07417,0.03438,0.54963,0.04085,0,0.17007,0.14216,0.12649,0.84599,0.45417,0.35798,"월주역:황정음,한강배역:육성재,귀반장역:최원영,염부장역:이준혁,강여린역:정다은,최진동역:안태환,송미란역:박하나,박대리역:박주형,김원형역:나인우"
20200619,TV CHOSUN,103201,113137,바람과구름과비,,8회,전국,005936,드라마&영화,드라마,미니시리즈,0,0,0.19134,0.13675,0.95633,0.58715,1.05371,0,0,0.19105,0.32705,0.42503,0.25876,1.08167,"최천중역:박시후,봉련역:고성희,흥선대원군이하응역:전광렬,채인규역:성혁,김병운역:김승수,김좌근역:차광수,나합역:윤아정,김병학역:한재영,조대비역:김보연,철종역:정욱,이하전역:이루,명성황후민자영역:박정연,고종이재황역:박상훈,용팔룡역:조복래,주모역:김주령,적도사진상역:한동규,팽구철역:노형욱,만석역:박노식,연치성역:임현수,반달역:왕빛나,임종사관역:허태희,최천중어린시절역:강태우,봉련어린시절역:홍승희,채인규어린시절역:최정우,상복역:허성태,민승호역:이해우,저자이병주,출판그림같은세상2020.08.28.,e북무료판매처 1건"
20200619,TV CHOSUN,114306,124358,바람과구름과비,,9회,전국,010052,드라마&영화,드라마,미니시리즈,0,0.64883,0.21101,0.0308,1.02647,0.54148,0.88598,0.01537,0.17454,0.29932,0.45564,0.55936,1.17537,1.47727,"최천중역:박시후,봉련역:고성희,흥선대원군이하응역:전광렬,채인규역:성혁,김병운역:김승수,김좌근역:차광수,나합역:윤아정,김병학역:한재영,조대비역:김보연,철종역:정욱,이하전역:이루,명성황후민자영역:박정연,고종이재황역:박상훈,용팔룡역:조복래,주모역:김주령,적도사진상역:한동규,팽구철역:노형욱,만석역:박노식,연치성역:임현수,반달역:왕빛나,임종사관역:허태희,최천중어린시절역:강태우,봉련어린시절역:홍승희,채인규어린시절역:최정우,상복역:허성태,민승호역:이해우,저자이병주,출판그림같은세상2020.08.28.,e북무료판매처 1건"
20200619,tvN,020323,032206,아는건별로없지만가족입니다,,5회,전국,011843,드라마&영화,드라마,미니시리즈,0.04663,0.24243,0,0.29854,0.17581,0.11375,0.06741,0,0.39308,0.03739,0.00428,0.26106,0.3132,0.18829,"김은희역:한예리,박찬혁역:김지석,김은주역:추자현,김상식역:정진영,이진숙역:원미경,김지우역:신재하,임건주역:신동욱,윤태형역:김태훈,젊은상식역:한준우,젊은진숙역:조아영,유선일역:서상원,안효석역:이종원,서경옥역:가득희,윤서영역:혜정,전하라역:배윤경,유민우역:권율"
20200619,tvN,033956,045725,아는건별로없지만가족입니다,,6회,전국,011729,드라마&영화,드라마,미니시리즈,0.09003,0.01463,0,0.03899,0.61269,0,0.05679,0.08371,0,0,0.04225,0.31883,0.21195,0.22872,"김은희역:한예리,박찬혁역:김지석,김은주역:추자현,김상식역:정진영,이진숙역:원미경,김지우역:신재하,임건주역:신동욱,윤태형역:김태훈,젊은상식역:한준우,젊은진숙역:조아영,유선일역:서상원,안효석역:이종원,서경옥역:가득희,윤서영역:혜정,전하라역:배윤경,유민우역:권율"
20200619,tvN,124039,135140,오마이베이비,,11회,전국,011101,드라마&영화,드라마,미니시리즈,0,0.00805,0.18549,0.00857,0.37815,0.39718,0.28523,0.04834,0.00773,0.19086,0.56328,0.76671,0.41904,0.31002,"장하리역:장나라,한이상역:고준,윤재영역:박병은,최강으뜸역:정건주,이옥란역:김혜옥,남수철역:조희봉,김은영역:이미도,김철중역:유승목,주승태역:전진기,박연호역:백승희,최효주역:박수영,주선생역:문현정,심정화역:김재화,이소윤역:정라엘,이옥희역:김예령,박재한역:이한위,김상희역:손화령,순남역:이주실,조회장역:장광,조아저씨역:최홍일,강효주역:전혜빈"
20200619,tvN,141055,151944,오마이베이비,,12회,전국,010849,드라마&영화,드라마,미니시리즈,0.29947,0.19235,0.04872,0.08237,0.26929,0.31651,0.2829,0.09341,0.14053,0.22287,0.31878,0.56217,0.55204,0.32585,"장하리역:장나라,한이상역:고준,윤재영역:박병은,최강으뜸역:정건주,이옥란역:김혜옥,남수철역:조희봉,김은영역:이미도,김철중역:유승목,주승태역:전진기,박연호역:백승희,최효주역:박수영,주선생역:문현정,심정화역:김재화,이소윤역:정라엘,이옥희역:김예령,박재한역:이한위,김상희역:손화령,순남역:이주실,조회장역:장광,조아저씨역:최홍일,강효주역:전혜빈"
20200619,국방TV,210035,212833,바람은불어도,,109회,전국,002758,드라마&영화,드라마,미니시리즈,0,0,0.01439,0.00442,0,0.01956,0.00434,0,0.0296,0,0.00966,0,0.00988,0.00534,"최수종,유호정,윤손하,송나영,송기윤,나문희"
20200619,국방TV,213018,215905,바람은불어도,,110회,전국,002847,드라마&영화,드라마,미니시리즈,0,0,0,0,0,0,0,0,0,0,0,0,0,0,"최수종,유호정,윤손하,송나영,송기윤,나문희"
20200619,국방TV,240035,242833,바람은불어도,,109회,전국,002758,드라마&영화,드라마,미니시리즈,0,0,0,0,0,0,0,0,0,0,0,0,0,0,"최수종,유호정,윤손하,송나영,송기윤,나문희"
20200619,국방TV,243019,245905,바람은불어도,,110회,전국,002846,드라마&영화,드라마,미니시리즈,0,0,0,0,0,0,0,0,0,0,0,0,0,0,"최수종,유호정,윤손하,송나영,송기윤,나문희"
20200619,국방TV,250035,252834,바람은불어도,,111회,전국,002759,드라마&영화,드라마,미니시리즈,0,0.05279,0,0,0.01628,0,0,0,0.0251,0,0,0.03261,0,0.00216,"최수종,유호정,윤손하,송나영,송기윤,나문희"
20200619,국방TV,253028,255905,바람은불어도,,112회,전국,002837,드라마&영화,드라마,미니시리즈,0,0,0,0,0,0,0,0,0,0,0,0,0,0,"최수종,유호정,윤손하,송나영,송기윤,나문희"
20200619,CHING,020000,021902,이산,,21회,전국,001902,드라마&영화,드라마,주간연속극,0,0,0,0,0.05578,0,0.00701,0,0,0,0.01179,0,0.0169,0.02719,"정조이산역:이서진,성송연역:한지민,영조역:이순재,정순왕후역:김여진,화완옹주역:성현아,정후겸역:조연우,박대수역:이종수,효의왕후역:박은혜,혜경궁홍씨역:견미리,사도세자역:이창훈,홍국영역:한상진,최석주역:조경환,채제공역:한인수,정약용역:송창의,장태우역:이재용,민주식역:정호근,박제가역:정재곤,남사초역:맹상훈,박달호역:이희도,김정금상궁역:김소이,강미비상궁역:이숙,원빈홍씨역:지성원,화빈윤씨역:유연지,박영문역:신국,초비역:이도은,이천역:지상렬,탁지수역:유민혁,이산어린시절역:박지빈,성송연어린시절역:이한나,박대수어린시절역:권오민,정후겸어린시절역:이인성"
20200619,CHING,023256,034005,이산,,22회,전국,010709,드라마&영화,드라마,주간연속극,0,0,0,0,0,0,0,0,0,0,0,0,0.00413,0,"정조이산역:이서진,성송연역:한지민,영조역:이순재,정순왕후역:김여진,화완옹주역:성현아,정후겸역:조연우,박대수역:이종수,효의왕후역:박은혜,혜경궁홍씨역:견미리,사도세자역:이창훈,홍국영역:한상진,최석주역:조경환,채제공역:한인수,정약용역:송창의,장태우역:이재용,민주식역:정호근,박제가역:정재곤,남사초역:맹상훈,박달호역:이희도,김정금상궁역:김소이,강미비상궁역:이숙,원빈홍씨역:지성원,화빈윤씨역:유연지,박영문역:신국,초비역:이도은,이천역:지상렬,탁지수역:유민혁,이산어린시절역:박지빈,성송연어린시절역:이한나,박대수어린시절역:권오민,정후겸어린시절역:이인성"
20200619,CHING,084243,095017,이산,,23회,전국,010734,드라마&영화,드라마,주간연속극,0,0,0,0,0,0,0.07383,0,0,0,0,0.00505,0.02828,0.00561,"정조이산역:이서진,성송연역:한지민,영조역:이순재,정순왕후역:김여진,화완옹주역:성현아,정후겸역:조연우,박대수역:이종수,효의왕후역:박은혜,혜경궁홍씨역:견미리,사도세자역:이창훈,홍국영역:한상진,최석주역:조경환,채제공역:한인수,정약용역:송창의,장태우역:이재용,민주식역:정호근,박제가역:정재곤,남사초역:맹상훈,박달호역:이희도,김정금상궁역:김소이,강미비상궁역:이숙,원빈홍씨역:지성원,화빈윤씨역:유연지,박영문역:신국,초비역:이도은,이천역:지상렬,탁지수역:유민혁,이산어린시절역:박지빈,성송연어린시절역:이한나,박대수어린시절역:권오민,정후겸어린시절역:이인성"
20200619,CHING,100135,110846,이산,,24회,전국,010711,드라마&영화,드라마,주간연속극,0,0.01095,0,0,0.05759,0,0.25193,0,0,0,0,0.00543,0.11941,0.01212,"정조이산역:이서진,성송연역:한지민,영조역:이순재,정순왕후역:김여진,화완옹주역:성현아,정후겸역:조연우,박대수역:이종수,효의왕후역:박은혜,혜경궁홍씨역:견미리,사도세자역:이창훈,홍국영역:한상진,최석주역:조경환,채제공역:한인수,정약용역:송창의,장태우역:이재용,민주식역:정호근,박제가역:정재곤,남사초역:맹상훈,박달호역:이희도,김정금상궁역:김소이,강미비상궁역:이숙,원빈홍씨역:지성원,화빈윤씨역:유연지,박영문역:신국,초비역:이도은,이천역:지상렬,탁지수역:유민혁,이산어린시절역:박지빈,성송연어린시절역:이한나,박대수어린시절역:권오민,정후겸어린시절역:이인성"
20200619,CHING,144201,150932,인어아가씨,,97회,전국,002731,드라마&영화,드라마,주간연속극,0,0,0,0,0,0,0,0,0,0,0,0,0,0,"은아리영역:장서희,한경혜역:정영숙,은진섭역:박근형,심수정역:한혜숙,은예영역:우희진,이주왕역:김성민,이성수역:김병기,금옥선역:사미자,금실라역:김용림,조수아역:고두심,마마준역:정보석,마마린역:이재은"
20200619,CHING,151045,153907,인어아가씨,,98회,전국,002822,드라마&영화,드라마,주간연속극,0,0,0,0.01217,0,0,0,0,0,0,0.01354,0,0,0.02474,"은아리영역:장서희,한경혜역:정영숙,은진섭역:박근형,심수정역:한혜숙,은예영역:우희진,이주왕역:김성민,이성수역:김병기,금옥선역:사미자,금실라역:김용림,조수아역:고두심,마마준역:정보석,마마린역:이재은"
20200619,CHING,155128,161929,인어아가씨,,99회,전국,002801,드라마&영화,드라마,주간연속극,0,0,0,0,0,0,0,0,0,0,0,0,0,0,"은아리영역:장서희,한경혜역:정영숙,은진섭역:박근형,심수정역:한혜숙,은예영역:우희진,이주왕역:김성민,이성수역:김병기,금옥선역:사미자,금실라역:김용림,조수아역:고두심,마마준역:정보석,마마린역:이재은"
20200619,CHING,162042,164842,인어아가씨,,100회,전국,002800,드라마&영화,드라마,주간연속극,0,0,0,0,0,0,0,0,0,0,0,0,0,0,"은아리영역:장서희,한경혜역:정영숙,은진섭역:박근형,심수정역:한혜숙,은예영역:우희진,이주왕역:김성민,이성수역:김병기,금옥선역:사미자,금실라역:김용림,조수아역:고두심,마마준역:정보석,마마린역:이재은"
20200619,CHING,170617,181345,이산,,23회,전국,010728,드라마&영화,드라마,주간연속극,0,0,0.02291,0.00344,0.05179,0,0.06636,0,0,0,0.12819,0,0,0,"정조이산역:이서진,성송연역:한지민,영조역:이순재,정순왕후역:김여진,화완옹주역:성현아,정후겸역:조연우,박대수역:이종수,효의왕후역:박은혜,혜경궁홍씨역:견미리,사도세자역:이창훈,홍국영역:한상진,최석주역:조경환,채제공역:한인수,정약용역:송창의,장태우역:이재용,민주식역:정호근,박제가역:정재곤,남사초역:맹상훈,박달호역:이희도,김정금상궁역:김소이,강미비상궁역:이숙,원빈홍씨역:지성원,화빈윤씨역:유연지,박영문역:신국,초비역:이도은,이천역:지상렬,탁지수역:유민혁,이산어린시절역:박지빈,성송연어린시절역:이한나,박대수어린시절역:권오민,정후겸어린시절역:이인성"
20200619,CHING,182604,193310,이산,,24회,전국,010706,드라마&영화,드라마,주간연속극,0,0,0,0.07619,0.12848,0,0.01325,0,0.00207,0.09508,0.0022,0.00174,0,0.01578,"정조이산역:이서진,성송연역:한지민,영조역:이순재,정순왕후역:김여진,화완옹주역:성현아,정후겸역:조연우,박대수역:이종수,효의왕후역:박은혜,혜경궁홍씨역:견미리,사도세자역:이창훈,홍국영역:한상진,최석주역:조경환,채제공역:한인수,정약용역:송창의,장태우역:이재용,민주식역:정호근,박제가역:정재곤,남사초역:맹상훈,박달호역:이희도,김정금상궁역:김소이,강미비상궁역:이숙,원빈홍씨역:지성원,화빈윤씨역:유연지,박영문역:신국,초비역:이도은,이천역:지상렬,탁지수역:유민혁,이산어린시절역:박지빈,성송연어린시절역:이한나,박대수어린시절역:권오민,정후겸어린시절역:이인성"
20200619,CHING,230323,233053,인어아가씨,,97회,전국,002730,드라마&영화,드라마,주간연속극,0,0,0,0.23424,0,0,0,0,0,0,0,0,0,0,"은아리영역:장서희,한경혜역:정영숙,은진섭역:박근형,심수정역:한혜숙,은예영역:우희진,이주왕역:김성민,이성수역:김병기,금옥선역:사미자,금실라역:김용림,조수아역:고두심,마마준역:정보석,마마린역:이재은"
20200619,CHING,233207,240028,인어아가씨,,98회,전국,002821,드라마&영화,드라마,주간연속극,0,0,0,0.23424,0,0,0,0,0,0,0,0,0,0,"은아리영역:장서희,한경혜역:정영숙,은진섭역:박근형,심수정역:한혜숙,은예영역:우희진,이주왕역:김성민,이성수역:김병기,금옥선역:사미자,금실라역:김용림,조수아역:고두심,마마준역:정보석,마마린역:이재은"
20200619,CHING,241058,243901,인어아가씨,,99회,전국,002803,드라마&영화,드라마,주간연속극,0,0,0,0.23424,0,0,0.0163,0,0,0,0,0,0,0,"은아리영역:장서희,한경혜역:정영숙,은진섭역:박근형,심수정역:한혜숙,은예영역:우희진,이주왕역:김성민,이성수역:김병기,금옥선역:사미자,금실라역:김용림,조수아역:고두심,마마준역:정보석,마마린역:이재은"
20200619,CHING,244014,250813,인어아가씨,,100회,전국,002759,드라마&영화,드라마,주간연속극,0,0,0.02485,0.23424,0,0,0,0,0,0,0,0,0,0,"은아리영역:장서희,한경혜역:정영숙,은진섭역:박근형,심수정역:한혜숙,은예영역:우희진,이주왕역:김성민,이성수역:김병기,금옥선역:사미자,금실라역:김용림,조수아역:고두심,마마준역:정보석,마마린역:이재은"
20200619,CHING,252330,255959,이산,,23회,전국,003629,드라마&영화,드라마,주간연속극,0,0,0,0.03904,0,0,0.00096,0,0,0,0,0,0,0.00135,"정조이산역:이서진,성송연역:한지민,영조역:이순재,정순왕후역:김여진,화완옹주역:성현아,정후겸역:조연우,박대수역:이종수,효의왕후역:박은혜,혜경궁홍씨역:견미리,사도세자역:이창훈,홍국영역:한상진,최석주역:조경환,채제공역:한인수,정약용역:송창의,장태우역:이재용,민주식역:정호근,박제가역:정재곤,남사초역:맹상훈,박달호역:이희도,김정금상궁역:김소이,강미비상궁역:이숙,원빈홍씨역:지성원,화빈윤씨역:유연지,박영문역:신국,초비역:이도은,이천역:지상렬,탁지수역:유민혁,이산어린시절역:박지빈,성송연어린시절역:이한나,박대수어린시절역:권오민,정후겸어린시절역:이인성"
20200619,CNTV,032633,042548,녹두꽃,,17회,전국,005915,드라마&영화,드라마,미니시리즈,0,0,0,0,0,0,0.04829,0,0,0,0,0,0,0,"백이강역:조정석,백이현역:윤시윤,송자인역:한예리,전봉준역:최무성,백가역:박혁권,최덕기역:김상호,황석주역:최원영,채씨역:황영희,백이화역:백은혜,유월이역:서영희,남서방역:정선철,최경선역:민성욱,해승역:안길강,버들이역:노행하,번개역:병헌,동록개역:정규수,김가역:박지환,김개남역:김정호,손화중역:홍우진,송희옥역:이태검,황명심역:박규영,홍가역:조희봉,억쇠역:조현식,철두역:김도연,박원명역:김하균,송봉길역:박지일,김당손역:문원주,김문현역:이순원,김학진역:남문철,홍계훈역:윤서현,이규태역:손우현,이두황역:서종봉,대원군역:전국환,민비역:김지현,고종역:이윤건,조병갑역:장광,이용태역:이정헌,최시형역:전무송,다케다요스케역:이기찬,김홍집역:황만익"
20200619,CNTV,060129,065620,용의눈물,,83회,전국,005451,드라마&영화,드라마,주간연속극,0.05602,0,0.01287,0.00999,0.01569,0.01158,0.10025,0.05209,0,0,0.01094,0.0633,0.00423,0.11193,"유동근,최명길,이민우,안재모,김무생,김혜리"
20200619,CNTV,070629,075956,용의눈물,,84회,전국,005327,드라마&영화,드라마,주간연속극,0.02853,0.04897,0,0.01865,0.02089,0.03549,0.17643,0.02653,0,0,0.00365,0.01112,0.11617,0.1046,"유동근,최명길,이민우,안재모,김무생,김혜리"
20200619,CNTV,091527,102058,자이언트,,46회,전국,010531,드라마&영화,드라마,주간연속극,0,0,0,0.00178,0,0,0.14747,0,0.01089,0,0,0.01527,0,0.07883,"이강모역:이범수,황정연역:박진희,조민우역:주상욱,이성모역:박상민,이미주역:황정음,조필연역:정보석,황태섭역:이덕화,박소태역:이문식,유경옥역:김서형,염재수역:유형관,황정식역:김정현,한명석역:이효정,오병탁역:김학철,이성모어린시절역:김수현,조민우어린시절역:노영학,이미주어린시절역:박하영,황정연어린시절역:남지현,이강모어린시절역:여진구,민홍기역:이기영,백파역:임혁,말죽거리파두목역:최민,홍기표역:손병호,염시덕역:신승환,이복자역:한경선,염경자역:최하나,남영출역:송경철,오남숙역:문희경,주영국역:장순국,문성중역:이승형,양명자역:홍여진,고재춘역:윤용현,유찬성역:황택하,윤기훈역:임종윤,지연수역:유호린,천수연역:한다민,차부철역:김성오"
20200619,CNTV,103735,114051,바람과구름과비,,8회,전국,010316,드라마&영화,드라마,미니시리즈,0,0,0,0,0.15452,0.17241,0.2067,0,0,0,0,0.00348,0.07573,0.34698,"최천중역:박시후,봉련역:고성희,흥선대원군이하응역:전광렬,채인규역:성혁,김병운역:김승수,김좌근역:차광수,나합역:윤아정,김병학역:한재영,조대비역:김보연,철종역:정욱,이하전역:이루,명성황후민자영역:박정연,고종이재황역:박상훈,용팔룡역:조복래,주모역:김주령,적도사진상역:한동규,팽구철역:노형욱,만석역:박노식,연치성역:임현수,반달역:왕빛나,임종사관역:허태희,최천중어린시절역:강태우,봉련어린시절역:홍승희,채인규어린시절역:최정우,상복역:허성태,민승호역:이해우,저자이병주,출판그림같은세상2020.08.28.,e북무료판매처 1건"
20200619,CNTV,115804,125923,바람과구름과비,,9회,전국,010119,드라마&영화,드라마,미니시리즈,0,0.18558,0,0.00481,0.24676,0.26561,0.47254,0.06557,0,0,0.11428,0.10144,0.03634,0.50405,"최천중역:박시후,봉련역:고성희,흥선대원군이하응역:전광렬,채인규역:성혁,김병운역:김승수,김좌근역:차광수,나합역:윤아정,김병학역:한재영,조대비역:김보연,철종역:정욱,이하전역:이루,명성황후민자영역:박정연,고종이재황역:박상훈,용팔룡역:조복래,주모역:김주령,적도사진상역:한동규,팽구철역:노형욱,만석역:박노식,연치성역:임현수,반달역:왕빛나,임종사관역:허태희,최천중어린시절역:강태우,봉련어린시절역:홍승희,채인규어린시절역:최정우,상복역:허성태,민승호역:이해우,저자이병주,출판그림같은세상2020.08.28.,e북무료판매처 1건"
20200619,CNTV,131417,140948,용의눈물,,83회,전국,005531,드라마&영화,드라마,주간연속극,0.05394,0.0158,0.00392,0.03316,0,0.28035,0.46019,0.0621,0,0.01351,0.11655,0.01287,0.12504,0.44742,"유동근,최명길,이민우,안재모,김무생,김혜리"
20200619,CNTV,142617,151959,용의눈물,,84회,전국,005342,드라마&영화,드라마,주간연속극,0,0,0,0.00271,0.01572,0.2158,0.4558,0.03703,0,0,0.00365,0.06269,0.08477,0.21158,"유동근,최명길,이민우,안재모,김무생,김혜리"
20200619,CNTV,154021,164607,자이언트,,46회,전국,010546,드라마&영화,드라마,주간연속극,0,0,0,0.17822,0.20152,0.05359,0.40104,0,0,0,0.07569,0.02043,0.24329,0.13722,"이강모역:이범수,황정연역:박진희,조민우역:주상욱,이성모역:박상민,이미주역:황정음,조필연역:정보석,황태섭역:이덕화,박소태역:이문식,유경옥역:김서형,염재수역:유형관,황정식역:김정현,한명석역:이효정,오병탁역:김학철,이성모어린시절역:김수현,조민우어린시절역:노영학,이미주어린시절역:박하영,황정연어린시절역:남지현,이강모어린시절역:여진구,민홍기역:이기영,백파역:임혁,말죽거리파두목역:최민,홍기표역:손병호,염시덕역:신승환,이복자역:한경선,염경자역:최하나,남영출역:송경철,오남숙역:문희경,주영국역:장순국,문성중역:이승형,양명자역:홍여진,고재춘역:윤용현,유찬성역:황택하,윤기훈역:임종윤,지연수역:유호린,천수연역:한다민,차부철역:김성오"
20200619,CNTV,170259,180616,바람과구름과비,,8회,전국,010317,드라마&영화,드라마,미니시리즈,0,0,0.00439,0,0.16361,0.0305,0.14029,0,0.17424,0.01509,0,0.10745,0.04888,0.24433,"최천중역:박시후,봉련역:고성희,흥선대원군이하응역:전광렬,채인규역:성혁,김병운역:김승수,김좌근역:차광수,나합역:윤아정,김병학역:한재영,조대비역:김보연,철종역:정욱,이하전역:이루,명성황후민자영역:박정연,고종이재황역:박상훈,용팔룡역:조복래,주모역:김주령,적도사진상역:한동규,팽구철역:노형욱,만석역:박노식,연치성역:임현수,반달역:왕빛나,임종사관역:허태희,최천중어린시절역:강태우,봉련어린시절역:홍승희,채인규어린시절역:최정우,상복역:허성태,민승호역:이해우,저자이병주,출판그림같은세상2020.08.28.,e북무료판매처 1건"
20200619,CNTV,182108,192242,바람과구름과비,,9회,전국,010134,드라마&영화,드라마,미니시리즈,0,0,0.19894,0,0.06478,0.13744,0.29209,0,0.05525,0.05295,0,0.04568,0.26914,0.26066,"최천중역:박시후,봉련역:고성희,흥선대원군이하응역:전광렬,채인규역:성혁,김병운역:김승수,김좌근역:차광수,나합역:윤아정,김병학역:한재영,조대비역:김보연,철종역:정욱,이하전역:이루,명성황후민자영역:박정연,고종이재황역:박상훈,용팔룡역:조복래,주모역:김주령,적도사진상역:한동규,팽구철역:노형욱,만석역:박노식,연치성역:임현수,반달역:왕빛나,임종사관역:허태희,최천중어린시절역:강태우,봉련어린시절역:홍승희,채인규어린시절역:최정우,상복역:허성태,민승호역:이해우,저자이병주,출판그림같은세상2020.08.28.,e북무료판매처 1건"
20200619,CNTV,193841,203357,용의눈물,,83회,전국,005516,드라마&영화,드라마,주간연속극,0.02874,0,0,0.00651,0.07361,0.05327,0.08573,0.03143,0.13512,0.10982,0.02282,0.06947,0.19525,0.07603,"유동근,최명길,이민우,안재모,김무생,김혜리"
20200619,CNTV,204841,214223,용의눈물,,84회,전국,005342,드라마&영화,드라마,주간연속극,0.44485,0.03616,0,0.00172,0.21196,0.01093,0.0113,0,0.08836,0.01401,0.10576,0.08845,0.01654,0.0024,"유동근,최명길,이민우,안재모,김무생,김혜리"
20200619,CNTV,215525,230111,자이언트,,46회,전국,010546,드라마&영화,드라마,주간연속극,0,0.01606,0.03007,0,0.01475,0.05137,0.07026,0,0,0.01536,0.00919,0.03633,0.04555,0.06021,"이강모역:이범수,황정연역:박진희,조민우역:주상욱,이성모역:박상민,이미주역:황정음,조필연역:정보석,황태섭역:이덕화,박소태역:이문식,유경옥역:김서형,염재수역:유형관,황정식역:김정현,한명석역:이효정,오병탁역:김학철,이성모어린시절역:김수현,조민우어린시절역:노영학,이미주어린시절역:박하영,황정연어린시절역:남지현,이강모어린시절역:여진구,민홍기역:이기영,백파역:임혁,말죽거리파두목역:최민,홍기표역:손병호,염시덕역:신승환,이복자역:한경선,염경자역:최하나,남영출역:송경철,오남숙역:문희경,주영국역:장순국,문성중역:이승형,양명자역:홍여진,고재춘역:윤용현,유찬성역:황택하,윤기훈역:임종윤,지연수역:유호린,천수연역:한다민,차부철역:김성오"
20200619,CNTV,231503,241820,바람과구름과비,,8회,전국,010317,드라마&영화,드라마,미니시리즈,0,0,0,0.00157,0.06075,0.03963,0.07224,0,0,0.07596,0,0.03438,0.03839,0.05438,"최천중역:박시후,봉련역:고성희,흥선대원군이하응역:전광렬,채인규역:성혁,김병운역:김승수,김좌근역:차광수,나합역:윤아정,김병학역:한재영,조대비역:김보연,철종역:정욱,이하전역:이루,명성황후민자영역:박정연,고종이재황역:박상훈,용팔룡역:조복래,주모역:김주령,적도사진상역:한동규,팽구철역:노형욱,만석역:박노식,연치성역:임현수,반달역:왕빛나,임종사관역:허태희,최천중어린시절역:강태우,봉련어린시절역:홍승희,채인규어린시절역:최정우,상복역:허성태,민승호역:이해우,저자이병주,출판그림같은세상2020.08.28.,e북무료판매처 1건"
20200619,CNTV,242857,253031,바람과구름과비,,9회,전국,010134,드라마&영화,드라마,미니시리즈,0,0,0.08082,0.02566,0.06743,0.05738,0.20127,0,0,0.08839,0.09389,0.0555,0.30952,0.06563,"최천중역:박시후,봉련역:고성희,흥선대원군이하응역:전광렬,채인규역:성혁,김병운역:김승수,김좌근역:차광수,나합역:윤아정,김병학역:한재영,조대비역:김보연,철종역:정욱,이하전역:이루,명성황후민자영역:박정연,고종이재황역:박상훈,용팔룡역:조복래,주모역:김주령,적도사진상역:한동규,팽구철역:노형욱,만석역:박노식,연치성역:임현수,반달역:왕빛나,임종사관역:허태희,최천중어린시절역:강태우,봉련어린시절역:홍승희,채인규어린시절역:최정우,상복역:허성태,민승호역:이해우,저자이병주,출판그림같은세상2020.08.28.,e북무료판매처 1건"
20200619,DRAMAcube,051855,055106,아이템,,1회,전국,003211,드라마&영화,드라마,미니시리즈,0,0,0,0.09132,0,0,0.0457,0,0,0,0.10672,0.05078,0.0247,0.05499,"강곤역:주지훈,신소영역:진세연,조세황역:김강우,한유나역:김유리,구동영역:박원상,신구철역:이대연,방학재역:김민교,하승목역:황동주,서요한역:오승훈,이한길역:최진호,최호준역:김도현,유철조역:정인겸,김대흥역:최권,정진만역:임영식,강다인역:신린아"
20200619,DRAMAcube,055115,062112,아이템,,2회,전국,002957,드라마&영화,드라마,미니시리즈,0,0,0,0.01826,0,0.00378,0.00881,0,0.00581,0,0.02134,0.01944,0,0.00874,"강곤역:주지훈,신소영역:진세연,조세황역:김강우,한유나역:김유리,구동영역:박원상,신구철역:이대연,방학재역:김민교,하승목역:황동주,서요한역:오승훈,이한길역:최진호,최호준역:김도현,유철조역:정인겸,김대흥역:최권,정진만역:임영식,강다인역:신린아"
20200619,DRAMAcube,062406,072619,배가본드,,10회,전국,010213,드라마&영화,드라마,미니시리즈,0,0,0,0,0,0.16033,0.01367,0,0,0,0.00985,0.01338,0.03616,0.00274,"차달건역:이승기,고해리역:배수지,기태웅역:신성록,제시카리역:문정희,정국표역:백윤식,홍순조역:문성근,에드워드박역:이경영,강주철역:이기영,윤한기역:김민종,민재식역:정만식,공화숙역:황보라,박만영역:최광일,안기동역:김종수,김세훈역:신승환,한기수역:김민서,미키역:류원,홍승범역:김정현,릴리역:박아인,박광덕역:고규필,제롬역:유태오,김우기역:장혁진,오상미역:강경헌,김도수역:최대철"
20200619,DRAMAcube,105351,120344,굿캐스팅,,13회,전국,010953,드라마&영화,드라마,미니시리즈,0,0,0.02924,0,0,0.08501,0.01314,0,0.00572,0,0.02951,0.00822,0.15251,0.00618,"백찬미역:최강희,윤석호역:이상엽,임예은역:유인영,황미순역:김지영,강우원역:이준영,동관수역:이종혁,서국환역:정인기,배무혁역:박경순,간태희역:황보미,명계철역:우현,탁상기역:이상훈,옥철역:김용희,변우석역:허재호,구비서역:한수진,설영훈역:조영훈,심화란역:차수연,남봉만역:이승형,남주연역:김보윤,피철웅역:배진웅,권민석역:성혁,권소희역:노하연"
20200619,DRAMAcube,121749,132653,굿캐스팅,,14회,전국,010904,드라마&영화,드라마,미니시리즈,0,0,0,0.04373,0,0.01193,0.00741,0,0,0.04119,0,0,0.16329,0.00238,"백찬미역:최강희,윤석호역:이상엽,임예은역:유인영,황미순역:김지영,강우원역:이준영,동관수역:이종혁,서국환역:정인기,배무혁역:박경순,간태희역:황보미,명계철역:우현,탁상기역:이상훈,옥철역:김용희,변우석역:허재호,구비서역:한수진,설영훈역:조영훈,심화란역:차수연,남봉만역:이승형,남주연역:김보윤,피철웅역:배진웅,권민석역:성혁,권소희역:노하연"
20200619,DRAMAcube,225142,235700,낭만닥터김사부2,,7회,전국,010518,드라마&영화,드라마,미니시리즈,0,0.00885,0,0.00235,0.01899,0.06496,0.10777,0.01044,0.01097,0.02188,0.00192,0.08213,0.01659,0.09336,"김사부역:한석규,서우진역:안효섭,차은재역:이성경,박민국역:김주헌,배문정역:신동욱,윤아름역:소주연,정인수역:윤나무,여운영역:김홍파,오명심역:진경,장기태역:임원희,남도일역:변우민,박은탁역:김민재,양호준역:고상호,심혜진역:박효주,허영규역:배명진,도윤완역:최진호,엄현정역:정지안,주영미역:윤보라,주지배인역:서영"
20200619,DRAMAcube,241510,253029,낭만닥터김사부2,,8회,전국,011519,드라마&영화,드라마,미니시리즈,0,0.03504,0,0,0.01225,0.01288,0.16327,0,0,0.00366,0.03132,0.02703,0.00894,0.1287,"김사부역:한석규,서우진역:안효섭,차은재역:이성경,박민국역:김주헌,배문정역:신동욱,윤아름역:소주연,정인수역:윤나무,여운영역:김홍파,오명심역:진경,장기태역:임원희,남도일역:변우민,박은탁역:김민재,양호준역:고상호,심혜진역:박효주,허영규역:배명진,도윤완역:최진호,엄현정역:정지안,주영미역:윤보라,주지배인역:서영"
20200619,DramaH,020000,022303,바람과구름과비,,8회,전국,002303,드라마&영화,드라마,미니시리즈,0,0,0,0,0,0.02266,0.0248,0,0,0,0,0.12613,0.00412,0,"최천중역:박시후,봉련역:고성희,흥선대원군이하응역:전광렬,채인규역:성혁,김병운역:김승수,김좌근역:차광수,나합역:윤아정,김병학역:한재영,조대비역:김보연,철종역:정욱,이하전역:이루,명성황후민자영역:박정연,고종이재황역:박상훈,용팔룡역:조복래,주모역:김주령,적도사진상역:한동규,팽구철역:노형욱,만석역:박노식,연치성역:임현수,반달역:왕빛나,임종사관역:허태희,최천중어린시절역:강태우,봉련어린시절역:홍승희,채인규어린시절역:최정우,상복역:허성태,민승호역:이해우,저자이병주,출판그림같은세상2020.08.28.,e북무료판매처 1건"
20200619,DramaH,023221,033424,바람과구름과비,,9회,전국,010203,드라마&영화,드라마,미니시리즈,0,0,0.05065,0,0,0.12194,0.00455,0,0,0,0,0.26312,0.07966,0,"최천중역:박시후,봉련역:고성희,흥선대원군이하응역:전광렬,채인규역:성혁,김병운역:김승수,김좌근역:차광수,나합역:윤아정,김병학역:한재영,조대비역:김보연,철종역:정욱,이하전역:이루,명성황후민자영역:박정연,고종이재황역:박상훈,용팔룡역:조복래,주모역:김주령,적도사진상역:한동규,팽구철역:노형욱,만석역:박노식,연치성역:임현수,반달역:왕빛나,임종사관역:허태희,최천중어린시절역:강태우,봉련어린시절역:홍승희,채인규어린시절역:최정우,상복역:허성태,민승호역:이해우,저자이병주,출판그림같은세상2020.08.28.,e북무료판매처 1건"
20200619,DramaH,100711,110936,영혼수선공,,13회,전국,010225,드라마&영화,드라마,미니시리즈,0,0,0,0,0.00189,0,0.03206,0,0,0,0.00253,0.01249,0.03126,0.05038,"이시준역:신하균,한우주역:정소민,인동혁역:태인호,지영원역:박예진,공지선역:주민경,조인혜역:조경숙,오기태역:박수영,박대하역:정해균,이택경역:최정우,노우정역:안동구,강누리역:하영,임세찬역:장유상,공지희역:박한솔,장유미역:김가란,김영석역:김강민,송민수역:류시원"
20200619,DramaH,112920,123152,영혼수선공,,14회,전국,010232,드라마&영화,드라마,미니시리즈,0,0,0,0.0167,0,0,0.00274,0,0,0,0,0,0.0042,0.01277,"이시준역:신하균,한우주역:정소민,인동혁역:태인호,지영원역:박예진,공지선역:주민경,조인혜역:조경숙,오기태역:박수영,박대하역:정해균,이택경역:최정우,노우정역:안동구,강누리역:하영,임세찬역:장유상,공지희역:박한솔,장유미역:김가란,김영석역:김강민,송민수역:류시원"
20200619,DramaH,143759,154133,바람과구름과비,,8회,전국,010334,드라마&영화,드라마,미니시리즈,0,0,0.12797,0.00732,0.06151,0.01863,0.17349,0,0.02911,0.11088,0.06727,0.2005,0.23225,0.53482,"최천중역:박시후,봉련역:고성희,흥선대원군이하응역:전광렬,채인규역:성혁,김병운역:김승수,김좌근역:차광수,나합역:윤아정,김병학역:한재영,조대비역:김보연,철종역:정욱,이하전역:이루,명성황후민자영역:박정연,고종이재황역:박상훈,용팔룡역:조복래,주모역:김주령,적도사진상역:한동규,팽구철역:노형욱,만석역:박노식,연치성역:임현수,반달역:왕빛나,임종사관역:허태희,최천중어린시절역:강태우,봉련어린시절역:홍승희,채인규어린시절역:최정우,상복역:허성태,민승호역:이해우,저자이병주,출판그림같은세상2020.08.28.,e북무료판매처 1건"
20200619,DramaH,155612,165831,바람과구름과비,,9회,전국,010219,드라마&영화,드라마,미니시리즈,0,0,0.14019,0.00452,0.0039,0.00491,0.18877,0,0,0.12564,0.00253,0.08656,0.2428,0.45774,"최천중역:박시후,봉련역:고성희,흥선대원군이하응역:전광렬,채인규역:성혁,김병운역:김승수,김좌근역:차광수,나합역:윤아정,김병학역:한재영,조대비역:김보연,철종역:정욱,이하전역:이루,명성황후민자영역:박정연,고종이재황역:박상훈,용팔룡역:조복래,주모역:김주령,적도사진상역:한동규,팽구철역:노형욱,만석역:박노식,연치성역:임현수,반달역:왕빛나,임종사관역:허태희,최천중어린시절역:강태우,봉련어린시절역:홍승희,채인규어린시절역:최정우,상복역:허성태,민승호역:이해우,저자이병주,출판그림같은세상2020.08.28.,e북무료판매처 1건"
20200619,DramaH,222002,232616,번외수사,,5회,전국,010614,드라마&영화,드라마,미니시리즈,0,0,0,0.01033,0,0.17324,0.03252,0.02593,0,0.00573,0.02222,0.4684,0.04466,0.02833,"진강호역:차태현,강무영역:이선빈,이반석역:정상훈,테디정역:윤경호,탁원역:지승현,민대진역:박정우,맨손역:박태산,연장역:장진희,지수철역:이영석,노순이역:민경옥"
20200619,DramaH,234819,244838,번외수사,,6회,전국,010019,드라마&영화,드라마,미니시리즈,0,0,0.00191,0.00299,0.00771,0.00148,0.0048,0,0,0,0.0149,0.02916,0.01114,0.00688,"진강호역:차태현,강무영역:이선빈,이반석역:정상훈,테디정역:윤경호,탁원역:지승현,민대진역:박정우,맨손역:박태산,연장역:장진희,지수철역:이영석,노순이역:민경옥"
20200619,Dramax,023632,030825,VIP,,13회,전국,003153,드라마&영화,드라마,미니시리즈,0,0,0.01212,0.07487,0.05218,0.12214,0.03224,0,0.01232,0.13947,0,0.02136,0.06248,0.03833,"나정선역:장나라,박성준역:이상윤,이현아역:이청아,송미나역:곽선영,온유리역:표예진,마상우역:신재하,이병훈역:이재원,차진호역:정준원,하재웅역:박성근,배도일역:장혁진,하영웅역:조승연,강지영역:이진희,계미옥역:김미경,나영철역:최홍일,한숙영역:정애리,한숙자역:김서라,장진철역:장현성,이명은역:전혜진,하태영역:박지영"
20200619,Dramax,031657,034600,VIP,,14회,전국,002903,드라마&영화,드라마,미니시리즈,0,0.01985,0.0105,0,0.00452,0.08464,0,0.03353,0.04141,0,0,0.00405,0.0095,0.00388,"나정선역:장나라,박성준역:이상윤,이현아역:이청아,송미나역:곽선영,온유리역:표예진,마상우역:신재하,이병훈역:이재원,차진호역:정준원,하재웅역:박성근,배도일역:장혁진,하영웅역:조승연,강지영역:이진희,계미옥역:김미경,나영철역:최홍일,한숙영역:정애리,한숙자역:김서라,장진철역:장현성,이명은역:전혜진,하태영역:박지영"
20200619,Dramax,035315,045407,VIP,,15회,전국,010052,드라마&영화,드라마,미니시리즈,0.07349,0.05079,0,0.01507,0.0158,0.0031,0.03596,0,0,0,0,0.1331,0.01081,0.05117,"나정선역:장나라,박성준역:이상윤,이현아역:이청아,송미나역:곽선영,온유리역:표예진,마상우역:신재하,이병훈역:이재원,차진호역:정준원,하재웅역:박성근,배도일역:장혁진,하영웅역:조승연,강지영역:이진희,계미옥역:김미경,나영철역:최홍일,한숙영역:정애리,한숙자역:김서라,장진철역:장현성,이명은역:전혜진,하태영역:박지영"
20200619,Dramax,050125,060142,VIP,,16회,전국,010017,드라마&영화,드라마,미니시리즈,0.00668,0,0,0.09521,0.05752,0,0.17503,0,0.02898,0.16845,0.00734,0.16406,0.03123,0.15125,"나정선역:장나라,박성준역:이상윤,이현아역:이청아,송미나역:곽선영,온유리역:표예진,마상우역:신재하,이병훈역:이재원,차진호역:정준원,하재웅역:박성근,배도일역:장혁진,하영웅역:조승연,강지영역:이진희,계미옥역:김미경,나영철역:최홍일,한숙영역:정애리,한숙자역:김서라,장진철역:장현성,이명은역:전혜진,하태영역:박지영"
20200619,E채널,045732,060348,야식남녀,,8회,전국,010616,드라마&영화,드라마,미니시리즈,0,0.00192,0.0041,0,0,0.00544,0.01224,0.00598,0,0,0.00861,0,0.0062,0.01941,"박진성역:정일우,김아진역:강지영,강태완역:이학주,이상영역:김승수,차주희역:김수진,남규장역:양대혁,유성은역:공민정,노재수역:박성준,박진우역:최재현"
20200619,E채널,140035,152324,프로듀사,,9회,전국,012249,드라마&영화,드라마,미니시리즈,0,0.21535,0,0.02114,0.00376,0.11517,0.10654,0.01143,0.00574,0,0.06734,0.21174,0.09076,0.11208,"라준모역:차태현,탁예진역:공효진,백승찬역:김수현,신디역:아이유,박봉순역:임예진,탁예준역:김희찬,백보선역:김종수,이후남역:김혜옥,백재희역:박희본,백영찬역:박종환,백유빈역:최선영,명지훈역:강신철,김태호역:박혁권,김홍순역:김종국,장인표역:서기철,고양미역:예지원,박춘봉역:기주봉,FD역:이주승,손지연역:이채은,섭외작가역:노수산나,왕민정역:고보결,류일용역:배유람,형근역:신주환,김다정역:김선아,변미숙역:나영희,김실장역:조한철,신디로드역:최권,신혜주역:조윤희,지니역:제이니,유나역:나해령"
20200619,E채널,154548,171212,프로듀사,,10회,전국,012624,드라마&영화,드라마,미니시리즈,0,0.006,0.00309,0.44172,0.00274,0.01154,0.12716,0.01666,0.00766,0.00673,0.00306,0.10243,0.14153,0.1177,"라준모역:차태현,탁예진역:공효진,백승찬역:김수현,신디역:아이유,박봉순역:임예진,탁예준역:김희찬,백보선역:김종수,이후남역:김혜옥,백재희역:박희본,백영찬역:박종환,백유빈역:최선영,명지훈역:강신철,김태호역:박혁권,김홍순역:김종국,장인표역:서기철,고양미역:예지원,박춘봉역:기주봉,FD역:이주승,손지연역:이채은,섭외작가역:노수산나,왕민정역:고보결,류일용역:배유람,형근역:신주환,김다정역:김선아,변미숙역:나영희,김실장역:조한철,신디로드역:최권,신혜주역:조윤희,지니역:제이니,유나역:나해령"
20200619,E채널,173113,190738,프로듀사,,11회,전국,013625,드라마&영화,드라마,미니시리즈,0.01937,0.33537,0.00435,0.31519,0.01133,0.14604,0.21563,0.03999,0,0.00351,0.00108,0.09665,0.109,0.31059,"라준모역:차태현,탁예진역:공효진,백승찬역:김수현,신디역:아이유,박봉순역:임예진,탁예준역:김희찬,백보선역:김종수,이후남역:김혜옥,백재희역:박희본,백영찬역:박종환,백유빈역:최선영,명지훈역:강신철,김태호역:박혁권,김홍순역:김종국,장인표역:서기철,고양미역:예지원,박춘봉역:기주봉,FD역:이주승,손지연역:이채은,섭외작가역:노수산나,왕민정역:고보결,류일용역:배유람,형근역:신주환,김다정역:김선아,변미숙역:나영희,김실장역:조한철,신디로드역:최권,신혜주역:조윤희,지니역:제이니,유나역:나해령"
20200619,E채널,192912,211749,프로듀사,,12회,전국,014837,드라마&영화,드라마,미니시리즈,0.01176,0.33093,0.01632,0.1426,0.01394,0.26734,0.29415,0,0,0.03432,0.02796,0.2235,0.20452,0.30611,"라준모역:차태현,탁예진역:공효진,백승찬역:김수현,신디역:아이유,박봉순역:임예진,탁예준역:김희찬,백보선역:김종수,이후남역:김혜옥,백재희역:박희본,백영찬역:박종환,백유빈역:최선영,명지훈역:강신철,김태호역:박혁권,김홍순역:김종국,장인표역:서기철,고양미역:예지원,박춘봉역:기주봉,FD역:이주승,손지연역:이채은,섭외작가역:노수산나,왕민정역:고보결,류일용역:배유람,형근역:신주환,김다정역:김선아,변미숙역:나영희,김실장역:조한철,신디로드역:최권,신혜주역:조윤희,지니역:제이니,유나역:나해령"
20200619,FOX채널,174358,185218,뷰티인사이드,,7회,전국,010820,드라마&영화,드라마,미니시리즈,0,0.06155,0,0,0.05185,0.08205,0.00284,0,0.05739,0.01736,0,0.16966,0.04118,0.00582,"한세계역:서현진,서도재역:이민기,강사라역:이다희,류은호역:안재현,정주환역:이태리,유우미역:문지인,임정연역:나영희,임회장역:이문수,강대식역:강남길,한숙희역:김희정,채유리역:류화영,이희섭역:김승욱,은호부역:이한위,은호모역:김예령,김이사역:이철민"
20200619,FOX채널,252835,255959,뷰티인사이드,,7회,전국,003124,드라마&영화,드라마,미니시리즈,0,0,0.02116,0,0,0.24797,0.017,0,0,0,0,0,0,0.01607,"한세계역:서현진,서도재역:이민기,강사라역:이다희,류은호역:안재현,정주환역:이태리,유우미역:문지인,임정연역:나영희,임회장역:이문수,강대식역:강남길,한숙희역:김희정,채유리역:류화영,이희섭역:김승욱,은호부역:이한위,은호모역:김예령,김이사역:이철민"
20200619,FX,084447,093951,허준,,41회,전국,005504,드라마&영화,드라마,주간연속극,0,0,0,0.01361,0,0,0,0,0,0,0,0.03317,0.00294,0.00947,"허준역:전광렬,유의태역:이순재,유도지역:김병세,예진역:황수정,임오근역:임현식,구일서역:이희도"
20200619,FX,095218,104301,허준,,42회,전국,005043,드라마&영화,드라마,주간연속극,0,0,0,0.00243,0,0,0.01492,0,0,0,0.0053,0,0,0.01107,"허준역:전광렬,유의태역:이순재,유도지역:김병세,예진역:황수정,임오근역:임현식,구일서역:이희도"
20200619,JTBC2,020000,024518,쌍갑포차,,10회,전국,004518,드라마&영화,드라마,미니시리즈,0,0.01108,0.14566,0,0.01858,0.11728,0.02895,0,0,0.02076,0.17529,0.37551,0.28276,0.00911,"월주역:황정음,한강배역:육성재,귀반장역:최원영,염부장역:이준혁,강여린역:정다은,최진동역:안태환,송미란역:박하나,박대리역:박주형,김원형역:나인우"
20200619,JTBC2,093504,103944,쌍갑포차,,9회,전국,010440,드라마&영화,드라마,미니시리즈,0,0,0.04958,0.01562,0.04552,0.23679,0.14348,0,0,0,0.02791,0.44288,0.3623,0.23658,"월주역:황정음,한강배역:육성재,귀반장역:최원영,염부장역:이준혁,강여린역:정다은,최진동역:안태환,송미란역:박하나,박대리역:박주형,김원형역:나인우"
20200619,JTBC2,105421,115934,쌍갑포차,,10회,전국,010513,드라마&영화,드라마,미니시리즈,0.61852,0.10518,0,0.01722,0.02948,0.37857,0.1852,0,0,0.37005,0.16675,0.36051,0.60131,0.13337,"월주역:황정음,한강배역:육성재,귀반장역:최원영,염부장역:이준혁,강여린역:정다은,최진동역:안태환,송미란역:박하나,박대리역:박주형,김원형역:나인우"
20200619,JTBC2,150433,160908,쌍갑포차,,9회,전국,010435,드라마&영화,드라마,미니시리즈,0,0.02759,0.00489,0,0.01188,0.00223,0.09964,0,0.04969,0.00525,0.21695,0.11684,0.04433,0.0377,"월주역:황정음,한강배역:육성재,귀반장역:최원영,염부장역:이준혁,강여린역:정다은,최진동역:안태환,송미란역:박하나,박대리역:박주형,김원형역:나인우"
20200619,JTBC2,162630,173137,쌍갑포차,,10회,전국,010507,드라마&영화,드라마,미니시리즈,0,0.28164,0.21457,0,0.09987,0.26748,0.1553,0.30851,0,0.02016,0.24975,0.32769,0.42648,0.19585,"월주역:황정음,한강배역:육성재,귀반장역:최원영,염부장역:이준혁,강여린역:정다은,최진동역:안태환,송미란역:박하나,박대리역:박주형,김원형역:나인우"
20200619,JTBC2,212526,223001,쌍갑포차,,9회,전국,010435,드라마&영화,드라마,미니시리즈,0,0.00505,0.13205,0,0.01665,0.19493,0.05621,0,0.07735,0.51128,0,0.19436,0.23546,0.00048,"월주역:황정음,한강배역:육성재,귀반장역:최원영,염부장역:이준혁,강여린역:정다은,최진동역:안태환,송미란역:박하나,박대리역:박주형,김원형역:나인우"
20200619,JTBC2,224548,235055,쌍갑포차,,10회,전국,010507,드라마&영화,드라마,미니시리즈,0,0.15667,0.24672,0.07935,0.28709,0.77204,0.0938,0,0.34511,0.16293,0.1983,0.70461,0.68611,0.07443,"월주역:황정음,한강배역:육성재,귀반장역:최원영,염부장역:이준혁,강여린역:정다은,최진동역:안태환,송미란역:박하나,박대리역:박주형,김원형역:나인우"
20200619,JTBC2,240404,252542,부부의세계,,6회,전국,012138,드라마&영화,드라마,미니시리즈,0,0.04562,0,0.12146,0.55758,0.04496,0.0486,0,0,0,0.14652,0.1423,0.02663,0.10013,"지선우역:김희애,이태오역:박해준,여다경역:한소희,고예림역:박선영,손제혁역:김영민,설명숙역:채국희,여병규역:이경영,엄효정역:김선경,이준영역:전진서,민현서역:심은우,박인규역:이학주,마강석역:박충선,공지철역:정재성,김윤기역:이무생,하동식역:김종태,윤노을역:신수연,차해강역:정준원,최회장아내역:서이숙,공지철아내역:박미현,차도철아내역:윤인조"
20200619,KBS DRAMA,044710,051512,기막힌유산,,43회,전국,002802,드라마&영화,드라마,일일연속극,0,0,0,0,0,0,0.03792,0,0,0,0.0203,0,0.52433,0.20073,"부영배역:박인환,공계옥역:강세정,부설악역:신정윤,부백두역:강신조,윤민주역:이아현,부금강역:남성진,신애리역:김가연,정미희역:박순천,김용미역:이응경,부한라역:박신우,성판금역:조양자,부가온역:김비주,부태희역:김연지,부혜교역:김효경,부지현역:강유라,공소영역:김난주,이장원역:이일준,김수민역:조서후,김종두역:이춘식,차정건역:조순창,이청아역:정서하,손보미역:박민지,김영지역:주민하,강선희역:박현정,천호식역:백신,이정태역:노상보,고향숙역:박소정"
20200619,KBS DRAMA,051519,054311,기막힌유산,,44회,전국,002752,드라마&영화,드라마,일일연속극,0,0.25076,0,0,0,0,0.24882,0,0,0,0.33806,0,0.57691,0.3517,"부영배역:박인환,공계옥역:강세정,부설악역:신정윤,부백두역:강신조,윤민주역:이아현,부금강역:남성진,신애리역:김가연,정미희역:박순천,김용미역:이응경,부한라역:박신우,성판금역:조양자,부가온역:김비주,부태희역:김연지,부혜교역:김효경,부지현역:강유라,공소영역:김난주,이장원역:이일준,김수민역:조서후,김종두역:이춘식,차정건역:조순창,이청아역:정서하,손보미역:박민지,김영지역:주민하,강선희역:박현정,천호식역:백신,이정태역:노상보,고향숙역:박소정"
20200619,KBS DRAMA,055037,062438,위험한약속,,51회,전국,003401,드라마&영화,드라마,일일연속극,0,0.15217,0.01259,0,0,0.07813,0.43611,0,0,0.02598,0.30218,0.16565,0.47987,0.29179,"차은동역:박하나,강태인역:고세원,최준혁역:강성민,오혜원역:박영린,한지훈역:이창욱,차만종역:이대연,차은찬역:유준서,공영심역:유지연,봉석구역:현우섭,강일섭역:강신일,연두심역:이칸희,한광훈역:길용우,한서주역:김혜지,최명희역:김나운,고재숙역:윤복인,최영국역:송민형,민주란역:오영실,최준경역:이효나,이창욱역:김정운"
20200619,KBS DRAMA,062445,065841,위험한약속,,52회,전국,003356,드라마&영화,드라마,일일연속극,0,0.36955,0,0.02549,0.00894,0.06631,0.71713,0,0,0.17679,0.27432,0.45959,0.65737,0.82144,"차은동역:박하나,강태인역:고세원,최준혁역:강성민,오혜원역:박영린,한지훈역:이창욱,차만종역:이대연,차은찬역:유준서,공영심역:유지연,봉석구역:현우섭,강일섭역:강신일,연두심역:이칸희,한광훈역:길용우,한서주역:김혜지,최명희역:김나운,고재숙역:윤복인,최영국역:송민형,민주란역:오영실,최준경역:이효나,이창욱역:김정운"
20200619,KBS DRAMA,070943,074345,위험한약속,,53회,전국,003402,드라마&영화,드라마,일일연속극,0,0.36955,0.02484,0.14235,0.02717,0.24024,0.6975,0,0,0.23813,0.10547,0.9493,0.56457,1.05201,"차은동역:박하나,강태인역:고세원,최준혁역:강성민,오혜원역:박영린,한지훈역:이창욱,차만종역:이대연,차은찬역:유준서,공영심역:유지연,봉석구역:현우섭,강일섭역:강신일,연두심역:이칸희,한광훈역:길용우,한서주역:김혜지,최명희역:김나운,고재숙역:윤복인,최영국역:송민형,민주란역:오영실,최준경역:이효나,이창욱역:김정운"
20200619,KBS DRAMA,074352,081748,위험한약속,,54회,전국,003356,드라마&영화,드라마,일일연속극,0,0.57621,0.23765,0.16991,0.19482,0.64468,1.09579,0,0,0.60192,0.29719,1.227,0.72176,1.63804,"차은동역:박하나,강태인역:고세원,최준혁역:강성민,오혜원역:박영린,한지훈역:이창욱,차만종역:이대연,차은찬역:유준서,공영심역:유지연,봉석구역:현우섭,강일섭역:강신일,연두심역:이칸희,한광훈역:길용우,한서주역:김혜지,최명희역:김나운,고재숙역:윤복인,최영국역:송민형,민주란역:오영실,최준경역:이효나,이창욱역:김정운"
20200619,KBS DRAMA,081755,085153,위험한약속,,55회,전국,003358,드라마&영화,드라마,일일연속극,0,0.26943,0.0471,0.32216,0.17074,0.39331,1.15231,0,0,0.35588,0.30997,0.8156,1.00166,2.00372,"차은동역:박하나,강태인역:고세원,최준혁역:강성민,오혜원역:박영린,한지훈역:이창욱,차만종역:이대연,차은찬역:유준서,공영심역:유지연,봉석구역:현우섭,강일섭역:강신일,연두심역:이칸희,한광훈역:길용우,한서주역:김혜지,최명희역:김나운,고재숙역:윤복인,최영국역:송민형,민주란역:오영실,최준경역:이효나,이창욱역:김정운"
20200619,KBS DRAMA,090624,094437,한번다녀왔습니다,,45회,전국,003813,드라마&영화,드라마,주말연속극,0.01586,0,0.02066,0.0641,0.01812,0.04909,0.35903,0,0,0,0.4327,0.28034,0.29745,0.45952,"송영달역:천호진,장옥분역:차화연,최윤정역:김보연,강초연역:이정은,송나희역:이민정,윤규진역:이상엽,송준선역:오대환,송가희역:오윤아,송다희역:이초희,양치수역:안길강,장옥자역:백지원,성현경역:임정은,윤재석역:이상이,박효신역:기도훈,김지훈역:문우진,이주리역:김소라,김가연역:송다은,건어물역:신미영,꽈배기역:김가영,송서영역:이가연,송서진역:안서연,이정록역:알렉스,유보영역:손성윤,유시후역:송민재,박지연역:신수정,한기영역:강유석,홍성우역:김현목,신혜정역:김미은,심정희역:이상경,오연지역:한봄,오정봉역:오의식,이종수역:장원혁,김승현역:배호근,송이역:김주영,지원역:찬희,이현역:이필모"
20200619,KBS DRAMA,094548,101638,한번다녀왔습니다,,46회,전국,003050,드라마&영화,드라마,주말연속극,0,0,0.07264,0.43208,0.12612,0.09125,0.29919,0,0,0.24369,0.94631,0.48332,0.29616,0.43192,"송영달역:천호진,장옥분역:차화연,최윤정역:김보연,강초연역:이정은,송나희역:이민정,윤규진역:이상엽,송준선역:오대환,송가희역:오윤아,송다희역:이초희,양치수역:안길강,장옥자역:백지원,성현경역:임정은,윤재석역:이상이,박효신역:기도훈,김지훈역:문우진,이주리역:김소라,김가연역:송다은,건어물역:신미영,꽈배기역:김가영,송서영역:이가연,송서진역:안서연,이정록역:알렉스,유보영역:손성윤,유시후역:송민재,박지연역:신수정,한기영역:강유석,홍성우역:김현목,신혜정역:김미은,심정희역:이상경,오연지역:한봄,오정봉역:오의식,이종수역:장원혁,김승현역:배호근,송이역:김주영,지원역:찬희,이현역:이필모"
20200619,KBS DRAMA,103018,110914,한번다녀왔습니다,,47회,전국,003856,드라마&영화,드라마,주말연속극,0,0,0,0.41073,0.14457,0.07879,0.38493,0,0,0.00453,1.0632,0.35079,0.19938,0.42534,"송영달역:천호진,장옥분역:차화연,최윤정역:김보연,강초연역:이정은,송나희역:이민정,윤규진역:이상엽,송준선역:오대환,송가희역:오윤아,송다희역:이초희,양치수역:안길강,장옥자역:백지원,성현경역:임정은,윤재석역:이상이,박효신역:기도훈,김지훈역:문우진,이주리역:김소라,김가연역:송다은,건어물역:신미영,꽈배기역:김가영,송서영역:이가연,송서진역:안서연,이정록역:알렉스,유보영역:손성윤,유시후역:송민재,박지연역:신수정,한기영역:강유석,홍성우역:김현목,신혜정역:김미은,심정희역:이상경,오연지역:한봄,오정봉역:오의식,이종수역:장원혁,김승현역:배호근,송이역:김주영,지원역:찬희,이현역:이필모"
20200619,KBS DRAMA,111025,114047,한번다녀왔습니다,,48회,전국,003022,드라마&영화,드라마,주말연속극,0.05444,0,0.01841,0.32974,0.48338,0.00838,0.30511,0,0.06523,0.01831,1.00783,0.5169,0.24107,0.26865,"송영달역:천호진,장옥분역:차화연,최윤정역:김보연,강초연역:이정은,송나희역:이민정,윤규진역:이상엽,송준선역:오대환,송가희역:오윤아,송다희역:이초희,양치수역:안길강,장옥자역:백지원,성현경역:임정은,윤재석역:이상이,박효신역:기도훈,김지훈역:문우진,이주리역:김소라,김가연역:송다은,건어물역:신미영,꽈배기역:김가영,송서영역:이가연,송서진역:안서연,이정록역:알렉스,유보영역:손성윤,유시후역:송민재,박지연역:신수정,한기영역:강유석,홍성우역:김현목,신혜정역:김미은,심정희역:이상경,오연지역:한봄,오정봉역:오의식,이종수역:장원혁,김승현역:배호근,송이역:김주영,지원역:찬희,이현역:이필모"
20200619,KBS W,020017,023420,위험한약속,,53회,전국,003403,드라마&영화,드라마,일일연속극,0,0,0,0,0,0,0,0,0,0.21367,0,0,0,0.06807,"차은동역:박하나,강태인역:고세원,최준혁역:강성민,오혜원역:박영린,한지훈역:이창욱,차만종역:이대연,차은찬역:유준서,공영심역:유지연,봉석구역:현우섭,강일섭역:강신일,연두심역:이칸희,한광훈역:길용우,한서주역:김혜지,최명희역:김나운,고재숙역:윤복인,최영국역:송민형,민주란역:오영실,최준경역:이효나,이창욱역:김정운"
20200619,KBS W,023427,030822,위험한약속,,54회,전국,003355,드라마&영화,드라마,일일연속극,0,0,0,0,0,0,0.0356,0,0,0.00929,0,0,0,0.14596,"차은동역:박하나,강태인역:고세원,최준혁역:강성민,오혜원역:박영린,한지훈역:이창욱,차만종역:이대연,차은찬역:유준서,공영심역:유지연,봉석구역:현우섭,강일섭역:강신일,연두심역:이칸희,한광훈역:길용우,한서주역:김혜지,최명희역:김나운,고재숙역:윤복인,최영국역:송민형,민주란역:오영실,최준경역:이효나,이창욱역:김정운"
20200619,KBS W,092932,102954,부부클리닉사랑과전쟁,,413회,전국,010022,드라마&영화,드라마,단막극,0,0,0.01542,0.13795,0,0.0085,0.03263,0,0,0,0.00863,0.01127,0.01125,0.0374,"이재만,민지영,최영완,이정수,장가현,손유경,이준우"
20200619,KBS W,104055,114334,부부클리닉사랑과전쟁,,414회,전국,010239,드라마&영화,드라마,단막극,0,0,0,0.01939,0,0.0799,0.08692,0,0,0,0.02145,0.05901,0.00108,0.19582,"이재만,민지영,최영완,이정수,장가현,손유경,이준우"
20200619,KBS W,150239,153025,기막힌유산,,41회,전국,002746,드라마&영화,드라마,일일연속극,0.63607,0,0,0.23424,0,0,0.23028,0,0,0,0.1016,0.07149,0.00928,0.29606,"부영배역:박인환,공계옥역:강세정,부설악역:신정윤,부백두역:강신조,윤민주역:이아현,부금강역:남성진,신애리역:김가연,정미희역:박순천,김용미역:이응경,부한라역:박신우,성판금역:조양자,부가온역:김비주,부태희역:김연지,부혜교역:김효경,부지현역:강유라,공소영역:김난주,이장원역:이일준,김수민역:조서후,김종두역:이춘식,차정건역:조순창,이청아역:정서하,손보미역:박민지,김영지역:주민하,강선희역:박현정,천호식역:백신,이정태역:노상보,고향숙역:박소정"
20200619,KBS W,153032,155758,기막힌유산,,42회,전국,002726,드라마&영화,드라마,일일연속극,0.31803,0,0,0.23424,0,0,0.34551,0,0,0,0.27432,0.07149,0,0.4486,"부영배역:박인환,공계옥역:강세정,부설악역:신정윤,부백두역:강신조,윤민주역:이아현,부금강역:남성진,신애리역:김가연,정미희역:박순천,김용미역:이응경,부한라역:박신우,성판금역:조양자,부가온역:김비주,부태희역:김연지,부혜교역:김효경,부지현역:강유라,공소영역:김난주,이장원역:이일준,김수민역:조서후,김종두역:이춘식,차정건역:조순창,이청아역:정서하,손보미역:박민지,김영지역:주민하,강선희역:박현정,천호식역:백신,이정태역:노상보,고향숙역:박소정"
20200619,KBS W,160858,163658,기막힌유산,,43회,전국,002800,드라마&영화,드라마,일일연속극,0.02359,0.36955,0,0,0,0.01353,0.21958,0,0.02148,0,0.37583,0.05362,0.03061,0.2637,"부영배역:박인환,공계옥역:강세정,부설악역:신정윤,부백두역:강신조,윤민주역:이아현,부금강역:남성진,신애리역:김가연,정미희역:박순천,김용미역:이응경,부한라역:박신우,성판금역:조양자,부가온역:김비주,부태희역:김연지,부혜교역:김효경,부지현역:강유라,공소영역:김난주,이장원역:이일준,김수민역:조서후,김종두역:이춘식,차정건역:조순창,이청아역:정서하,손보미역:박민지,김영지역:주민하,강선희역:박현정,천호식역:백신,이정태역:노상보,고향숙역:박소정"
20200619,KBS W,163705,170457,기막힌유산,,44회,전국,002752,드라마&영화,드라마,일일연속극,0,0.36955,0,0,0,0.04731,0.33301,0,0,0.12335,0.27432,0.10407,0.01864,0.32314,"부영배역:박인환,공계옥역:강세정,부설악역:신정윤,부백두역:강신조,윤민주역:이아현,부금강역:남성진,신애리역:김가연,정미희역:박순천,김용미역:이응경,부한라역:박신우,성판금역:조양자,부가온역:김비주,부태희역:김연지,부혜교역:김효경,부지현역:강유라,공소영역:김난주,이장원역:이일준,김수민역:조서후,김종두역:이춘식,차정건역:조순창,이청아역:정서하,손보미역:박민지,김영지역:주민하,강선희역:박현정,천호식역:백신,이정태역:노상보,고향숙역:박소정"
20200619,KBS W,171754,175200,위험한약속,,52회,전국,003406,드라마&영화,드라마,일일연속극,0,0.34781,0.0042,0,0,0.00191,0.35885,0,0,0,0.00557,0.00215,0.21054,0.14834,"차은동역:박하나,강태인역:고세원,최준혁역:강성민,오혜원역:박영린,한지훈역:이창욱,차만종역:이대연,차은찬역:유준서,공영심역:유지연,봉석구역:현우섭,강일섭역:강신일,연두심역:이칸희,한광훈역:길용우,한서주역:김혜지,최명희역:김나운,고재숙역:윤복인,최영국역:송민형,민주란역:오영실,최준경역:이효나,이창욱역:김정운"
20200619,KBS W,175207,182601,위험한약속,,53회,전국,003354,드라마&영화,드라마,일일연속극,0,0.36955,0,0.03113,0,0,0.42063,0,0,0,0.03047,0.06308,0.11529,0.29635,"차은동역:박하나,강태인역:고세원,최준혁역:강성민,오혜원역:박영린,한지훈역:이창욱,차만종역:이대연,차은찬역:유준서,공영심역:유지연,봉석구역:현우섭,강일섭역:강신일,연두심역:이칸희,한광훈역:길용우,한서주역:김혜지,최명희역:김나운,고재숙역:윤복인,최영국역:송민형,민주란역:오영실,최준경역:이효나,이창욱역:김정운"
20200619,KBS W,183658,191103,위험한약속,,54회,전국,003405,드라마&영화,드라마,일일연속극,0,0.36955,0,0,0,0,0.26522,0,0,0,0,0.07149,0,0.22764,"차은동역:박하나,강태인역:고세원,최준혁역:강성민,오혜원역:박영린,한지훈역:이창욱,차만종역:이대연,차은찬역:유준서,공영심역:유지연,봉석구역:현우섭,강일섭역:강신일,연두심역:이칸희,한광훈역:길용우,한서주역:김혜지,최명희역:김나운,고재숙역:윤복인,최영국역:송민형,민주란역:오영실,최준경역:이효나,이창욱역:김정운"
20200619,KBS W,191110,194509,위험한약속,,55회,전국,003359,드라마&영화,드라마,일일연속극,0,0.36955,0,0,0,0,0.20345,0,0,0.09369,0,0.08742,0.05437,0.25966,"차은동역:박하나,강태인역:고세원,최준혁역:강성민,오혜원역:박영린,한지훈역:이창욱,차만종역:이대연,차은찬역:유준서,공영심역:유지연,봉석구역:현우섭,강일섭역:강신일,연두심역:이칸희,한광훈역:길용우,한서주역:김혜지,최명희역:김나운,고재숙역:윤복인,최영국역:송민형,민주란역:오영실,최준경역:이효나,이창욱역:김정운"
20200619,KBS W,195713,203430,한번다녀왔습니다,,45회,전국,003717,드라마&영화,드라마,주말연속극,0,0,0,0,0,0,0.00197,0,0,0.00996,0,0.02822,0,0.02658,"송영달역:천호진,장옥분역:차화연,최윤정역:김보연,강초연역:이정은,송나희역:이민정,윤규진역:이상엽,송준선역:오대환,송가희역:오윤아,송다희역:이초희,양치수역:안길강,장옥자역:백지원,성현경역:임정은,윤재석역:이상이,박효신역:기도훈,김지훈역:문우진,이주리역:김소라,김가연역:송다은,건어물역:신미영,꽈배기역:김가영,송서영역:이가연,송서진역:안서연,이정록역:알렉스,유보영역:손성윤,유시후역:송민재,박지연역:신수정,한기영역:강유석,홍성우역:김현목,신혜정역:김미은,심정희역:이상경,오연지역:한봄,오정봉역:오의식,이종수역:장원혁,김승현역:배호근,송이역:김주영,지원역:찬희,이현역:이필모"
20200619,KBS W,203437,210529,한번다녀왔습니다,,46회,전국,003052,드라마&영화,드라마,주말연속극,0,0,0,0,0,0.00185,0.00558,0,0,0,0,0.04256,0,0.0071,"송영달역:천호진,장옥분역:차화연,최윤정역:김보연,강초연역:이정은,송나희역:이민정,윤규진역:이상엽,송준선역:오대환,송가희역:오윤아,송다희역:이초희,양치수역:안길강,장옥자역:백지원,성현경역:임정은,윤재석역:이상이,박효신역:기도훈,김지훈역:문우진,이주리역:김소라,김가연역:송다은,건어물역:신미영,꽈배기역:김가영,송서영역:이가연,송서진역:안서연,이정록역:알렉스,유보영역:손성윤,유시후역:송민재,박지연역:신수정,한기영역:강유석,홍성우역:김현목,신혜정역:김미은,심정희역:이상경,오연지역:한봄,오정봉역:오의식,이종수역:장원혁,김승현역:배호근,송이역:김주영,지원역:찬희,이현역:이필모"
20200619,KBS W,211654,215453,한번다녀왔습니다,,47회,전국,003759,드라마&영화,드라마,주말연속극,0,0,0.68195,0,0,0,0.19296,0,0,0,0.0065,0,0.19464,0.10132,"송영달역:천호진,장옥분역:차화연,최윤정역:김보연,강초연역:이정은,송나희역:이민정,윤규진역:이상엽,송준선역:오대환,송가희역:오윤아,송다희역:이초희,양치수역:안길강,장옥자역:백지원,성현경역:임정은,윤재석역:이상이,박효신역:기도훈,김지훈역:문우진,이주리역:김소라,김가연역:송다은,건어물역:신미영,꽈배기역:김가영,송서영역:이가연,송서진역:안서연,이정록역:알렉스,유보영역:손성윤,유시후역:송민재,박지연역:신수정,한기영역:강유석,홍성우역:김현목,신혜정역:김미은,심정희역:이상경,오연지역:한봄,오정봉역:오의식,이종수역:장원혁,김승현역:배호근,송이역:김주영,지원역:찬희,이현역:이필모"
20200619,KBS W,215500,222524,한번다녀왔습니다,,48회,전국,003024,드라마&영화,드라마,주말연속극,0,0,0.16796,0,0,0.0095,0.25339,0,0,0.0281,0,0.05958,0.05872,0.20289,"송영달역:천호진,장옥분역:차화연,최윤정역:김보연,강초연역:이정은,송나희역:이민정,윤규진역:이상엽,송준선역:오대환,송가희역:오윤아,송다희역:이초희,양치수역:안길강,장옥자역:백지원,성현경역:임정은,윤재석역:이상이,박효신역:기도훈,김지훈역:문우진,이주리역:김소라,김가연역:송다은,건어물역:신미영,꽈배기역:김가영,송서영역:이가연,송서진역:안서연,이정록역:알렉스,유보영역:손성윤,유시후역:송민재,박지연역:신수정,한기영역:강유석,홍성우역:김현목,신혜정역:김미은,심정희역:이상경,오연지역:한봄,오정봉역:오의식,이종수역:장원혁,김승현역:배호근,송이역:김주영,지원역:찬희,이현역:이필모"
20200619,KBS W,223626,233804,부부클리닉사랑과전쟁,,396회,전국,010138,드라마&영화,드라마,단막극,0,0,0,0,0,0.09751,0.01824,0,0.02852,0.01107,0.1183,0.0784,0.03175,0.02678,"이재만,민지영,최영완,이정수,장가현,손유경,이준우"
20200619,KBS W,234904,244956,부부클리닉사랑과전쟁,,397회,전국,010052,드라마&영화,드라마,단막극,0,0,0,0,0,0.10313,0,0,0,0.00166,0.02248,0,0.01411,0.01883,"이재만,민지영,최영완,이정수,장가현,손유경,이준우"
20200619,KBS W,250256,253057,기막힌유산,,44회,전국,002801,드라마&영화,드라마,일일연속극,0,0,0,0,0,0,0.00904,0,0,0.31586,0.00925,0,0,0.01609,"부영배역:박인환,공계옥역:강세정,부설악역:신정윤,부백두역:강신조,윤민주역:이아현,부금강역:남성진,신애리역:김가연,정미희역:박순천,김용미역:이응경,부한라역:박신우,성판금역:조양자,부가온역:김비주,부태희역:김연지,부혜교역:김효경,부지현역:강유라,공소영역:김난주,이장원역:이일준,김수민역:조서후,김종두역:이춘식,차정건역:조순창,이청아역:정서하,손보미역:박민지,김영지역:주민하,강선희역:박현정,천호식역:백신,이정태역:노상보,고향숙역:박소정"
20200619,KBS W,253104,255856,기막힌유산,,45회,전국,002752,드라마&영화,드라마,일일연속극,0,0,0,0,0.00881,0,0.04182,0,0,0.38861,0,0.0647,0.00802,0.01967,"부영배역:박인환,공계옥역:강세정,부설악역:신정윤,부백두역:강신조,윤민주역:이아현,부금강역:남성진,신애리역:김가연,정미희역:박순천,김용미역:이응경,부한라역:박신우,성판금역:조양자,부가온역:김비주,부태희역:김연지,부혜교역:김효경,부지현역:강유라,공소영역:김난주,이장원역:이일준,김수민역:조서후,김종두역:이춘식,차정건역:조순창,이청아역:정서하,손보미역:박민지,김영지역:주민하,강선희역:박현정,천호식역:백신,이정태역:노상보,고향숙역:박소정"
20200619,K-STAR,020000,023140,부부의세계,,12회,전국,003140,드라마&영화,드라마,미니시리즈,0,0,0.09623,0,0,0.06816,0,0,0,0,0,0.01018,0.09805,0,"지선우역:김희애,이태오역:박해준,여다경역:한소희,고예림역:박선영,손제혁역:김영민,설명숙역:채국희,여병규역:이경영,엄효정역:김선경,이준영역:전진서,민현서역:심은우,박인규역:이학주,마강석역:박충선,공지철역:정재성,김윤기역:이무생,하동식역:김종태,윤노을역:신수연,차해강역:정준원,최회장아내역:서이숙,공지철아내역:박미현,차도철아내역:윤인조"
20200619,K-STAR,104147,114718,부부클리닉사랑과전쟁,,423회,전국,010531,드라마&영화,드라마,주간연속극,0.00866,0.01156,0.30862,0,0,0.13208,0.05566,0,0,0.13248,0.08074,0.13788,0.27804,0.07871,"이재만,민지영,최영완,이정수,장가현,손유경,이준우"
20200619,K-STAR,120149,130407,부부클리닉사랑과전쟁,,424회,전국,010218,드라마&영화,드라마,주간연속극,0,0,0.20935,0.02796,0,0,0.2321,0,0,0.57178,0.02544,0.02959,0.26887,0.19546,"이재만,민지영,최영완,이정수,장가현,손유경,이준우"
20200619,K-STAR,131811,144133,부부의세계,,12회,전국,012322,드라마&영화,드라마,미니시리즈,0,0,0,0,0.01999,0.04618,0.0535,0.01158,0.00776,0,0.00591,0.02031,0.04742,0.05282,"지선우역:김희애,이태오역:박해준,여다경역:한소희,고예림역:박선영,손제혁역:김영민,설명숙역:채국희,여병규역:이경영,엄효정역:김선경,이준영역:전진서,민현서역:심은우,박인규역:이학주,마강석역:박충선,공지철역:정재성,김윤기역:이무생,하동식역:김종태,윤노을역:신수연,차해강역:정준원,최회장아내역:서이숙,공지철아내역:박미현,차도철아내역:윤인조"
20200619,K-STAR,231844,242101,부부클리닉사랑과전쟁,,424회,전국,010217,드라마&영화,드라마,주간연속극,0,0,0.19922,0,0,0.23902,0.09488,0,0,0,0.28285,0,0.22776,0.44997,"이재만,민지영,최영완,이정수,장가현,손유경,이준우"
20200619,KTV,020000,021233,파랑새는있다,,31회,전국,001233,드라마&영화,드라마,주간연속극,0,0,0,0,0,0,0.03127,0,0,0,0,0,0,0.03486,"이상인,정선경,백윤식,송경철,박남현,한진희,동방우,양금석"
20200619,KTV,024606,033228,전원일기,,401회,전국,004622,드라마&영화,드라마,주말연속극,0,0.00542,0,0,0,0,0.07476,0,0,0,0,0.12208,0.00311,0.06945,"최불암,김혜자,김용건,김수미,고두심,유인촌,정대홍"
20200619,KTV,061137,065924,전원일기,,778회,전국,004747,드라마&영화,드라마,주말연속극,0,0,0,0,0,0,0.03293,0,0,0,0,0,0.00954,0.11019,"최불암,김혜자,김용건,김수미,고두심,유인촌,정대홍"
20200619,KTV,210031,212501,파랑새는있다,<1부>,32회,전국,002430,드라마&영화,드라마,주간연속극,0,0,0,0,0,0.00479,0.06348,0,0,0.10225,0,0,0.01212,0.0865,"이상인,정선경,백윤식,송경철,박남현,한진희,동방우,양금석"
20200619,KTV,212734,215131,파랑새는있다,<2부>,32회,전국,002357,드라마&영화,드라마,주간연속극,0,0,0.07208,0,0,0.08133,0.29332,0,0,0.19031,0,0,0.06137,0.22574,"이상인,정선경,백윤식,송경철,박남현,한진희,동방우,양금석"
20200619,KTV,215533,221534,전원일기,<1부>,402회,전국,002001,드라마&영화,드라마,주말연속극,0,0,0.21625,0,0.01524,0.09165,0.1694,0,0,0.20436,0,0.01414,0.04254,0.40012,"최불암,김혜자,김용건,김수미,고두심,유인촌,정대홍"
20200619,KTV,221654,224012,전원일기,<2부>,402회,전국,002318,드라마&영화,드라마,주말연속극,0,0,0.21625,0,0.0106,0.09409,0.13708,0,0,0.19324,0,0.01274,0.04254,0.29216,"최불암,김혜자,김용건,김수미,고두심,유인촌,정대홍"
20200619,KTV,224430,231304,바람은불어도,,137회,전국,002834,드라마&영화,드라마,주간연속극,0,0,0,0,0,0,0.09697,0,0,0.19031,0,0,0,0.29158,"최수종,유호정,윤손하,송나영,송기윤,나문희"
20200619,KTV,231543,234328,바람은불어도,,138회,전국,002745,드라마&영화,드라마,주간연속극,0,0,0,0,0,0,0.05088,0,0,0.19031,0,0,0,0.22676,"최수종,유호정,윤손하,송나영,송기윤,나문희"
20200619,KTV,243620,252441,파랑새는있다,,32회,전국,004821,드라마&영화,드라마,주간연속극,0,0,0,0,0,0,0.00109,0,0,0,0.10088,0,0,0.08731,"이상인,정선경,백윤식,송경철,박남현,한진희,동방우,양금석"
20200619,KTV,255618,255959,전원일기,,402회,전국,000341,드라마&영화,드라마,주말연속극,0,0,0,0,0,0,0,0,0,0,0,0,0,0.08731,"최불암,김혜자,김용건,김수미,고두심,유인촌,정대홍"
20200619,O tvN,024134,035800,화유기,,15회,전국,011626,드라마&영화,드라마,미니시리즈,0,0.25141,0.01955,0,0,0,0.01998,0,0.13525,0,0.00489,0.07314,0.05853,0.00211,"손오공역:이승기,우마왕역:차승원,진선미역:오연서,저팔계역:이홍기,사오정역:장광,마비서역:이엘,이한주역:김성오,앨리스역:윤보라,좀비소녀역:이세영,수보리조사역:성지루,동장군역:성혁,강대성역:송종호,조나단역:마이클리,진선미어린시절역:갈소원,공작역:장근석,나찰녀역:김지수"
20200619,O tvN,041330,052714,화유기,,16회,전국,011344,드라마&영화,드라마,미니시리즈,0,0.25141,0,0,0.1653,0,0.0219,0,0.13525,0.0124,0,0.09218,0.00061,0.01359,"손오공역:이승기,우마왕역:차승원,진선미역:오연서,저팔계역:이홍기,사오정역:장광,마비서역:이엘,이한주역:김성오,앨리스역:윤보라,좀비소녀역:이세영,수보리조사역:성지루,동장군역:성혁,강대성역:송종호,조나단역:마이클리,진선미어린시절역:갈소원,공작역:장근석,나찰녀역:김지수"
20200619,O tvN,054244,065604,화유기,,17회,전국,011320,드라마&영화,드라마,미니시리즈,0.03278,0,0,0.00428,0.01334,0,0,0.02793,0,0,0.00781,0.0272,0.09501,0,"손오공역:이승기,우마왕역:차승원,진선미역:오연서,저팔계역:이홍기,사오정역:장광,마비서역:이엘,이한주역:김성오,앨리스역:윤보라,좀비소녀역:이세영,수보리조사역:성지루,동장군역:성혁,강대성역:송종호,조나단역:마이클리,진선미어린시절역:갈소원,공작역:장근석,나찰녀역:김지수"
20200619,O tvN,100317,110829,THEK2,,14회,전국,010512,드라마&영화,드라마,미니시리즈,0,0.01129,0.02922,0.00677,0.00403,0.04939,0.03232,0,0,0.02359,0.033,0.1967,0.04641,0.01156,"김제하역:지창욱,최유진역:송윤아,고안나역:임윤아,장세준역:조성하,박관수역:김갑수,최성원역:이정진,엄혜린역:손태영,김실장역:신동미,성원모역:박순천,송영춘역:송경철,타격대장역:조동혁"
20200619,O tvN,112155,122807,THEK2,,15회,전국,010612,드라마&영화,드라마,미니시리즈,0,0.00418,0.02133,0.17187,0.09726,0.0105,0.10401,0,0.0045,0.11423,0.07783,0.20826,0.05711,0.10167,"김제하역:지창욱,최유진역:송윤아,고안나역:임윤아,장세준역:조성하,박관수역:김갑수,최성원역:이정진,엄혜린역:손태영,김실장역:신동미,성원모역:박순천,송영춘역:송경철,타격대장역:조동혁"
20200619,O tvN,124143,135026,THEK2,,16회,전국,010843,드라마&영화,드라마,미니시리즈,0,0.0771,0.28149,0,0.39775,0.34666,0.08499,0,0.08296,0,0.19814,0.20502,0.04433,0.03486,"김제하역:지창욱,최유진역:송윤아,고안나역:임윤아,장세준역:조성하,박관수역:김갑수,최성원역:이정진,엄혜린역:손태영,김실장역:신동미,성원모역:박순천,송영춘역:송경철,타격대장역:조동혁"
20200619,O tvN,140618,153120,슬기로운의사생활,,1회,전국,012502,드라마&영화,드라마,미니시리즈,0,0,0.01376,0,0.24959,0.13485,0.14864,0.6124,0,0.03966,0.08338,0.53492,0.21878,0.17161,"이익준역:조정석,안정원역:유연석,김준완역:정경호,양석형역:김대명,채송화역:전미도,정로사역:김해숙,주종수역:김갑수,도재학역:정문성,용석민역:문태유,장겨울역:신현빈,안치홍역:김준한,봉광현역:최영준,추민하역:안은진,허선빈역:하윤경,명은원역:김혜인,장윤복역:조이현,장홍도역:배현성,송수빈역:김수진,소이현역:윤혜리,배준희역:신도현,주전역:조승연,황재신역:양조아,이우주역:김준,민기준역:서진원,종세혁역:전광진,이영하역:이노아,김재환역:이달,국해성역:이혜은,함덕주역:김비비,한현희역:이지원,한승주역:김지성,은선진역:설유진,이익순역:곽선영,조영혜역:문희경,양태양역:남명렬,김태연역:이소윤,천명태역:최영우,선우희수역:박한솔,장겨울남동생역:박정우,고아라역:고아라"
20200619,O tvN,154644,171124,슬기로운의사생활,,2회,전국,012440,드라마&영화,드라마,미니시리즈,0,0.04349,0.01994,0.14243,0.40207,0.02443,0.08092,0.99678,0.03816,0.14227,0.1177,0.2138,0.05865,0.03448,"이익준역:조정석,안정원역:유연석,김준완역:정경호,양석형역:김대명,채송화역:전미도,정로사역:김해숙,주종수역:김갑수,도재학역:정문성,용석민역:문태유,장겨울역:신현빈,안치홍역:김준한,봉광현역:최영준,추민하역:안은진,허선빈역:하윤경,명은원역:김혜인,장윤복역:조이현,장홍도역:배현성,송수빈역:김수진,소이현역:윤혜리,배준희역:신도현,주전역:조승연,황재신역:양조아,이우주역:김준,민기준역:서진원,종세혁역:전광진,이영하역:이노아,김재환역:이달,국해성역:이혜은,함덕주역:김비비,한현희역:이지원,한승주역:김지성,은선진역:설유진,이익순역:곽선영,조영혜역:문희경,양태양역:남명렬,김태연역:이소윤,천명태역:최영우,선우희수역:박한솔,장겨울남동생역:박정우,고아라역:고아라"
20200619,O tvN,172624,185654,슬기로운의사생활,,3회,전국,013030,드라마&영화,드라마,미니시리즈,0,0.29145,0.09294,0.14905,0.37875,0.05578,0.05043,1.09765,0.12007,0.08942,0.13756,0.30874,0.18737,0.02974,"이익준역:조정석,안정원역:유연석,김준완역:정경호,양석형역:김대명,채송화역:전미도,정로사역:김해숙,주종수역:김갑수,도재학역:정문성,용석민역:문태유,장겨울역:신현빈,안치홍역:김준한,봉광현역:최영준,추민하역:안은진,허선빈역:하윤경,명은원역:김혜인,장윤복역:조이현,장홍도역:배현성,송수빈역:김수진,소이현역:윤혜리,배준희역:신도현,주전역:조승연,황재신역:양조아,이우주역:김준,민기준역:서진원,종세혁역:전광진,이영하역:이노아,김재환역:이달,국해성역:이혜은,함덕주역:김비비,한현희역:이지원,한승주역:김지성,은선진역:설유진,이익순역:곽선영,조영혜역:문희경,양태양역:남명렬,김태연역:이소윤,천명태역:최영우,선우희수역:박한솔,장겨울남동생역:박정우,고아라역:고아라"
20200619,O tvN,191257,203437,슬기로운의사생활,,4회,전국,012140,드라마&영화,드라마,미니시리즈,0,0.65703,0.20587,0.30031,0.19651,0.42629,0.0941,0.63291,0.08671,0.29377,0.1361,0.43916,0.23502,0.10592,"이익준역:조정석,안정원역:유연석,김준완역:정경호,양석형역:김대명,채송화역:전미도,정로사역:김해숙,주종수역:김갑수,도재학역:정문성,용석민역:문태유,장겨울역:신현빈,안치홍역:김준한,봉광현역:최영준,추민하역:안은진,허선빈역:하윤경,명은원역:김혜인,장윤복역:조이현,장홍도역:배현성,송수빈역:김수진,소이현역:윤혜리,배준희역:신도현,주전역:조승연,황재신역:양조아,이우주역:김준,민기준역:서진원,종세혁역:전광진,이영하역:이노아,김재환역:이달,국해성역:이혜은,함덕주역:김비비,한현희역:이지원,한승주역:김지성,은선진역:설유진,이익순역:곽선영,조영혜역:문희경,양태양역:남명렬,김태연역:이소윤,천명태역:최영우,선우희수역:박한솔,장겨울남동생역:박정우,고아라역:고아라"
20200619,O tvN,215229,230057,오마이베이비,,10회,전국,010828,드라마&영화,드라마,미니시리즈,0,0,0,0.01449,0,0.00056,0.01427,0,0,0.03972,0.04688,0.00898,0.03072,0.00423,"장하리역:장나라,한이상역:고준,윤재영역:박병은,최강으뜸역:정건주,이옥란역:김혜옥,남수철역:조희봉,김은영역:이미도,김철중역:유승목,주승태역:전진기,박연호역:백승희,최효주역:박수영,주선생역:문현정,심정화역:김재화,이소윤역:정라엘,이옥희역:김예령,박재한역:이한위,김상희역:손화령,순남역:이주실,조회장역:장광,조아저씨역:최홍일,강효주역:전혜빈"
20200619,O tvN,231456,242541,오마이베이비,,11회,전국,011045,드라마&영화,드라마,미니시리즈,0,0.02771,0.02574,0.00413,0,0.15163,0.04052,0,0,0.26247,0.33763,0.08437,0.02973,0.15732,"장하리역:장나라,한이상역:고준,윤재영역:박병은,최강으뜸역:정건주,이옥란역:김혜옥,남수철역:조희봉,김은영역:이미도,김철중역:유승목,주승태역:전진기,박연호역:백승희,최효주역:박수영,주선생역:문현정,심정화역:김재화,이소윤역:정라엘,이옥희역:김예령,박재한역:이한위,김상희역:손화령,순남역:이주실,조회장역:장광,조아저씨역:최홍일,강효주역:전혜빈"
20200619,O tvN,244341,254926,알함브라궁전의추억,,15회,전국,010545,드라마&영화,드라마,미니시리즈,0,0,0,0,0.01374,0.00253,0.13244,0,0,0,0,0.02001,0.05259,0.13452,"유진우역:현빈,정희주역:박신혜,차형석역:박훈,오영심역:김용림,정세주역:찬열,정민주역:이레,김상범역:이학주,이수진역:이시원,차병준역:김의성,이수경역:류아벨,박선호역:이승준,서정훈역:민진웅,최양주역:조현철,고유라역:한보름,마르꼬한역:이재욱,노영준역:박진우"
20200619,OCN,103844,114350,번외수사,,7회,전국,010506,드라마&영화,드라마,미니시리즈,0,0.00206,0.0032,0,0.08821,0.03124,0.04494,0,0.02764,0,0.14825,0.21736,0.04876,0.12869,"진강호역:차태현,강무영역:이선빈,이반석역:정상훈,테디정역:윤경호,탁원역:지승현,민대진역:박정우,맨손역:박태산,연장역:장진희,지수철역:이영석,노순이역:민경옥"
20200619,OCN,115955,130716,번외수사,,8회,전국,010721,드라마&영화,드라마,미니시리즈,0,0,0,0.09419,0.28117,0.11472,0.20843,0,0.05677,0,0.18721,0.1141,0.31718,0.30387,"진강호역:차태현,강무영역:이선빈,이반석역:정상훈,테디정역:윤경호,탁원역:지승현,민대진역:박정우,맨손역:박태산,연장역:장진희,지수철역:이영석,노순이역:민경옥"
20200619,O'live,020000,031646,아는건별로없지만가족입니다,,4회,전국,011646,드라마&영화,드라마,미니시리즈,0,0,0.0184,0.22463,0,0.03,0.00294,0,0,0,0.00582,0.01471,0.0243,0.00467,"김은희역:한예리,박찬혁역:김지석,김은주역:추자현,김상식역:정진영,이진숙역:원미경,김지우역:신재하,임건주역:신동욱,윤태형역:김태훈,젊은상식역:한준우,젊은진숙역:조아영,유선일역:서상원,안효석역:이종원,서경옥역:가득희,윤서영역:혜정,전하라역:배윤경,유민우역:권율"
20200619,On Style,133009,144415,김비서가왜그럴까,,13회,전국,011406,드라마&영화,드라마,미니시리즈,0,0,0,0,0,0,0.00842,0.42583,0.01581,0.09205,0.25425,0.0081,0.08279,0.02095,"이영준역:박서준,김미소역:박민영,이성연역:이태환,박유식역:강기영,고귀남역:황찬성,김지아역:표예진,최여사역:김혜옥,이회장역:김병옥,봉세라역:황보라,양철역:강홍석,정치인역:이유준,이영옥역:이정민,박준환역:김정운,설마음역:예원,오지란역:홍지윤,김필남역:백은혜,김말희역:허순미,미소아빠역:조덕현,정유미역:정유미"
20200619,On Style,144858,155632,김비서가왜그럴까,,14회,전국,010734,드라마&영화,드라마,미니시리즈,0,0.01924,0,0.13253,0.01389,0.1805,0.00314,0.21064,0.01794,0,0.21063,0.16239,0.39618,0,"이영준역:박서준,김미소역:박민영,이성연역:이태환,박유식역:강기영,고귀남역:황찬성,김지아역:표예진,최여사역:김혜옥,이회장역:김병옥,봉세라역:황보라,양철역:강홍석,정치인역:이유준,이영옥역:이정민,박준환역:김정운,설마음역:예원,오지란역:홍지윤,김필남역:백은혜,김말희역:허순미,미소아빠역:조덕현,정유미역:정유미"
20200619,SBS플러스,063336,070357,엄마가바람났다,,33회,전국,003021,드라마&영화,드라마,아침드라마,0,0,0,0.02737,0.15397,0.02363,0.26406,0,0,0,0,0.0621,0.34156,0.47974,"오필정역:현쥬니,강석준역:이재황,이은주역:문보령,강석환역:김형범,오순정역:남이안,김복순역:박순천,박민호역:길정우,박민지역:홍제이,김해정역:양금석,강태수역:이원재,이태우역:서현석,최동석역:김동균,최은자역:이진아,최유경역:이영은,최미영역:전은채,왕기범역:차승우,하열도역:김영훈,홍수경역:노정명,박태섭역:강서준,박혜진역:박지수"
20200619,SBS플러스,070508,073449,엄마가바람났다,,34회,전국,002941,드라마&영화,드라마,아침드라마,0,0,0.06102,0.09709,0.18518,0.02199,0.66291,0,0,0,0.53131,0.1908,1.04517,0.85577,"오필정역:현쥬니,강석준역:이재황,이은주역:문보령,강석환역:김형범,오순정역:남이안,김복순역:박순천,박민호역:길정우,박민지역:홍제이,김해정역:양금석,강태수역:이원재,이태우역:서현석,최동석역:김동균,최은자역:이진아,최유경역:이영은,최미영역:전은채,왕기범역:차승우,하열도역:김영훈,홍수경역:노정명,박태섭역:강서준,박혜진역:박지수"
20200619,SBS플러스,151344,163018,더킹영원의군주,,16회,전국,011634,드라마&영화,드라마,미니시리즈,0,0.04769,0.18865,0.08809,0.08999,0.17511,0.16555,0,0.09055,0.14865,0.15068,0.46895,0.10278,0.333,"이곤역:이민호,정태을역:김고은,조은섭역:우도환,조영역:우도환,강신재역:김경남,구서령역:정은채,이림역:이정진,루나역:김고은,노옥남역:김영옥,정도인역:전배수,송정혜역:서정연,박문식역:박원상,장미카엘역:강홍석,이종인역:전무송,명나리역:김용지,명승아역:김용지,유경무역:이해영,민화연역:황영희,박지영역:박지연,모비서역:백현주,석호필역:이홍내"
20200619,SBS플러스,164832,175406,주군의태양,,10회,전국,010534,드라마&영화,드라마,미니시리즈,0.08295,0,0.14234,0,0.02888,0.11074,0.05353,0,0.0197,0.35853,0.08871,0.13205,0.16773,0.09075,"주중원역:소지섭,태공실역:공효진,강우역:서인국,태이령역:김유리,김귀도역:최정우,주성란역:김미경,도석철역:이종원,태공리역:박희본,이한주역:이재원,안진주역:정가은,주중원어린시절역:김명수,TV프로그램자역:김상중,미경역:송채윤,하유진역:김보라,가영역:방민아,이은설역:이혜인,차희주역:한보름,주중원아버지역:김용건,이승모역:이도현,이승준역:홍은택,선영역:김보미,지우역:유민규,강길자역:김희정,루이장역:정찬,박서현역:서효림,이재석역:이종혁,이회장역:이재용,한나브라운역:황선희,유진우역:이천희,고여사역:이용녀,유혜성역:진이한"
20200619,SBS플러스,181114,191616,주군의태양,,11회,전국,010502,드라마&영화,드라마,미니시리즈,0,0.12647,0.01423,0.04298,0.27721,0.02967,0.09179,0.01566,0.03112,0.3164,0.14059,0.51565,0.04037,0.14551,"주중원역:소지섭,태공실역:공효진,강우역:서인국,태이령역:김유리,김귀도역:최정우,주성란역:김미경,도석철역:이종원,태공리역:박희본,이한주역:이재원,안진주역:정가은,주중원어린시절역:김명수,TV프로그램자역:김상중,미경역:송채윤,하유진역:김보라,가영역:방민아,이은설역:이혜인,차희주역:한보름,주중원아버지역:김용건,이승모역:이도현,이승준역:홍은택,선영역:김보미,지우역:유민규,강길자역:김희정,루이장역:정찬,박서현역:서효림,이재석역:이종혁,이회장역:이재용,한나브라운역:황선희,유진우역:이천희,고여사역:이용녀,유혜성역:진이한"
20200619,SBS플러스,193132,203656,주군의태양,,12회,전국,010524,드라마&영화,드라마,미니시리즈,0.21251,0.53574,0,0.06473,0.15952,0.09801,0.06908,0.0261,0.41481,0.02235,0.14352,0.77741,0.36365,0.06181,"주중원역:소지섭,태공실역:공효진,강우역:서인국,태이령역:김유리,김귀도역:최정우,주성란역:김미경,도석철역:이종원,태공리역:박희본,이한주역:이재원,안진주역:정가은,주중원어린시절역:김명수,TV프로그램자역:김상중,미경역:송채윤,하유진역:김보라,가영역:방민아,이은설역:이혜인,차희주역:한보름,주중원아버지역:김용건,이승모역:이도현,이승준역:홍은택,선영역:김보미,지우역:유민규,강길자역:김희정,루이장역:정찬,박서현역:서효림,이재석역:이종혁,이회장역:이재용,한나브라운역:황선희,유진우역:이천희,고여사역:이용녀,유혜성역:진이한"
20200619,SBS플러스,205233,215733,주군의태양,,13회,전국,010500,드라마&영화,드라마,미니시리즈,0,0.57017,0.01171,0,0.23116,0.14087,0.00542,0.29748,0.2444,0.0105,0.05396,0.87233,0.06993,0.08999,"주중원역:소지섭,태공실역:공효진,강우역:서인국,태이령역:김유리,김귀도역:최정우,주성란역:김미경,도석철역:이종원,태공리역:박희본,이한주역:이재원,안진주역:정가은,주중원어린시절역:김명수,TV프로그램자역:김상중,미경역:송채윤,하유진역:김보라,가영역:방민아,이은설역:이혜인,차희주역:한보름,주중원아버지역:김용건,이승모역:이도현,이승준역:홍은택,선영역:김보미,지우역:유민규,강길자역:김희정,루이장역:정찬,박서현역:서효림,이재석역:이종혁,이회장역:이재용,한나브라운역:황선희,유진우역:이천희,고여사역:이용녀,유혜성역:진이한"
20200619,SKY,094549,111028,화유기,,3회,전국,012439,드라마&영화,드라마,미니시리즈,0.07367,0.00299,0,0.01908,0.01321,0.04884,0.06213,0,0.00329,0.02477,0.1004,0.36097,0.05568,0.07893,"손오공역:이승기,우마왕역:차승원,진선미역:오연서,저팔계역:이홍기,사오정역:장광,마비서역:이엘,이한주역:김성오,앨리스역:윤보라,좀비소녀역:이세영,수보리조사역:성지루,동장군역:성혁,강대성역:송종호,조나단역:마이클리,진선미어린시절역:갈소원,공작역:장근석,나찰녀역:김지수"
20200619,SKY,112932,125404,화유기,,4회,전국,012432,드라마&영화,드라마,미니시리즈,0.20762,0,0.02741,0.01535,0.03188,0.16225,0.04053,0,0.06878,0.06981,0.03193,0.75154,0.06417,0.00116,"손오공역:이승기,우마왕역:차승원,진선미역:오연서,저팔계역:이홍기,사오정역:장광,마비서역:이엘,이한주역:김성오,앨리스역:윤보라,좀비소녀역:이세영,수보리조사역:성지루,동장군역:성혁,강대성역:송종호,조나단역:마이클리,진선미어린시절역:갈소원,공작역:장근석,나찰녀역:김지수"
20200619,SKY,182230,194711,화유기,,3회,전국,012441,드라마&영화,드라마,미니시리즈,0.00857,0.00768,0.00361,0.16591,0.04388,0.19412,0.06045,0,0.02719,0.01802,0.03337,0.24808,0.00617,0.06007,"손오공역:이승기,우마왕역:차승원,진선미역:오연서,저팔계역:이홍기,사오정역:장광,마비서역:이엘,이한주역:김성오,앨리스역:윤보라,좀비소녀역:이세영,수보리조사역:성지루,동장군역:성혁,강대성역:송종호,조나단역:마이클리,진선미어린시절역:갈소원,공작역:장근석,나찰녀역:김지수"
20200619,SKY,200554,213026,화유기,,4회,전국,012432,드라마&영화,드라마,미니시리즈,0,0,0,0.38314,0.15178,0.3265,0,0.01705,0.19975,0.00851,0.07176,0.19336,0.0585,0.03427,"손오공역:이승기,우마왕역:차승원,진선미역:오연서,저팔계역:이홍기,사오정역:장광,마비서역:이엘,이한주역:김성오,앨리스역:윤보라,좀비소녀역:이세영,수보리조사역:성지루,동장군역:성혁,강대성역:송종호,조나단역:마이클리,진선미어린시절역:갈소원,공작역:장근석,나찰녀역:김지수"
20200619,ONCE,020000,023448,동이,,53회,전국,003448,드라마&영화,드라마,주간연속극,0,0,0,0,0.38011,0.05835,0,0,0,0.10875,0,0.02369,0.02444,0.06067,"동이역:한효주,숙종역:지진희,희빈장씨역:이소연,차천수역:배수빈,서용기역:정진영,인현왕후역:박하선,오태석역:정동환,이종욱역:이정훈,홍태윤역:손일권,박도식역:최재호,도승지역:신국,오호양역:여호민,황주식역:이희도,정인국역:나성균,최효원역:천호진,장익헌역:이재용,김환역:정인기,은금역:한다민,오태풍역:이계인,태풍처역:이숙,장희재역:김유석,설희역:김혜진,게둬라부역:정은표,오윤역:최철호,게둬라역:최수한,심운택역:김동윤,동이어린시절역:김유정,봉상궁역:김소이,조상궁역:안여진,유상궁역:임성민,정임역:정유미,애종역:강유미,시비역:오은호,미지역:최하나,대전내관역:정선일,명성대비역:박정수,정상궁역:김혜선,영달역:이광수,최동주역:정성운,장무열역:최종환,이금역:이형석,경종역:윤찬,김구선역:맹상훈,인원왕후역:오연서"
20200619,ONCE,024538,034758,동이,,54회,전국,010220,드라마&영화,드라마,주간연속극,0,0,0.01651,0,0.0568,0.00884,0.06004,0,0.00924,0,0,0.01907,0.00427,0.18491,"동이역:한효주,숙종역:지진희,희빈장씨역:이소연,차천수역:배수빈,서용기역:정진영,인현왕후역:박하선,오태석역:정동환,이종욱역:이정훈,홍태윤역:손일권,박도식역:최재호,도승지역:신국,오호양역:여호민,황주식역:이희도,정인국역:나성균,최효원역:천호진,장익헌역:이재용,김환역:정인기,은금역:한다민,오태풍역:이계인,태풍처역:이숙,장희재역:김유석,설희역:김혜진,게둬라부역:정은표,오윤역:최철호,게둬라역:최수한,심운택역:김동윤,동이어린시절역:김유정,봉상궁역:김소이,조상궁역:안여진,유상궁역:임성민,정임역:정유미,애종역:강유미,시비역:오은호,미지역:최하나,대전내관역:정선일,명성대비역:박정수,정상궁역:김혜선,영달역:이광수,최동주역:정성운,장무열역:최종환,이금역:이형석,경종역:윤찬,김구선역:맹상훈,인원왕후역:오연서"
20200619,ONCE,052332,060452,전원일기,,430회,전국,004120,드라마&영화,드라마,주말연속극,0,0,0,0,0,0,0,0,0,0,0,0.06404,0.00672,0,"최불암,김혜자,김용건,김수미,고두심,유인촌,정대홍"
20200619,ONCE,060936,064941,전원일기,,431회,전국,004005,드라마&영화,드라마,주말연속극,0,0,0,0,0.07401,0.02515,0,0,0,0.03957,0.00875,0.0071,0.01722,0.00261,"최불암,김혜자,김용건,김수미,고두심,유인촌,정대홍"
20200619,ONCE,070351,080617,동이,,53회,전국,010226,드라마&영화,드라마,주간연속극,0.0255,0,0.12813,0,0.01822,0.05071,0.27341,0.02789,0,0.10125,0.23216,0.02561,0.18789,0.30911,"동이역:한효주,숙종역:지진희,희빈장씨역:이소연,차천수역:배수빈,서용기역:정진영,인현왕후역:박하선,오태석역:정동환,이종욱역:이정훈,홍태윤역:손일권,박도식역:최재호,도승지역:신국,오호양역:여호민,황주식역:이희도,정인국역:나성균,최효원역:천호진,장익헌역:이재용,김환역:정인기,은금역:한다민,오태풍역:이계인,태풍처역:이숙,장희재역:김유석,설희역:김혜진,게둬라부역:정은표,오윤역:최철호,게둬라역:최수한,심운택역:김동윤,동이어린시절역:김유정,봉상궁역:김소이,조상궁역:안여진,유상궁역:임성민,정임역:정유미,애종역:강유미,시비역:오은호,미지역:최하나,대전내관역:정선일,명성대비역:박정수,정상궁역:김혜선,영달역:이광수,최동주역:정성운,장무열역:최종환,이금역:이형석,경종역:윤찬,김구선역:맹상훈,인원왕후역:오연서"
20200619,ONCE,081632,091852,동이,,54회,전국,010220,드라마&영화,드라마,주간연속극,0,0,0.11302,0.01133,0.17238,0.04405,0.28766,0,0,0.11265,0.18235,0.03609,0.11378,0.28017,"동이역:한효주,숙종역:지진희,희빈장씨역:이소연,차천수역:배수빈,서용기역:정진영,인현왕후역:박하선,오태석역:정동환,이종욱역:이정훈,홍태윤역:손일권,박도식역:최재호,도승지역:신국,오호양역:여호민,황주식역:이희도,정인국역:나성균,최효원역:천호진,장익헌역:이재용,김환역:정인기,은금역:한다민,오태풍역:이계인,태풍처역:이숙,장희재역:김유석,설희역:김혜진,게둬라부역:정은표,오윤역:최철호,게둬라역:최수한,심운택역:김동윤,동이어린시절역:김유정,봉상궁역:김소이,조상궁역:안여진,유상궁역:임성민,정임역:정유미,애종역:강유미,시비역:오은호,미지역:최하나,대전내관역:정선일,명성대비역:박정수,정상궁역:김혜선,영달역:이광수,최동주역:정성운,장무열역:최종환,이금역:이형석,경종역:윤찬,김구선역:맹상훈,인원왕후역:오연서"
20200619,ONCE,103011,115828,부부의세계,,5회,전국,012817,드라마&영화,드라마,미니시리즈,0,0,0.0412,0.104,0.1659,0.01027,0.14578,0,0.02627,0.18648,0.02025,0.0269,0.03891,0.12287,"지선우역:김희애,이태오역:박해준,여다경역:한소희,고예림역:박선영,손제혁역:김영민,설명숙역:채국희,여병규역:이경영,엄효정역:김선경,이준영역:전진서,민현서역:심은우,박인규역:이학주,마강석역:박충선,공지철역:정재성,김윤기역:이무생,하동식역:김종태,윤노을역:신수연,차해강역:정준원,최회장아내역:서이숙,공지철아내역:박미현,차도철아내역:윤인조"
20200619,ONCE,121243,133235,부부의세계,,6회,전국,011952,드라마&영화,드라마,미니시리즈,0,0,0,0.11856,0.23528,0.00743,0.08892,0,0,0.23143,0.00801,0.00417,0.02652,0.07313,"지선우역:김희애,이태오역:박해준,여다경역:한소희,고예림역:박선영,손제혁역:김영민,설명숙역:채국희,여병규역:이경영,엄효정역:김선경,이준영역:전진서,민현서역:심은우,박인규역:이학주,마강석역:박충선,공지철역:정재성,김윤기역:이무생,하동식역:김종태,윤노을역:신수연,차해강역:정준원,최회장아내역:서이숙,공지철아내역:박미현,차도철아내역:윤인조"
20200619,ONCE,162059,170516,전원일기,,426회,전국,004417,드라마&영화,드라마,주말연속극,0.00984,0,0.04758,0.00808,0.03102,0.05862,0.37132,0,0,0,0.01764,0.33734,0.04798,0.34948,"최불암,김혜자,김용건,김수미,고두심,유인촌,정대홍"
20200619,ONCE,171620,180118,전원일기,,429회,전국,004458,드라마&영화,드라마,주말연속극,0,0,0.06168,0,0,0.05768,0.35141,0,0,0.00609,0,0.36548,0.0552,0.59737,"최불암,김혜자,김용건,김수미,고두심,유인촌,정대홍"
20200619,ONCE,181527,191926,동이,,51회,전국,010359,드라마&영화,드라마,주간연속극,0,0,0.14989,0.02067,0.42338,0.00566,0.26972,0,0,0.14312,0,0.33813,0.10015,0.52275,"동이역:한효주,숙종역:지진희,희빈장씨역:이소연,차천수역:배수빈,서용기역:정진영,인현왕후역:박하선,오태석역:정동환,이종욱역:이정훈,홍태윤역:손일권,박도식역:최재호,도승지역:신국,오호양역:여호민,황주식역:이희도,정인국역:나성균,최효원역:천호진,장익헌역:이재용,김환역:정인기,은금역:한다민,오태풍역:이계인,태풍처역:이숙,장희재역:김유석,설희역:김혜진,게둬라부역:정은표,오윤역:최철호,게둬라역:최수한,심운택역:김동윤,동이어린시절역:김유정,봉상궁역:김소이,조상궁역:안여진,유상궁역:임성민,정임역:정유미,애종역:강유미,시비역:오은호,미지역:최하나,대전내관역:정선일,명성대비역:박정수,정상궁역:김혜선,영달역:이광수,최동주역:정성운,장무열역:최종환,이금역:이형석,경종역:윤찬,김구선역:맹상훈,인원왕후역:오연서"
20200619,ONCE,193311,203409,동이,,52회,전국,010058,드라마&영화,드라마,주간연속극,0,0.05538,0.15493,0,0.09248,0,0.27679,0.06376,0,0.13647,0.03017,0.3879,0.16944,0.53483,"동이역:한효주,숙종역:지진희,희빈장씨역:이소연,차천수역:배수빈,서용기역:정진영,인현왕후역:박하선,오태석역:정동환,이종욱역:이정훈,홍태윤역:손일권,박도식역:최재호,도승지역:신국,오호양역:여호민,황주식역:이희도,정인국역:나성균,최효원역:천호진,장익헌역:이재용,김환역:정인기,은금역:한다민,오태풍역:이계인,태풍처역:이숙,장희재역:김유석,설희역:김혜진,게둬라부역:정은표,오윤역:최철호,게둬라역:최수한,심운택역:김동윤,동이어린시절역:김유정,봉상궁역:김소이,조상궁역:안여진,유상궁역:임성민,정임역:정유미,애종역:강유미,시비역:오은호,미지역:최하나,대전내관역:정선일,명성대비역:박정수,정상궁역:김혜선,영달역:이광수,최동주역:정성운,장무열역:최종환,이금역:이형석,경종역:윤찬,김구선역:맹상훈,인원왕후역:오연서"
20200619,SKYUHD,111455,132505,야식남녀,,5회/6회,전국,021010,드라마&영화,드라마,미니시리즈,0,0,0,0,0,0,0,0,0,0,0,0,0,0,"박진성역:정일우,김아진역:강지영,강태완역:이학주,이상영역:김승수,차주희역:김수진,남규장역:양대혁,유성은역:공민정,노재수역:박성준,박진우역:최재현"
20200619,SKYUHD,242956,255959,야식남녀,,5회/6회,전국,013003,드라마&영화,드라마,미니시리즈,0,0,0,0,0,0,0,0,0,0,0,0,0,0,"박진성역:정일우,김아진역:강지영,강태완역:이학주,이상영역:김승수,차주희역:김수진,남규장역:양대혁,유성은역:공민정,노재수역:박성준,박진우역:최재현"
20200619,OCN Thrills,230030,240238,번외수사,,3회,전국,010208,드라마&영화,드라마,미니시리즈,0,0.00171,0,0.22088,0.00157,0.21751,0.00079,0,0.02319,0,0.20618,0.15102,0.0108,0.01709,"진강호역:차태현,강무영역:이선빈,이반석역:정상훈,테디정역:윤경호,탁원역:지승현,민대진역:박정우,맨손역:박태산,연장역:장진희,지수철역:이영석,노순이역:민경옥"
20200619,OCN Thrills,241644,251828,번외수사,,4회,전국,010144,드라마&영화,드라마,미니시리즈,0,0.07688,0.00355,0.46682,0.10161,0.33497,0.02962,0,0,0.06041,0.3555,0.14522,0.05957,0.08624,"진강호역:차태현,강무영역:이선빈,이반석역:정상훈,테디정역:윤경호,탁원역:지승현,민대진역:박정우,맨손역:박태산,연장역:장진희,지수철역:이영석,노순이역:민경옥"
20200619,OCN Thrills,252638,255959,번외수사,,5회,전국,003321,드라마&영화,드라마,미니시리즈,0,0,0,0.17036,0.05704,0.20418,0.05062,0,0.09801,0,0.19122,0.1627,0.02936,0.04321,"진강호역:차태현,강무영역:이선빈,이반석역:정상훈,테디정역:윤경호,탁원역:지승현,민대진역:박정우,맨손역:박태산,연장역:장진희,지수철역:이영석,노순이역:민경옥"
20200619,TRENDY,070655,081201,부부클리닉사랑과전쟁2,,37회,전국,010506,드라마&영화,드라마,단막극,0,0.03072,0.05966,0.01081,0,0.05898,0.15365,0,0,0.06275,0,0.03827,0.10028,0.05534,"이재만,민지영,최영완,이정수,장가현,손유경,이준우"
20200619,TRENDY,082621,092942,부부클리닉사랑과전쟁2,,38회,전국,010321,드라마&영화,드라마,단막극,0,0,0,0,0,0,0.0492,0,0,0,0,0.11696,0.17753,0.01686,"이재만,민지영,최영완,이정수,장가현,손유경,이준우"
20200619,TRENDY,140006,150515,부부클리닉사랑과전쟁2,,37회,전국,010509,드라마&영화,드라마,단막극,0.0027,0.1229,0.00325,0.0036,0.00667,0.03651,0.04595,0.00296,0.01106,0.00926,0.10324,0.0051,0.10134,0.07626,"이재만,민지영,최영완,이정수,장가현,손유경,이준우"
20200619,TRENDY,151817,162142,부부클리닉사랑과전쟁2,,38회,전국,010325,드라마&영화,드라마,단막극,0.00549,0,0,0,0.00864,0,0.17259,0.006,0,0,0.41123,0,0.10407,0.02591,"이재만,민지영,최영완,이정수,장가현,손유경,이준우"
20200619,TRENDY,230027,240537,부부클리닉사랑과전쟁2,,37회,전국,010510,드라마&영화,드라마,단막극,0,0,0,0,0,0.0116,0.01965,0,0,0,0,0.00871,0.0049,0.01806,"이재만,민지영,최영완,이정수,장가현,손유경,이준우"
20200619,TRENDY,241808,252133,부부클리닉사랑과전쟁2,,38회,전국,010325,드라마&영화,드라마,단막극,0,0,0,0,0,0.08382,0.05556,0,0.00353,0.10286,0.15212,0,0.13665,0.17452,"이재만,민지영,최영완,이정수,장가현,손유경,이준우"
20200619,WeLike,095332,105625,아테나:전쟁의여신,,3회,전국,010253,드라마&영화,드라마,미니시리즈,0,0,0,0,0,0.01222,0.00446,0,0,0,0,0,0,0.00336,"이정우역:정우성,손혁역:차승원,윤혜인역:수애,한재희역:이지아,김기수역:김민종,김준호역:시원,조명호역:이정길,최진희역:김영애,권용관역:유동근,박철영역:김승우,조수영역:이보영,오숙경역:오윤아,한정필역:전국환,제시카역:연민지,앤디역:션리차드,철규역:정찬우,최태현역:최강창민,김선화역:김소연,박성철역:이한위"
20200619,WeLike,110951,121304,아테나:전쟁의여신,,4회,전국,010313,드라마&영화,드라마,미니시리즈,0,0,0,0,0,0.00802,0,0,0,0,0,0.00702,0,0,"이정우역:정우성,손혁역:차승원,윤혜인역:수애,한재희역:이지아,김기수역:김민종,김준호역:시원,조명호역:이정길,최진희역:김영애,권용관역:유동근,박철영역:김승우,조수영역:이보영,오숙경역:오윤아,한정필역:전국환,제시카역:연민지,앤디역:션리차드,철규역:정찬우,최태현역:최강창민,김선화역:김소연,박성철역:이한위"
20200620,KBS2,164631,172437,한번다녀왔습니다,<47회>,47회,전국,003806,드라마&영화,드라마,주말연속극,1.01788,0.5307,0.94131,1.27665,0.67319,2.04637,2.19241,0.97195,0.48465,0.66229,1.4488,2.28869,2.9963,3.06344,"송영달역:천호진,장옥분역:차화연,최윤정역:김보연,강초연역:이정은,송나희역:이민정,윤규진역:이상엽,송준선역:오대환,송가희역:오윤아,송다희역:이초희,양치수역:안길강,장옥자역:백지원,성현경역:임정은,윤재석역:이상이,박효신역:기도훈,김지훈역:문우진,이주리역:김소라,김가연역:송다은,건어물역:신미영,꽈배기역:김가영,송서영역:이가연,송서진역:안서연,이정록역:알렉스,유보영역:손성윤,유시후역:송민재,박지연역:신수정,한기영역:강유석,홍성우역:김현목,신혜정역:김미은,심정희역:이상경,오연지역:한봄,오정봉역:오의식,이종수역:장원혁,김승현역:배호근,송이역:김주영,지원역:찬희,이현역:이필모"
20200620,KBS2,172551,175716,한번다녀왔습니다,<48회>,48회,전국,003125,드라마&영화,드라마,주말연속극,0.09505,0.2685,1.17853,0.96663,1.07395,2.00498,2.3335,1.26741,0.73084,0.87534,1.26408,2.24539,2.77315,3.9433,"송영달역:천호진,장옥분역:차화연,최윤정역:김보연,강초연역:이정은,송나희역:이민정,윤규진역:이상엽,송준선역:오대환,송가희역:오윤아,송다희역:이초희,양치수역:안길강,장옥자역:백지원,성현경역:임정은,윤재석역:이상이,박효신역:기도훈,김지훈역:문우진,이주리역:김소라,김가연역:송다은,건어물역:신미영,꽈배기역:김가영,송서영역:이가연,송서진역:안서연,이정록역:알렉스,유보영역:손성윤,유시후역:송민재,박지연역:신수정,한기영역:강유석,홍성우역:김현목,신혜정역:김미은,심정희역:이상경,오연지역:한봄,오정봉역:오의식,이종수역:장원혁,김승현역:배호근,송이역:김주영,지원역:찬희,이현역:이필모"
20200620,KBS2,200014,203629,한번다녀왔습니다,<49회>,49회,전국,003615,드라마&영화,드라마,주말연속극,4.00616,3.25463,4.83948,4.28559,6.23093,12.13366,18.5204,4.72918,4.21965,4.80031,7.3212,11.207,20.22612,22.96252,"송영달역:천호진,장옥분역:차화연,최윤정역:김보연,강초연역:이정은,송나희역:이민정,윤규진역:이상엽,송준선역:오대환,송가희역:오윤아,송다희역:이초희,양치수역:안길강,장옥자역:백지원,성현경역:임정은,윤재석역:이상이,박효신역:기도훈,김지훈역:문우진,이주리역:김소라,김가연역:송다은,건어물역:신미영,꽈배기역:김가영,송서영역:이가연,송서진역:안서연,이정록역:알렉스,유보영역:손성윤,유시후역:송민재,박지연역:신수정,한기영역:강유석,홍성우역:김현목,신혜정역:김미은,심정희역:이상경,오연지역:한봄,오정봉역:오의식,이종수역:장원혁,김승현역:배호근,송이역:김주영,지원역:찬희,이현역:이필모"
20200620,KBS2,203858,211115,한번다녀왔습니다,<50회>,50회,전국,003217,드라마&영화,드라마,주말연속극,6.28409,5.78701,6.87273,5.86851,8.63333,17.78005,23.86207,7.26408,6.01827,6.31702,10.01085,16.29361,25.22378,29.56614,"송영달역:천호진,장옥분역:차화연,최윤정역:김보연,강초연역:이정은,송나희역:이민정,윤규진역:이상엽,송준선역:오대환,송가희역:오윤아,송다희역:이초희,양치수역:안길강,장옥자역:백지원,성현경역:임정은,윤재석역:이상이,박효신역:기도훈,김지훈역:문우진,이주리역:김소라,김가연역:송다은,건어물역:신미영,꽈배기역:김가영,송서영역:이가연,송서진역:안서연,이정록역:알렉스,유보영역:손성윤,유시후역:송민재,박지연역:신수정,한기영역:강유석,홍성우역:김현목,신혜정역:김미은,심정희역:이상경,오연지역:한봄,오정봉역:오의식,이종수역:장원혁,김승현역:배호근,송이역:김주영,지원역:찬희,이현역:이필모"
20200620,MBC,130353,134026,저녁같이드실래요,<13회>,13회,전국,003633,드라마&영화,드라마,미니시리즈,0,0.4129,0.26424,0.85888,0.79181,1.01291,0.42999,0.53327,0.39364,0.48638,0.79179,1.18956,1.40831,0.71299,"김해경역:송승헌,우도희역:서지혜,정재혁역:이지훈,진노을역:손나은,남아영역:예지원,키에누역:박호산,박진규역:고규필,강건우역:이현진,이병진역:김서경,임소라역:오혜원,김정환역:안태환,이문정역:전국향,전성자역:윤복인,이영동역:김정현,이은서역:서은수,푸드트럭총각역:이시언,태진아역:태진아,환자역:박산다라"
20200620,MBC,134140,141026,저녁같이드실래요,<14회>,14회,전국,002846,드라마&영화,드라마,미니시리즈,0.10506,0.08983,0.50386,0.96154,0.4026,0.93668,0.43696,0.1028,0.09554,0.37475,0.98841,0.56729,1.73663,0.66948,"김해경역:송승헌,우도희역:서지혜,정재혁역:이지훈,진노을역:손나은,남아영역:예지원,키에누역:박호산,박진규역:고규필,강건우역:이현진,이병진역:김서경,임소라역:오혜원,김정환역:안태환,이문정역:전국향,전성자역:윤복인,이영동역:김정현,이은서역:서은수,푸드트럭총각역:이시언,태진아역:태진아,환자역:박산다라"
20200620,MBC,142111,142337,저녁같이드실래요,<14회>,14회,전국,000226,드라마&영화,드라마,미니시리즈,0.78728,0.06788,0.60304,1.47923,0.78314,0.61667,0.71404,0.68379,0.47794,0.31637,0.99081,0.86555,1.64294,1.2891,"김해경역:송승헌,우도희역:서지혜,정재혁역:이지훈,진노을역:손나은,남아영역:예지원,키에누역:박호산,박진규역:고규필,강건우역:이현진,이병진역:김서경,임소라역:오혜원,김정환역:안태환,이문정역:전국향,전성자역:윤복인,이영동역:김정현,이은서역:서은수,푸드트럭총각역:이시언,태진아역:태진아,환자역:박산다라"
20200620,MBC,142550,145907,저녁같이드실래요,<15회>,15회,전국,003317,드라마&영화,드라마,미니시리즈,0.40157,0.01497,0.90787,1.68734,0.93221,0.97742,1.02651,0.4139,0.5395,0.23755,0.78483,1.40931,1.54831,1.23593,"김해경역:송승헌,우도희역:서지혜,정재혁역:이지훈,진노을역:손나은,남아영역:예지원,키에누역:박호산,박진규역:고규필,강건우역:이현진,이병진역:김서경,임소라역:오혜원,김정환역:안태환,이문정역:전국향,전성자역:윤복인,이영동역:김정현,이은서역:서은수,푸드트럭총각역:이시언,태진아역:태진아,환자역:박산다라"
20200620,MBC,150120,153438,저녁같이드실래요,<16회>,16회,전국,003318,드라마&영화,드라마,미니시리즈,0.11523,0.48787,0.49215,1.28452,0.96699,0.41376,1.37157,0.25628,0.22681,0.15651,0.2891,1.33172,1.05568,1.01383,"김해경역:송승헌,우도희역:서지혜,정재혁역:이지훈,진노을역:손나은,남아영역:예지원,키에누역:박호산,박진규역:고규필,강건우역:이현진,이병진역:김서경,임소라역:오혜원,김정환역:안태환,이문정역:전국향,전성자역:윤복인,이영동역:김정현,이은서역:서은수,푸드트럭총각역:이시언,태진아역:태진아,환자역:박산다라"
20200620,SBS,133919,141039,굿캐스팅,<1부>,15회,전국,003120,드라마&영화,드라마,미니시리즈,0.96272,0.57613,0.01201,0.25494,1.2098,1.334,0.73167,1.26616,0.08778,0.32656,0.9519,1.26005,0.80496,1.0347,"백찬미역:최강희,윤석호역:이상엽,임예은역:유인영,황미순역:김지영,강우원역:이준영,동관수역:이종혁,서국환역:정인기,배무혁역:박경순,간태희역:황보미,명계철역:우현,탁상기역:이상훈,옥철역:김용희,변우석역:허재호,구비서역:한수진,설영훈역:조영훈,심화란역:차수연,남봉만역:이승형,남주연역:김보윤,피철웅역:배진웅,권민석역:성혁,권소희역:노하연"
20200620,SBS,142127,142156,굿캐스팅,<1부>,15회,전국,000029,드라마&영화,드라마,미니시리즈,1.45589,0.87678,0,0.655,0.89413,1.81081,0.46406,2.58641,0,0.76668,0.88892,0.93471,1.12317,0.92113,"백찬미역:최강희,윤석호역:이상엽,임예은역:유인영,황미순역:김지영,강우원역:이준영,동관수역:이종혁,서국환역:정인기,배무혁역:박경순,간태희역:황보미,명계철역:우현,탁상기역:이상훈,옥철역:김용희,변우석역:허재호,구비서역:한수진,설영훈역:조영훈,심화란역:차수연,남봉만역:이승형,남주연역:김보윤,피철웅역:배진웅,권민석역:성혁,권소희역:노하연"
20200620,SBS,142336,145742,굿캐스팅,<2부>,15회,전국,003406,드라마&영화,드라마,미니시리즈,0.63143,0.24248,0.4119,0.85263,0.73033,1.92337,0.91935,1.58471,0.0257,0.46673,0.82712,1.00333,1.66197,1.27957,"백찬미역:최강희,윤석호역:이상엽,임예은역:유인영,황미순역:김지영,강우원역:이준영,동관수역:이종혁,서국환역:정인기,배무혁역:박경순,간태희역:황보미,명계철역:우현,탁상기역:이상훈,옥철역:김용희,변우석역:허재호,구비서역:한수진,설영훈역:조영훈,심화란역:차수연,남봉만역:이승형,남주연역:김보윤,피철웅역:배진웅,권민석역:성혁,권소희역:노하연"
20200620,SBS,150658,154016,굿캐스팅,<1부>,16회,전국,003318,드라마&영화,드라마,미니시리즈,1.25129,0.30594,0.26172,0.88094,0.93032,2.02479,1.58883,1.05054,0.15484,0.21212,0.79485,1.57679,1.85199,1.70871,"백찬미역:최강희,윤석호역:이상엽,임예은역:유인영,황미순역:김지영,강우원역:이준영,동관수역:이종혁,서국환역:정인기,배무혁역:박경순,간태희역:황보미,명계철역:우현,탁상기역:이상훈,옥철역:김용희,변우석역:허재호,구비서역:한수진,설영훈역:조영훈,심화란역:차수연,남봉만역:이승형,남주연역:김보윤,피철웅역:배진웅,권민석역:성혁,권소희역:노하연"
20200620,SBS,154157,161545,굿캐스팅,<2부>,16회,전국,003348,드라마&영화,드라마,미니시리즈,1.05939,0.43483,0.14384,0.35031,0.97864,1.47385,1.56178,1.69797,0.09502,0.28624,0.68489,1.61459,1.83274,1.15403,"백찬미역:최강희,윤석호역:이상엽,임예은역:유인영,황미순역:김지영,강우원역:이준영,동관수역:이종혁,서국환역:정인기,배무혁역:박경순,간태희역:황보미,명계철역:우현,탁상기역:이상훈,옥철역:김용희,변우석역:허재호,구비서역:한수진,설영훈역:조영훈,심화란역:차수연,남봉만역:이승형,남주연역:김보윤,피철웅역:배진웅,권민석역:성혁,권소희역:노하연"
20200620,SBS,184430,191608,편의점샛별이,<1부>,1회,전국,003138,드라마&영화,드라마,미니시리즈,0.06557,0.1259,0.04078,0.47048,1.05323,1.57406,0.59415,0,0.18572,0.38884,0.08378,0.91445,1.46945,0.57843,"최대현역:지창욱,정샛별역:김유정,유연주역:한선화,조승준역:도상우,정은별역:솔빈,공분희역:김선영,최용필역:이병준,한달식역:음문석,권의추역:우현,차기복역:이윤희,고광태역:배기범,김혜자역:견미리,최대순역:김지현,황금비역:서예화,차은조역:윤수,배부장역:허재호,강성태역:지찬,김정하역:신윤정,오현지역:한류은,강지욱역:김민규,유명기역:길용우"
20200620,SBS,191748,194854,편의점샛별이,<2부>,1회,전국,003106,드라마&영화,드라마,미니시리즈,0.06031,1.0373,0.51359,0.69977,1.02099,2.03024,0.84188,0.09336,1.43678,0.62211,0.89646,1.88801,2.46263,0.78726,"최대현역:지창욱,정샛별역:김유정,유연주역:한선화,조승준역:도상우,정은별역:솔빈,공분희역:김선영,최용필역:이병준,한달식역:음문석,권의추역:우현,차기복역:이윤희,고광태역:배기범,김혜자역:견미리,최대순역:김지현,황금비역:서예화,차은조역:윤수,배부장역:허재호,강성태역:지찬,김정하역:신윤정,오현지역:한류은,강지욱역:김민규,유명기역:길용우"
20200620,SBS,220453,223710,편의점샛별이,<1부>,2회,전국,003217,드라마&영화,드라마,미니시리즈,2.48806,0.94088,0.868,2.51586,2.62713,2.93864,2.47809,0.84064,1.02881,0.71959,2.80845,2.75838,3.72446,2.30576,"최대현역:지창욱,정샛별역:김유정,유연주역:한선화,조승준역:도상우,정은별역:솔빈,공분희역:김선영,최용필역:이병준,한달식역:음문석,권의추역:우현,차기복역:이윤희,고광태역:배기범,김혜자역:견미리,최대순역:김지현,황금비역:서예화,차은조역:윤수,배부장역:허재호,강성태역:지찬,김정하역:신윤정,오현지역:한류은,강지욱역:김민규,유명기역:길용우"
20200620,SBS,223920,230644,편의점샛별이,<2부>,2회,전국,002724,드라마&영화,드라마,미니시리즈,2.91588,1.95414,1.70147,4.11857,4.7179,4.80658,3.86354,1.45863,1.59458,1.67422,3.88837,6.17117,5.57549,3.38879,"최대현역:지창욱,정샛별역:김유정,유연주역:한선화,조승준역:도상우,정은별역:솔빈,공분희역:김선영,최용필역:이병준,한달식역:음문석,권의추역:우현,차기복역:이윤희,고광태역:배기범,김혜자역:견미리,최대순역:김지현,황금비역:서예화,차은조역:윤수,배부장역:허재호,강성태역:지찬,김정하역:신윤정,오현지역:한류은,강지욱역:김민규,유명기역:길용우"
20200620,SBS,243323,250540,편의점샛별이,<1부>,2회,서울/경기/부산/대구/강원/충북/전북/경북/경남,003217,드라마&영화,드라마,미니시리즈,0.0569,0.28905,0.21569,0.57042,1.75745,0.68824,0.34726,0,0.34664,0,0.88984,1.69639,0.83223,0.47675,"최대현역:지창욱,정샛별역:김유정,유연주역:한선화,조승준역:도상우,정은별역:솔빈,공분희역:김선영,최용필역:이병준,한달식역:음문석,권의추역:우현,차기복역:이윤희,고광태역:배기범,김혜자역:견미리,최대순역:김지현,황금비역:서예화,차은조역:윤수,배부장역:허재호,강성태역:지찬,김정하역:신윤정,오현지역:한류은,강지욱역:김민규,유명기역:길용우"
20200620,SBS,250720,253444,편의점샛별이,<2부>,2회,서울/경기/부산/대구/강원/충북/전북/경북/경남,002724,드라마&영화,드라마,미니시리즈,0,0.17287,0.15029,0.27109,1.33652,0.85036,0.35225,0,0.01909,0.01318,0.74038,1.44338,0.45323,0.34785,"최대현역:지창욱,정샛별역:김유정,유연주역:한선화,조승준역:도상우,정은별역:솔빈,공분희역:김선영,최용필역:이병준,한달식역:음문석,권의추역:우현,차기복역:이윤희,고광태역:배기범,김혜자역:견미리,최대순역:김지현,황금비역:서예화,차은조역:윤수,배부장역:허재호,강성태역:지찬,김정하역:신윤정,오현지역:한류은,강지욱역:김민규,유명기역:길용우"
20200620,JTBC,143719,154635,쌍갑포차,,9회,전국,010916,드라마&영화,드라마,미니시리즈,0.24191,0.66856,0.74809,0.04955,0.47474,0.48615,0.51333,0.41833,0.15018,0.27514,0.26215,0.79009,1.28981,0.67757,"월주역:황정음,한강배역:육성재,귀반장역:최원영,염부장역:이준혁,강여린역:정다은,최진동역:안태환,송미란역:박하나,박대리역:박주형,김원형역:나인우"
20200620,JTBC,160245,171128,쌍갑포차,,10회,전국,010843,드라마&영화,드라마,미니시리즈,0.09264,0.77334,0.43765,0.13871,0.39035,0.94284,0.64184,0,0.03999,0.5578,0.41913,1.3032,1.2785,0.64574,"월주역:황정음,한강배역:육성재,귀반장역:최원영,염부장역:이준혁,강여린역:정다은,최진동역:안태환,송미란역:박하나,박대리역:박주형,김원형역:나인우"
20200620,TV CHOSUN,162616,172301,바람과구름과비,,9회,전국,005645,드라마&영화,드라마,미니시리즈,0.56924,0.02196,0.01859,0.0539,0.11318,0.50693,1.42521,0,0.13066,0.00678,0.30417,0.55369,0.90585,2.13886,"최천중역:박시후,봉련역:고성희,흥선대원군이하응역:전광렬,채인규역:성혁,김병운역:김승수,김좌근역:차광수,나합역:윤아정,김병학역:한재영,조대비역:김보연,철종역:정욱,이하전역:이루,명성황후민자영역:박정연,고종이재황역:박상훈,용팔룡역:조복래,주모역:김주령,적도사진상역:한동규,팽구철역:노형욱,만석역:박노식,연치성역:임현수,반달역:왕빛나,임종사관역:허태희,최천중어린시절역:강태우,봉련어린시절역:홍승희,채인규어린시절역:최정우,상복역:허성태,민승호역:이해우,저자이병주,출판그림같은세상2020.08.28.,e북무료판매처 1건"
20200620,TV CHOSUN,225238,235915,바람과구름과비,,10회,전국,010637,드라마&영화,드라마,미니시리즈,2.05599,1.123,1.25883,0.70382,0.52768,3.73655,3.28696,0.43357,1.24632,1.34581,1.10797,0.68822,5.98822,3.6947,"최천중역:박시후,봉련역:고성희,흥선대원군이하응역:전광렬,채인규역:성혁,김병운역:김승수,김좌근역:차광수,나합역:윤아정,김병학역:한재영,조대비역:김보연,철종역:정욱,이하전역:이루,명성황후민자영역:박정연,고종이재황역:박상훈,용팔룡역:조복래,주모역:김주령,적도사진상역:한동규,팽구철역:노형욱,만석역:박노식,연치성역:임현수,반달역:왕빛나,임종사관역:허태희,최천중어린시절역:강태우,봉련어린시절역:홍승희,채인규어린시절역:최정우,상복역:허성태,민승호역:이해우,저자이병주,출판그림같은세상2020.08.28.,e북무료판매처 1건"
20200620,tvN,141638,153523,아는건별로없지만가족입니다,,5회,전국,011845,드라마&영화,드라마,미니시리즈,0.61146,0.69598,0.39986,0.62232,0.64282,0.69603,0.37417,1.01178,0.36478,1.0773,0.56461,1.71175,0.88908,0.72047,"김은희역:한예리,박찬혁역:김지석,김은주역:추자현,김상식역:정진영,이진숙역:원미경,김지우역:신재하,임건주역:신동욱,윤태형역:김태훈,젊은상식역:한준우,젊은진숙역:조아영,유선일역:서상원,안효석역:이종원,서경옥역:가득희,윤서영역:혜정,전하라역:배윤경,유민우역:권율"
20200620,tvN,155235,171006,아는건별로없지만가족입니다,,6회,전국,011731,드라마&영화,드라마,미니시리즈,0.73012,0.15163,0.27114,0.36737,0.95698,0.67737,0.71151,0.69515,0.37741,1.05105,0.58954,2.6354,1.57587,1.1943,"김은희역:한예리,박찬혁역:김지석,김은주역:추자현,김상식역:정진영,이진숙역:원미경,김지우역:신재하,임건주역:신동욱,윤태형역:김태훈,젊은상식역:한준우,젊은진숙역:조아영,유선일역:서상원,안효석역:이종원,서경옥역:가득희,윤서영역:혜정,전하라역:배윤경,유민우역:권율"
20200620,tvN,211231,222657,사이코지만괜찮아,,1회,전국,011426,드라마&영화,드라마,미니시리즈,1.93968,1.89229,1.8898,1.57616,2.89808,3.98378,2.99192,0.67394,3.36473,3.07671,2.87839,6.78709,6.77953,3.65428,"문강태역:김수현,고문영역:서예지,문상태역:오정세,남주리역:박규영,이상인역:김주헌,조재수역:강기둥,오지왕역:김창완,강순덕역:김미경,박행자역:장영남,선별역:장규리,권민석역:서준,오차용역:최우성,고대환역:이얼,간필옹역:김기천,주정태역:정재광,이아름역:지혜원,박옥란역:강지은,유선해역:주인영,강은자역:배해선,유승재역:박진주,문강태어린시절역:문우진,고문영어린시절역:김수인,권기도역:곽동연,훈남CEO역:최다니엘"
20200620,tvN,240738,252341,사이코지만괜찮아,,1회,전국,011603,드라마&영화,드라마,미니시리즈,1.00966,0.347,0.78313,0.69278,0.57792,0.91688,0.29063,0.32767,0.06528,0.82784,1.57518,1.45012,0.64325,0.47071,"문강태역:김수현,고문영역:서예지,문상태역:오정세,남주리역:박규영,이상인역:김주헌,조재수역:강기둥,오지왕역:김창완,강순덕역:김미경,박행자역:장영남,선별역:장규리,권민석역:서준,오차용역:최우성,고대환역:이얼,간필옹역:김기천,주정태역:정재광,이아름역:지혜원,박옥란역:강지은,유선해역:주인영,강은자역:배해선,유승재역:박진주,문강태어린시절역:문우진,고문영어린시절역:김수인,권기도역:곽동연,훈남CEO역:최다니엘"
20200620,국방TV,210035,212832,바람은불어도,,111회,전국,002757,드라마&영화,드라마,미니시리즈,0,0,0,0,0,0,0,0,0,0,0,0,0,0,"최수종,유호정,윤손하,송나영,송기윤,나문희"
20200620,국방TV,213018,215853,바람은불어도,,112회,전국,002835,드라마&영화,드라마,미니시리즈,0,0,0,0,0.01273,0,0,0,0,0,0,0.01119,0.02794,0.00997,"최수종,유호정,윤손하,송나영,송기윤,나문희"
20200620,국방TV,240036,242833,바람은불어도,,111회,전국,002757,드라마&영화,드라마,미니시리즈,0,0,0,0,0,0,0,0,0,0,0,0,0,0.00305,"최수종,유호정,윤손하,송나영,송기윤,나문희"
20200620,국방TV,243018,245853,바람은불어도,,112회,전국,002835,드라마&영화,드라마,미니시리즈,0,0,0,0,0,0,0,0,0,0,0,0,0,0,"최수종,유호정,윤손하,송나영,송기윤,나문희"
20200620,국방TV,250035,252417,바람은불어도,,113회,전국,002342,드라마&영화,드라마,미니시리즈,0,0,0,0,0,0,0,0,0,0,0,0,0,0,"최수종,유호정,윤손하,송나영,송기윤,나문희"
20200620,국방TV,252956,255857,바람은불어도,,114회,전국,002901,드라마&영화,드라마,미니시리즈,0,0,0,0,0,0,0,0,0,0,0,0,0,0,"최수종,유호정,윤손하,송나영,송기윤,나문희"
20200620,OCN Movies,072115,082620,번외수사,,7회,전국,010505,드라마&영화,드라마,미니시리즈,0.49502,0.13758,0,0.25401,0.1347,0.06578,0.00953,0,0,0,0.07345,0.17267,0.22453,0.02463,"진강호역:차태현,강무영역:이선빈,이반석역:정상훈,테디정역:윤경호,탁원역:지승현,민대진역:박정우,맨손역:박태산,연장역:장진희,지수철역:이영석,노순이역:민경옥"
20200620,OCN Movies,084537,095256,번외수사,,8회,전국,010719,드라마&영화,드라마,미니시리즈,0.21131,0,0,0.27614,0.44763,0.24888,0.157,0,0,0,0.13147,0.16455,0.41108,0.2272,"진강호역:차태현,강무영역:이선빈,이반석역:정상훈,테디정역:윤경호,탁원역:지승현,민대진역:박정우,맨손역:박태산,연장역:장진희,지수철역:이영석,노순이역:민경옥"
20200620,AXN,061857,072133,완전한사랑,,15회,전국,010236,드라마&영화,드라마,주간연속극,0,0,0,0,0,0,0.04681,0,0,0.00612,0,0,0.00993,0.02736,"박시우역:차인표,하영애역:김희애,문지나역:이승연,박회장역:김성원,장혜자역:강부자"
20200620,AXN,073850,084151,완전한사랑,,16회,전국,010301,드라마&영화,드라마,주간연속극,0,0.00646,0,0,0.01202,0.01959,0.09865,0,0.01676,0,0.00349,0,0.04461,0.11953,"박시우역:차인표,하영애역:김희애,문지나역:이승연,박회장역:김성원,장혜자역:강부자"
20200620,AXN,134016,144320,완전한사랑,,15회,전국,010304,드라마&영화,드라마,주간연속극,0,0,0,0,0.00802,0,0.00305,0,0,0,0,0.00209,0.03871,0.01142,"박시우역:차인표,하영애역:김희애,문지나역:이승연,박회장역:김성원,장혜자역:강부자"
20200620,AXN,150040,160424,완전한사랑,,16회,전국,010344,드라마&영화,드라마,주간연속극,0,0,0.01673,0,0,0.05581,0.02221,0,0,0.0206,0.02,0,0.04081,0.0274,"박시우역:차인표,하영애역:김희애,문지나역:이승연,박회장역:김성원,장혜자역:강부자"
20200620,AXN,212421,222710,완전한사랑,,15회,전국,010249,드라마&영화,드라마,주간연속극,0,0,0,0,0.00117,0.00824,0.03832,0,0.01438,0,0,0.01275,0,0.05059,"박시우역:차인표,하영애역:김희애,문지나역:이승연,박회장역:김성원,장혜자역:강부자"
20200620,AXN,224040,234354,완전한사랑,,16회,전국,010314,드라마&영화,드라마,주간연속극,0,0,0,0,0,0.02751,0.1223,0,0.19411,0.09737,0,0.02803,0.07832,0.13207,"박시우역:차인표,하영애역:김희애,문지나역:이승연,박회장역:김성원,장혜자역:강부자"
20200620,CHING,020000,023101,이산,,23회,전국,003101,드라마&영화,드라마,주간연속극,0,0,0,0,0,0,0,0,0,0,0,0,0,0,"정조이산역:이서진,성송연역:한지민,영조역:이순재,정순왕후역:김여진,화완옹주역:성현아,정후겸역:조연우,박대수역:이종수,효의왕후역:박은혜,혜경궁홍씨역:견미리,사도세자역:이창훈,홍국영역:한상진,최석주역:조경환,채제공역:한인수,정약용역:송창의,장태우역:이재용,민주식역:정호근,박제가역:정재곤,남사초역:맹상훈,박달호역:이희도,김정금상궁역:김소이,강미비상궁역:이숙,원빈홍씨역:지성원,화빈윤씨역:유연지,박영문역:신국,초비역:이도은,이천역:지상렬,탁지수역:유민혁,이산어린시절역:박지빈,성송연어린시절역:이한나,박대수어린시절역:권오민,정후겸어린시절역:이인성"
20200620,CHING,024609,035318,이산,,24회,전국,010709,드라마&영화,드라마,주간연속극,0,0.01263,0.05223,0,0.00853,0.02353,0.00163,0,0,0,0.00745,0.08547,0.10918,0.02651,"정조이산역:이서진,성송연역:한지민,영조역:이순재,정순왕후역:김여진,화완옹주역:성현아,정후겸역:조연우,박대수역:이종수,효의왕후역:박은혜,혜경궁홍씨역:견미리,사도세자역:이창훈,홍국영역:한상진,최석주역:조경환,채제공역:한인수,정약용역:송창의,장태우역:이재용,민주식역:정호근,박제가역:정재곤,남사초역:맹상훈,박달호역:이희도,김정금상궁역:김소이,강미비상궁역:이숙,원빈홍씨역:지성원,화빈윤씨역:유연지,박영문역:신국,초비역:이도은,이천역:지상렬,탁지수역:유민혁,이산어린시절역:박지빈,성송연어린시절역:이한나,박대수어린시절역:권오민,정후겸어린시절역:이인성"
20200620,CNTV,032835,040000,녹두꽃,,19회,전국,003125,드라마&영화,드라마,미니시리즈,0,0.02133,0,0,0,0,0,0,0,0,0.14016,0.0079,0,0,"백이강역:조정석,백이현역:윤시윤,송자인역:한예리,전봉준역:최무성,백가역:박혁권,최덕기역:김상호,황석주역:최원영,채씨역:황영희,백이화역:백은혜,유월이역:서영희,남서방역:정선철,최경선역:민성욱,해승역:안길강,버들이역:노행하,번개역:병헌,동록개역:정규수,김가역:박지환,김개남역:김정호,손화중역:홍우진,송희옥역:이태검,황명심역:박규영,홍가역:조희봉,억쇠역:조현식,철두역:김도연,박원명역:김하균,송봉길역:박지일,김당손역:문원주,김문현역:이순원,김학진역:남문철,홍계훈역:윤서현,이규태역:손우현,이두황역:서종봉,대원군역:전국환,민비역:김지현,고종역:이윤건,조병갑역:장광,이용태역:이정헌,최시형역:전무송,다케다요스케역:이기찬,김홍집역:황만익"
20200620,CNTV,040025,042755,녹두꽃,,20회,전국,002730,드라마&영화,드라마,미니시리즈,0,0,0,0,0,0,0,0,0,0,0,0,0.00871,0,"백이강역:조정석,백이현역:윤시윤,송자인역:한예리,전봉준역:최무성,백가역:박혁권,최덕기역:김상호,황석주역:최원영,채씨역:황영희,백이화역:백은혜,유월이역:서영희,남서방역:정선철,최경선역:민성욱,해승역:안길강,버들이역:노행하,번개역:병헌,동록개역:정규수,김가역:박지환,김개남역:김정호,손화중역:홍우진,송희옥역:이태검,황명심역:박규영,홍가역:조희봉,억쇠역:조현식,철두역:김도연,박원명역:김하균,송봉길역:박지일,김당손역:문원주,김문현역:이순원,김학진역:남문철,홍계훈역:윤서현,이규태역:손우현,이두황역:서종봉,대원군역:전국환,민비역:김지현,고종역:이윤건,조병갑역:장광,이용태역:이정헌,최시형역:전무송,다케다요스케역:이기찬,김홍집역:황만익"
20200620,CNTV,071500,080656,광개토태왕,,79회,전국,005156,드라마&영화,드라마,주말연속극,0,0,0,0,0,0.09521,0.10495,0,0,0.00655,0.0477,0,0.03499,0.11386,"담덕역:이태곤,고운역:김승수,모용보역:임호,도영역:오지은,연살타역:홍경인,약연역:이인혜,고무역:김진태,고창역:남성진,모두영역:이원발,모두루역:임대호,모용수역:김동현,풍발역:정호근,개연수역:최동준,가라지역:오욱철,연도부역:반석진,계필역:선동혁,이영역:최상훈,담망역:정태우,이련역:송용태,고야역:이보희,담주역:조안,설도안역:김규철,설지역:김정화,마수역:고인범,여소이역:임병기,돌비수역:김정현,갈사무역:강신조,도광역:박승호,소모역:강지후,여문역:나주석,모용희역:조인표,거보역:김덕현,무갑역:유종근,여석개역:방형주,황회역:김명수,원봉역:박유승,하무지역:윤승원,사갈현역:김철기,아신역:박정철"
20200620,CNTV,081553,090709,광개토태왕,,80회,전국,005116,드라마&영화,드라마,주말연속극,0,0,0,0,0,0,0.47983,0,0,0,0.0054,0,0.00597,0.2287,"담덕역:이태곤,고운역:김승수,모용보역:임호,도영역:오지은,연살타역:홍경인,약연역:이인혜,고무역:김진태,고창역:남성진,모두영역:이원발,모두루역:임대호,모용수역:김동현,풍발역:정호근,개연수역:최동준,가라지역:오욱철,연도부역:반석진,계필역:선동혁,이영역:최상훈,담망역:정태우,이련역:송용태,고야역:이보희,담주역:조안,설도안역:김규철,설지역:김정화,마수역:고인범,여소이역:임병기,돌비수역:김정현,갈사무역:강신조,도광역:박승호,소모역:강지후,여문역:나주석,모용희역:조인표,거보역:김덕현,무갑역:유종근,여석개역:방형주,황회역:김명수,원봉역:박유승,하무지역:윤승원,사갈현역:김철기,아신역:박정철"
20200620,CNTV,102949,113513,에덴의동쪽,,53회,전국,010524,드라마&영화,드라마,주간연속극,0,0,0,0,0,0.01859,0.26048,0,0,0.00104,0,0.17472,0.02011,0.18955,"이동철역:송승헌,이동욱역:연정훈,민혜린역:이다해,지현역:한지혜,신명훈역:박해진,국영란역:이연희,기순역:전소민,혜령역:정소영,제니스역:정혜영,마이크역:데니스오,백성현역:박성웅,미애역:신은정,신태환역:조민기,지현어린시절역:남지현"
20200620,CNTV,115007,125527,각시탈,,25회,전국,010520,드라마&영화,드라마,미니시리즈,0,0,0,0,0.40684,0.01193,0.3405,0,0,0.07454,0,0.02335,0.05114,0.20256,"이강토역:주원,목단역:진세연,기무라슌지역:박기웅,채홍주역:한채아,이강산역:신현준,한씨역:송옥숙,이선역:이일재,백건역:전현,담사리역:전노민,조단장역:손병호,오동년역:이경실,신난다역:이병준,선화역:손여은,계순역:서윤아,기무라타로역:천호진,기무라켄지역:박주형,우에노히데키역:전국환,가츠야마준역:안형준,이화경역:김정난,미나미타마오역:최대훈,콘노고지역:김응수,아베신지역:윤봉길,고이소타다노부역:윤진호,타샤역:지서윤,봉실장역:백재진,메리역:장준유,노상엽역:이재원,최명섭역:권태원,우병준역:김규철,이시용역:안석환,박인삼역:김태영,조영근역:고인범,긴페이가토역:브루스칸,박성모역:방중현,수지역:오은호,제니역:양희윤,안나역:반민정,득수역:김방원,진홍역:정은별,무라야마요시오역:김명수,양백역:김명곤,동진역:박성웅,심순이역:이슬비,송기자역:최대철,카카와역:최웅,안섭역:지민,타케다산상역:이주현,민규역:박보검,카네코역:한수아"
20200620,CNTV,131228,141546,바람과구름과비,,8회,전국,010318,드라마&영화,드라마,미니시리즈,0,0.14461,0.02654,0.04683,0,0.16973,0.32325,0,0,0.01497,0.12198,0.1104,0.13126,0.30186,"최천중역:박시후,봉련역:고성희,흥선대원군이하응역:전광렬,채인규역:성혁,김병운역:김승수,김좌근역:차광수,나합역:윤아정,김병학역:한재영,조대비역:김보연,철종역:정욱,이하전역:이루,명성황후민자영역:박정연,고종이재황역:박상훈,용팔룡역:조복래,주모역:김주령,적도사진상역:한동규,팽구철역:노형욱,만석역:박노식,연치성역:임현수,반달역:왕빛나,임종사관역:허태희,최천중어린시절역:강태우,봉련어린시절역:홍승희,채인규어린시절역:최정우,상복역:허성태,민승호역:이해우,저자이병주,출판그림같은세상2020.08.28.,e북무료판매처 1건"
20200620,CNTV,164432,173657,광개토태왕,,79회,전국,005225,드라마&영화,드라마,주말연속극,0,0,0.27981,0.00488,0.08926,0.26506,0.25027,0,0,0.00416,0,0.04546,0.2113,0.04766,"담덕역:이태곤,고운역:김승수,모용보역:임호,도영역:오지은,연살타역:홍경인,약연역:이인혜,고무역:김진태,고창역:남성진,모두영역:이원발,모두루역:임대호,모용수역:김동현,풍발역:정호근,개연수역:최동준,가라지역:오욱철,연도부역:반석진,계필역:선동혁,이영역:최상훈,담망역:정태우,이련역:송용태,고야역:이보희,담주역:조안,설도안역:김규철,설지역:김정화,마수역:고인범,여소이역:임병기,돌비수역:김정현,갈사무역:강신조,도광역:박승호,소모역:강지후,여문역:나주석,모용희역:조인표,거보역:김덕현,무갑역:유종근,여석개역:방형주,황회역:김명수,원봉역:박유승,하무지역:윤승원,사갈현역:김철기,아신역:박정철"
20200620,CNTV,175402,184518,광개토태왕,,80회,전국,005116,드라마&영화,드라마,주말연속극,0.03597,0,0.40648,0,0.15473,0.5317,0.70858,0,0.01152,0,0,0.36254,0.19063,0.13104,"담덕역:이태곤,고운역:김승수,모용보역:임호,도영역:오지은,연살타역:홍경인,약연역:이인혜,고무역:김진태,고창역:남성진,모두영역:이원발,모두루역:임대호,모용수역:김동현,풍발역:정호근,개연수역:최동준,가라지역:오욱철,연도부역:반석진,계필역:선동혁,이영역:최상훈,담망역:정태우,이련역:송용태,고야역:이보희,담주역:조안,설도안역:김규철,설지역:김정화,마수역:고인범,여소이역:임병기,돌비수역:김정현,갈사무역:강신조,도광역:박승호,소모역:강지후,여문역:나주석,모용희역:조인표,거보역:김덕현,무갑역:유종근,여석개역:방형주,황회역:김명수,원봉역:박유승,하무지역:윤승원,사갈현역:김철기,아신역:박정철"
20200620,CNTV,190127,200651,에덴의동쪽,,53회,전국,010524,드라마&영화,드라마,주간연속극,0,0.0044,0,0.00235,0.00703,0,0.19296,0,0.00384,0,0.00258,0.00494,0.15027,0.48511,"이동철역:송승헌,이동욱역:연정훈,민혜린역:이다해,지현역:한지혜,신명훈역:박해진,국영란역:이연희,기순역:전소민,혜령역:정소영,제니스역:정혜영,마이크역:데니스오,백성현역:박성웅,미애역:신은정,신태환역:조민기,지현어린시절역:남지현"
20200620,CNTV,202245,212805,각시탈,,25회,전국,010520,드라마&영화,드라마,미니시리즈,0,0,0.01251,0.02301,0.10431,0.06501,0.14078,0,0,0,0,0.01398,0.03315,0.40925,"이강토역:주원,목단역:진세연,기무라슌지역:박기웅,채홍주역:한채아,이강산역:신현준,한씨역:송옥숙,이선역:이일재,백건역:전현,담사리역:전노민,조단장역:손병호,오동년역:이경실,신난다역:이병준,선화역:손여은,계순역:서윤아,기무라타로역:천호진,기무라켄지역:박주형,우에노히데키역:전국환,가츠야마준역:안형준,이화경역:김정난,미나미타마오역:최대훈,콘노고지역:김응수,아베신지역:윤봉길,고이소타다노부역:윤진호,타샤역:지서윤,봉실장역:백재진,메리역:장준유,노상엽역:이재원,최명섭역:권태원,우병준역:김규철,이시용역:안석환,박인삼역:김태영,조영근역:고인범,긴페이가토역:브루스칸,박성모역:방중현,수지역:오은호,제니역:양희윤,안나역:반민정,득수역:김방원,진홍역:정은별,무라야마요시오역:김명수,양백역:김명곤,동진역:박성웅,심순이역:이슬비,송기자역:최대철,카카와역:최웅,안섭역:지민,타케다산상역:이주현,민규역:박보검,카네코역:한수아"
20200620,CNTV,214356,224658,바람과구름과비,,8회,전국,010302,드라마&영화,드라마,미니시리즈,0,0,0.04205,0.0012,0.00305,0.1255,0.1054,0,0,0,0,0.10872,0.07453,0.1661,"최천중역:박시후,봉련역:고성희,흥선대원군이하응역:전광렬,채인규역:성혁,김병운역:김승수,김좌근역:차광수,나합역:윤아정,김병학역:한재영,조대비역:김보연,철종역:정욱,이하전역:이루,명성황후민자영역:박정연,고종이재황역:박상훈,용팔룡역:조복래,주모역:김주령,적도사진상역:한동규,팽구철역:노형욱,만석역:박노식,연치성역:임현수,반달역:왕빛나,임종사관역:허태희,최천중어린시절역:강태우,봉련어린시절역:홍승희,채인규어린시절역:최정우,상복역:허성태,민승호역:이해우,저자이병주,출판그림같은세상2020.08.28.,e북무료판매처 1건"
20200620,CNTV,251114,255959,광개토태왕,,79회,전국,004845,드라마&영화,드라마,주말연속극,0,0.03458,0.0559,0,0.02591,0.25752,0.00828,0,0,0,0,0,0.02911,0.04436,"담덕역:이태곤,고운역:김승수,모용보역:임호,도영역:오지은,연살타역:홍경인,약연역:이인혜,고무역:김진태,고창역:남성진,모두영역:이원발,모두루역:임대호,모용수역:김동현,풍발역:정호근,개연수역:최동준,가라지역:오욱철,연도부역:반석진,계필역:선동혁,이영역:최상훈,담망역:정태우,이련역:송용태,고야역:이보희,담주역:조안,설도안역:김규철,설지역:김정화,마수역:고인범,여소이역:임병기,돌비수역:김정현,갈사무역:강신조,도광역:박승호,소모역:강지후,여문역:나주석,모용희역:조인표,거보역:김덕현,무갑역:유종근,여석개역:방형주,황회역:김명수,원봉역:박유승,하무지역:윤승원,사갈현역:김철기,아신역:박정철"
20200620,DRAMAcube,165241,180008,굿캐스팅,,15회,전국,010727,드라마&영화,드라마,미니시리즈,0,0,0.01219,0.10994,0,0.02385,0.11137,0,0,0,0,0.17164,0.01643,0.13123,"백찬미역:최강희,윤석호역:이상엽,임예은역:유인영,황미순역:김지영,강우원역:이준영,동관수역:이종혁,서국환역:정인기,배무혁역:박경순,간태희역:황보미,명계철역:우현,탁상기역:이상훈,옥철역:김용희,변우석역:허재호,구비서역:한수진,설영훈역:조영훈,심화란역:차수연,남봉만역:이승형,남주연역:김보윤,피철웅역:배진웅,권민석역:성혁,권소희역:노하연"
20200620,DRAMAcube,181700,192539,굿캐스팅,,16회,전국,010839,드라마&영화,드라마,미니시리즈,0,0,0.10153,0.06258,0.02409,0.06066,0.10061,0,0,0.02449,0.18369,0.15317,0.17082,0.21508,"백찬미역:최강희,윤석호역:이상엽,임예은역:유인영,황미순역:김지영,강우원역:이준영,동관수역:이종혁,서국환역:정인기,배무혁역:박경순,간태희역:황보미,명계철역:우현,탁상기역:이상훈,옥철역:김용희,변우석역:허재호,구비서역:한수진,설영훈역:조영훈,심화란역:차수연,남봉만역:이승형,남주연역:김보윤,피철웅역:배진웅,권민석역:성혁,권소희역:노하연"
20200620,DramaH,085012,095625,번외수사,,5회,전국,010613,드라마&영화,드라마,미니시리즈,0,0.07713,0,0.00267,0.11729,0.01962,0.16114,0,0,0,0.01253,0.01623,0.00921,0.09799,"진강호역:차태현,강무영역:이선빈,이반석역:정상훈,테디정역:윤경호,탁원역:지승현,민대진역:박정우,맨손역:박태산,연장역:장진희,지수철역:이영석,노순이역:민경옥"
20200620,DramaH,101444,111501,번외수사,,6회,전국,010017,드라마&영화,드라마,미니시리즈,0,0.01543,0.00207,0.00494,0,0.12132,0.06601,0,0,0,0.01571,0.00775,0,0.1128,"진강호역:차태현,강무영역:이선빈,이반석역:정상훈,테디정역:윤경호,탁원역:지승현,민대진역:박정우,맨손역:박태산,연장역:장진희,지수철역:이영석,노순이역:민경옥"
20200620,DramaH,113512,124127,터널,,5회,전국,010615,드라마&영화,드라마,미니시리즈,0,0,0.00188,0.005,0.00371,0.13612,0.06087,0,0,0,0.07501,0.18441,0.11418,0.06362,"박광호역:최진혁,김선재역:윤현민,신재이역:이유영,전성식역:조희봉,곽태희역:김병철,송민하역:강기영,신연숙역:이시아,목진우역:김민상,오기자역:양주호,박광호역:차학연,홍혜원역:문숙,오기사역:양주호,정호영역:허성태,유옥희역:이용녀,전성식젊은시절역:김동영,정호영어린시절역:함성민,목진우젊은시절역:노태엽"
20200620,DramaH,125938,140502,터널,,6회,전국,010524,드라마&영화,드라마,미니시리즈,0,0.00835,0,0.00959,0,0.09755,0.00708,0,0,0,0,0.19817,0.1126,0.01373,"박광호역:최진혁,김선재역:윤현민,신재이역:이유영,전성식역:조희봉,곽태희역:김병철,송민하역:강기영,신연숙역:이시아,목진우역:김민상,오기자역:양주호,박광호역:차학연,홍혜원역:문숙,오기사역:양주호,정호영역:허성태,유옥희역:이용녀,전성식젊은시절역:김동영,정호영어린시절역:함성민,목진우젊은시절역:노태엽"
20200620,DramaH,142513,152634,터널,,7회,전국,010121,드라마&영화,드라마,미니시리즈,0.01413,0,0.12535,0.01509,0.02416,0.10342,0.01705,0,0,0,0.32051,0.15917,0.11628,0.04317,"박광호역:최진혁,김선재역:윤현민,신재이역:이유영,전성식역:조희봉,곽태희역:김병철,송민하역:강기영,신연숙역:이시아,목진우역:김민상,오기자역:양주호,박광호역:차학연,홍혜원역:문숙,오기사역:양주호,정호영역:허성태,유옥희역:이용녀,전성식젊은시절역:김동영,정호영어린시절역:함성민,목진우젊은시절역:노태엽"
20200620,DramaH,154530,165058,터널,,8회,전국,010528,드라마&영화,드라마,미니시리즈,0,0.01244,0.13968,0.00125,0.30965,0.20751,0.13024,0,0.02258,0,0.00848,0.30895,0.19894,0.20177,"박광호역:최진혁,김선재역:윤현민,신재이역:이유영,전성식역:조희봉,곽태희역:김병철,송민하역:강기영,신연숙역:이시아,목진우역:김민상,오기자역:양주호,박광호역:차학연,홍혜원역:문숙,오기사역:양주호,정호영역:허성태,유옥희역:이용녀,전성식젊은시절역:김동영,정호영어린시절역:함성민,목진우젊은시절역:노태엽"
20200620,DramaH,230014,240741,굿캐스팅,,15회,전국,010727,드라마&영화,드라마,미니시리즈,0.00899,0,0,0,0,0.2958,0.00673,0,0.00288,0,0.31486,0.00828,0.06933,0.03469,"백찬미역:최강희,윤석호역:이상엽,임예은역:유인영,황미순역:김지영,강우원역:이준영,동관수역:이종혁,서국환역:정인기,배무혁역:박경순,간태희역:황보미,명계철역:우현,탁상기역:이상훈,옥철역:김용희,변우석역:허재호,구비서역:한수진,설영훈역:조영훈,심화란역:차수연,남봉만역:이승형,남주연역:김보윤,피철웅역:배진웅,권민석역:성혁,권소희역:노하연"
20200620,DramaH,242515,252517,번외수사,,6회,전국,010002,드라마&영화,드라마,미니시리즈,0,0.0055,0,0,0.00237,0.10521,0.0052,0.0073,0,0,0.03297,0.0011,0,0.04988,"진강호역:차태현,강무영역:이선빈,이반석역:정상훈,테디정역:윤경호,탁원역:지승현,민대진역:박정우,맨손역:박태산,연장역:장진희,지수철역:이영석,노순이역:민경옥"
20200620,DramaH,253936,255959,번외수사,,7회,전국,002023,드라마&영화,드라마,미니시리즈,0,0,0,0.0381,0,0.06181,0.00514,0,0,0,0,0.0493,0,0.04768,"진강호역:차태현,강무영역:이선빈,이반석역:정상훈,테디정역:윤경호,탁원역:지승현,민대진역:박정우,맨손역:박태산,연장역:장진희,지수철역:이영석,노순이역:민경옥"
20200620,Dramax,023726,034107,궁중잔혹사꽃들의전쟁,,17회,전국,010341,드라마&영화,드라마,주말연속극,0,0,0,0.00572,0,0,0.01764,0,0,0,0,0.21264,0.00361,0.01466,"소용조씨역:김현주,인조역:이덕화,민회빈강씨역:송선미,김자점역:정성모,소현세자역:정성운,봉림대군역:김주영,장렬왕후조씨역:고원희,남혁역:전태수,설죽역:서이숙,박숙의역:이서연,유덕역:이설희,소용조씨어린시절역:이채미,이형익역:손병호,심기원역:김규철,김인역:우현,한옥역:정선경,장귀인역:이혜은,이상궁역:연미주,김상궁역:엄유신,언년역:정유민"
20200620,Dramax,035245,045553,궁중잔혹사꽃들의전쟁,,18회,전국,010308,드라마&영화,드라마,주말연속극,0,0,0,0,0,0,0,0,0,0,0,0.06667,0.04355,0.01442,"소용조씨역:김현주,인조역:이덕화,민회빈강씨역:송선미,김자점역:정성모,소현세자역:정성운,봉림대군역:김주영,장렬왕후조씨역:고원희,남혁역:전태수,설죽역:서이숙,박숙의역:이서연,유덕역:이설희,소용조씨어린시절역:이채미,이형익역:손병호,심기원역:김규철,김인역:우현,한옥역:정선경,장귀인역:이혜은,이상궁역:연미주,김상궁역:엄유신,언년역:정유민"
20200620,Dramax,231529,242037,너의목소리가들려,,17회,전국,010508,드라마&영화,드라마,미니시리즈,0,0,0.00206,0.00385,0,0.04089,0.02133,0.10533,0.03088,0.35112,0.0295,0.29785,0.15477,0,"장혜성역:이보영,박수하역:이종석,차관우역:윤상현,서도연역:이다희,어춘심역:김해숙,민준국역:정웅인,신상덕역:윤주상,서대석역:정동환,김공숙역:김광규,황달중역:김병옥,고성빈역:김가은,최유창역:최성준,김충기역:박두식,박주혁역:조덕현,도연엄마역:장희수,어린장혜성역:김소현,어린박수하역:구승현,어린서도연역:정민아,정필재역:한기원,정필승역:한기웅,변호사역:소이현,형사역:김성균,문동희역:김수연,최윤역:김민종,고아원입양담당자역:안문숙,엄기준역:엄기준,백화점손님역:안영미,경찰역:정만식,소매치기역:강남"
20200620,Dramax,243430,254029,너의목소리가들려,,18회,전국,010559,드라마&영화,드라마,미니시리즈,0,0,0,0.00549,0,0.07751,0,0,0,0.23863,0,0.07791,0.20389,0.05485,"장혜성역:이보영,박수하역:이종석,차관우역:윤상현,서도연역:이다희,어춘심역:김해숙,민준국역:정웅인,신상덕역:윤주상,서대석역:정동환,김공숙역:김광규,황달중역:김병옥,고성빈역:김가은,최유창역:최성준,김충기역:박두식,박주혁역:조덕현,도연엄마역:장희수,어린장혜성역:김소현,어린박수하역:구승현,어린서도연역:정민아,정필재역:한기원,정필승역:한기웅,변호사역:소이현,형사역:김성균,문동희역:김수연,최윤역:김민종,고아원입양담당자역:안문숙,엄기준역:엄기준,백화점손님역:안영미,경찰역:정만식,소매치기역:강남"
20200620,Dramax,255437,255959,궁중잔혹사꽃들의전쟁,,19회,전국,000522,드라마&영화,드라마,주말연속극,0,0,0,0,0,0,0,0,0,0,0,0,0.08127,0.05141,"소용조씨역:김현주,인조역:이덕화,민회빈강씨역:송선미,김자점역:정성모,소현세자역:정성운,봉림대군역:김주영,장렬왕후조씨역:고원희,남혁역:전태수,설죽역:서이숙,박숙의역:이서연,유덕역:이설희,소용조씨어린시절역:이채미,이형익역:손병호,심기원역:김규철,김인역:우현,한옥역:정선경,장귀인역:이혜은,이상궁역:연미주,김상궁역:엄유신,언년역:정유민"
20200620,E채널,131159,141449,닥터스,,1회,전국,010250,드라마&영화,드라마,주간연속극,0,0.08679,0.32426,0.10961,0.55719,0.3333,0.11444,0.0482,0.51133,0.21035,0.1702,0.74635,0.07465,0.0278,"홍지홍역:김래원,유혜정역:박신혜,정윤도역:윤균상,진서우역:이성경,강말순역:김영애,유민호역:정해균,이가진역:박지아,유유나역:한보배,김수철역:지수,천순희역:문지인,홍두식역:이호재,조인주역:유다인,진성종역:전국환,진명훈역:엄효섭,윤지영역:윤해영,김태호역:장현성,강경준역:김강현,피영국역:백성현,안중대역:조현식,최강수역:김민석,백호민역:정진,정파란역:이선호,황보태양역:최성재,현수진간호사역:표예진,유별간호사역:지이수,조직보스역:이기우,오영미역:정경순,이수정역:임지연,조수지역:한혜진,안성수역:조달환,남바람역:남궁민,예비신랑역:이상엽"
20200620,E채널,142844,153132,닥터스,,2회,전국,010248,드라마&영화,드라마,주간연속극,0,0,0.2232,0.12633,0.0242,0.26671,0.16819,0,0,0.23901,0.04438,0.64053,0.13178,0.076,"홍지홍역:김래원,유혜정역:박신혜,정윤도역:윤균상,진서우역:이성경,강말순역:김영애,유민호역:정해균,이가진역:박지아,유유나역:한보배,김수철역:지수,천순희역:문지인,홍두식역:이호재,조인주역:유다인,진성종역:전국환,진명훈역:엄효섭,윤지영역:윤해영,김태호역:장현성,강경준역:김강현,피영국역:백성현,안중대역:조현식,최강수역:김민석,백호민역:정진,정파란역:이선호,황보태양역:최성재,현수진간호사역:표예진,유별간호사역:지이수,조직보스역:이기우,오영미역:정경순,이수정역:임지연,조수지역:한혜진,안성수역:조달환,남바람역:남궁민,예비신랑역:이상엽"
20200620,E채널,154805,164906,닥터스,,3회,전국,010101,드라마&영화,드라마,주간연속극,0,0,0.06011,0.12547,0.19784,0.04327,0.15401,0,0.05234,0.0057,0.01529,0.11761,0.40134,0.14818,"홍지홍역:김래원,유혜정역:박신혜,정윤도역:윤균상,진서우역:이성경,강말순역:김영애,유민호역:정해균,이가진역:박지아,유유나역:한보배,김수철역:지수,천순희역:문지인,홍두식역:이호재,조인주역:유다인,진성종역:전국환,진명훈역:엄효섭,윤지영역:윤해영,김태호역:장현성,강경준역:김강현,피영국역:백성현,안중대역:조현식,최강수역:김민석,백호민역:정진,정파란역:이선호,황보태양역:최성재,현수진간호사역:표예진,유별간호사역:지이수,조직보스역:이기우,오영미역:정경순,이수정역:임지연,조수지역:한혜진,안성수역:조달환,남바람역:남궁민,예비신랑역:이상엽"
20200620,E채널,170431,180508,닥터스,,4회,전국,010037,드라마&영화,드라마,주간연속극,0.01796,0,0.15045,0.22793,0.0218,0.07633,0.2837,0,0.00891,0.15834,0.16205,0.10304,0.54371,0.18165,"홍지홍역:김래원,유혜정역:박신혜,정윤도역:윤균상,진서우역:이성경,강말순역:김영애,유민호역:정해균,이가진역:박지아,유유나역:한보배,김수철역:지수,천순희역:문지인,홍두식역:이호재,조인주역:유다인,진성종역:전국환,진명훈역:엄효섭,윤지영역:윤해영,김태호역:장현성,강경준역:김강현,피영국역:백성현,안중대역:조현식,최강수역:김민석,백호민역:정진,정파란역:이선호,황보태양역:최성재,현수진간호사역:표예진,유별간호사역:지이수,조직보스역:이기우,오영미역:정경순,이수정역:임지연,조수지역:한혜진,안성수역:조달환,남바람역:남궁민,예비신랑역:이상엽"
20200620,E채널,182228,192323,닥터스,,5회,전국,010055,드라마&영화,드라마,주간연속극,0.01291,0,0.005,0.13185,0.09322,0,0.2314,0,0,0,0.05971,0.12447,0,0.23452,"홍지홍역:김래원,유혜정역:박신혜,정윤도역:윤균상,진서우역:이성경,강말순역:김영애,유민호역:정해균,이가진역:박지아,유유나역:한보배,김수철역:지수,천순희역:문지인,홍두식역:이호재,조인주역:유다인,진성종역:전국환,진명훈역:엄효섭,윤지영역:윤해영,김태호역:장현성,강경준역:김강현,피영국역:백성현,안중대역:조현식,최강수역:김민석,백호민역:정진,정파란역:이선호,황보태양역:최성재,현수진간호사역:표예진,유별간호사역:지이수,조직보스역:이기우,오영미역:정경순,이수정역:임지연,조수지역:한혜진,안성수역:조달환,남바람역:남궁민,예비신랑역:이상엽"
20200620,FOX채널,020000,023656,뷰티인사이드,,7회,전국,003656,드라마&영화,드라마,미니시리즈,0,0,0,0,0,0.23462,0.01284,0,0,0,0,0,0,0.01602,"한세계역:서현진,서도재역:이민기,강사라역:이다희,류은호역:안재현,정주환역:이태리,유우미역:문지인,임정연역:나영희,임회장역:이문수,강대식역:강남길,한숙희역:김희정,채유리역:류화영,이희섭역:김승욱,은호부역:이한위,은호모역:김예령,김이사역:이철민"
20200620,FOX채널,103011,113832,뷰티인사이드,,7회,전국,010821,드라마&영화,드라마,미니시리즈,0.02282,0,0,0,0.00378,0,0.00629,0,0,0,0.00482,0.00545,0,0,"한세계역:서현진,서도재역:이민기,강사라역:이다희,류은호역:안재현,정주환역:이태리,유우미역:문지인,임정연역:나영희,임회장역:이문수,강대식역:강남길,한숙희역:김희정,채유리역:류화영,이희섭역:김승욱,은호부역:이한위,은호모역:김예령,김이사역:이철민"
20200620,FOX채널,141438,152301,뷰티인사이드,,7회,전국,010823,드라마&영화,드라마,미니시리즈,0,0.03841,0,0.02988,0.03072,0.02398,0.04054,0,0,0.0835,0,0.02968,0.03028,0.04534,"한세계역:서현진,서도재역:이민기,강사라역:이다희,류은호역:안재현,정주환역:이태리,유우미역:문지인,임정연역:나영희,임회장역:이문수,강대식역:강남길,한숙희역:김희정,채유리역:류화영,이희섭역:김승욱,은호부역:이한위,은호모역:김예령,김이사역:이철민"
20200620,FOX채널,165815,181207,뷰티인사이드,,8회,전국,011352,드라마&영화,드라마,미니시리즈,0,0,0,0,0.01818,0.12402,0.01004,0,0,0,0,0.04645,0.02294,0.00572,"한세계역:서현진,서도재역:이민기,강사라역:이다희,류은호역:안재현,정주환역:이태리,유우미역:문지인,임정연역:나영희,임회장역:이문수,강대식역:강남길,한숙희역:김희정,채유리역:류화영,이희섭역:김승욱,은호부역:이한위,은호모역:김예령,김이사역:이철민"
20200620,FOX채널,254944,255959,뷰티인사이드,,8회,전국,001015,드라마&영화,드라마,미니시리즈,0,0,0,0,0.00876,0,0,0,0,0,0,0.05842,0,0,"한세계역:서현진,서도재역:이민기,강사라역:이다희,류은호역:안재현,정주환역:이태리,유우미역:문지인,임정연역:나영희,임회장역:이문수,강대식역:강남길,한숙희역:김희정,채유리역:류화영,이희섭역:김승욱,은호부역:이한위,은호모역:김예령,김이사역:이철민"
20200620,JTBC2,110455,120935,쌍갑포차,,9회,전국,010440,드라마&영화,드라마,미니시리즈,0.11289,0,0.01493,0,0.3081,0.07233,0.05145,0,0.06414,0.00069,0.07714,0.15576,0.14139,0.02932,"월주역:황정음,한강배역:육성재,귀반장역:최원영,염부장역:이준혁,강여린역:정다은,최진동역:안태환,송미란역:박하나,박대리역:박주형,김원형역:나인우"
20200620,JTBC2,122512,133025,쌍갑포차,,10회,전국,010513,드라마&영화,드라마,미니시리즈,0.65646,0.11754,0.01692,0.13777,0.13054,0.27479,0.11006,0,0.17751,0.01049,0.35573,0.22398,0.34922,0.12389,"월주역:황정음,한강배역:육성재,귀반장역:최원영,염부장역:이준혁,강여린역:정다은,최진동역:안태환,송미란역:박하나,박대리역:박주형,김원형역:나인우"
20200620,JTBC2,182624,193106,쌍갑포차,,9회,전국,010442,드라마&영화,드라마,미니시리즈,0,0.01884,0.2426,0.22627,0,0.07895,0.03704,0,0.00638,0,0.13732,0.13165,0.2408,0.00446,"월주역:황정음,한강배역:육성재,귀반장역:최원영,염부장역:이준혁,강여린역:정다은,최진동역:안태환,송미란역:박하나,박대리역:박주형,김원형역:나인우"
20200620,JTBC2,194331,204846,쌍갑포차,,10회,전국,010515,드라마&영화,드라마,미니시리즈,0,0.04572,0.03823,0.10419,0.01969,0.06429,0.05064,0,0.03468,0.00524,0.04177,0.11822,0.29173,0.14488,"월주역:황정음,한강배역:육성재,귀반장역:최원영,염부장역:이준혁,강여린역:정다은,최진동역:안태환,송미란역:박하나,박대리역:박주형,김원형역:나인우"
20200620,KBS DRAMA,055354,062759,위험한약속,,52회,전국,003405,드라마&영화,드라마,일일연속극,0,0.04083,0.00383,0.01866,0,0.05038,0.19837,0,0,0.08132,0.10219,0.05926,0.02472,0.55482,"차은동역:박하나,강태인역:고세원,최준혁역:강성민,오혜원역:박영린,한지훈역:이창욱,차만종역:이대연,차은찬역:유준서,공영심역:유지연,봉석구역:현우섭,강일섭역:강신일,연두심역:이칸희,한광훈역:길용우,한서주역:김혜지,최명희역:김나운,고재숙역:윤복인,최영국역:송민형,민주란역:오영실,최준경역:이효나,이창욱역:김정운"
20200620,KBS DRAMA,062806,070159,위험한약속,,53회,전국,003353,드라마&영화,드라마,일일연속극,0,0.46276,0,0,0,0.05656,0.53275,0,0.07282,0.04066,0.54454,0.08602,0.12885,0.76056,"차은동역:박하나,강태인역:고세원,최준혁역:강성민,오혜원역:박영린,한지훈역:이창욱,차만종역:이대연,차은찬역:유준서,공영심역:유지연,봉석구역:현우섭,강일섭역:강신일,연두심역:이칸희,한광훈역:길용우,한서주역:김혜지,최명희역:김나운,고재숙역:윤복인,최영국역:송민형,민주란역:오영실,최준경역:이효나,이창욱역:김정운"
20200620,KBS DRAMA,071251,074656,위험한약속,,54회,전국,003405,드라마&영화,드라마,일일연속극,0,0.46276,0.19336,0.17894,0.0409,0.25264,0.85648,0,0.09853,0,0.31624,0.35381,0.44949,1.20747,"차은동역:박하나,강태인역:고세원,최준혁역:강성민,오혜원역:박영린,한지훈역:이창욱,차만종역:이대연,차은찬역:유준서,공영심역:유지연,봉석구역:현우섭,강일섭역:강신일,연두심역:이칸희,한광훈역:길용우,한서주역:김혜지,최명희역:김나운,고재숙역:윤복인,최영국역:송민형,민주란역:오영실,최준경역:이효나,이창욱역:김정운"
20200620,KBS DRAMA,074703,082101,위험한약속,,55회,전국,003358,드라마&영화,드라마,일일연속극,0,0.56446,0.93244,0.25674,0.06544,0.34293,1.46157,0,0.05569,0.04677,0.47496,0.46672,0.85442,1.61324,"차은동역:박하나,강태인역:고세원,최준혁역:강성민,오혜원역:박영린,한지훈역:이창욱,차만종역:이대연,차은찬역:유준서,공영심역:유지연,봉석구역:현우섭,강일섭역:강신일,연두심역:이칸희,한광훈역:길용우,한서주역:김혜지,최명희역:김나운,고재숙역:윤복인,최영국역:송민형,민주란역:오영실,최준경역:이효나,이창욱역:김정운"
20200620,KBS DRAMA,082108,085503,위험한약속,,56회,전국,003355,드라마&영화,드라마,일일연속극,0,0.51253,1.7416,0.17299,0.26681,0.56537,1.23597,0.06065,0.04583,0.22717,0.41228,0.34647,0.87003,1.70189,"차은동역:박하나,강태인역:고세원,최준혁역:강성민,오혜원역:박영린,한지훈역:이창욱,차만종역:이대연,차은찬역:유준서,공영심역:유지연,봉석구역:현우섭,강일섭역:강신일,연두심역:이칸희,한광훈역:길용우,한서주역:김혜지,최명희역:김나운,고재숙역:윤복인,최영국역:송민형,민주란역:오영실,최준경역:이효나,이창욱역:김정운"
20200620,KBS DRAMA,123128,130941,한번다녀왔습니다,,45회,전국,003813,드라마&영화,드라마,주말연속극,0.47657,0.00346,0.41362,0.10549,0.13991,0.17118,0.22686,0,0.13393,0.21656,0.72773,0.55157,0.3508,0.29997,"송영달역:천호진,장옥분역:차화연,최윤정역:김보연,강초연역:이정은,송나희역:이민정,윤규진역:이상엽,송준선역:오대환,송가희역:오윤아,송다희역:이초희,양치수역:안길강,장옥자역:백지원,성현경역:임정은,윤재석역:이상이,박효신역:기도훈,김지훈역:문우진,이주리역:김소라,김가연역:송다은,건어물역:신미영,꽈배기역:김가영,송서영역:이가연,송서진역:안서연,이정록역:알렉스,유보영역:손성윤,유시후역:송민재,박지연역:신수정,한기영역:강유석,홍성우역:김현목,신혜정역:김미은,심정희역:이상경,오연지역:한봄,오정봉역:오의식,이종수역:장원혁,김승현역:배호근,송이역:김주영,지원역:찬희,이현역:이필모"
20200620,KBS DRAMA,131052,134142,한번다녀왔습니다,,46회,전국,003050,드라마&영화,드라마,주말연속극,0.53347,0,0.29271,0,0.43877,0.08705,0.27396,0.08945,0.05172,0.16522,0.63483,0.16725,0.53297,0.41595,"송영달역:천호진,장옥분역:차화연,최윤정역:김보연,강초연역:이정은,송나희역:이민정,윤규진역:이상엽,송준선역:오대환,송가희역:오윤아,송다희역:이초희,양치수역:안길강,장옥자역:백지원,성현경역:임정은,윤재석역:이상이,박효신역:기도훈,김지훈역:문우진,이주리역:김소라,김가연역:송다은,건어물역:신미영,꽈배기역:김가영,송서영역:이가연,송서진역:안서연,이정록역:알렉스,유보영역:손성윤,유시후역:송민재,박지연역:신수정,한기영역:강유석,홍성우역:김현목,신혜정역:김미은,심정희역:이상경,오연지역:한봄,오정봉역:오의식,이종수역:장원혁,김승현역:배호근,송이역:김주영,지원역:찬희,이현역:이필모"
20200620,KBS DRAMA,135537,143434,한번다녀왔습니다,,47회,전국,003857,드라마&영화,드라마,주말연속극,0.45457,0.00744,0.33294,0.36385,0.31494,0.24208,0.3834,0,0,0.16407,0.54425,0.37386,0.55936,0.93626,"송영달역:천호진,장옥분역:차화연,최윤정역:김보연,강초연역:이정은,송나희역:이민정,윤규진역:이상엽,송준선역:오대환,송가희역:오윤아,송다희역:이초희,양치수역:안길강,장옥자역:백지원,성현경역:임정은,윤재석역:이상이,박효신역:기도훈,김지훈역:문우진,이주리역:김소라,김가연역:송다은,건어물역:신미영,꽈배기역:김가영,송서영역:이가연,송서진역:안서연,이정록역:알렉스,유보영역:손성윤,유시후역:송민재,박지연역:신수정,한기영역:강유석,홍성우역:김현목,신혜정역:김미은,심정희역:이상경,오연지역:한봄,오정봉역:오의식,이종수역:장원혁,김승현역:배호근,송이역:김주영,지원역:찬희,이현역:이필모"
20200620,KBS DRAMA,143544,150606,한번다녀왔습니다,,48회,전국,003022,드라마&영화,드라마,주말연속극,0.45457,0.10642,0.3448,0.53987,0.17148,0.38402,0.50051,0,0,0.23796,0.69712,0.46875,0.52122,1.23054,"송영달역:천호진,장옥분역:차화연,최윤정역:김보연,강초연역:이정은,송나희역:이민정,윤규진역:이상엽,송준선역:오대환,송가희역:오윤아,송다희역:이초희,양치수역:안길강,장옥자역:백지원,성현경역:임정은,윤재석역:이상이,박효신역:기도훈,김지훈역:문우진,이주리역:김소라,김가연역:송다은,건어물역:신미영,꽈배기역:김가영,송서영역:이가연,송서진역:안서연,이정록역:알렉스,유보영역:손성윤,유시후역:송민재,박지연역:신수정,한기영역:강유석,홍성우역:김현목,신혜정역:김미은,심정희역:이상경,오연지역:한봄,오정봉역:오의식,이종수역:장원혁,김승현역:배호근,송이역:김주영,지원역:찬희,이현역:이필모"
20200620,KBS W,021153,024558,위험한약속,,54회,전국,003405,드라마&영화,드라마,일일연속극,0,0,0,0,0,0.00469,0.19871,0,0,0.05532,0,0.00337,0.03117,0.18473,"차은동역:박하나,강태인역:고세원,최준혁역:강성민,오혜원역:박영린,한지훈역:이창욱,차만종역:이대연,차은찬역:유준서,공영심역:유지연,봉석구역:현우섭,강일섭역:강신일,연두심역:이칸희,한광훈역:길용우,한서주역:김혜지,최명희역:김나운,고재숙역:윤복인,최영국역:송민형,민주란역:오영실,최준경역:이효나,이창욱역:김정운"
20200620,KBS W,024605,032005,위험한약속,,55회,전국,003400,드라마&영화,드라마,일일연속극,0,0,0.08811,0.01494,0.08551,0.05093,0.2562,0,0,0.0682,0.00751,0.05196,0.05116,0.31672,"차은동역:박하나,강태인역:고세원,최준혁역:강성민,오혜원역:박영린,한지훈역:이창욱,차만종역:이대연,차은찬역:유준서,공영심역:유지연,봉석구역:현우섭,강일섭역:강신일,연두심역:이칸희,한광훈역:길용우,한서주역:김혜지,최명희역:김나운,고재숙역:윤복인,최영국역:송민형,민주란역:오영실,최준경역:이효나,이창욱역:김정운"
20200620,KBS W,074112,080846,기막힌유산,,42회,전국,002734,드라마&영화,드라마,일일연속극,0,0.01374,0,0,0,0.0015,0.05214,0,0.01434,0,0,0,0,0.04686,"부영배역:박인환,공계옥역:강세정,부설악역:신정윤,부백두역:강신조,윤민주역:이아현,부금강역:남성진,신애리역:김가연,정미희역:박순천,김용미역:이응경,부한라역:박신우,성판금역:조양자,부가온역:김비주,부태희역:김연지,부혜교역:김효경,부지현역:강유라,공소영역:김난주,이장원역:이일준,김수민역:조서후,김종두역:이춘식,차정건역:조순창,이청아역:정서하,손보미역:박민지,김영지역:주민하,강선희역:박현정,천호식역:백신,이정태역:노상보,고향숙역:박소정"
20200620,KBS W,080853,083645,기막힌유산,,43회,전국,002752,드라마&영화,드라마,일일연속극,0,0.21988,0,0,0,0.12301,0.14841,0,0.22936,0.01866,0,0,0.02784,0.08676,"부영배역:박인환,공계옥역:강세정,부설악역:신정윤,부백두역:강신조,윤민주역:이아현,부금강역:남성진,신애리역:김가연,정미희역:박순천,김용미역:이응경,부한라역:박신우,성판금역:조양자,부가온역:김비주,부태희역:김연지,부혜교역:김효경,부지현역:강유라,공소영역:김난주,이장원역:이일준,김수민역:조서후,김종두역:이춘식,차정건역:조순창,이청아역:정서하,손보미역:박민지,김영지역:주민하,강선희역:박현정,천호식역:백신,이정태역:노상보,고향숙역:박소정"
20200620,KBS W,084744,091545,기막힌유산,,44회,전국,002801,드라마&영화,드라마,일일연속극,0,0,0,0,0,0,0.08848,0,0,0.09702,0,0.05842,0.05467,0.00955,"부영배역:박인환,공계옥역:강세정,부설악역:신정윤,부백두역:강신조,윤민주역:이아현,부금강역:남성진,신애리역:김가연,정미희역:박순천,김용미역:이응경,부한라역:박신우,성판금역:조양자,부가온역:김비주,부태희역:김연지,부혜교역:김효경,부지현역:강유라,공소영역:김난주,이장원역:이일준,김수민역:조서후,김종두역:이춘식,차정건역:조순창,이청아역:정서하,손보미역:박민지,김영지역:주민하,강선희역:박현정,천호식역:백신,이정태역:노상보,고향숙역:박소정"
20200620,KBS W,091552,094345,기막힌유산,,45회,전국,002753,드라마&영화,드라마,일일연속극,0,0,0,0,0,0.06992,0.23606,0,0,0,0,0.04798,0.04201,0.05249,"부영배역:박인환,공계옥역:강세정,부설악역:신정윤,부백두역:강신조,윤민주역:이아현,부금강역:남성진,신애리역:김가연,정미희역:박순천,김용미역:이응경,부한라역:박신우,성판금역:조양자,부가온역:김비주,부태희역:김연지,부혜교역:김효경,부지현역:강유라,공소영역:김난주,이장원역:이일준,김수민역:조서후,김종두역:이춘식,차정건역:조순창,이청아역:정서하,손보미역:박민지,김영지역:주민하,강선희역:박현정,천호식역:백신,이정태역:노상보,고향숙역:박소정"
20200620,KBS W,111810,121624,태양의후예,,1회,전국,005814,드라마&영화,드라마,미니시리즈,0,0.02612,0,0,0.05758,0.00871,0.27168,0,0.01295,0.12311,0,0.27405,0.08124,0.18849,"유시진역:송중기,강모연역:송혜교,서대영역:진구,윤명주역:김지원,윤중장역:강신일,박병수역:김병철,최우근역:박훈,공철호역:최웅,임광남역:안보현,김기범역:김민석,송상현역:이승준,하자애역:서정연,이치훈역:온유,최민지역:박환희,표지수역:현쥬니,한석원역:태인호,김은지역:박아인,장희은역:조우리,다니엘스펜서역:조태관,리예화역:전수진,아구스역:데이비드맥기니스,강민재역:이이경,진소장역:조재윤,안정준역:지승현,이한수역:곽민석"
20200620,KBS W,122823,132643,태양의후예,,2회,전국,005820,드라마&영화,드라마,미니시리즈,0,0,0,0.00934,0.01383,0.13206,0.25304,0,0.22403,0.12762,0.0576,0.25432,0,0.18308,"유시진역:송중기,강모연역:송혜교,서대영역:진구,윤명주역:김지원,윤중장역:강신일,박병수역:김병철,최우근역:박훈,공철호역:최웅,임광남역:안보현,김기범역:김민석,송상현역:이승준,하자애역:서정연,이치훈역:온유,최민지역:박환희,표지수역:현쥬니,한석원역:태인호,김은지역:박아인,장희은역:조우리,다니엘스펜서역:조태관,리예화역:전수진,아구스역:데이비드맥기니스,강민재역:이이경,진소장역:조재윤,안정준역:지승현,이한수역:곽민석"
20200620,KBS W,133939,143818,태양의후예,,3회,전국,005839,드라마&영화,드라마,미니시리즈,0,0,0.04867,0,0.08942,0.01343,0.21623,0,0.02764,0.01175,0.01613,0.30198,0.13255,0.21494,"유시진역:송중기,강모연역:송혜교,서대영역:진구,윤명주역:김지원,윤중장역:강신일,박병수역:김병철,최우근역:박훈,공철호역:최웅,임광남역:안보현,김기범역:김민석,송상현역:이승준,하자애역:서정연,이치훈역:온유,최민지역:박환희,표지수역:현쥬니,한석원역:태인호,김은지역:박아인,장희은역:조우리,다니엘스펜서역:조태관,리예화역:전수진,아구스역:데이비드맥기니스,강민재역:이이경,진소장역:조재윤,안정준역:지승현,이한수역:곽민석"
20200620,KBS W,145057,154957,태양의후예,,4회,전국,005900,드라마&영화,드라마,미니시리즈,0.00788,0.01136,0,0,0.00624,0.01257,0.35128,0.00832,0.16304,0,0,0.25975,0.34003,0.39319,"유시진역:송중기,강모연역:송혜교,서대영역:진구,윤명주역:김지원,윤중장역:강신일,박병수역:김병철,최우근역:박훈,공철호역:최웅,임광남역:안보현,김기범역:김민석,송상현역:이승준,하자애역:서정연,이치훈역:온유,최민지역:박환희,표지수역:현쥬니,한석원역:태인호,김은지역:박아인,장희은역:조우리,다니엘스펜서역:조태관,리예화역:전수진,아구스역:데이비드맥기니스,강민재역:이이경,진소장역:조재윤,안정준역:지승현,이한수역:곽민석"
20200620,KBS W,160255,170119,태양의후예,,5회,전국,005824,드라마&영화,드라마,미니시리즈,0,0,0,0,0.07689,0.00565,0.15915,0,0.0645,0.03051,0.00317,0.07775,0.09558,0.24549,"유시진역:송중기,강모연역:송혜교,서대영역:진구,윤명주역:김지원,윤중장역:강신일,박병수역:김병철,최우근역:박훈,공철호역:최웅,임광남역:안보현,김기범역:김민석,송상현역:이승준,하자애역:서정연,이치훈역:온유,최민지역:박환희,표지수역:현쥬니,한석원역:태인호,김은지역:박아인,장희은역:조우리,다니엘스펜서역:조태관,리예화역:전수진,아구스역:데이비드맥기니스,강민재역:이이경,진소장역:조재윤,안정준역:지승현,이한수역:곽민석"
20200620,KBS W,171321,181116,태양의후예,,6회,전국,005755,드라마&영화,드라마,미니시리즈,0.01833,0,0,0.00317,0,0,0.12869,0,0,0,0.00455,0.00422,0.06996,0.16309,"유시진역:송중기,강모연역:송혜교,서대영역:진구,윤명주역:김지원,윤중장역:강신일,박병수역:김병철,최우근역:박훈,공철호역:최웅,임광남역:안보현,김기범역:김민석,송상현역:이승준,하자애역:서정연,이치훈역:온유,최민지역:박환희,표지수역:현쥬니,한석원역:태인호,김은지역:박아인,장희은역:조우리,다니엘스펜서역:조태관,리예화역:전수진,아구스역:데이비드맥기니스,강민재역:이이경,진소장역:조재윤,안정준역:지승현,이한수역:곽민석"
20200620,KBS W,182411,192314,태양의후예,,7회,전국,005903,드라마&영화,드라마,미니시리즈,0,0,0,0,0,0.00546,0.17349,0,0,0,0.00299,0,0.00316,0.1783,"유시진역:송중기,강모연역:송혜교,서대영역:진구,윤명주역:김지원,윤중장역:강신일,박병수역:김병철,최우근역:박훈,공철호역:최웅,임광남역:안보현,김기범역:김민석,송상현역:이승준,하자애역:서정연,이치훈역:온유,최민지역:박환희,표지수역:현쥬니,한석원역:태인호,김은지역:박아인,장희은역:조우리,다니엘스펜서역:조태관,리예화역:전수진,아구스역:데이비드맥기니스,강민재역:이이경,진소장역:조재윤,안정준역:지승현,이한수역:곽민석"
20200620,KBS W,193550,203506,태양의후예,,8회,전국,005916,드라마&영화,드라마,미니시리즈,0,0,0,0.00861,0,0.01358,0.15422,0,0,0.0049,0,0.00939,0.01442,0.17498,"유시진역:송중기,강모연역:송혜교,서대영역:진구,윤명주역:김지원,윤중장역:강신일,박병수역:김병철,최우근역:박훈,공철호역:최웅,임광남역:안보현,김기범역:김민석,송상현역:이승준,하자애역:서정연,이치훈역:온유,최민지역:박환희,표지수역:현쥬니,한석원역:태인호,김은지역:박아인,장희은역:조우리,다니엘스펜서역:조태관,리예화역:전수진,아구스역:데이비드맥기니스,강민재역:이이경,진소장역:조재윤,안정준역:지승현,이한수역:곽민석"
20200620,KBS W,245525,255959,부부클리닉사랑과전쟁2,,122회,전국,010434,드라마&영화,드라마,단막극,0,0,0.00861,0.01151,0,0.01906,0.01142,0,0,0,0,0,0.00485,0,"이재만,민지영,최영완,이정수,장가현,손유경,이준우"
20200620,K-STAR,111219,121435,부부클리닉사랑과전쟁,,424회,전국,010216,드라마&영화,드라마,주간연속극,0,0,0,0,0.08676,0.09414,0.30516,0.04788,0,0,0.00259,0.11459,0.02423,0.19814,"이재만,민지영,최영완,이정수,장가현,손유경,이준우"
20200620,K-STAR,122730,132852,부부클리닉사랑과전쟁,,425회,전국,010122,드라마&영화,드라마,주간연속극,0,0.10536,0.00345,0.04164,0.19872,0.06566,0.00321,0.25273,0,0.05587,0.02023,0.21649,0.12481,0.12667,"이재만,민지영,최영완,이정수,장가현,손유경,이준우"
20200620,K-STAR,205752,215916,부부클리닉사랑과전쟁,,425회,전국,010124,드라마&영화,드라마,주간연속극,0,0,0,0,0,0.03832,0.18783,0,0,0,0,0.10134,0.2177,0.21301,"이재만,민지영,최영완,이정수,장가현,손유경,이준우"
20200620,KTV,020000,023903,전원일기,,402회,전국,003903,드라마&영화,드라마,주말연속극,0,0,0,0,0,0.005,0,0,0,0,0.16645,0,0,0.08388,"최불암,김혜자,김용건,김수미,고두심,유인촌,정대홍"
20200620,KTV,080135,085515,대추나무사랑걸렸네,,145회,전국,005340,드라마&영화,드라마,시추에이션드라마,0,0.02121,0.0083,0,0.0906,0.02619,0.00127,0,0.00652,0.00643,0,0.04348,0.00835,0.14021,"박덕보역:김성겸,박태민역:백일섭,두심역:윤미라,순자역:송채환,현욱역:심양홍,현숙역:서혜린,만길역:권용운,상훈역:안병경,유분역:은세연"
20200620,KTV,120654,125905,대추나무사랑걸렸네,,146회,전국,005211,드라마&영화,드라마,시추에이션드라마,0,0,0,0,0,0,0.05032,0,0,0,0,0,0,0.08453,"박덕보역:김성겸,박태민역:백일섭,두심역:윤미라,순자역:송채환,현욱역:심양홍,현숙역:서혜린,만길역:권용운,상훈역:안병경,유분역:은세연"
20200620,KTV,140706,141027,전원일기,,310회,전국,000321,드라마&영화,드라마,주말연속극,0,0,0,0,0,0,0,0,0,0,0,0,0,0,"최불암,김혜자,김용건,김수미,고두심,유인촌,정대홍"
20200620,KTV,143720,151354,전원일기,,310회,전국,003634,드라마&영화,드라마,주말연속극,0,0.03232,0,0,0.01634,0.03308,0.07755,0,0,0,0,0.00351,0.1576,0.07692,"최불암,김혜자,김용건,김수미,고두심,유인촌,정대홍"
20200620,KTV,172437,180616,전원일기,,311회,전국,004139,드라마&영화,드라마,주말연속극,0,0,0,0.0062,0,0,0.16783,0,0,0.13714,0,0,0.08364,0.0991,"최불암,김혜자,김용건,김수미,고두심,유인촌,정대홍"
20200620,KTV,194605,203643,파랑새는있다,,33회,전국,005038,드라마&영화,드라마,주간연속극,0,0,0,0.04255,0,0.05597,0.10831,0,0,0,0,0,0.03921,0.11725,"이상인,정선경,백윤식,송경철,박남현,한진희,동방우,양금석"
20200620,KTV,210757,214757,전원일기,,310회,전국,004000,드라마&영화,드라마,주말연속극,0,0,0.12647,0,0.02399,0.07267,0.15786,0,0,0.23075,0,0.08114,0.06252,0.17228,"최불암,김혜자,김용건,김수미,고두심,유인촌,정대홍"
20200620,KTV,214953,224202,대추나무사랑걸렸네,,146회,전국,005209,드라마&영화,드라마,시추에이션드라마,0,0,0.20168,0,0.00597,0.09195,0.38769,0,0,0.18036,0,0,0.04175,0.65042,"박덕보역:김성겸,박태민역:백일섭,두심역:윤미라,순자역:송채환,현욱역:심양홍,현숙역:서혜린,만길역:권용운,상훈역:안병경,유분역:은세연"
20200620,KTV,242138,251216,파랑새는있다,,33회,전국,005038,드라마&영화,드라마,주간연속극,0,0,0,0,0,0,0.33601,0,0,0,0,0,0,0.50052,"이상인,정선경,백윤식,송경철,박남현,한진희,동방우,양금석"
20200620,KTV,251352,255123,전원일기,,312회,전국,003731,드라마&영화,드라마,주말연속극,0,0,0,0,0,0.0118,0.2051,0,0,0.13161,0.02699,0,0,0.17326,"최불암,김혜자,김용건,김수미,고두심,유인촌,정대홍"
20200620,O tvN,020113,030410,알함브라궁전의추억,,16회,전국,010257,드라마&영화,드라마,미니시리즈,0,0.10483,0,0.00403,0.04514,0,0.1362,0,0.0795,0.00459,0,0.04043,0,0.14675,"유진우역:현빈,정희주역:박신혜,차형석역:박훈,오영심역:김용림,정세주역:찬열,정민주역:이레,김상범역:이학주,이수진역:이시원,차병준역:김의성,이수경역:류아벨,박선호역:이승준,서정훈역:민진웅,최양주역:조현철,고유라역:한보름,마르꼬한역:이재욱,노영준역:박진우"
20200620,O tvN,031742,043549,화유기,,18회,전국,011807,드라마&영화,드라마,미니시리즈,0,0,0,0,0.08814,0,0,0,0,0,0,0.03137,0,0.00257,"손오공역:이승기,우마왕역:차승원,진선미역:오연서,저팔계역:이홍기,사오정역:장광,마비서역:이엘,이한주역:김성오,앨리스역:윤보라,좀비소녀역:이세영,수보리조사역:성지루,동장군역:성혁,강대성역:송종호,조나단역:마이클리,진선미어린시절역:갈소원,공작역:장근석,나찰녀역:김지수"
20200620,O tvN,045006,060341,화유기,,20회,전국,011335,드라마&영화,드라마,미니시리즈,0,0,0,0,0,0.00362,0.13778,0,0,0.00841,0,0,0.00617,0.00287,"손오공역:이승기,우마왕역:차승원,진선미역:오연서,저팔계역:이홍기,사오정역:장광,마비서역:이엘,이한주역:김성오,앨리스역:윤보라,좀비소녀역:이세영,수보리조사역:성지루,동장군역:성혁,강대성역:송종호,조나단역:마이클리,진선미어린시절역:갈소원,공작역:장근석,나찰녀역:김지수"
20200620,O tvN,061643,073413,화유기,,20회,전국,011730,드라마&영화,드라마,미니시리즈,0,0,0.02309,0,0.13285,0.0047,0.13202,0,0,0,0,0.27315,0.00139,0.00357,"손오공역:이승기,우마왕역:차승원,진선미역:오연서,저팔계역:이홍기,사오정역:장광,마비서역:이엘,이한주역:김성오,앨리스역:윤보라,좀비소녀역:이세영,수보리조사역:성지루,동장군역:성혁,강대성역:송종호,조나단역:마이클리,진선미어린시절역:갈소원,공작역:장근석,나찰녀역:김지수"
20200620,O tvN,085334,101237,아는건별로없지만가족입니다,,1회,전국,011903,드라마&영화,드라마,미니시리즈,0,0,0.01276,0.05466,0.27233,0.24585,0.01034,0,0.00238,0.01496,0,0.32796,0.17751,0.13994,"김은희역:한예리,박찬혁역:김지석,김은주역:추자현,김상식역:정진영,이진숙역:원미경,김지우역:신재하,임건주역:신동욱,윤태형역:김태훈,젊은상식역:한준우,젊은진숙역:조아영,유선일역:서상원,안효석역:이종원,서경옥역:가득희,윤서영역:혜정,전하라역:배윤경,유민우역:권율"
20200620,O tvN,102544,113854,아는건별로없지만가족입니다,,2회,전국,011310,드라마&영화,드라마,미니시리즈,0,0,0,0.13042,0.09476,0.01708,0.13207,0,0,0.14081,0,0.01875,0.43599,0.28411,"김은희역:한예리,박찬혁역:김지석,김은주역:추자현,김상식역:정진영,이진숙역:원미경,김지우역:신재하,임건주역:신동욱,윤태형역:김태훈,젊은상식역:한준우,젊은진숙역:조아영,유선일역:서상원,안효석역:이종원,서경옥역:가득희,윤서영역:혜정,전하라역:배윤경,유민우역:권율"
20200620,O tvN,115424,130906,아는건별로없지만가족입니다,,3회,전국,011442,드라마&영화,드라마,미니시리즈,0.07794,0,0,0.10702,0.00729,0.16962,0.13089,0,0.03461,0.31738,0.11436,0.04743,0.32347,0.31118,"김은희역:한예리,박찬혁역:김지석,김은주역:추자현,김상식역:정진영,이진숙역:원미경,김지우역:신재하,임건주역:신동욱,윤태형역:김태훈,젊은상식역:한준우,젊은진숙역:조아영,유선일역:서상원,안효석역:이종원,서경옥역:가득희,윤서영역:혜정,전하라역:배윤경,유민우역:권율"
20200620,O tvN,132716,144234,슬기로운의사생활,,5회,전국,011518,드라마&영화,드라마,미니시리즈,0.00567,0.00382,0,0.02916,0.15244,0.02304,0.08933,0.00599,0.31448,0.00818,0.39897,0.62344,0.12507,0.21535,"이익준역:조정석,안정원역:유연석,김준완역:정경호,양석형역:김대명,채송화역:전미도,정로사역:김해숙,주종수역:김갑수,도재학역:정문성,용석민역:문태유,장겨울역:신현빈,안치홍역:김준한,봉광현역:최영준,추민하역:안은진,허선빈역:하윤경,명은원역:김혜인,장윤복역:조이현,장홍도역:배현성,송수빈역:김수진,소이현역:윤혜리,배준희역:신도현,주전역:조승연,황재신역:양조아,이우주역:김준,민기준역:서진원,종세혁역:전광진,이영하역:이노아,김재환역:이달,국해성역:이혜은,함덕주역:김비비,한현희역:이지원,한승주역:김지성,은선진역:설유진,이익순역:곽선영,조영혜역:문희경,양태양역:남명렬,김태연역:이소윤,천명태역:최영우,선우희수역:박한솔,장겨울남동생역:박정우,고아라역:고아라"
20200620,O tvN,150051,162513,슬기로운의사생활,,6회,전국,012422,드라마&영화,드라마,미니시리즈,0.14666,0.15778,0.02736,0.07834,0.30802,0.05678,0.04819,0.57622,0.64369,0.07864,0.11615,1.07407,0.07317,0.13764,"이익준역:조정석,안정원역:유연석,김준완역:정경호,양석형역:김대명,채송화역:전미도,정로사역:김해숙,주종수역:김갑수,도재학역:정문성,용석민역:문태유,장겨울역:신현빈,안치홍역:김준한,봉광현역:최영준,추민하역:안은진,허선빈역:하윤경,명은원역:김혜인,장윤복역:조이현,장홍도역:배현성,송수빈역:김수진,소이현역:윤혜리,배준희역:신도현,주전역:조승연,황재신역:양조아,이우주역:김준,민기준역:서진원,종세혁역:전광진,이영하역:이노아,김재환역:이달,국해성역:이혜은,함덕주역:김비비,한현희역:이지원,한승주역:김지성,은선진역:설유진,이익순역:곽선영,조영혜역:문희경,양태양역:남명렬,김태연역:이소윤,천명태역:최영우,선우희수역:박한솔,장겨울남동생역:박정우,고아라역:고아라"
20200620,O tvN,164500,181152,슬기로운의사생활,,7회,전국,012652,드라마&영화,드라마,미니시리즈,0.14694,0.05753,0.12337,0.24764,0.23299,0.11089,0.09084,0.47814,0.70666,0.20832,0.2893,1.01276,0.29893,0.02494,"이익준역:조정석,안정원역:유연석,김준완역:정경호,양석형역:김대명,채송화역:전미도,정로사역:김해숙,주종수역:김갑수,도재학역:정문성,용석민역:문태유,장겨울역:신현빈,안치홍역:김준한,봉광현역:최영준,추민하역:안은진,허선빈역:하윤경,명은원역:김혜인,장윤복역:조이현,장홍도역:배현성,송수빈역:김수진,소이현역:윤혜리,배준희역:신도현,주전역:조승연,황재신역:양조아,이우주역:김준,민기준역:서진원,종세혁역:전광진,이영하역:이노아,김재환역:이달,국해성역:이혜은,함덕주역:김비비,한현희역:이지원,한승주역:김지성,은선진역:설유진,이익순역:곽선영,조영혜역:문희경,양태양역:남명렬,김태연역:이소윤,천명태역:최영우,선우희수역:박한솔,장겨울남동생역:박정우,고아라역:고아라"
20200620,O tvN,182947,200007,슬기로운의사생활,,8회,전국,013020,드라마&영화,드라마,미니시리즈,0.00875,0.09994,0.1962,0.01788,0.03583,0.18285,0.01503,0,0.23098,0.37228,0.00121,0.42569,0.20659,0.01988,"이익준역:조정석,안정원역:유연석,김준완역:정경호,양석형역:김대명,채송화역:전미도,정로사역:김해숙,주종수역:김갑수,도재학역:정문성,용석민역:문태유,장겨울역:신현빈,안치홍역:김준한,봉광현역:최영준,추민하역:안은진,허선빈역:하윤경,명은원역:김혜인,장윤복역:조이현,장홍도역:배현성,송수빈역:김수진,소이현역:윤혜리,배준희역:신도현,주전역:조승연,황재신역:양조아,이우주역:김준,민기준역:서진원,종세혁역:전광진,이영하역:이노아,김재환역:이달,국해성역:이혜은,함덕주역:김비비,한현희역:이지원,한승주역:김지성,은선진역:설유진,이익순역:곽선영,조영혜역:문희경,양태양역:남명렬,김태연역:이소윤,천명태역:최영우,선우희수역:박한솔,장겨울남동생역:박정우,고아라역:고아라"
20200620,O tvN,212912,223955,오마이베이비,,11회,전국,011043,드라마&영화,드라마,미니시리즈,0,0,0.00929,0,0.1555,0.04035,0.00226,0,0,0.03973,0,0.20639,0.08162,0.01954,"장하리역:장나라,한이상역:고준,윤재영역:박병은,최강으뜸역:정건주,이옥란역:김혜옥,남수철역:조희봉,김은영역:이미도,김철중역:유승목,주승태역:전진기,박연호역:백승희,최효주역:박수영,주선생역:문현정,심정화역:김재화,이소윤역:정라엘,이옥희역:김예령,박재한역:이한위,김상희역:손화령,순남역:이주실,조회장역:장광,조아저씨역:최홍일,강효주역:전혜빈"
20200620,O tvN,225947,240816,오마이베이비,,12회,전국,010829,드라마&영화,드라마,미니시리즈,0,0,0.00615,0.01697,0.04517,0.0114,0.00304,0,0,0,0.00177,0.06335,0.00389,0.00475,"장하리역:장나라,한이상역:고준,윤재영역:박병은,최강으뜸역:정건주,이옥란역:김혜옥,남수철역:조희봉,김은영역:이미도,김철중역:유승목,주승태역:전진기,박연호역:백승희,최효주역:박수영,주선생역:문현정,심정화역:김재화,이소윤역:정라엘,이옥희역:김예령,박재한역:이한위,김상희역:손화령,순남역:이주실,조회장역:장광,조아저씨역:최홍일,강효주역:전혜빈"
20200620,O tvN,242344,253420,아홉수소년,,1회,전국,011036,드라마&영화,드라마,주간연속극,0,0,0.00122,0,0,0.00136,0.12093,0,0,0.00166,0,0,0.05441,0.16672,"강동구역:최로운,강민구역:육성재,강진구역:김영광,구광수역:오정세,장백지역:이채미,구복자역:김미경,한수아역:박초롱,마세영역:경수진,주다인역:유다인,도민준역:박하준,남창희역:오희준,왕기찬,박재범역:김현준,이고은역:박민하,한구역:이진호,조부장역:김원해,김차장역:황태광,영훈역:김강현,은서,출장보살역:박혁권,정연역:김민영,후배역:김종민,강민경역:이국주,유혹녀역:수빈,선아역:이세영,전현무역:전현무,맞선녀역:박은지,심사위원역:존박,라디오DJ역:윤상"
20200620,O tvN,254831,255959,아홉수소년,,2회,전국,001128,드라마&영화,드라마,주간연속극,0,0,0,0,0,0.01653,0,0,0,0,0,0,0.0178,0,"강동구역:최로운,강민구역:육성재,강진구역:김영광,구광수역:오정세,장백지역:이채미,구복자역:김미경,한수아역:박초롱,마세영역:경수진,주다인역:유다인,도민준역:박하준,남창희역:오희준,왕기찬,박재범역:김현준,이고은역:박민하,한구역:이진호,조부장역:김원해,김차장역:황태광,영훈역:김강현,은서,출장보살역:박혁권,정연역:김민영,후배역:김종민,강민경역:이국주,유혹녀역:수빈,선아역:이세영,전현무역:전현무,맞선녀역:박은지,심사위원역:존박,라디오DJ역:윤상"
20200620,OCN,213423,224144,번외수사,,8회,전국,010721,드라마&영화,드라마,미니시리즈,0.31816,0.05529,0.08356,0.22948,0.54192,0.41352,0.2301,0.16971,0.10925,0.24564,0.74089,0.48071,0.53736,0.55231,"진강호역:차태현,강무영역:이선빈,이반석역:정상훈,테디정역:윤경호,탁원역:지승현,민대진역:박정우,맨손역:박태산,연장역:장진희,지수철역:이영석,노순이역:민경옥"
20200620,OCN,225900,240037,번외수사,,9회,전국,010137,드라마&영화,드라마,미니시리즈,0.24385,0.11298,0.9513,1.03901,3.45067,1.86897,1.06362,1.3052,1.06054,0.23493,2.10414,3.65894,1.72362,1.29591,"진강호역:차태현,강무영역:이선빈,이반석역:정상훈,테디정역:윤경호,탁원역:지승현,민대진역:박정우,맨손역:박태산,연장역:장진희,지수철역:이영석,노순이역:민경옥"
20200620,On Style,131004,142507,김비서가왜그럴까,,15회,전국,011503,드라마&영화,드라마,미니시리즈,0,0.09287,0.04301,0,0.12298,0.15349,0.00261,0.1564,0.0069,0.03332,0.08533,0.18524,0.04988,0.04179,"이영준역:박서준,김미소역:박민영,이성연역:이태환,박유식역:강기영,고귀남역:황찬성,김지아역:표예진,최여사역:김혜옥,이회장역:김병옥,봉세라역:황보라,양철역:강홍석,정치인역:이유준,이영옥역:이정민,박준환역:김정운,설마음역:예원,오지란역:홍지윤,김필남역:백은혜,김말희역:허순미,미소아빠역:조덕현,정유미역:정유미"
20200620,On Style,143250,155049,김비서가왜그럴까,,16회,전국,011759,드라마&영화,드라마,미니시리즈,0,0,0,0,0,0.34192,0.04665,0,0,0,0.00308,0.23321,0.18513,0.01567,"이영준역:박서준,김미소역:박민영,이성연역:이태환,박유식역:강기영,고귀남역:황찬성,김지아역:표예진,최여사역:김혜옥,이회장역:김병옥,봉세라역:황보라,양철역:강홍석,정치인역:이유준,이영옥역:이정민,박준환역:김정운,설마음역:예원,오지란역:홍지윤,김필남역:백은혜,김말희역:허순미,미소아빠역:조덕현,정유미역:정유미"
20200620,SBS플러스,100627,111219,편의점샛별이,,1회,전국,010552,드라마&영화,드라마,미니시리즈,0,0.07505,0.30144,0.17289,0.1919,0.65564,0.31283,0.20308,0.28652,0.17544,0.34898,0.42502,0.78156,0.31108,"최대현역:지창욱,정샛별역:김유정,유연주역:한선화,조승준역:도상우,정은별역:솔빈,공분희역:김선영,최용필역:이병준,한달식역:음문석,권의추역:우현,차기복역:이윤희,고광태역:배기범,김혜자역:견미리,최대순역:김지현,황금비역:서예화,차은조역:윤수,배부장역:허재호,강성태역:지찬,김정하역:신윤정,오현지역:한류은,강지욱역:김민규,유명기역:길용우"
20200620,SBS플러스,125605,140157,편의점샛별이,,1회,전국,010552,드라마&영화,드라마,미니시리즈,0.19757,1.24739,0.10937,0.00873,0.34388,0.72116,0.34179,0.07701,0.45835,0.52603,0.21978,0.96199,1.03121,0.61312,"최대현역:지창욱,정샛별역:김유정,유연주역:한선화,조승준역:도상우,정은별역:솔빈,공분희역:김선영,최용필역:이병준,한달식역:음문석,권의추역:우현,차기복역:이윤희,고광태역:배기범,김혜자역:견미리,최대순역:김지현,황금비역:서예화,차은조역:윤수,배부장역:허재호,강성태역:지찬,김정하역:신윤정,오현지역:한류은,강지욱역:김민규,유명기역:길용우"
20200620,SBS플러스,162544,173041,굿캐스팅,,15회,전국,010457,드라마&영화,드라마,미니시리즈,0.02892,0,0.04161,0,0.10949,0.35653,0.04905,0,0.08392,0.02835,0.04076,0.28607,0.44519,0.15455,"백찬미역:최강희,윤석호역:이상엽,임예은역:유인영,황미순역:김지영,강우원역:이준영,동관수역:이종혁,서국환역:정인기,배무혁역:박경순,간태희역:황보미,명계철역:우현,탁상기역:이상훈,옥철역:김용희,변우석역:허재호,구비서역:한수진,설영훈역:조영훈,심화란역:차수연,남봉만역:이승형,남주연역:김보윤,피철웅역:배진웅,권민석역:성혁,권소희역:노하연"
20200620,SBS플러스,174638,185518,굿캐스팅,,16회,전국,010840,드라마&영화,드라마,미니시리즈,0.26633,0.05599,0.01827,0.16003,0.45189,0.2609,0.14292,0,0.40858,0,0.16813,0.66426,0.23045,0.41235,"백찬미역:최강희,윤석호역:이상엽,임예은역:유인영,황미순역:김지영,강우원역:이준영,동관수역:이종혁,서국환역:정인기,배무혁역:박경순,간태희역:황보미,명계철역:우현,탁상기역:이상훈,옥철역:김용희,변우석역:허재호,구비서역:한수진,설영훈역:조영훈,심화란역:차수연,남봉만역:이승형,남주연역:김보윤,피철웅역:배진웅,권민석역:성혁,권소희역:노하연"
20200620,SKY,104627,115121,편의점샛별이,,1회,전국,010454,드라마&영화,드라마,미니시리즈,0,0,0,0.07249,0.09346,0.06833,0.18188,0,0,0.01751,0.19083,0.17747,0.21309,0.02576,"최대현역:지창욱,정샛별역:김유정,유연주역:한선화,조승준역:도상우,정은별역:솔빈,공분희역:김선영,최용필역:이병준,한달식역:음문석,권의추역:우현,차기복역:이윤희,고광태역:배기범,김혜자역:견미리,최대순역:김지현,황금비역:서예화,차은조역:윤수,배부장역:허재호,강성태역:지찬,김정하역:신윤정,오현지역:한류은,강지욱역:김민규,유명기역:길용우"
20200620,SKY,151126,161623,편의점샛별이,,1회,전국,010457,드라마&영화,드라마,미니시리즈,0.136,0.04556,0.22263,0,0.39443,0.30417,0.05968,0.6289,0.01703,0.06027,0.01101,0.5232,0.42824,0.06325,"최대현역:지창욱,정샛별역:김유정,유연주역:한선화,조승준역:도상우,정은별역:솔빈,공분희역:김선영,최용필역:이병준,한달식역:음문석,권의추역:우현,차기복역:이윤희,고광태역:배기범,김혜자역:견미리,최대순역:김지현,황금비역:서예화,차은조역:윤수,배부장역:허재호,강성태역:지찬,김정하역:신윤정,오현지역:한류은,강지욱역:김민규,유명기역:길용우"
20200620,SKY,162730,173512,굿캐스팅,,15회,전국,010742,드라마&영화,드라마,미니시리즈,0.63038,0.04731,0.12751,0.02152,0.10349,0.36196,0.12863,0.0324,0.04021,0.02558,0.14032,0.08553,0.48351,0.01988,"백찬미역:최강희,윤석호역:이상엽,임예은역:유인영,황미순역:김지영,강우원역:이준영,동관수역:이종혁,서국환역:정인기,배무혁역:박경순,간태희역:황보미,명계철역:우현,탁상기역:이상훈,옥철역:김용희,변우석역:허재호,구비서역:한수진,설영훈역:조영훈,심화란역:차수연,남봉만역:이승형,남주연역:김보윤,피철웅역:배진웅,권민석역:성혁,권소희역:노하연"
20200620,SKY,175029,185933,굿캐스팅,,16회,전국,010904,드라마&영화,드라마,미니시리즈,0,0,0.13422,0.00595,0.04209,0.25548,0.05786,0,0,0.02949,0.00833,0.00889,0.15492,0.01353,"백찬미역:최강희,윤석호역:이상엽,임예은역:유인영,황미순역:김지영,강우원역:이준영,동관수역:이종혁,서국환역:정인기,배무혁역:박경순,간태희역:황보미,명계철역:우현,탁상기역:이상훈,옥철역:김용희,변우석역:허재호,구비서역:한수진,설영훈역:조영훈,심화란역:차수연,남봉만역:이승형,남주연역:김보윤,피철웅역:배진웅,권민석역:성혁,권소희역:노하연"
20200620,SKY,204613,215109,편의점샛별이,,1회,전국,010456,드라마&영화,드라마,미니시리즈,0,0,0.03627,0.02345,0.11045,0.0942,0.02515,0.05066,0.07045,0.07277,0.00938,0.22898,0.07498,0.06212,"최대현역:지창욱,정샛별역:김유정,유연주역:한선화,조승준역:도상우,정은별역:솔빈,공분희역:김선영,최용필역:이병준,한달식역:음문석,권의추역:우현,차기복역:이윤희,고광태역:배기범,김혜자역:견미리,최대순역:김지현,황금비역:서예화,차은조역:윤수,배부장역:허재호,강성태역:지찬,김정하역:신윤정,오현지역:한류은,강지욱역:김민규,유명기역:길용우"
20200620,SKY,233549,244046,편의점샛별이,,1회,전국,010457,드라마&영화,드라마,미니시리즈,0.04704,0.00509,0.02508,0.0044,0,0.28599,0.01427,0,0.01741,0,0.04147,0.05272,0.25831,0.02006,"최대현역:지창욱,정샛별역:김유정,유연주역:한선화,조승준역:도상우,정은별역:솔빈,공분희역:김선영,최용필역:이병준,한달식역:음문석,권의추역:우현,차기복역:이윤희,고광태역:배기범,김혜자역:견미리,최대순역:김지현,황금비역:서예화,차은조역:윤수,배부장역:허재호,강성태역:지찬,김정하역:신윤정,오현지역:한류은,강지욱역:김민규,유명기역:길용우"
20200620,ONCE,020032,023033,황후의품격,,13회,전국,003001,드라마&영화,드라마,미니시리즈,0,0,0,0.09744,0,0,0.06516,0,0,0.1728,0.03375,0,0,0.10974,"오써니역:장나라,나왕식역:최진혁,이혁역:신성록,민유라역:이엘리야,태후강씨역:신은경,이윤역:오승윤,서강희역:윤소이,아리역:오아린,태황태후조씨역:박원숙,소진공주역:이희진,소현황후역:신고은,오금모역:윤다훈,오헬로역:스테파니리,변선생역:김명수,마필주역:윤주만,백도희역:황영희,나동식역:오한결,최팀장역:이수련,홍팀장역:김민옥,형사역:조동혁,수상역:고세원,나왕식역:태항호,사군자역:김수미,안형사역:안내상,강주승역:유건"
20200620,ONCE,023143,030150,황후의품격,,14회,전국,003007,드라마&영화,드라마,미니시리즈,0,0,0,0.09744,0,0,0.06516,0,0,0.1728,0.00241,0,0,0.09195,"오써니역:장나라,나왕식역:최진혁,이혁역:신성록,민유라역:이엘리야,태후강씨역:신은경,이윤역:오승윤,서강희역:윤소이,아리역:오아린,태황태후조씨역:박원숙,소진공주역:이희진,소현황후역:신고은,오금모역:윤다훈,오헬로역:스테파니리,변선생역:김명수,마필주역:윤주만,백도희역:황영희,나동식역:오한결,최팀장역:이수련,홍팀장역:김민옥,형사역:조동혁,수상역:고세원,나왕식역:태항호,사군자역:김수미,안형사역:안내상,강주승역:유건"
20200620,ONCE,031227,034131,황후의품격,,15회,전국,002904,드라마&영화,드라마,미니시리즈,0,0,0,0.18546,0,0,0.0785,0,0,0.10368,0.02859,0,0.02026,0.06873,"오써니역:장나라,나왕식역:최진혁,이혁역:신성록,민유라역:이엘리야,태후강씨역:신은경,이윤역:오승윤,서강희역:윤소이,아리역:오아린,태황태후조씨역:박원숙,소진공주역:이희진,소현황후역:신고은,오금모역:윤다훈,오헬로역:스테파니리,변선생역:김명수,마필주역:윤주만,백도희역:황영희,나동식역:오한결,최팀장역:이수련,홍팀장역:김민옥,형사역:조동혁,수상역:고세원,나왕식역:태항호,사군자역:김수미,안형사역:안내상,강주승역:유건"
20200620,ONCE,034242,041340,황후의품격,,16회,전국,003058,드라마&영화,드라마,미니시리즈,0,0,0,0,0,0,0.03453,0,0,0,0,0,0.01628,0,"오써니역:장나라,나왕식역:최진혁,이혁역:신성록,민유라역:이엘리야,태후강씨역:신은경,이윤역:오승윤,서강희역:윤소이,아리역:오아린,태황태후조씨역:박원숙,소진공주역:이희진,소현황후역:신고은,오금모역:윤다훈,오헬로역:스테파니리,변선생역:김명수,마필주역:윤주만,백도희역:황영희,나동식역:오한결,최팀장역:이수련,홍팀장역:김민옥,형사역:조동혁,수상역:고세원,나왕식역:태항호,사군자역:김수미,안형사역:안내상,강주승역:유건"
20200620,ONCE,055717,070115,동이,,51회,전국,010358,드라마&영화,드라마,주간연속극,0,0,0,0,0,0.14828,0.00928,0,0,0,0,0,0,0.01094,"동이역:한효주,숙종역:지진희,희빈장씨역:이소연,차천수역:배수빈,서용기역:정진영,인현왕후역:박하선,오태석역:정동환,이종욱역:이정훈,홍태윤역:손일권,박도식역:최재호,도승지역:신국,오호양역:여호민,황주식역:이희도,정인국역:나성균,최효원역:천호진,장익헌역:이재용,김환역:정인기,은금역:한다민,오태풍역:이계인,태풍처역:이숙,장희재역:김유석,설희역:김혜진,게둬라부역:정은표,오윤역:최철호,게둬라역:최수한,심운택역:김동윤,동이어린시절역:김유정,봉상궁역:김소이,조상궁역:안여진,유상궁역:임성민,정임역:정유미,애종역:강유미,시비역:오은호,미지역:최하나,대전내관역:정선일,명성대비역:박정수,정상궁역:김혜선,영달역:이광수,최동주역:정성운,장무열역:최종환,이금역:이형석,경종역:윤찬,김구선역:맹상훈,인원왕후역:오연서"
20200620,ONCE,071430,081528,동이,,52회,전국,010058,드라마&영화,드라마,주간연속극,0,0,0.02717,0.0336,0,0.15992,0.2084,0,0,0,0.03674,0.00357,0.06066,0.18181,"동이역:한효주,숙종역:지진희,희빈장씨역:이소연,차천수역:배수빈,서용기역:정진영,인현왕후역:박하선,오태석역:정동환,이종욱역:이정훈,홍태윤역:손일권,박도식역:최재호,도승지역:신국,오호양역:여호민,황주식역:이희도,정인국역:나성균,최효원역:천호진,장익헌역:이재용,김환역:정인기,은금역:한다민,오태풍역:이계인,태풍처역:이숙,장희재역:김유석,설희역:김혜진,게둬라부역:정은표,오윤역:최철호,게둬라역:최수한,심운택역:김동윤,동이어린시절역:김유정,봉상궁역:김소이,조상궁역:안여진,유상궁역:임성민,정임역:정유미,애종역:강유미,시비역:오은호,미지역:최하나,대전내관역:정선일,명성대비역:박정수,정상궁역:김혜선,영달역:이광수,최동주역:정성운,장무열역:최종환,이금역:이형석,경종역:윤찬,김구선역:맹상훈,인원왕후역:오연서"
20200620,ONCE,082437,090854,전원일기,,426회,전국,004417,드라마&영화,드라마,주말연속극,0,0.01319,0.20838,0.06777,0.18966,0.19768,0.08376,0.35569,0.01544,0.01549,0.07446,0.06341,0.25432,0.26034,"최불암,김혜자,김용건,김수미,고두심,유인촌,정대홍"
20200620,ONCE,091858,100355,전원일기,,429회,전국,004457,드라마&영화,드라마,주말연속극,0,0,0.1403,0,0.39797,0.0709,0.03503,1.11788,0.43595,0,0,0.03678,0.29769,0.01711,"최불암,김혜자,김용건,김수미,고두심,유인촌,정대홍"
20200620,ONCE,101605,112004,동이,,51회,전국,010359,드라마&영화,드라마,주간연속극,0,0,0.11052,0.18506,0,0.01882,0.00343,0,0,0.11122,0.20238,0.29046,0.08984,0.05279,"동이역:한효주,숙종역:지진희,희빈장씨역:이소연,차천수역:배수빈,서용기역:정진영,인현왕후역:박하선,오태석역:정동환,이종욱역:이정훈,홍태윤역:손일권,박도식역:최재호,도승지역:신국,오호양역:여호민,황주식역:이희도,정인국역:나성균,최효원역:천호진,장익헌역:이재용,김환역:정인기,은금역:한다민,오태풍역:이계인,태풍처역:이숙,장희재역:김유석,설희역:김혜진,게둬라부역:정은표,오윤역:최철호,게둬라역:최수한,심운택역:김동윤,동이어린시절역:김유정,봉상궁역:김소이,조상궁역:안여진,유상궁역:임성민,정임역:정유미,애종역:강유미,시비역:오은호,미지역:최하나,대전내관역:정선일,명성대비역:박정수,정상궁역:김혜선,영달역:이광수,최동주역:정성운,장무열역:최종환,이금역:이형석,경종역:윤찬,김구선역:맹상훈,인원왕후역:오연서"
20200620,ONCE,113319,123417,동이,,52회,전국,010058,드라마&영화,드라마,주간연속극,0,0.13798,0.13156,0.18587,0.10449,0.00826,0.07059,0,0,0.1324,0.20075,0.28631,0.0856,0,"동이역:한효주,숙종역:지진희,희빈장씨역:이소연,차천수역:배수빈,서용기역:정진영,인현왕후역:박하선,오태석역:정동환,이종욱역:이정훈,홍태윤역:손일권,박도식역:최재호,도승지역:신국,오호양역:여호민,황주식역:이희도,정인국역:나성균,최효원역:천호진,장익헌역:이재용,김환역:정인기,은금역:한다민,오태풍역:이계인,태풍처역:이숙,장희재역:김유석,설희역:김혜진,게둬라부역:정은표,오윤역:최철호,게둬라역:최수한,심운택역:김동윤,동이어린시절역:김유정,봉상궁역:김소이,조상궁역:안여진,유상궁역:임성민,정임역:정유미,애종역:강유미,시비역:오은호,미지역:최하나,대전내관역:정선일,명성대비역:박정수,정상궁역:김혜선,영달역:이광수,최동주역:정성운,장무열역:최종환,이금역:이형석,경종역:윤찬,김구선역:맹상훈,인원왕후역:오연서"
20200620,ONCE,151741,160158,전원일기,,426회,전국,004417,드라마&영화,드라마,주말연속극,0.02779,0.01838,0.00437,0.00905,0.0231,0.00695,0.0087,0.42649,0,0.00305,0.10919,0.00596,0.11667,0.02043,"최불암,김혜자,김용건,김수미,고두심,유인촌,정대홍"
20200620,ONCE,161302,165759,전원일기,,429회,전국,004457,드라마&영화,드라마,주말연속극,0,0,0.008,0,0.01032,0.08067,0.03034,0,0,0.00799,0.03674,0.02381,0,0.00611,"최불암,김혜자,김용건,김수미,고두심,유인촌,정대홍"
20200620,ONCE,171003,175123,전원일기,,430회,전국,004120,드라마&영화,드라마,주말연속극,0,0,0.20377,0,0,0.16793,0.02599,0,0,0,0.26887,0.0064,0.25289,0.03036,"최불암,김혜자,김용건,김수미,고두심,유인촌,정대홍"
20200620,ONCE,175927,183933,전원일기,,431회,전국,004006,드라마&영화,드라마,주말연속극,0.06677,0,0,0,0,0,0.12024,0,0,0,0,0,0.08068,0.0074,"최불암,김혜자,김용건,김수미,고두심,유인촌,정대홍"
20200620,ONCE,233238,240300,황후의품격,,17회,전국,003022,드라마&영화,드라마,미니시리즈,0,0,0,0.03838,0,0.05237,0.04184,0,0.00687,0,0.02005,0.01452,0,0.02537,"오써니역:장나라,나왕식역:최진혁,이혁역:신성록,민유라역:이엘리야,태후강씨역:신은경,이윤역:오승윤,서강희역:윤소이,아리역:오아린,태황태후조씨역:박원숙,소진공주역:이희진,소현황후역:신고은,오금모역:윤다훈,오헬로역:스테파니리,변선생역:김명수,마필주역:윤주만,백도희역:황영희,나동식역:오한결,최팀장역:이수련,홍팀장역:김민옥,형사역:조동혁,수상역:고세원,나왕식역:태항호,사군자역:김수미,안형사역:안내상,강주승역:유건"
20200620,ONCE,240411,243355,황후의품격,,18회,전국,002944,드라마&영화,드라마,미니시리즈,0,0.01102,0,0.1524,0,0,0,0,0,0,0,0.00546,0,0.10499,"오써니역:장나라,나왕식역:최진혁,이혁역:신성록,민유라역:이엘리야,태후강씨역:신은경,이윤역:오승윤,서강희역:윤소이,아리역:오아린,태황태후조씨역:박원숙,소진공주역:이희진,소현황후역:신고은,오금모역:윤다훈,오헬로역:스테파니리,변선생역:김명수,마필주역:윤주만,백도희역:황영희,나동식역:오한결,최팀장역:이수련,홍팀장역:김민옥,형사역:조동혁,수상역:고세원,나왕식역:태항호,사군자역:김수미,안형사역:안내상,강주승역:유건"
20200620,ONCE,244556,251854,황후의품격,,19회,전국,003258,드라마&영화,드라마,미니시리즈,0.05627,0,0,0.03034,0,0.01181,0.01317,0,0,0,0.06689,0,0,0.02382,"오써니역:장나라,나왕식역:최진혁,이혁역:신성록,민유라역:이엘리야,태후강씨역:신은경,이윤역:오승윤,서강희역:윤소이,아리역:오아린,태황태후조씨역:박원숙,소진공주역:이희진,소현황후역:신고은,오금모역:윤다훈,오헬로역:스테파니리,변선생역:김명수,마필주역:윤주만,백도희역:황영희,나동식역:오한결,최팀장역:이수련,홍팀장역:김민옥,형사역:조동혁,수상역:고세원,나왕식역:태항호,사군자역:김수미,안형사역:안내상,강주승역:유건"
20200620,ONCE,252004,254712,황후의품격,,20회,전국,002708,드라마&영화,드라마,미니시리즈,0,0,0,0.00933,0,0,0,0,0,0,0.10314,0,0,0.0565,"오써니역:장나라,나왕식역:최진혁,이혁역:신성록,민유라역:이엘리야,태후강씨역:신은경,이윤역:오승윤,서강희역:윤소이,아리역:오아린,태황태후조씨역:박원숙,소진공주역:이희진,소현황후역:신고은,오금모역:윤다훈,오헬로역:스테파니리,변선생역:김명수,마필주역:윤주만,백도희역:황영희,나동식역:오한결,최팀장역:이수련,홍팀장역:김민옥,형사역:조동혁,수상역:고세원,나왕식역:태항호,사군자역:김수미,안형사역:안내상,강주승역:유건"
20200620,ONCE,255714,255959,황후의품격,,21회,전국,000245,드라마&영화,드라마,미니시리즈,0,0.14101,0,0.03562,0.06072,0,0.02362,0,0,0,0.1668,0.08825,0,0.09648,"오써니역:장나라,나왕식역:최진혁,이혁역:신성록,민유라역:이엘리야,태후강씨역:신은경,이윤역:오승윤,서강희역:윤소이,아리역:오아린,태황태후조씨역:박원숙,소진공주역:이희진,소현황후역:신고은,오금모역:윤다훈,오헬로역:스테파니리,변선생역:김명수,마필주역:윤주만,백도희역:황영희,나동식역:오한결,최팀장역:이수련,홍팀장역:김민옥,형사역:조동혁,수상역:고세원,나왕식역:태항호,사군자역:김수미,안형사역:안내상,강주승역:유건"
20200620,SKYUHD,020000,024007,야식남녀,,5회/6회,전국,004007,드라마&영화,드라마,미니시리즈,0,0,0,0,0,0,0,0,0,0,0,0,0,0,"박진성역:정일우,김아진역:강지영,강태완역:이학주,이상영역:김승수,차주희역:김수진,남규장역:양대혁,유성은역:공민정,노재수역:박성준,박진우역:최재현"
20200620,SKYUHD,101305,122316,야식남녀,,5회/6회,전국,021011,드라마&영화,드라마,미니시리즈,0,0,0,0,0,0,0,0,0,0,0,0,0,0,"박진성역:정일우,김아진역:강지영,강태완역:이학주,이상영역:김승수,차주희역:김수진,남규장역:양대혁,유성은역:공민정,노재수역:박성준,박진우역:최재현"
20200620,SKYUHD,195558,220609,야식남녀,,5회/6회,전국,021011,드라마&영화,드라마,미니시리즈,0,0,0,0,0,0,0,0,0,0,0,0,0,0,"박진성역:정일우,김아진역:강지영,강태완역:이학주,이상영역:김승수,차주희역:김수진,남규장역:양대혁,유성은역:공민정,노재수역:박성준,박진우역:최재현"
20200620,OCN Thrills,020000,023355,번외수사,,5회,전국,003355,드라마&영화,드라마,미니시리즈,0,0,0,0,0.0273,0.33435,0.02911,0,0.33969,0,0,0.35048,0.12047,0.03632,"진강호역:차태현,강무영역:이선빈,이반석역:정상훈,테디정역:윤경호,탁원역:지승현,민대진역:박정우,맨손역:박태산,연장역:장진희,지수철역:이영석,노순이역:민경옥"
20200620,OCN Thrills,024707,034744,번외수사,,6회,전국,010037,드라마&영화,드라마,미니시리즈,0,0.00288,0,0.24909,0.00802,0.17629,0.00201,0,0.03665,0.00661,0.0096,0.26748,0.05871,0.00418,"진강호역:차태현,강무영역:이선빈,이반석역:정상훈,테디정역:윤경호,탁원역:지승현,민대진역:박정우,맨손역:박태산,연장역:장진희,지수철역:이영석,노순이역:민경옥"
20200620,OCN Thrills,035113,045420,번외수사,,7회,전국,010307,드라마&영화,드라마,미니시리즈,0.05377,0.03085,0,0.28273,0.22345,0.23852,0,0,0,0,0,0.25925,0.05251,0.00233,"진강호역:차태현,강무영역:이선빈,이반석역:정상훈,테디정역:윤경호,탁원역:지승현,민대진역:박정우,맨손역:박태산,연장역:장진희,지수철역:이영석,노순이역:민경옥"
20200620,OCN Thrills,045635,060125,번외수사,,8회,전국,010450,드라마&영화,드라마,미니시리즈,0,0,0,0.29067,0.22846,0.31909,0.00398,0,0,0,0,0.21055,0.06194,0.00889,"진강호역:차태현,강무영역:이선빈,이반석역:정상훈,테디정역:윤경호,탁원역:지승현,민대진역:박정우,맨손역:박태산,연장역:장진희,지수철역:이영석,노순이역:민경옥"
20200620,OCN Thrills,143012,153519,번외수사,,7회,전국,010507,드라마&영화,드라마,미니시리즈,0,0,0.00209,0.00391,0.18486,0.18273,0.01156,0,0,0.00211,0.0066,0.29882,0.07637,0.01791,"진강호역:차태현,강무영역:이선빈,이반석역:정상훈,테디정역:윤경호,탁원역:지승현,민대진역:박정우,맨손역:박태산,연장역:장진희,지수철역:이영석,노순이역:민경옥"
20200620,OCN Thrills,154515,165236,번외수사,,8회,전국,010721,드라마&영화,드라마,미니시리즈,0,0.03038,0,0,0.11155,0.30793,0.10037,0,0,0.00138,0.1112,0.29036,0.15337,0.07601,"진강호역:차태현,강무영역:이선빈,이반석역:정상훈,테디정역:윤경호,탁원역:지승현,민대진역:박정우,맨손역:박태산,연장역:장진희,지수철역:이영석,노순이역:민경옥"
20200620,TRENDY,115711,125923,영혼수선공,,13회,전국,010212,드라마&영화,드라마,미니시리즈,0,0,0,0.00463,0,0,0.00654,0,0,0,0,0,0.09231,0.06042,"이시준역:신하균,한우주역:정소민,인동혁역:태인호,지영원역:박예진,공지선역:주민경,조인혜역:조경숙,오기태역:박수영,박대하역:정해균,이택경역:최정우,노우정역:안동구,강누리역:하영,임세찬역:장유상,공지희역:박한솔,장유미역:김가란,김영석역:김강민,송민수역:류시원"
20200620,TRENDY,201530,211742,영혼수선공,,13회,전국,010212,드라마&영화,드라마,미니시리즈,0,0,0,0,0,0.00419,0.02056,0,0,0.019,0,0,0.00476,0.01817,"이시준역:신하균,한우주역:정소민,인동혁역:태인호,지영원역:박예진,공지선역:주민경,조인혜역:조경숙,오기태역:박수영,박대하역:정해균,이택경역:최정우,노우정역:안동구,강누리역:하영,임세찬역:장유상,공지희역:박한솔,장유미역:김가란,김영석역:김강민,송민수역:류시원"
20200621,KBS2,120828,130836,영혼수선공,<25회/26회>,25회/26회,전국,010008,드라마&영화,드라마,미니시리즈,0.80542,0.09984,0.26021,0.75081,0.66913,0.58889,0.68593,1.77514,0.22366,0.29904,0.54776,0.40843,0.93387,1.02507,"이시준역:신하균,한우주역:정소민,인동혁역:태인호,지영원역:박예진,공지선역:주민경,조인혜역:조경숙,오기태역:박수영,박대하역:정해균,이택경역:최정우,노우정역:안동구,강누리역:하영,임세찬역:장유상,공지희역:박한솔,장유미역:김가란,김영석역:김강민,송민수역:류시원"
20200621,KBS2,131824,141802,영혼수선공,<27회/28회>,27회/28회,전국,005938,드라마&영화,드라마,미니시리즈,0.66405,0.30006,0.27099,0.51163,0.65021,1.5591,1.06129,1.77768,0.19453,0.52915,0.58014,0.4511,1.29936,1.22437,"이시준역:신하균,한우주역:정소민,인동혁역:태인호,지영원역:박예진,공지선역:주민경,조인혜역:조경숙,오기태역:박수영,박대하역:정해균,이택경역:최정우,노우정역:안동구,강누리역:하영,임세찬역:장유상,공지희역:박한솔,장유미역:김가란,김영석역:김강민,송민수역:류시원"
20200621,KBS2,154059,161714,한번다녀왔습니다,<49회>,49회,전국,003615,드라마&영화,드라마,주말연속극,0.3959,0.15331,1.07732,0.91362,1.29307,3.47919,1.72575,0.45982,0.42342,0.56866,1.60088,2.45368,3.47901,2.31449,"송영달역:천호진,장옥분역:차화연,최윤정역:김보연,강초연역:이정은,송나희역:이민정,윤규진역:이상엽,송준선역:오대환,송가희역:오윤아,송다희역:이초희,양치수역:안길강,장옥자역:백지원,성현경역:임정은,윤재석역:이상이,박효신역:기도훈,김지훈역:문우진,이주리역:김소라,김가연역:송다은,건어물역:신미영,꽈배기역:김가영,송서영역:이가연,송서진역:안서연,이정록역:알렉스,유보영역:손성윤,유시후역:송민재,박지연역:신수정,한기영역:강유석,홍성우역:김현목,신혜정역:김미은,심정희역:이상경,오연지역:한봄,오정봉역:오의식,이종수역:장원혁,김승현역:배호근,송이역:김주영,지원역:찬희,이현역:이필모"
20200621,KBS2,161828,165045,한번다녀왔습니다,<50회>,50회,전국,003217,드라마&영화,드라마,주말연속극,0.53127,1.54592,1.93019,1.14516,2.52867,4.95422,2.72745,0.13912,1.08517,0.95474,1.58083,4.06575,4.80627,3.67169,"송영달역:천호진,장옥분역:차화연,최윤정역:김보연,강초연역:이정은,송나희역:이민정,윤규진역:이상엽,송준선역:오대환,송가희역:오윤아,송다희역:이초희,양치수역:안길강,장옥자역:백지원,성현경역:임정은,윤재석역:이상이,박효신역:기도훈,김지훈역:문우진,이주리역:김소라,김가연역:송다은,건어물역:신미영,꽈배기역:김가영,송서영역:이가연,송서진역:안서연,이정록역:알렉스,유보영역:손성윤,유시후역:송민재,박지연역:신수정,한기영역:강유석,홍성우역:김현목,신혜정역:김미은,심정희역:이상경,오연지역:한봄,오정봉역:오의식,이종수역:장원혁,김승현역:배호근,송이역:김주영,지원역:찬희,이현역:이필모"
20200621,KBS2,200705,204423,한번다녀왔습니다,<51회>,51회,전국,003718,드라마&영화,드라마,주말연속극,5.16353,8.08985,7.115,6.26953,9.45268,15.21858,23.01271,8.08569,6.02661,6.80093,12.02539,16.09278,24.66856,27.06125,"송영달역:천호진,장옥분역:차화연,최윤정역:김보연,강초연역:이정은,송나희역:이민정,윤규진역:이상엽,송준선역:오대환,송가희역:오윤아,송다희역:이초희,양치수역:안길강,장옥자역:백지원,성현경역:임정은,윤재석역:이상이,박효신역:기도훈,김지훈역:문우진,이주리역:김소라,김가연역:송다은,건어물역:신미영,꽈배기역:김가영,송서영역:이가연,송서진역:안서연,이정록역:알렉스,유보영역:손성윤,유시후역:송민재,박지연역:신수정,한기영역:강유석,홍성우역:김현목,신혜정역:김미은,심정희역:이상경,오연지역:한봄,오정봉역:오의식,이종수역:장원혁,김승현역:배호근,송이역:김주영,지원역:찬희,이현역:이필모"
20200621,KBS2,204651,211848,한번다녀왔습니다,<52회>,52회,전국,003157,드라마&영화,드라마,주말연속극,8.83365,10.10372,8.41192,8.04133,12.67941,18.8615,27.30032,9.93766,7.14472,8.80263,13.07502,20.00883,29.92328,30.98007,"송영달역:천호진,장옥분역:차화연,최윤정역:김보연,강초연역:이정은,송나희역:이민정,윤규진역:이상엽,송준선역:오대환,송가희역:오윤아,송다희역:이초희,양치수역:안길강,장옥자역:백지원,성현경역:임정은,윤재석역:이상이,박효신역:기도훈,김지훈역:문우진,이주리역:김소라,김가연역:송다은,건어물역:신미영,꽈배기역:김가영,송서영역:이가연,송서진역:안서연,이정록역:알렉스,유보영역:손성윤,유시후역:송민재,박지연역:신수정,한기영역:강유석,홍성우역:김현목,신혜정역:김미은,심정희역:이상경,오연지역:한봄,오정봉역:오의식,이종수역:장원혁,김승현역:배호근,송이역:김주영,지원역:찬희,이현역:이필모"
20200621,MBC,144515,151830,꼰대인턴,<18회>,18회,전국,003315,드라마&영화,드라마,미니시리즈,0.72098,1.41179,0.21068,0.82104,1.38351,1.58915,0.93741,3.55396,0.69766,0.34307,1.25466,1.96111,1.66882,1.06331,"가열찬역:박해진,이만식역:김응수,이태리역:한지은,남궁준수역:박기웅,탁정은역:박아인,주윤수역:노종현,오동근역:고건한,김승진역:홍승범,구자숙역:김선영,안상종역:손종학,남궁표역:고인범,엄한길역:김기천,옥경이역:문숙,고선녀역:정경순,열찬모역:전국향,박범준역:장성규,백범역:정성호,은혜수역:정영주,가열찬친구역:권수현,차형석역:영탁"
20200621,MBC,152014,155234,꼰대인턴,<19회>,19회,전국,003220,드라마&영화,드라마,미니시리즈,0.042,0.57976,0.81317,0.37678,1.42509,2.26986,1.46255,1.41525,0.3798,0.33914,0.4589,1.81277,2.40151,1.46915,"가열찬역:박해진,이만식역:김응수,이태리역:한지은,남궁준수역:박기웅,탁정은역:박아인,주윤수역:노종현,오동근역:고건한,김승진역:홍승범,구자숙역:김선영,안상종역:손종학,남궁표역:고인범,엄한길역:김기천,옥경이역:문숙,고선녀역:정경순,열찬모역:전국향,박범준역:장성규,백범역:정성호,은혜수역:정영주,가열찬친구역:권수현,차형석역:영탁"
20200621,MBC,155618,162650,꼰대인턴,<20회>,20회,전국,003032,드라마&영화,드라마,미니시리즈,0,0.33066,0.88023,0.17139,1.57863,1.34614,0.96853,0.85965,0.74367,0.44293,0.82448,1.95313,2.2641,0.97692,"가열찬역:박해진,이만식역:김응수,이태리역:한지은,남궁준수역:박기웅,탁정은역:박아인,주윤수역:노종현,오동근역:고건한,김승진역:홍승범,구자숙역:김선영,안상종역:손종학,남궁표역:고인범,엄한길역:김기천,옥경이역:문숙,고선녀역:정경순,열찬모역:전국향,박범준역:장성규,백범역:정성호,은혜수역:정영주,가열찬친구역:권수현,차형석역:영탁"
20200621,MBC,243046,250720,저녁같이드실래요,<13회>,13회,전국,003634,드라마&영화,드라마,미니시리즈,0.15645,0.40086,0.21348,0.3868,0.69069,0.77668,0.73257,0,0.05104,0.49588,1.44926,1.31253,1.37371,0.84869,"김해경역:송승헌,우도희역:서지혜,정재혁역:이지훈,진노을역:손나은,남아영역:예지원,키에누역:박호산,박진규역:고규필,강건우역:이현진,이병진역:김서경,임소라역:오혜원,김정환역:안태환,이문정역:전국향,전성자역:윤복인,이영동역:김정현,이은서역:서은수,푸드트럭총각역:이시언,태진아역:태진아,환자역:박산다라"
20200621,MBC,250803,253921,저녁같이드실래요,<14회>,14회,전국,003118,드라마&영화,드라마,미니시리즈,0,0.15525,0.15703,0.24443,0.32692,0.46769,0.65796,0,0,0.42602,1.07673,0.99303,1.19915,0.61769,"김해경역:송승헌,우도희역:서지혜,정재혁역:이지훈,진노을역:손나은,남아영역:예지원,키에누역:박호산,박진규역:고규필,강건우역:이현진,이병진역:김서경,임소라역:오혜원,김정환역:안태환,이문정역:전국향,전성자역:윤복인,이영동역:김정현,이은서역:서은수,푸드트럭총각역:이시언,태진아역:태진아,환자역:박산다라"
20200621,MBC,254339,255959,저녁같이드실래요,<15회>,15회,전국,001620,드라마&영화,드라마,미니시리즈,0,1.38802,0.60118,1.02789,0.91955,1.09126,1.7672,0.7042,0,0.73141,1.17105,1.98837,2.13305,1.40196,"김해경역:송승헌,우도희역:서지혜,정재혁역:이지훈,진노을역:손나은,남아영역:예지원,키에누역:박호산,박진규역:고규필,강건우역:이현진,이병진역:김서경,임소라역:오혜원,김정환역:안태환,이문정역:전국향,전성자역:윤복인,이영동역:김정현,이은서역:서은수,푸드트럭총각역:이시언,태진아역:태진아,환자역:박산다라"
20200621,SBS,130857,134111,편의점샛별이,<1부>,2회,전국,003214,드라마&영화,드라마,미니시리즈,0.76791,2.25259,0.60257,1.18002,1.1633,1.88406,1.13694,1.20336,0.36532,0.33575,1.62638,2.38496,1.57535,1.71399,"최대현역:지창욱,정샛별역:김유정,유연주역:한선화,조승준역:도상우,정은별역:솔빈,공분희역:김선영,최용필역:이병준,한달식역:음문석,권의추역:우현,차기복역:이윤희,고광태역:배기범,김혜자역:견미리,최대순역:김지현,황금비역:서예화,차은조역:윤수,배부장역:허재호,강성태역:지찬,김정하역:신윤정,오현지역:한류은,강지욱역:김민규,유명기역:길용우"
20200621,SBS,134255,141016,편의점샛별이,<2부>,2회,전국,002721,드라마&영화,드라마,미니시리즈,1.63514,2.79292,0.29515,0.58534,1.76539,2.44202,1.59938,1.19233,0.39008,0.42111,0.93202,2.57604,2.2254,1.61498,"최대현역:지창욱,정샛별역:김유정,유연주역:한선화,조승준역:도상우,정은별역:솔빈,공분희역:김선영,최용필역:이병준,한달식역:음문석,권의추역:우현,차기복역:이윤희,고광태역:배기범,김혜자역:견미리,최대순역:김지현,황금비역:서예화,차은조역:윤수,배부장역:허재호,강성태역:지찬,김정하역:신윤정,오현지역:한류은,강지욱역:김민규,유명기역:길용우"
20200621,OBS,172135,182004,순정에반하다,<1부>,15회,전국,005829,드라마&영화,드라마,주간연속극,0,0,0.12854,0.02486,0.18642,0.00333,0.19469,0,0.10545,0,0.11239,0.23221,0.13508,0.19351,"강민호역:정경호,김순정역:김소연,이준희역:윤현민,강현철역:박영규,마태석역:안석환,한지현역:공현주,나옥현역:조은지,오우식역:이시언,마동욱역:진구,윤이사역:김정팔,오미루역:이수지,유유미역:정유민,이정구역:남명렬"
20200621,OBS,182635,192523,순정에반하다,<2부>,16회,전국,005848,드라마&영화,드라마,주간연속극,0,0,0.20709,0.00819,0,0.00591,0.011,0,0.08202,0,0,0.07476,0.21479,0.02604,"강민호역:정경호,김순정역:김소연,이준희역:윤현민,강현철역:박영규,마태석역:안석환,한지현역:공현주,나옥현역:조은지,오우식역:이시언,마동욱역:진구,윤이사역:김정팔,오미루역:이수지,유유미역:정유민,이정구역:남명렬"
20200621,TV CHOSUN,024119,032627,운명과분노,,4회,전국,004508,드라마&영화,드라마,주말연속극,0,0,0,0.28579,0.23158,0.16436,0.17377,0,0.01459,0.08522,0.33542,0.00429,0.38564,0.42959,"태인준역:주상욱,구해라역:이민정,차수현역:소이현,진태오역:이기우,태필운역:고인범,한성숙역:송옥숙,태정호역:공정환,고아정역:심이영,태정민역:박수아,현정수역:조승연,구현주역:차수연,강선영역:정수영,강의건역:윤학,김창수역:허준석,차동규역:권태원,이은숙역:하민,김비서역:임지규,이현정역:한은선,김석진역:조완기,이정혜역:전현아,제니진역:김단우"
20200621,TV CHOSUN,195958,210044,바람과구름과비,,10회,전국,010046,드라마&영화,드라마,미니시리즈,0,0.15754,0.39358,0.18776,0.84971,1.6141,1.69131,0.0723,0.08984,0.22052,0.22822,1.21454,1.32534,1.89818,"최천중역:박시후,봉련역:고성희,흥선대원군이하응역:전광렬,채인규역:성혁,김병운역:김승수,김좌근역:차광수,나합역:윤아정,김병학역:한재영,조대비역:김보연,철종역:정욱,이하전역:이루,명성황후민자영역:박정연,고종이재황역:박상훈,용팔룡역:조복래,주모역:김주령,적도사진상역:한동규,팽구철역:노형욱,만석역:박노식,연치성역:임현수,반달역:왕빛나,임종사관역:허태희,최천중어린시절역:강태우,봉련어린시절역:홍승희,채인규어린시절역:최정우,상복역:허성태,민승호역:이해우,저자이병주,출판그림같은세상2020.08.28.,e북무료판매처 1건"
20200621,TV CHOSUN,225717,240259,바람과구름과비,,11회,전국,010542,드라마&영화,드라마,미니시리즈,0.05206,0.71333,1.69036,0.59827,1.29354,3.28573,3.76296,0.4017,0.61064,1.08127,1.44261,1.0258,4.68922,4.02743,"최천중역:박시후,봉련역:고성희,흥선대원군이하응역:전광렬,채인규역:성혁,김병운역:김승수,김좌근역:차광수,나합역:윤아정,김병학역:한재영,조대비역:김보연,철종역:정욱,이하전역:이루,명성황후민자영역:박정연,고종이재황역:박상훈,용팔룡역:조복래,주모역:김주령,적도사진상역:한동규,팽구철역:노형욱,만석역:박노식,연치성역:임현수,반달역:왕빛나,임종사관역:허태희,최천중어린시절역:강태우,봉련어린시절역:홍승희,채인규어린시절역:최정우,상복역:허성태,민승호역:이해우,저자이병주,출판그림같은세상2020.08.28.,e북무료판매처 1건"
20200621,tvN,112607,124208,사이코지만괜찮아,,1회,전국,011601,드라마&영화,드라마,미니시리즈,0.58168,0.73416,1.20573,0.511,1.85427,1.04806,0.36892,0.13999,0.69665,0.62827,1.16405,2.06851,0.83491,0.69664,"문강태역:김수현,고문영역:서예지,문상태역:오정세,남주리역:박규영,이상인역:김주헌,조재수역:강기둥,오지왕역:김창완,강순덕역:김미경,박행자역:장영남,선별역:장규리,권민석역:서준,오차용역:최우성,고대환역:이얼,간필옹역:김기천,주정태역:정재광,이아름역:지혜원,박옥란역:강지은,유선해역:주인영,강은자역:배해선,유승재역:박진주,문강태어린시절역:문우진,고문영어린시절역:김수인,권기도역:곽동연,훈남CEO역:최다니엘"
20200621,tvN,181637,193240,사이코지만괜찮아,,1회,전국,011603,드라마&영화,드라마,미니시리즈,0.71018,0.5309,0.00635,0.34713,0.9893,1.02786,0.50757,0.82671,0.67361,0.33362,0.3977,1.23434,0.75098,0.50659,"문강태역:김수현,고문영역:서예지,문상태역:오정세,남주리역:박규영,이상인역:김주헌,조재수역:강기둥,오지왕역:김창완,강순덕역:김미경,박행자역:장영남,선별역:장규리,권민석역:서준,오차용역:최우성,고대환역:이얼,간필옹역:김기천,주정태역:정재광,이아름역:지혜원,박옥란역:강지은,유선해역:주인영,강은자역:배해선,유승재역:박진주,문강태어린시절역:문우진,고문영어린시절역:김수인,권기도역:곽동연,훈남CEO역:최다니엘"
20200621,tvN,211700,223203,사이코지만괜찮아,,2회,전국,011503,드라마&영화,드라마,미니시리즈,1.28486,2.46767,3.0631,1.80344,2.87631,2.93656,1.71623,0.0301,2.60896,1.75213,2.39614,7.12781,4.44961,1.72723,"문강태역:김수현,고문영역:서예지,문상태역:오정세,남주리역:박규영,이상인역:김주헌,조재수역:강기둥,오지왕역:김창완,강순덕역:김미경,박행자역:장영남,선별역:장규리,권민석역:서준,오차용역:최우성,고대환역:이얼,간필옹역:김기천,주정태역:정재광,이아름역:지혜원,박옥란역:강지은,유선해역:주인영,강은자역:배해선,유승재역:박진주,문강태어린시절역:문우진,고문영어린시절역:김수인,권기도역:곽동연,훈남CEO역:최다니엘"
20200621,tvN,244553,255959,사이코지만괜찮아,,1회,전국,011406,드라마&영화,드라마,미니시리즈,0,0.44271,0.38569,0.58917,0.6243,0.68241,0.43222,0.44583,0.07212,0.57408,0.43151,0.69513,0.76177,0.32696,"문강태역:김수현,고문영역:서예지,문상태역:오정세,남주리역:박규영,이상인역:김주헌,조재수역:강기둥,오지왕역:김창완,강순덕역:김미경,박행자역:장영남,선별역:장규리,권민석역:서준,오차용역:최우성,고대환역:이얼,간필옹역:김기천,주정태역:정재광,이아름역:지혜원,박옥란역:강지은,유선해역:주인영,강은자역:배해선,유승재역:박진주,문강태어린시절역:문우진,고문영어린시절역:김수인,권기도역:곽동연,훈남CEO역:최다니엘"
20200621,국방TV,210035,212418,바람은불어도,,113회,전국,002343,드라마&영화,드라마,미니시리즈,0,0,0,0,0,0.01491,0,0,0,0,0,0,0.01822,0,"최수종,유호정,윤손하,송나영,송기윤,나문희"
20200621,국방TV,213012,215913,바람은불어도,,114회,전국,002901,드라마&영화,드라마,미니시리즈,0,0,0,0,0,0,0.00888,0,0,0,0.02092,0.01041,0,0.00679,"최수종,유호정,윤손하,송나영,송기윤,나문희"
20200621,국방TV,240035,242417,바람은불어도,,113회,전국,002342,드라마&영화,드라마,미니시리즈,0,0,0,0,0,0.02608,0,0,0,0,0,0,0,0.00581,"최수종,유호정,윤손하,송나영,송기윤,나문희"
20200621,국방TV,243007,245909,바람은불어도,,114회,전국,002902,드라마&영화,드라마,미니시리즈,0,0,0,0,0,0.00284,0,0,0,0,0,0.00344,0,0,"최수종,유호정,윤손하,송나영,송기윤,나문희"
20200621,국방TV,250018,253022,바람은불어도,,115회,전국,003004,드라마&영화,드라마,미니시리즈,0,0,0,0,0,0,0.00344,0,0,0,0,0,0,0.00223,"최수종,유호정,윤손하,송나영,송기윤,나문희"
20200621,국방TV,253208,255844,바람은불어도,,116회,전국,002636,드라마&영화,드라마,미니시리즈,0,0,0,0,0,0.00306,0.04945,0,0,0,0,0,0.00422,0,"최수종,유호정,윤손하,송나영,송기윤,나문희"
20200621,OCN Movies,025525,035659,번외수사,,9회,전국,010134,드라마&영화,드라마,미니시리즈,0,0.4416,0.02607,0.0027,0.13182,0.48055,0.02938,0,0.27414,0,0.01256,0.1169,0.20949,0,"진강호역:차태현,강무영역:이선빈,이반석역:정상훈,테디정역:윤경호,탁원역:지승현,민대진역:박정우,맨손역:박태산,연장역:장진희,지수철역:이영석,노순이역:민경옥"
20200621,AXN,062633,072938,완전한사랑,,17회,전국,010305,드라마&영화,드라마,주간연속극,0.05453,0,0,0,0.01074,0.00058,0.00338,0,0,0,0,0,0,0,"박시우역:차인표,하영애역:김희애,문지나역:이승연,박회장역:김성원,장혜자역:강부자"
20200621,AXN,074516,084738,완전한사랑,,18회,전국,010222,드라마&영화,드라마,주간연속극,0,0,0,0,0.00184,0.0496,0.01358,0,0,0,0,0,0.04162,0.01037,"박시우역:차인표,하영애역:김희애,문지나역:이승연,박회장역:김성원,장혜자역:강부자"
20200621,AXN,135156,145529,완전한사랑,,17회,전국,010333,드라마&영화,드라마,주간연속극,0,0,0,0.00145,0.00353,0.00307,0.14452,0,0,0,0,0.0139,0.01593,0.15228,"박시우역:차인표,하영애역:김희애,문지나역:이승연,박회장역:김성원,장혜자역:강부자"
20200621,AXN,151009,161314,완전한사랑,,18회,전국,010305,드라마&영화,드라마,주간연속극,0,0,0,0,0.01445,0.00332,0.00822,0,0,0,0,0.06197,0,0.10689,"박시우역:차인표,하영애역:김희애,문지나역:이승연,박회장역:김성원,장혜자역:강부자"
20200621,AXN,212708,223026,완전한사랑,,17회,전국,010318,드라마&영화,드라마,주간연속극,0,0,0,0,0,0.02685,0.06887,0,0.01079,0,0.02054,0.00983,0.1382,0.05148,"박시우역:차인표,하영애역:김희애,문지나역:이승연,박회장역:김성원,장혜자역:강부자"
20200621,AXN,224241,234516,완전한사랑,,18회,전국,010235,드라마&영화,드라마,주간연속극,0,0,0.00338,0,0,0.00108,0.03791,0,0,0.00469,0.03718,0,0.00199,0.03547,"박시우역:차인표,하영애역:김희애,문지나역:이승연,박회장역:김성원,장혜자역:강부자"
20200621,CNTV,020000,020310,광개토태왕,,79회,전국,000310,드라마&영화,드라마,주말연속극,0,0.12881,0.20985,0,0,0.424,0,0,0,0,0,0,0.11401,0,"담덕역:이태곤,고운역:김승수,모용보역:임호,도영역:오지은,연살타역:홍경인,약연역:이인혜,고무역:김진태,고창역:남성진,모두영역:이원발,모두루역:임대호,모용수역:김동현,풍발역:정호근,개연수역:최동준,가라지역:오욱철,연도부역:반석진,계필역:선동혁,이영역:최상훈,담망역:정태우,이련역:송용태,고야역:이보희,담주역:조안,설도안역:김규철,설지역:김정화,마수역:고인범,여소이역:임병기,돌비수역:김정현,갈사무역:강신조,도광역:박승호,소모역:강지후,여문역:나주석,모용희역:조인표,거보역:김덕현,무갑역:유종근,여석개역:방형주,황회역:김명수,원봉역:박유승,하무지역:윤승원,사갈현역:김철기,아신역:박정철"
20200621,CNTV,021113,030158,광개토태왕,,80회,전국,005045,드라마&영화,드라마,주말연속극,0,0.12881,0.20985,0,0,0.26413,0,0,0,0,0,0.02842,0.11401,0.00929,"담덕역:이태곤,고운역:김승수,모용보역:임호,도영역:오지은,연살타역:홍경인,약연역:이인혜,고무역:김진태,고창역:남성진,모두영역:이원발,모두루역:임대호,모용수역:김동현,풍발역:정호근,개연수역:최동준,가라지역:오욱철,연도부역:반석진,계필역:선동혁,이영역:최상훈,담망역:정태우,이련역:송용태,고야역:이보희,담주역:조안,설도안역:김규철,설지역:김정화,마수역:고인범,여소이역:임병기,돌비수역:김정현,갈사무역:강신조,도광역:박승호,소모역:강지후,여문역:나주석,모용희역:조인표,거보역:김덕현,무갑역:유종근,여석개역:방형주,황회역:김명수,원봉역:박유승,하무지역:윤승원,사갈현역:김철기,아신역:박정철"
20200621,CNTV,070222,075345,광개토태왕,,81회,전국,005123,드라마&영화,드라마,주말연속극,0,0,0.04229,0.07306,0,0.17747,0.11105,0,0,0.00718,0,0,0.2009,0.02012,"담덕역:이태곤,고운역:김승수,모용보역:임호,도영역:오지은,연살타역:홍경인,약연역:이인혜,고무역:김진태,고창역:남성진,모두영역:이원발,모두루역:임대호,모용수역:김동현,풍발역:정호근,개연수역:최동준,가라지역:오욱철,연도부역:반석진,계필역:선동혁,이영역:최상훈,담망역:정태우,이련역:송용태,고야역:이보희,담주역:조안,설도안역:김규철,설지역:김정화,마수역:고인범,여소이역:임병기,돌비수역:김정현,갈사무역:강신조,도광역:박승호,소모역:강지후,여문역:나주석,모용희역:조인표,거보역:김덕현,무갑역:유종근,여석개역:방형주,황회역:김명수,원봉역:박유승,하무지역:윤승원,사갈현역:김철기,아신역:박정철"
20200621,CNTV,080424,085719,광개토태왕,,82회,전국,005255,드라마&영화,드라마,주말연속극,0,0,0,0,0,0.12773,0.31348,0,0,0,0,0.07293,0.19388,0.29204,"담덕역:이태곤,고운역:김승수,모용보역:임호,도영역:오지은,연살타역:홍경인,약연역:이인혜,고무역:김진태,고창역:남성진,모두영역:이원발,모두루역:임대호,모용수역:김동현,풍발역:정호근,개연수역:최동준,가라지역:오욱철,연도부역:반석진,계필역:선동혁,이영역:최상훈,담망역:정태우,이련역:송용태,고야역:이보희,담주역:조안,설도안역:김규철,설지역:김정화,마수역:고인범,여소이역:임병기,돌비수역:김정현,갈사무역:강신조,도광역:박승호,소모역:강지후,여문역:나주석,모용희역:조인표,거보역:김덕현,무갑역:유종근,여석개역:방형주,황회역:김명수,원봉역:박유승,하무지역:윤승원,사갈현역:김철기,아신역:박정철"
20200621,CNTV,102343,112943,에덴의동쪽,,54회,전국,010600,드라마&영화,드라마,주간연속극,0,0,0.04312,0.0036,0,0.00732,0.13302,0,0,0,0,0,0.00704,0.16436,"이동철역:송승헌,이동욱역:연정훈,민혜린역:이다해,지현역:한지혜,신명훈역:박해진,국영란역:이연희,기순역:전소민,혜령역:정소영,제니스역:정혜영,마이크역:데니스오,백성현역:박성웅,미애역:신은정,신태환역:조민기,지현어린시절역:남지현"
20200621,CNTV,114834,125345,각시탈,,26회,전국,010511,드라마&영화,드라마,미니시리즈,0.24125,0.02234,0.01453,0.00281,0.06597,0.01901,0.18768,0.0133,0.00729,0,0.02575,0.03134,0.01457,0.0669,"이강토역:주원,목단역:진세연,기무라슌지역:박기웅,채홍주역:한채아,이강산역:신현준,한씨역:송옥숙,이선역:이일재,백건역:전현,담사리역:전노민,조단장역:손병호,오동년역:이경실,신난다역:이병준,선화역:손여은,계순역:서윤아,기무라타로역:천호진,기무라켄지역:박주형,우에노히데키역:전국환,가츠야마준역:안형준,이화경역:김정난,미나미타마오역:최대훈,콘노고지역:김응수,아베신지역:윤봉길,고이소타다노부역:윤진호,타샤역:지서윤,봉실장역:백재진,메리역:장준유,노상엽역:이재원,최명섭역:권태원,우병준역:김규철,이시용역:안석환,박인삼역:김태영,조영근역:고인범,긴페이가토역:브루스칸,박성모역:방중현,수지역:오은호,제니역:양희윤,안나역:반민정,득수역:김방원,진홍역:정은별,무라야마요시오역:김명수,양백역:김명곤,동진역:박성웅,심순이역:이슬비,송기자역:최대철,카카와역:최웅,안섭역:지민,타케다산상역:이주현,민규역:박보검,카네코역:한수아"
20200621,CNTV,131027,141232,바람과구름과비,,9회,전국,010205,드라마&영화,드라마,미니시리즈,0,0,0,0.00754,0.02529,0.11757,0.35894,0,0.1485,0.04278,0,0.10208,0.11112,0.33935,"최천중역:박시후,봉련역:고성희,흥선대원군이하응역:전광렬,채인규역:성혁,김병운역:김승수,김좌근역:차광수,나합역:윤아정,김병학역:한재영,조대비역:김보연,철종역:정욱,이하전역:이루,명성황후민자영역:박정연,고종이재황역:박상훈,용팔룡역:조복래,주모역:김주령,적도사진상역:한동규,팽구철역:노형욱,만석역:박노식,연치성역:임현수,반달역:왕빛나,임종사관역:허태희,최천중어린시절역:강태우,봉련어린시절역:홍승희,채인규어린시절역:최정우,상복역:허성태,민승호역:이해우,저자이병주,출판그림같은세상2020.08.28.,e북무료판매처 1건"
20200621,CNTV,164004,173140,광개토태왕,,81회,전국,005136,드라마&영화,드라마,주말연속극,0,0,0,0,0,0.17554,0.52075,0,0.05997,0.13983,0,0.08718,0.11573,0.33211,"담덕역:이태곤,고운역:김승수,모용보역:임호,도영역:오지은,연살타역:홍경인,약연역:이인혜,고무역:김진태,고창역:남성진,모두영역:이원발,모두루역:임대호,모용수역:김동현,풍발역:정호근,개연수역:최동준,가라지역:오욱철,연도부역:반석진,계필역:선동혁,이영역:최상훈,담망역:정태우,이련역:송용태,고야역:이보희,담주역:조안,설도안역:김규철,설지역:김정화,마수역:고인범,여소이역:임병기,돌비수역:김정현,갈사무역:강신조,도광역:박승호,소모역:강지후,여문역:나주석,모용희역:조인표,거보역:김덕현,무갑역:유종근,여석개역:방형주,황회역:김명수,원봉역:박유승,하무지역:윤승원,사갈현역:김철기,아신역:박정철"
20200621,CNTV,174903,184159,광개토태왕,,82회,전국,005256,드라마&영화,드라마,주말연속극,0,0,0,0.01255,0.07482,0.00306,0.37344,0,0,0,0.01007,0.00638,0.02548,0.19391,"담덕역:이태곤,고운역:김승수,모용보역:임호,도영역:오지은,연살타역:홍경인,약연역:이인혜,고무역:김진태,고창역:남성진,모두영역:이원발,모두루역:임대호,모용수역:김동현,풍발역:정호근,개연수역:최동준,가라지역:오욱철,연도부역:반석진,계필역:선동혁,이영역:최상훈,담망역:정태우,이련역:송용태,고야역:이보희,담주역:조안,설도안역:김규철,설지역:김정화,마수역:고인범,여소이역:임병기,돌비수역:김정현,갈사무역:강신조,도광역:박승호,소모역:강지후,여문역:나주석,모용희역:조인표,거보역:김덕현,무갑역:유종근,여석개역:방형주,황회역:김명수,원봉역:박유승,하무지역:윤승원,사갈현역:김철기,아신역:박정철"
20200621,CNTV,190253,200852,에덴의동쪽,,54회,전국,010559,드라마&영화,드라마,주간연속극,0,0,0.00216,0,0,0.01693,0.01143,0,0,0.00354,0,0.0028,0.02126,0.00544,"이동철역:송승헌,이동욱역:연정훈,민혜린역:이다해,지현역:한지혜,신명훈역:박해진,국영란역:이연희,기순역:전소민,혜령역:정소영,제니스역:정혜영,마이크역:데니스오,백성현역:박성웅,미애역:신은정,신태환역:조민기,지현어린시절역:남지현"
20200621,CNTV,202708,213219,각시탈,,26회,전국,010511,드라마&영화,드라마,미니시리즈,0,0,0.08305,0.00731,0.06643,0.04484,0.11408,0,0,0,0.07989,0,0.03568,0.07963,"이강토역:주원,목단역:진세연,기무라슌지역:박기웅,채홍주역:한채아,이강산역:신현준,한씨역:송옥숙,이선역:이일재,백건역:전현,담사리역:전노민,조단장역:손병호,오동년역:이경실,신난다역:이병준,선화역:손여은,계순역:서윤아,기무라타로역:천호진,기무라켄지역:박주형,우에노히데키역:전국환,가츠야마준역:안형준,이화경역:김정난,미나미타마오역:최대훈,콘노고지역:김응수,아베신지역:윤봉길,고이소타다노부역:윤진호,타샤역:지서윤,봉실장역:백재진,메리역:장준유,노상엽역:이재원,최명섭역:권태원,우병준역:김규철,이시용역:안석환,박인삼역:김태영,조영근역:고인범,긴페이가토역:브루스칸,박성모역:방중현,수지역:오은호,제니역:양희윤,안나역:반민정,득수역:김방원,진홍역:정은별,무라야마요시오역:김명수,양백역:김명곤,동진역:박성웅,심순이역:이슬비,송기자역:최대철,카카와역:최웅,안섭역:지민,타케다산상역:이주현,민규역:박보검,카네코역:한수아"
20200621,CNTV,214936,225125,바람과구름과비,,9회,전국,010149,드라마&영화,드라마,미니시리즈,0,0.01005,0.00892,0,0.02745,0.07284,0.16944,0,0,0,0,0.12985,0.02998,0.20786,"최천중역:박시후,봉련역:고성희,흥선대원군이하응역:전광렬,채인규역:성혁,김병운역:김승수,김좌근역:차광수,나합역:윤아정,김병학역:한재영,조대비역:김보연,철종역:정욱,이하전역:이루,명성황후민자영역:박정연,고종이재황역:박상훈,용팔룡역:조복래,주모역:김주령,적도사진상역:한동규,팽구철역:노형욱,만석역:박노식,연치성역:임현수,반달역:왕빛나,임종사관역:허태희,최천중어린시절역:강태우,봉련어린시절역:홍승희,채인규어린시절역:최정우,상복역:허성태,민승호역:이해우,저자이병주,출판그림같은세상2020.08.28.,e북무료판매처 1건"
20200621,CNTV,250627,255750,광개토태왕,,81회,전국,005123,드라마&영화,드라마,주말연속극,0,0,0,0.0167,0.04705,0.00107,0.05667,0,0,0.00129,0,0.00702,0,0.03678,"담덕역:이태곤,고운역:김승수,모용보역:임호,도영역:오지은,연살타역:홍경인,약연역:이인혜,고무역:김진태,고창역:남성진,모두영역:이원발,모두루역:임대호,모용수역:김동현,풍발역:정호근,개연수역:최동준,가라지역:오욱철,연도부역:반석진,계필역:선동혁,이영역:최상훈,담망역:정태우,이련역:송용태,고야역:이보희,담주역:조안,설도안역:김규철,설지역:김정화,마수역:고인범,여소이역:임병기,돌비수역:김정현,갈사무역:강신조,도광역:박승호,소모역:강지후,여문역:나주석,모용희역:조인표,거보역:김덕현,무갑역:유종근,여석개역:방형주,황회역:김명수,원봉역:박유승,하무지역:윤승원,사갈현역:김철기,아신역:박정철"
20200621,DRAMAcube,090721,101602,굿캐스팅,,16회,전국,010841,드라마&영화,드라마,미니시리즈,0,0,0.00367,0.00563,0.00754,0.07374,0.0655,0,0,0.00357,0.23706,0.18475,0.39381,0.01108,"백찬미역:최강희,윤석호역:이상엽,임예은역:유인영,황미순역:김지영,강우원역:이준영,동관수역:이종혁,서국환역:정인기,배무혁역:박경순,간태희역:황보미,명계철역:우현,탁상기역:이상훈,옥철역:김용희,변우석역:허재호,구비서역:한수진,설영훈역:조영훈,심화란역:차수연,남봉만역:이승형,남주연역:김보윤,피철웅역:배진웅,권민석역:성혁,권소희역:노하연"
20200621,DRAMAcube,153101,163704,편의점샛별이,,1회,전국,010603,드라마&영화,드라마,미니시리즈,0.363,0.19351,0.07971,0.0089,0.41086,0.34314,0.0804,0.09595,0.09481,0.36046,0.13456,0.3034,0.0793,0.13069,"최대현역:지창욱,정샛별역:김유정,유연주역:한선화,조승준역:도상우,정은별역:솔빈,공분희역:김선영,최용필역:이병준,한달식역:음문석,권의추역:우현,차기복역:이윤희,고광태역:배기범,김혜자역:견미리,최대순역:김지현,황금비역:서예화,차은조역:윤수,배부장역:허재호,강성태역:지찬,김정하역:신윤정,오현지역:한류은,강지욱역:김민규,유명기역:길용우"
20200621,DRAMAcube,165244,175450,편의점샛별이,,2회,전국,010206,드라마&영화,드라마,미니시리즈,0,0,0,0.18001,0.32603,0.31373,0.01354,0,0,0.18169,0.20606,0.23081,0.17234,0.25163,"최대현역:지창욱,정샛별역:김유정,유연주역:한선화,조승준역:도상우,정은별역:솔빈,공분희역:김선영,최용필역:이병준,한달식역:음문석,권의추역:우현,차기복역:이윤희,고광태역:배기범,김혜자역:견미리,최대순역:김지현,황금비역:서예화,차은조역:윤수,배부장역:허재호,강성태역:지찬,김정하역:신윤정,오현지역:한류은,강지욱역:김민규,유명기역:길용우"
20200621,DRAMAcube,181015,191618,편의점샛별이,,1회,전국,010603,드라마&영화,드라마,미니시리즈,0,0.00465,0,0.22601,0.43398,0.33125,0.05128,0,0,0.39452,0.06006,0.10973,0.01008,0.27358,"최대현역:지창욱,정샛별역:김유정,유연주역:한선화,조승준역:도상우,정은별역:솔빈,공분희역:김선영,최용필역:이병준,한달식역:음문석,권의추역:우현,차기복역:이윤희,고광태역:배기범,김혜자역:견미리,최대순역:김지현,황금비역:서예화,차은조역:윤수,배부장역:허재호,강성태역:지찬,김정하역:신윤정,오현지역:한류은,강지욱역:김민규,유명기역:길용우"
20200621,DRAMAcube,193123,203327,편의점샛별이,,2회,전국,010204,드라마&영화,드라마,미니시리즈,0.27106,0.09484,0.0388,0.13402,0.17997,0.21323,0.13572,0.05335,0.07521,0,0.0821,0.24524,0.32196,0.04366,"최대현역:지창욱,정샛별역:김유정,유연주역:한선화,조승준역:도상우,정은별역:솔빈,공분희역:김선영,최용필역:이병준,한달식역:음문석,권의추역:우현,차기복역:이윤희,고광태역:배기범,김혜자역:견미리,최대순역:김지현,황금비역:서예화,차은조역:윤수,배부장역:허재호,강성태역:지찬,김정하역:신윤정,오현지역:한류은,강지욱역:김민규,유명기역:길용우"
20200621,DRAMAcube,243211,253813,편의점샛별이,,1회,전국,010602,드라마&영화,드라마,미니시리즈,0,0.09487,0.11561,0.01584,0.29624,0.0838,0.19377,0.18162,0,0.0615,0.02079,0.00739,0.0792,0.22044,"최대현역:지창욱,정샛별역:김유정,유연주역:한선화,조승준역:도상우,정은별역:솔빈,공분희역:김선영,최용필역:이병준,한달식역:음문석,권의추역:우현,차기복역:이윤희,고광태역:배기범,김혜자역:견미리,최대순역:김지현,황금비역:서예화,차은조역:윤수,배부장역:허재호,강성태역:지찬,김정하역:신윤정,오현지역:한류은,강지욱역:김민규,유명기역:길용우"
20200621,DRAMAcube,255549,255959,편의점샛별이,,2회,전국,000410,드라마&영화,드라마,미니시리즈,0,0,0,0,0.29213,0,0,0,0,0,0.06491,0,0.01566,0,"최대현역:지창욱,정샛별역:김유정,유연주역:한선화,조승준역:도상우,정은별역:솔빈,공분희역:김선영,최용필역:이병준,한달식역:음문석,권의추역:우현,차기복역:이윤희,고광태역:배기범,김혜자역:견미리,최대순역:김지현,황금비역:서예화,차은조역:윤수,배부장역:허재호,강성태역:지찬,김정하역:신윤정,오현지역:한류은,강지욱역:김민규,유명기역:길용우"
20200621,DramaH,020000,024310,번외수사,,7회,전국,004310,드라마&영화,드라마,미니시리즈,0,0,0,0,0,0.05123,0,0,0,0,0,0,0,0.00559,"진강호역:차태현,강무영역:이선빈,이반석역:정상훈,테디정역:윤경호,탁원역:지승현,민대진역:박정우,맨손역:박태산,연장역:장진희,지수철역:이영석,노순이역:민경옥"
20200621,DramaH,025330,035539,영혼수선공,,13회,전국,010209,드라마&영화,드라마,미니시리즈,0,0,0.0058,0,0,0.03485,0,0,0.00593,0.02999,0,0.00758,0.02901,0.00409,"이시준역:신하균,한우주역:정소민,인동혁역:태인호,지영원역:박예진,공지선역:주민경,조인혜역:조경숙,오기태역:박수영,박대하역:정해균,이택경역:최정우,노우정역:안동구,강누리역:하영,임세찬역:장유상,공지희역:박한솔,장유미역:김가란,김영석역:김강민,송민수역:류시원"
20200621,DramaH,070511,080734,영혼수선공,,13회,전국,010223,드라마&영화,드라마,미니시리즈,0,0,0,0,0,0.18626,0.01524,0,0,0,0,0,0.01029,0.01911,"이시준역:신하균,한우주역:정소민,인동혁역:태인호,지영원역:박예진,공지선역:주민경,조인혜역:조경숙,오기태역:박수영,박대하역:정해균,이택경역:최정우,노우정역:안동구,강누리역:하영,임세찬역:장유상,공지희역:박한솔,장유미역:김가란,김영석역:김강민,송민수역:류시원"
20200621,DramaH,082109,092340,영혼수선공,,14회,전국,010231,드라마&영화,드라마,미니시리즈,0,0,0,0,0,0.03867,0.00615,0,0,0,0,0.00192,0.10705,0.14018,"이시준역:신하균,한우주역:정소민,인동혁역:태인호,지영원역:박예진,공지선역:주민경,조인혜역:조경숙,오기태역:박수영,박대하역:정해균,이택경역:최정우,노우정역:안동구,강누리역:하영,임세찬역:장유상,공지희역:박한솔,장유미역:김가란,김영석역:김강민,송민수역:류시원"
20200621,DramaH,094500,104832,바람과구름과비,,8회,전국,010332,드라마&영화,드라마,미니시리즈,0,0.03488,0.05578,0.02475,0.02534,0.0727,0.01556,0,0,0,0,0.01883,0.04914,0.10573,"최천중역:박시후,봉련역:고성희,흥선대원군이하응역:전광렬,채인규역:성혁,김병운역:김승수,김좌근역:차광수,나합역:윤아정,김병학역:한재영,조대비역:김보연,철종역:정욱,이하전역:이루,명성황후민자영역:박정연,고종이재황역:박상훈,용팔룡역:조복래,주모역:김주령,적도사진상역:한동규,팽구철역:노형욱,만석역:박노식,연치성역:임현수,반달역:왕빛나,임종사관역:허태희,최천중어린시절역:강태우,봉련어린시절역:홍승희,채인규어린시절역:최정우,상복역:허성태,민승호역:이해우,저자이병주,출판그림같은세상2020.08.28.,e북무료판매처 1건"
20200621,DramaH,110844,121101,바람과구름과비,,9회,전국,010217,드라마&영화,드라마,미니시리즈,0,0.24922,0.00966,0,0.31233,0.16045,0.07459,0,0,0.00755,0,0.14207,0.19824,0.22745,"최천중역:박시후,봉련역:고성희,흥선대원군이하응역:전광렬,채인규역:성혁,김병운역:김승수,김좌근역:차광수,나합역:윤아정,김병학역:한재영,조대비역:김보연,철종역:정욱,이하전역:이루,명성황후민자영역:박정연,고종이재황역:박상훈,용팔룡역:조복래,주모역:김주령,적도사진상역:한동규,팽구철역:노형욱,만석역:박노식,연치성역:임현수,반달역:왕빛나,임종사관역:허태희,최천중어린시절역:강태우,봉련어린시절역:홍승희,채인규어린시절역:최정우,상복역:허성태,민승호역:이해우,저자이병주,출판그림같은세상2020.08.28.,e북무료판매처 1건"
20200621,DramaH,123143,133146,번외수사,,6회,전국,010003,드라마&영화,드라마,미니시리즈,0,0,0,0,0.04173,0.02898,0.05642,0,0,0,0,0.08341,0.05967,0.06622,"진강호역:차태현,강무영역:이선빈,이반석역:정상훈,테디정역:윤경호,탁원역:지승현,민대진역:박정우,맨손역:박태산,연장역:장진희,지수철역:이영석,노순이역:민경옥"
20200621,DramaH,135126,145500,번외수사,,7회,전국,010334,드라마&영화,드라마,미니시리즈,0,0.02688,0,0,0.17215,0.07581,0.13382,0.06245,0.04357,0,0.09939,0.05838,0.13348,0.04658,"진강호역:차태현,강무영역:이선빈,이반석역:정상훈,테디정역:윤경호,탁원역:지승현,민대진역:박정우,맨손역:박태산,연장역:장진희,지수철역:이영석,노순이역:민경옥"
20200621,DramaH,151454,162221,굿캐스팅,,15회,전국,010727,드라마&영화,드라마,미니시리즈,0,0,0.12778,0.10987,0.03967,0.13858,0.00822,0,0,0.12908,0.19763,0.04978,0.18365,0.04596,"백찬미역:최강희,윤석호역:이상엽,임예은역:유인영,황미순역:김지영,강우원역:이준영,동관수역:이종혁,서국환역:정인기,배무혁역:박경순,간태희역:황보미,명계철역:우현,탁상기역:이상훈,옥철역:김용희,변우석역:허재호,구비서역:한수진,설영훈역:조영훈,심화란역:차수연,남봉만역:이승형,남주연역:김보윤,피철웅역:배진웅,권민석역:성혁,권소희역:노하연"
20200621,DramaH,164513,175350,굿캐스팅,,16회,전국,010837,드라마&영화,드라마,미니시리즈,0,0,0.13171,0.01073,0.09989,0.12519,0.04032,0,0.20026,0.13305,0,0.1031,0.21622,0.11386,"백찬미역:최강희,윤석호역:이상엽,임예은역:유인영,황미순역:김지영,강우원역:이준영,동관수역:이종혁,서국환역:정인기,배무혁역:박경순,간태희역:황보미,명계철역:우현,탁상기역:이상훈,옥철역:김용희,변우석역:허재호,구비서역:한수진,설영훈역:조영훈,심화란역:차수연,남봉만역:이승형,남주연역:김보윤,피철웅역:배진웅,권민석역:성혁,권소희역:노하연"
20200621,DramaH,200024,210341,바람과구름과비,,8회,전국,010317,드라마&영화,드라마,미니시리즈,0,0,0.04029,0,0,0.04585,0.10002,0,0,0,0.00632,0.0151,0.05628,0.19348,"최천중역:박시후,봉련역:고성희,흥선대원군이하응역:전광렬,채인규역:성혁,김병운역:김승수,김좌근역:차광수,나합역:윤아정,김병학역:한재영,조대비역:김보연,철종역:정욱,이하전역:이루,명성황후민자영역:박정연,고종이재황역:박상훈,용팔룡역:조복래,주모역:김주령,적도사진상역:한동규,팽구철역:노형욱,만석역:박노식,연치성역:임현수,반달역:왕빛나,임종사관역:허태희,최천중어린시절역:강태우,봉련어린시절역:홍승희,채인규어린시절역:최정우,상복역:허성태,민승호역:이해우,저자이병주,출판그림같은세상2020.08.28.,e북무료판매처 1건"
20200621,DramaH,212409,222610,바람과구름과비,,9회,전국,010201,드라마&영화,드라마,미니시리즈,0,0,0,0,0.00532,0.22812,0.1841,0,0,0.01304,0,0.00843,0.19915,0.33123,"최천중역:박시후,봉련역:고성희,흥선대원군이하응역:전광렬,채인규역:성혁,김병운역:김승수,김좌근역:차광수,나합역:윤아정,김병학역:한재영,조대비역:김보연,철종역:정욱,이하전역:이루,명성황후민자영역:박정연,고종이재황역:박상훈,용팔룡역:조복래,주모역:김주령,적도사진상역:한동규,팽구철역:노형욱,만석역:박노식,연치성역:임현수,반달역:왕빛나,임종사관역:허태희,최천중어린시절역:강태우,봉련어린시절역:홍승희,채인규어린시절역:최정우,상복역:허성태,민승호역:이해우,저자이병주,출판그림같은세상2020.08.28.,e북무료판매처 1건"
20200621,DramaH,224937,235814,굿캐스팅,,16회,전국,010837,드라마&영화,드라마,미니시리즈,0.01019,0,0,0.01269,0.00325,0,0.00903,0.00938,0.01333,0,0.01455,0.01463,0.0186,0.00612,"백찬미역:최강희,윤석호역:이상엽,임예은역:유인영,황미순역:김지영,강우원역:이준영,동관수역:이종혁,서국환역:정인기,배무혁역:박경순,간태희역:황보미,명계철역:우현,탁상기역:이상훈,옥철역:김용희,변우석역:허재호,구비서역:한수진,설영훈역:조영훈,심화란역:차수연,남봉만역:이승형,남주연역:김보윤,피철웅역:배진웅,권민석역:성혁,권소희역:노하연"
20200621,DramaH,241330,251704,번외수사,,7회,전국,010334,드라마&영화,드라마,미니시리즈,0,0,0,0.00713,0,0.00765,0.01341,0,0,0.02139,0.00311,0.00505,0.11815,0.03688,"진강호역:차태현,강무영역:이선빈,이반석역:정상훈,테디정역:윤경호,탁원역:지승현,민대진역:박정우,맨손역:박태산,연장역:장진희,지수철역:이영석,노순이역:민경옥"
20200621,DramaH,252853,255959,번외수사,,8회,전국,003106,드라마&영화,드라마,미니시리즈,0,0.02922,0,0,0.01568,0,0,0.05753,0,0,0.09538,0.01975,0.22302,0,"진강호역:차태현,강무영역:이선빈,이반석역:정상훈,테디정역:윤경호,탁원역:지승현,민대진역:박정우,맨손역:박태산,연장역:장진희,지수철역:이영석,노순이역:민경옥"
20200621,Dramax,020000,025802,궁중잔혹사꽃들의전쟁,,19회,전국,005802,드라마&영화,드라마,주말연속극,0,0,0,0,0,0,0.00101,0,0,0,0,0,0.02866,0.01446,"소용조씨역:김현주,인조역:이덕화,민회빈강씨역:송선미,김자점역:정성모,소현세자역:정성운,봉림대군역:김주영,장렬왕후조씨역:고원희,남혁역:전태수,설죽역:서이숙,박숙의역:이서연,유덕역:이설희,소용조씨어린시절역:이채미,이형익역:손병호,심기원역:김규철,김인역:우현,한옥역:정선경,장귀인역:이혜은,이상궁역:연미주,김상궁역:엄유신,언년역:정유민"
20200621,Dramax,030755,041128,궁중잔혹사꽃들의전쟁,,20회,전국,010333,드라마&영화,드라마,주말연속극,0,0,0,0,0,0.02927,0,0,0,0,0,0,0.00846,0.0058,"소용조씨역:김현주,인조역:이덕화,민회빈강씨역:송선미,김자점역:정성모,소현세자역:정성운,봉림대군역:김주영,장렬왕후조씨역:고원희,남혁역:전태수,설죽역:서이숙,박숙의역:이서연,유덕역:이설희,소용조씨어린시절역:이채미,이형익역:손병호,심기원역:김규철,김인역:우현,한옥역:정선경,장귀인역:이혜은,이상궁역:연미주,김상궁역:엄유신,언년역:정유민"
20200621,Dramax,060035,070542,너의목소리가들려,,17회,전국,010507,드라마&영화,드라마,미니시리즈,0,0,0.02279,0.00784,0.04224,0.05595,0.06638,0,0,0.02991,0.01029,0.14317,0.11495,0.0527,"장혜성역:이보영,박수하역:이종석,차관우역:윤상현,서도연역:이다희,어춘심역:김해숙,민준국역:정웅인,신상덕역:윤주상,서대석역:정동환,김공숙역:김광규,황달중역:김병옥,고성빈역:김가은,최유창역:최성준,김충기역:박두식,박주혁역:조덕현,도연엄마역:장희수,어린장혜성역:김소현,어린박수하역:구승현,어린서도연역:정민아,정필재역:한기원,정필승역:한기웅,변호사역:소이현,형사역:김성균,문동희역:김수연,최윤역:김민종,고아원입양담당자역:안문숙,엄기준역:엄기준,백화점손님역:안영미,경찰역:정만식,소매치기역:강남"
20200621,Dramax,071658,082255,너의목소리가들려,,18회,전국,010557,드라마&영화,드라마,미니시리즈,0,0,0,0.0036,0.02944,0.00937,0.03899,0,0,0,0,0.308,0.09898,0.1737,"장혜성역:이보영,박수하역:이종석,차관우역:윤상현,서도연역:이다희,어춘심역:김해숙,민준국역:정웅인,신상덕역:윤주상,서대석역:정동환,김공숙역:김광규,황달중역:김병옥,고성빈역:김가은,최유창역:최성준,김충기역:박두식,박주혁역:조덕현,도연엄마역:장희수,어린장혜성역:김소현,어린박수하역:구승현,어린서도연역:정민아,정필재역:한기원,정필승역:한기웅,변호사역:소이현,형사역:김성균,문동희역:김수연,최윤역:김민종,고아원입양담당자역:안문숙,엄기준역:엄기준,백화점손님역:안영미,경찰역:정만식,소매치기역:강남"
20200621,E채널,132542,142712,닥터스,,6회,전국,010130,드라마&영화,드라마,주간연속극,0,0.00634,0.10613,0.01213,0.20903,0.07219,0.17774,0.00697,0.10845,0,0.08855,0.15334,0.01906,0.12424,"홍지홍역:김래원,유혜정역:박신혜,정윤도역:윤균상,진서우역:이성경,강말순역:김영애,유민호역:정해균,이가진역:박지아,유유나역:한보배,김수철역:지수,천순희역:문지인,홍두식역:이호재,조인주역:유다인,진성종역:전국환,진명훈역:엄효섭,윤지영역:윤해영,김태호역:장현성,강경준역:김강현,피영국역:백성현,안중대역:조현식,최강수역:김민석,백호민역:정진,정파란역:이선호,황보태양역:최성재,현수진간호사역:표예진,유별간호사역:지이수,조직보스역:이기우,오영미역:정경순,이수정역:임지연,조수지역:한혜진,안성수역:조달환,남바람역:남궁민,예비신랑역:이상엽"
20200621,E채널,144220,154323,닥터스,,7회,전국,010103,드라마&영화,드라마,주간연속극,0,0.00883,0.30912,0.01595,0.26929,0.21652,0.25693,0,0.17472,0.39944,0.12144,0.50296,0.10806,0.33542,"홍지홍역:김래원,유혜정역:박신혜,정윤도역:윤균상,진서우역:이성경,강말순역:김영애,유민호역:정해균,이가진역:박지아,유유나역:한보배,김수철역:지수,천순희역:문지인,홍두식역:이호재,조인주역:유다인,진성종역:전국환,진명훈역:엄효섭,윤지영역:윤해영,김태호역:장현성,강경준역:김강현,피영국역:백성현,안중대역:조현식,최강수역:김민석,백호민역:정진,정파란역:이선호,황보태양역:최성재,현수진간호사역:표예진,유별간호사역:지이수,조직보스역:이기우,오영미역:정경순,이수정역:임지연,조수지역:한혜진,안성수역:조달환,남바람역:남궁민,예비신랑역:이상엽"
20200621,E채널,155921,170043,닥터스,,8회,전국,010122,드라마&영화,드라마,주간연속극,0,0,0.29084,0.00383,0.22813,0.04162,0.14574,0,0.01505,0.52673,0,0.02406,0.23295,0.08938,"홍지홍역:김래원,유혜정역:박신혜,정윤도역:윤균상,진서우역:이성경,강말순역:김영애,유민호역:정해균,이가진역:박지아,유유나역:한보배,김수철역:지수,천순희역:문지인,홍두식역:이호재,조인주역:유다인,진성종역:전국환,진명훈역:엄효섭,윤지영역:윤해영,김태호역:장현성,강경준역:김강현,피영국역:백성현,안중대역:조현식,최강수역:김민석,백호민역:정진,정파란역:이선호,황보태양역:최성재,현수진간호사역:표예진,유별간호사역:지이수,조직보스역:이기우,오영미역:정경순,이수정역:임지연,조수지역:한혜진,안성수역:조달환,남바람역:남궁민,예비신랑역:이상엽"
20200621,E채널,171600,181636,닥터스,,9회,전국,010036,드라마&영화,드라마,주간연속극,0,0,0.02948,0.00389,0.1934,0.04223,0.17785,0,0.27043,0.07955,0.01067,0.30614,0.11467,0.17993,"홍지홍역:김래원,유혜정역:박신혜,정윤도역:윤균상,진서우역:이성경,강말순역:김영애,유민호역:정해균,이가진역:박지아,유유나역:한보배,김수철역:지수,천순희역:문지인,홍두식역:이호재,조인주역:유다인,진성종역:전국환,진명훈역:엄효섭,윤지영역:윤해영,김태호역:장현성,강경준역:김강현,피영국역:백성현,안중대역:조현식,최강수역:김민석,백호민역:정진,정파란역:이선호,황보태양역:최성재,현수진간호사역:표예진,유별간호사역:지이수,조직보스역:이기우,오영미역:정경순,이수정역:임지연,조수지역:한혜진,안성수역:조달환,남바람역:남궁민,예비신랑역:이상엽"
20200621,E채널,183146,193239,닥터스,,10회,전국,010053,드라마&영화,드라마,주간연속극,0,0,0.14505,0.08506,0.0073,0.13027,0.11362,0,0.24291,0.02617,0.0569,0.16003,0.0412,0.0761,"홍지홍역:김래원,유혜정역:박신혜,정윤도역:윤균상,진서우역:이성경,강말순역:김영애,유민호역:정해균,이가진역:박지아,유유나역:한보배,김수철역:지수,천순희역:문지인,홍두식역:이호재,조인주역:유다인,진성종역:전국환,진명훈역:엄효섭,윤지영역:윤해영,김태호역:장현성,강경준역:김강현,피영국역:백성현,안중대역:조현식,최강수역:김민석,백호민역:정진,정파란역:이선호,황보태양역:최성재,현수진간호사역:표예진,유별간호사역:지이수,조직보스역:이기우,오영미역:정경순,이수정역:임지연,조수지역:한혜진,안성수역:조달환,남바람역:남궁민,예비신랑역:이상엽"
20200621,FOX채널,020000,030335,뷰티인사이드,,8회,전국,010335,드라마&영화,드라마,미니시리즈,0,0,0,0.11502,0.00356,0,0.00867,0,0,0,0.01623,0.00317,0,0.00341,"한세계역:서현진,서도재역:이민기,강사라역:이다희,류은호역:안재현,정주환역:이태리,유우미역:문지인,임정연역:나영희,임회장역:이문수,강대식역:강남길,한숙희역:김희정,채유리역:류화영,이희섭역:김승욱,은호부역:이한위,은호모역:김예령,김이사역:이철민"
20200621,FOX채널,103519,114910,뷰티인사이드,,8회,전국,011351,드라마&영화,드라마,미니시리즈,0,0,0,0.00247,0,0.01689,0.00084,0,0,0.00091,0.00546,0.03753,0.03657,0.0101,"한세계역:서현진,서도재역:이민기,강사라역:이다희,류은호역:안재현,정주환역:이태리,유우미역:문지인,임정연역:나영희,임회장역:이문수,강대식역:강남길,한숙희역:김희정,채유리역:류화영,이희섭역:김승욱,은호부역:이한위,은호모역:김예령,김이사역:이철민"
20200621,FOX채널,144642,160033,뷰티인사이드,,8회,전국,011351,드라마&영화,드라마,미니시리즈,0,0.00629,0,0,0.00826,0.00914,0.03476,0,0.032,0,0.01111,0.04055,0.03012,0.06142,"한세계역:서현진,서도재역:이민기,강사라역:이다희,류은호역:안재현,정주환역:이태리,유우미역:문지인,임정연역:나영희,임회장역:이문수,강대식역:강남길,한숙희역:김희정,채유리역:류화영,이희섭역:김승욱,은호부역:이한위,은호모역:김예령,김이사역:이철민"
20200621,KBS DRAMA,071708,075605,한번다녀왔습니다,,47회,전국,003857,드라마&영화,드라마,주말연속극,0,0.02815,0.03752,0,0.15644,0.24607,0.27483,0,0,0,0.04955,0.23711,0.27072,0.3436,"송영달역:천호진,장옥분역:차화연,최윤정역:김보연,강초연역:이정은,송나희역:이민정,윤규진역:이상엽,송준선역:오대환,송가희역:오윤아,송다희역:이초희,양치수역:안길강,장옥자역:백지원,성현경역:임정은,윤재석역:이상이,박효신역:기도훈,김지훈역:문우진,이주리역:김소라,김가연역:송다은,건어물역:신미영,꽈배기역:김가영,송서영역:이가연,송서진역:안서연,이정록역:알렉스,유보영역:손성윤,유시후역:송민재,박지연역:신수정,한기영역:강유석,홍성우역:김현목,신혜정역:김미은,심정희역:이상경,오연지역:한봄,오정봉역:오의식,이종수역:장원혁,김승현역:배호근,송이역:김주영,지원역:찬희,이현역:이필모"
20200621,KBS DRAMA,075716,082737,한번다녀왔습니다,,48회,전국,003021,드라마&영화,드라마,주말연속극,0,0.09496,0.14197,0,0.26828,0.36232,0.27112,0,0,0.1069,0.17664,0.5241,0.55746,0.59999,"송영달역:천호진,장옥분역:차화연,최윤정역:김보연,강초연역:이정은,송나희역:이민정,윤규진역:이상엽,송준선역:오대환,송가희역:오윤아,송다희역:이초희,양치수역:안길강,장옥자역:백지원,성현경역:임정은,윤재석역:이상이,박효신역:기도훈,김지훈역:문우진,이주리역:김소라,김가연역:송다은,건어물역:신미영,꽈배기역:김가영,송서영역:이가연,송서진역:안서연,이정록역:알렉스,유보영역:손성윤,유시후역:송민재,박지연역:신수정,한기영역:강유석,홍성우역:김현목,신혜정역:김미은,심정희역:이상경,오연지역:한봄,오정봉역:오의식,이종수역:장원혁,김승현역:배호근,송이역:김주영,지원역:찬희,이현역:이필모"
20200621,KBS DRAMA,084003,091708,한번다녀왔습니다,,49회,전국,003705,드라마&영화,드라마,주말연속극,0,0.39099,0.3399,0.2417,0.74114,0.34985,0.79587,0.06896,0.00633,0,0.50653,1.1726,0.8211,0.67995,"송영달역:천호진,장옥분역:차화연,최윤정역:김보연,강초연역:이정은,송나희역:이민정,윤규진역:이상엽,송준선역:오대환,송가희역:오윤아,송다희역:이초희,양치수역:안길강,장옥자역:백지원,성현경역:임정은,윤재석역:이상이,박효신역:기도훈,김지훈역:문우진,이주리역:김소라,김가연역:송다은,건어물역:신미영,꽈배기역:김가영,송서영역:이가연,송서진역:안서연,이정록역:알렉스,유보영역:손성윤,유시후역:송민재,박지연역:신수정,한기영역:강유석,홍성우역:김현목,신혜정역:김미은,심정희역:이상경,오연지역:한봄,오정봉역:오의식,이종수역:장원혁,김승현역:배호근,송이역:김주영,지원역:찬희,이현역:이필모"
20200621,KBS DRAMA,091819,094930,한번다녀왔습니다,,50회,전국,003111,드라마&영화,드라마,주말연속극,0,0.35387,0.29428,0.23746,0.94536,0.58099,1.42947,0,0.02871,0.11867,0.25963,1.17641,1.28814,1.0244,"송영달역:천호진,장옥분역:차화연,최윤정역:김보연,강초연역:이정은,송나희역:이민정,윤규진역:이상엽,송준선역:오대환,송가희역:오윤아,송다희역:이초희,양치수역:안길강,장옥자역:백지원,성현경역:임정은,윤재석역:이상이,박효신역:기도훈,김지훈역:문우진,이주리역:김소라,김가연역:송다은,건어물역:신미영,꽈배기역:김가영,송서영역:이가연,송서진역:안서연,이정록역:알렉스,유보영역:손성윤,유시후역:송민재,박지연역:신수정,한기영역:강유석,홍성우역:김현목,신혜정역:김미은,심정희역:이상경,오연지역:한봄,오정봉역:오의식,이종수역:장원혁,김승현역:배호근,송이역:김주영,지원역:찬희,이현역:이필모"
20200621,KBS DRAMA,172230,180129,한번다녀왔습니다,,47회,전국,003859,드라마&영화,드라마,주말연속극,0,0,0.21054,0.0626,0.00599,0.24363,0.4911,0,0.0991,0,0.0636,0.0965,0.42052,0.56939,"송영달역:천호진,장옥분역:차화연,최윤정역:김보연,강초연역:이정은,송나희역:이민정,윤규진역:이상엽,송준선역:오대환,송가희역:오윤아,송다희역:이초희,양치수역:안길강,장옥자역:백지원,성현경역:임정은,윤재석역:이상이,박효신역:기도훈,김지훈역:문우진,이주리역:김소라,김가연역:송다은,건어물역:신미영,꽈배기역:김가영,송서영역:이가연,송서진역:안서연,이정록역:알렉스,유보영역:손성윤,유시후역:송민재,박지연역:신수정,한기영역:강유석,홍성우역:김현목,신혜정역:김미은,심정희역:이상경,오연지역:한봄,오정봉역:오의식,이종수역:장원혁,김승현역:배호근,송이역:김주영,지원역:찬희,이현역:이필모"
20200621,KBS DRAMA,180238,183301,한번다녀왔습니다,,48회,전국,003023,드라마&영화,드라마,주말연속극,0,0.03791,0.29819,0.10904,0.02805,0.22421,0.41636,0,0.1726,0.01354,0.36247,0.0721,0.14105,1.12979,"송영달역:천호진,장옥분역:차화연,최윤정역:김보연,강초연역:이정은,송나희역:이민정,윤규진역:이상엽,송준선역:오대환,송가희역:오윤아,송다희역:이초희,양치수역:안길강,장옥자역:백지원,성현경역:임정은,윤재석역:이상이,박효신역:기도훈,김지훈역:문우진,이주리역:김소라,김가연역:송다은,건어물역:신미영,꽈배기역:김가영,송서영역:이가연,송서진역:안서연,이정록역:알렉스,유보영역:손성윤,유시후역:송민재,박지연역:신수정,한기영역:강유석,홍성우역:김현목,신혜정역:김미은,심정희역:이상경,오연지역:한봄,오정봉역:오의식,이종수역:장원혁,김승현역:배호근,송이역:김주영,지원역:찬희,이현역:이필모"
20200621,KBS DRAMA,184638,192347,한번다녀왔습니다,,49회,전국,003709,드라마&영화,드라마,주말연속극,0,0.37906,0.18911,0.11814,0.03558,0.36166,0.26333,0,0.28135,0.17854,0.01151,0.28076,0.46576,0.7452,"송영달역:천호진,장옥분역:차화연,최윤정역:김보연,강초연역:이정은,송나희역:이민정,윤규진역:이상엽,송준선역:오대환,송가희역:오윤아,송다희역:이초희,양치수역:안길강,장옥자역:백지원,성현경역:임정은,윤재석역:이상이,박효신역:기도훈,김지훈역:문우진,이주리역:김소라,김가연역:송다은,건어물역:신미영,꽈배기역:김가영,송서영역:이가연,송서진역:안서연,이정록역:알렉스,유보영역:손성윤,유시후역:송민재,박지연역:신수정,한기영역:강유석,홍성우역:김현목,신혜정역:김미은,심정희역:이상경,오연지역:한봄,오정봉역:오의식,이종수역:장원혁,김승현역:배호근,송이역:김주영,지원역:찬희,이현역:이필모"
20200621,KBS DRAMA,192456,195608,한번다녀왔습니다,,50회,전국,003112,드라마&영화,드라마,주말연속극,0.07537,0.39089,0.46046,0.30454,0.12624,0.65015,0.37263,0,0.17185,0.37372,0.06062,1.19307,0.54043,0.56058,"송영달역:천호진,장옥분역:차화연,최윤정역:김보연,강초연역:이정은,송나희역:이민정,윤규진역:이상엽,송준선역:오대환,송가희역:오윤아,송다희역:이초희,양치수역:안길강,장옥자역:백지원,성현경역:임정은,윤재석역:이상이,박효신역:기도훈,김지훈역:문우진,이주리역:김소라,김가연역:송다은,건어물역:신미영,꽈배기역:김가영,송서영역:이가연,송서진역:안서연,이정록역:알렉스,유보영역:손성윤,유시후역:송민재,박지연역:신수정,한기영역:강유석,홍성우역:김현목,신혜정역:김미은,심정희역:이상경,오연지역:한봄,오정봉역:오의식,이종수역:장원혁,김승현역:배호근,송이역:김주영,지원역:찬희,이현역:이필모"
20200621,KBS DRAMA,252144,255603,영혼수선공,,25회,전국,003419,드라마&영화,드라마,미니시리즈,0,0.30662,0,0,0,0.01908,0.02031,0,0,0,0.05424,0.16248,0.02332,0.02145,"이시준역:신하균,한우주역:정소민,인동혁역:태인호,지영원역:박예진,공지선역:주민경,조인혜역:조경숙,오기태역:박수영,박대하역:정해균,이택경역:최정우,노우정역:안동구,강누리역:하영,임세찬역:장유상,공지희역:박한솔,장유미역:김가란,김영석역:김강민,송민수역:류시원"
20200621,KBS DRAMA,255712,255959,영혼수선공,,26회,전국,000247,드라마&영화,드라마,미니시리즈,0,0.30662,0,0,0,0,0,0,0,0,0,0.16248,0,0,"이시준역:신하균,한우주역:정소민,인동혁역:태인호,지영원역:박예진,공지선역:주민경,조인혜역:조경숙,오기태역:박수영,박대하역:정해균,이택경역:최정우,노우정역:안동구,강누리역:하영,임세찬역:장유상,공지희역:박한솔,장유미역:김가란,김영석역:김강민,송민수역:류시원"
20200621,KBS W,020000,020209,부부클리닉사랑과전쟁2,,122회,전국,000209,드라마&영화,드라마,단막극,0,0,0,0,0,0,0,0,0,0,0,0,0,0,"이재만,민지영,최영완,이정수,장가현,손유경,이준우"
20200621,KBS W,021504,030440,젊은이의양지,,41회,전국,004936,드라마&영화,드라마,주말연속극,0,0,0,0.06558,0,0.01305,0.02567,0,0,0,0,0,0.01084,0.04321,"저자서,출판하북스2020.11.04.,e북900원판매처 4건,저자시어도어드라이저,출판일신서적출판사1995.06.01.,도서10,800원판매처 5건,저자시어도어드라이저,출판일신서적출판사1995.06.01.,리뷰1건,도서10,800원판매처 2건,저자시어도어드라이저,출판범우사1989.02.01.,저자시어도어드라이저,출판범우사1989.02.01.,저자시어도어드라이저,출판숨은책1995.10.01.,리뷰1건"
20200621,KBS W,031535,040233,젊은이의양지,,42회,전국,004658,드라마&영화,드라마,주말연속극,0,0,0,0,0,0,0.00221,0,0,0.02323,0,0,0.00378,0,"저자서,출판하북스2020.11.04.,e북900원판매처 4건,저자시어도어드라이저,출판일신서적출판사1995.06.01.,도서10,800원판매처 5건,저자시어도어드라이저,출판일신서적출판사1995.06.01.,리뷰1건,도서10,800원판매처 2건,저자시어도어드라이저,출판범우사1989.02.01.,저자시어도어드라이저,출판범우사1989.02.01.,저자시어도어드라이저,출판숨은책1995.10.01.,리뷰1건"
20200621,KBS W,072110,075510,위험한약속,,53회,전국,003400,드라마&영화,드라마,일일연속극,0,0,0,0,0.09451,0,0.09219,0,0,0,0.02628,0,0,0.31826,"차은동역:박하나,강태인역:고세원,최준혁역:강성민,오혜원역:박영린,한지훈역:이창욱,차만종역:이대연,차은찬역:유준서,공영심역:유지연,봉석구역:현우섭,강일섭역:강신일,연두심역:이칸희,한광훈역:길용우,한서주역:김혜지,최명희역:김나운,고재숙역:윤복인,최영국역:송민형,민주란역:오영실,최준경역:이효나,이창욱역:김정운"
20200621,KBS W,075520,082911,위험한약속,,54회,전국,003351,드라마&영화,드라마,일일연속극,0,0,0,0,0,0.12099,0.16892,0,0,0,0,0,0.00323,0.42935,"차은동역:박하나,강태인역:고세원,최준혁역:강성민,오혜원역:박영린,한지훈역:이창욱,차만종역:이대연,차은찬역:유준서,공영심역:유지연,봉석구역:현우섭,강일섭역:강신일,연두심역:이칸희,한광훈역:길용우,한서주역:김혜지,최명희역:김나운,고재숙역:윤복인,최영국역:송민형,민주란역:오영실,최준경역:이효나,이창욱역:김정운"
20200621,KBS W,084013,091417,위험한약속,,55회,전국,003404,드라마&영화,드라마,일일연속극,0,0,0,0.03492,0,0,0.06221,0,0.0041,0,0.05882,0.0532,0.00397,0.37133,"차은동역:박하나,강태인역:고세원,최준혁역:강성민,오혜원역:박영린,한지훈역:이창욱,차만종역:이대연,차은찬역:유준서,공영심역:유지연,봉석구역:현우섭,강일섭역:강신일,연두심역:이칸희,한광훈역:길용우,한서주역:김혜지,최명희역:김나운,고재숙역:윤복인,최영국역:송민형,민주란역:오영실,최준경역:이효나,이창욱역:김정운"
20200621,KBS W,091427,094818,위험한약속,,56회,전국,003351,드라마&영화,드라마,일일연속극,0,0,0,0,0,0.00826,0.13515,0,0,0,0.03186,0.12862,0.00394,0.21521,"차은동역:박하나,강태인역:고세원,최준혁역:강성민,오혜원역:박영린,한지훈역:이창욱,차만종역:이대연,차은찬역:유준서,공영심역:유지연,봉석구역:현우섭,강일섭역:강신일,연두심역:이칸희,한광훈역:길용우,한서주역:김혜지,최명희역:김나운,고재숙역:윤복인,최영국역:송민형,민주란역:오영실,최준경역:이효나,이창욱역:김정운"
20200621,KBS W,112234,122145,태양의후예,,9회,전국,005911,드라마&영화,드라마,미니시리즈,0,0,0,0.03622,0.0102,0.17423,0.00578,0,0,0.04307,0.00875,0.00634,0.05769,0.07744,"유시진역:송중기,강모연역:송혜교,서대영역:진구,윤명주역:김지원,윤중장역:강신일,박병수역:김병철,최우근역:박훈,공철호역:최웅,임광남역:안보현,김기범역:김민석,송상현역:이승준,하자애역:서정연,이치훈역:온유,최민지역:박환희,표지수역:현쥬니,한석원역:태인호,김은지역:박아인,장희은역:조우리,다니엘스펜서역:조태관,리예화역:전수진,아구스역:데이비드맥기니스,강민재역:이이경,진소장역:조재윤,안정준역:지승현,이한수역:곽민석"
20200621,KBS W,123350,133201,태양의후예,,10회,전국,005811,드라마&영화,드라마,미니시리즈,0,0,0.02216,0.1924,0.01192,0,0.1501,0,0,0,0,0,0,0.16346,"유시진역:송중기,강모연역:송혜교,서대영역:진구,윤명주역:김지원,윤중장역:강신일,박병수역:김병철,최우근역:박훈,공철호역:최웅,임광남역:안보현,김기범역:김민석,송상현역:이승준,하자애역:서정연,이치훈역:온유,최민지역:박환희,표지수역:현쥬니,한석원역:태인호,김은지역:박아인,장희은역:조우리,다니엘스펜서역:조태관,리예화역:전수진,아구스역:데이비드맥기니스,강민재역:이이경,진소장역:조재윤,안정준역:지승현,이한수역:곽민석"
20200621,KBS W,134501,144348,태양의후예,,11회,전국,005847,드라마&영화,드라마,미니시리즈,0,0.06318,0.00803,0,0,0.00891,0.01976,0,0.07635,0.04928,0,0.04771,0.10805,0.03927,"유시진역:송중기,강모연역:송혜교,서대영역:진구,윤명주역:김지원,윤중장역:강신일,박병수역:김병철,최우근역:박훈,공철호역:최웅,임광남역:안보현,김기범역:김민석,송상현역:이승준,하자애역:서정연,이치훈역:온유,최민지역:박환희,표지수역:현쥬니,한석원역:태인호,김은지역:박아인,장희은역:조우리,다니엘스펜서역:조태관,리예화역:전수진,아구스역:데이비드맥기니스,강민재역:이이경,진소장역:조재윤,안정준역:지승현,이한수역:곽민석"
20200621,KBS W,145647,155644,태양의후예,,12회,전국,005957,드라마&영화,드라마,미니시리즈,0.03095,0,0.07891,0.00305,0.00601,0.2054,0.01135,0.03536,0,0.21895,0,0.13042,0.18527,0.0409,"유시진역:송중기,강모연역:송혜교,서대영역:진구,윤명주역:김지원,윤중장역:강신일,박병수역:김병철,최우근역:박훈,공철호역:최웅,임광남역:안보현,김기범역:김민석,송상현역:이승준,하자애역:서정연,이치훈역:온유,최민지역:박환희,표지수역:현쥬니,한석원역:태인호,김은지역:박아인,장희은역:조우리,다니엘스펜서역:조태관,리예화역:전수진,아구스역:데이비드맥기니스,강민재역:이이경,진소장역:조재윤,안정준역:지승현,이한수역:곽민석"
20200621,KBS W,160944,170833,태양의후예,,13회,전국,005849,드라마&영화,드라마,미니시리즈,0,0,0.07356,0,0.05015,0.11742,0.0452,0,0.12333,0.09862,0.00452,0.16035,0.18018,0.08458,"유시진역:송중기,강모연역:송혜교,서대영역:진구,윤명주역:김지원,윤중장역:강신일,박병수역:김병철,최우근역:박훈,공철호역:최웅,임광남역:안보현,김기범역:김민석,송상현역:이승준,하자애역:서정연,이치훈역:온유,최민지역:박환희,표지수역:현쥬니,한석원역:태인호,김은지역:박아인,장희은역:조우리,다니엘스펜서역:조태관,리예화역:전수진,아구스역:데이비드맥기니스,강민재역:이이경,진소장역:조재윤,안정준역:지승현,이한수역:곽민석"
20200621,KBS W,172100,181917,태양의후예,,14회,전국,005817,드라마&영화,드라마,미니시리즈,0,0,0.07891,0,0,0.127,0.00854,0,0,0.10579,0.00431,0.11688,0.21218,0.06587,"유시진역:송중기,강모연역:송혜교,서대영역:진구,윤명주역:김지원,윤중장역:강신일,박병수역:김병철,최우근역:박훈,공철호역:최웅,임광남역:안보현,김기범역:김민석,송상현역:이승준,하자애역:서정연,이치훈역:온유,최민지역:박환희,표지수역:현쥬니,한석원역:태인호,김은지역:박아인,장희은역:조우리,다니엘스펜서역:조태관,리예화역:전수진,아구스역:데이비드맥기니스,강민재역:이이경,진소장역:조재윤,안정준역:지승현,이한수역:곽민석"
20200621,KBS W,183220,193131,태양의후예,,15회,전국,005911,드라마&영화,드라마,미니시리즈,0,0,0,0,0,0.02381,0,0,0,0,0,0.07907,0.00529,0.03455,"유시진역:송중기,강모연역:송혜교,서대영역:진구,윤명주역:김지원,윤중장역:강신일,박병수역:김병철,최우근역:박훈,공철호역:최웅,임광남역:안보현,김기범역:김민석,송상현역:이승준,하자애역:서정연,이치훈역:온유,최민지역:박환희,표지수역:현쥬니,한석원역:태인호,김은지역:박아인,장희은역:조우리,다니엘스펜서역:조태관,리예화역:전수진,아구스역:데이비드맥기니스,강민재역:이이경,진소장역:조재윤,안정준역:지승현,이한수역:곽민석"
20200621,KBS W,194406,204230,태양의후예,,16회,전국,005824,드라마&영화,드라마,미니시리즈,0,0,0,0.18688,0,0.00923,0.01195,0,0,0,0.25784,0.11212,0.0262,0.04852,"유시진역:송중기,강모연역:송혜교,서대영역:진구,윤명주역:김지원,윤중장역:강신일,박병수역:김병철,최우근역:박훈,공철호역:최웅,임광남역:안보현,김기범역:김민석,송상현역:이승준,하자애역:서정연,이치훈역:온유,최민지역:박환희,표지수역:현쥬니,한석원역:태인호,김은지역:박아인,장희은역:조우리,다니엘스펜서역:조태관,리예화역:전수진,아구스역:데이비드맥기니스,강민재역:이이경,진소장역:조재윤,안정준역:지승현,이한수역:곽민석"
20200621,KBS W,250235,255959,부부클리닉사랑과전쟁2,,123회,전국,005724,드라마&영화,드라마,단막극,0,0,0,0.00174,0,0.05631,0.14454,0,0,0.17434,0.04989,0,0.022,0.24815,"이재만,민지영,최영완,이정수,장가현,손유경,이준우"
20200621,K-STAR,095621,105745,부부클리닉사랑과전쟁,,425회,전국,010124,드라마&영화,드라마,주간연속극,0,0,0.01389,0,0,0.01667,0.13638,0,0,0.01078,0,0.02246,0.01999,0.16039,"이재만,민지영,최영완,이정수,장가현,손유경,이준우"
20200621,KTV,080552,085932,대추나무사랑걸렸네,,147회,전국,005340,드라마&영화,드라마,시추에이션드라마,0,0,0,0.00267,0,0,0.11168,0,0,0,0.00195,0,0,0.03551,"박덕보역:김성겸,박태민역:백일섭,두심역:윤미라,순자역:송채환,현욱역:심양홍,현숙역:서혜린,만길역:권용운,상훈역:안병경,유분역:은세연"
20200621,KTV,120152,125452,대추나무사랑걸렸네,,148회,전국,005300,드라마&영화,드라마,시추에이션드라마,0,0,0,0,0,0,0.13571,0,0,0,0.0029,0.12318,0,0.15831,"박덕보역:김성겸,박태민역:백일섭,두심역:윤미라,순자역:송채환,현욱역:심양홍,현숙역:서혜린,만길역:권용운,상훈역:안병경,유분역:은세연"
20200621,KTV,150721,154843,전원일기,,313회,전국,004122,드라마&영화,드라마,주말연속극,0,0.02546,0,0,0.03162,0.19434,0.00196,0,0.0175,0.01592,0,0.08398,0.10171,0.12929,"최불암,김혜자,김용건,김수미,고두심,유인촌,정대홍"
20200621,KTV,174434,182422,전원일기,,314회,전국,003948,드라마&영화,드라마,주말연속극,0,0,0,0,0,0,0.01887,0,0,0,0,0,0,0.05736,"최불암,김혜자,김용건,김수미,고두심,유인촌,정대홍"
20200621,KTV,194121,202741,파랑새는있다,,34회,전국,004620,드라마&영화,드라마,주간연속극,0,0,0,0,0,0.06524,0.20448,0,0,0,0.12097,0,0,0.05812,"이상인,정선경,백윤식,송경철,박남현,한진희,동방우,양금석"
20200621,KTV,205544,213706,전원일기,,313회,전국,004122,드라마&영화,드라마,주말연속극,0,0.06087,0.0829,0,0,0.0908,0.14567,0,0,0.09187,0.15367,0.00431,0.01635,0.24358,"최불암,김혜자,김용건,김수미,고두심,유인촌,정대홍"
20200621,KTV,214103,223403,대추나무사랑걸렸네,,148회,전국,005300,드라마&영화,드라마,시추에이션드라마,0,0.0214,0.18883,0,0,0.11001,0.22708,0,0,0.17121,0.14497,0,0.04108,0.25305,"박덕보역:김성겸,박태민역:백일섭,두심역:윤미라,순자역:송채환,현욱역:심양홍,현숙역:서혜린,만길역:권용운,상훈역:안병경,유분역:은세연"
20200621,KTV,234146,242806,파랑새는있다,,34회,전국,004620,드라마&영화,드라마,주간연속극,0,0,0,0,0,0.00402,0.03975,0,0,0,0.05011,0,0.00221,0.10362,"이상인,정선경,백윤식,송경철,박남현,한진희,동방우,양금석"
20200621,KTV,242940,251044,전원일기,,315회,전국,004104,드라마&영화,드라마,주말연속극,0,0,0,0,0,0,0.07989,0,0,0,0,0,0.14455,0.04429,"최불암,김혜자,김용건,김수미,고두심,유인촌,정대홍"
20200621,O tvN,020000,025102,아홉수소년,,2회,전국,005102,드라마&영화,드라마,주간연속극,0,0,0,0.00204,0,0.04967,0.00174,0,0.06969,0,0.00305,0.04037,0,0.04999,"강동구역:최로운,강민구역:육성재,강진구역:김영광,구광수역:오정세,장백지역:이채미,구복자역:김미경,한수아역:박초롱,마세영역:경수진,주다인역:유다인,도민준역:박하준,남창희역:오희준,왕기찬,박재범역:김현준,이고은역:박민하,한구역:이진호,조부장역:김원해,김차장역:황태광,영훈역:김강현,은서,출장보살역:박혁권,정연역:김민영,후배역:김종민,강민경역:이국주,유혹녀역:수빈,선아역:이세영,전현무역:전현무,맞선녀역:박은지,심사위원역:존박,라디오DJ역:윤상"
20200621,O tvN,080650,092529,아는건별로없지만가족입니다,,4회,전국,011839,드라마&영화,드라마,미니시리즈,0,0,0.21394,0.05669,0.13792,0.00155,0.03482,0,0,0.00953,0.01042,0.01138,0.05761,0.043,"김은희역:한예리,박찬혁역:김지석,김은주역:추자현,김상식역:정진영,이진숙역:원미경,김지우역:신재하,임건주역:신동욱,윤태형역:김태훈,젊은상식역:한준우,젊은진숙역:조아영,유선일역:서상원,안효석역:이종원,서경옥역:가득희,윤서영역:혜정,전하라역:배윤경,유민우역:권율"
20200621,O tvN,093649,105514,아는건별로없지만가족입니다,,5회,전국,011825,드라마&영화,드라마,미니시리즈,0.00821,0,0.29339,0.08907,0.3017,0.0235,0.03812,0.0082,0.00355,0.10733,0.02879,0.17766,0.14485,0.03884,"김은희역:한예리,박찬혁역:김지석,김은주역:추자현,김상식역:정진영,이진숙역:원미경,김지우역:신재하,임건주역:신동욱,윤태형역:김태훈,젊은상식역:한준우,젊은진숙역:조아영,유선일역:서상원,안효석역:이종원,서경옥역:가득희,윤서영역:혜정,전하라역:배윤경,유민우역:권율"
20200621,O tvN,111057,122738,아는건별로없지만가족입니다,,6회,전국,011641,드라마&영화,드라마,미니시리즈,0,0,0.1418,0.13445,0.01084,0.02809,0.08952,0,0.01758,0.26643,0,0.15396,0.25411,0.13619,"김은희역:한예리,박찬혁역:김지석,김은주역:추자현,김상식역:정진영,이진숙역:원미경,김지우역:신재하,임건주역:신동욱,윤태형역:김태훈,젊은상식역:한준우,젊은진숙역:조아영,유선일역:서상원,안효석역:이종원,서경옥역:가득희,윤서영역:혜정,전하라역:배윤경,유민우역:권율"
20200621,O tvN,124118,135947,슬기로운의사생활,,9회,전국,011829,드라마&영화,드라마,미니시리즈,0,0.15556,0.07284,0.18229,0.05856,0.19128,0.09058,0,0.28701,0.0332,0.17701,0.45546,0.08233,0.10661,"이익준역:조정석,안정원역:유연석,김준완역:정경호,양석형역:김대명,채송화역:전미도,정로사역:김해숙,주종수역:김갑수,도재학역:정문성,용석민역:문태유,장겨울역:신현빈,안치홍역:김준한,봉광현역:최영준,추민하역:안은진,허선빈역:하윤경,명은원역:김혜인,장윤복역:조이현,장홍도역:배현성,송수빈역:김수진,소이현역:윤혜리,배준희역:신도현,주전역:조승연,황재신역:양조아,이우주역:김준,민기준역:서진원,종세혁역:전광진,이영하역:이노아,김재환역:이달,국해성역:이혜은,함덕주역:김비비,한현희역:이지원,한승주역:김지성,은선진역:설유진,이익순역:곽선영,조영혜역:문희경,양태양역:남명렬,김태연역:이소윤,천명태역:최영우,선우희수역:박한솔,장겨울남동생역:박정우,고아라역:고아라"
20200621,O tvN,141847,155239,슬기로운의사생활,,10회,전국,013352,드라마&영화,드라마,미니시리즈,0.00908,0.36989,0.09255,0.24801,0.51494,0.27034,0.17366,0,0.95826,0.00466,0.09961,0.59759,0.40492,0.12187,"이익준역:조정석,안정원역:유연석,김준완역:정경호,양석형역:김대명,채송화역:전미도,정로사역:김해숙,주종수역:김갑수,도재학역:정문성,용석민역:문태유,장겨울역:신현빈,안치홍역:김준한,봉광현역:최영준,추민하역:안은진,허선빈역:하윤경,명은원역:김혜인,장윤복역:조이현,장홍도역:배현성,송수빈역:김수진,소이현역:윤혜리,배준희역:신도현,주전역:조승연,황재신역:양조아,이우주역:김준,민기준역:서진원,종세혁역:전광진,이영하역:이노아,김재환역:이달,국해성역:이혜은,함덕주역:김비비,한현희역:이지원,한승주역:김지성,은선진역:설유진,이익순역:곽선영,조영혜역:문희경,양태양역:남명렬,김태연역:이소윤,천명태역:최영우,선우희수역:박한솔,장겨울남동생역:박정우,고아라역:고아라"
20200621,O tvN,161201,174234,슬기로운의사생활,,11회,전국,013033,드라마&영화,드라마,미니시리즈,0,0,0.17511,0.04436,0.26921,0.24558,0.0881,0,0.01042,0.11029,0.00272,0.41416,0.08204,0.12646,"이익준역:조정석,안정원역:유연석,김준완역:정경호,양석형역:김대명,채송화역:전미도,정로사역:김해숙,주종수역:김갑수,도재학역:정문성,용석민역:문태유,장겨울역:신현빈,안치홍역:김준한,봉광현역:최영준,추민하역:안은진,허선빈역:하윤경,명은원역:김혜인,장윤복역:조이현,장홍도역:배현성,송수빈역:김수진,소이현역:윤혜리,배준희역:신도현,주전역:조승연,황재신역:양조아,이우주역:김준,민기준역:서진원,종세혁역:전광진,이영하역:이노아,김재환역:이달,국해성역:이혜은,함덕주역:김비비,한현희역:이지원,한승주역:김지성,은선진역:설유진,이익순역:곽선영,조영혜역:문희경,양태양역:남명렬,김태연역:이소윤,천명태역:최영우,선우희수역:박한솔,장겨울남동생역:박정우,고아라역:고아라"
20200621,O tvN,180407,195936,슬기로운의사생활,,12회,전국,015529,드라마&영화,드라마,미니시리즈,0,0.02733,0.07066,0.04548,0.2548,0.272,0.00188,0.05381,0,0.03097,0.03581,0.20481,0.27327,0.04137,"이익준역:조정석,안정원역:유연석,김준완역:정경호,양석형역:김대명,채송화역:전미도,정로사역:김해숙,주종수역:김갑수,도재학역:정문성,용석민역:문태유,장겨울역:신현빈,안치홍역:김준한,봉광현역:최영준,추민하역:안은진,허선빈역:하윤경,명은원역:김혜인,장윤복역:조이현,장홍도역:배현성,송수빈역:김수진,소이현역:윤혜리,배준희역:신도현,주전역:조승연,황재신역:양조아,이우주역:김준,민기준역:서진원,종세혁역:전광진,이영하역:이노아,김재환역:이달,국해성역:이혜은,함덕주역:김비비,한현희역:이지원,한승주역:김지성,은선진역:설유진,이익순역:곽선영,조영혜역:문희경,양태양역:남명렬,김태연역:이소윤,천명태역:최영우,선우희수역:박한솔,장겨울남동생역:박정우,고아라역:고아라"
20200621,O tvN,212208,224034,아는건별로없지만가족입니다,,5회,전국,011826,드라마&영화,드라마,미니시리즈,0,0,0.00581,0.00301,0,0.00579,0.05204,0,0,0,0.01661,0.01106,0.05107,0.05483,"김은희역:한예리,박찬혁역:김지석,김은주역:추자현,김상식역:정진영,이진숙역:원미경,김지우역:신재하,임건주역:신동욱,윤태형역:김태훈,젊은상식역:한준우,젊은진숙역:조아영,유선일역:서상원,안효석역:이종원,서경옥역:가득희,윤서영역:혜정,전하라역:배윤경,유민우역:권율"
20200621,O tvN,230204,241915,아는건별로없지만가족입니다,,6회,전국,011711,드라마&영화,드라마,미니시리즈,0,0.00399,0.08933,0.00668,0.00266,0.05215,0.05074,0.0133,0.1335,0.0109,0.01221,0.18794,0.04948,0.02954,"김은희역:한예리,박찬혁역:김지석,김은주역:추자현,김상식역:정진영,이진숙역:원미경,김지우역:신재하,임건주역:신동욱,윤태형역:김태훈,젊은상식역:한준우,젊은진숙역:조아영,유선일역:서상원,안효석역:이종원,서경옥역:가득희,윤서영역:혜정,전하라역:배윤경,유민우역:권율"
20200621,O tvN,243411,253446,아홉수소년,,3회,전국,010035,드라마&영화,드라마,주간연속극,0,0,0,0.05453,0,0.06337,0.04414,0,0,0,0.03987,0.00891,0.04708,0.0087,"강동구역:최로운,강민구역:육성재,강진구역:김영광,구광수역:오정세,장백지역:이채미,구복자역:김미경,한수아역:박초롱,마세영역:경수진,주다인역:유다인,도민준역:박하준,남창희역:오희준,왕기찬,박재범역:김현준,이고은역:박민하,한구역:이진호,조부장역:김원해,김차장역:황태광,영훈역:김강현,은서,출장보살역:박혁권,정연역:김민영,후배역:김종민,강민경역:이국주,유혹녀역:수빈,선아역:이세영,전현무역:전현무,맞선녀역:박은지,심사위원역:존박,라디오DJ역:윤상"
20200621,O tvN,254856,255959,아홉수소년,,4회,전국,001103,드라마&영화,드라마,주간연속극,0,0,0,0,0,0,0.17416,0,0,0,0,0,0,0.06629,"강동구역:최로운,강민구역:육성재,강진구역:김영광,구광수역:오정세,장백지역:이채미,구복자역:김미경,한수아역:박초롱,마세영역:경수진,주다인역:유다인,도민준역:박하준,남창희역:오희준,왕기찬,박재범역:김현준,이고은역:박민하,한구역:이진호,조부장역:김원해,김차장역:황태광,영훈역:김강현,은서,출장보살역:박혁권,정연역:김민영,후배역:김종민,강민경역:이국주,유혹녀역:수빈,선아역:이세영,전현무역:전현무,맞선녀역:박은지,심사위원역:존박,라디오DJ역:윤상"
20200621,OCN,050720,060857,번외수사,,9회,전국,010137,드라마&영화,드라마,미니시리즈,0,0,0.00459,0,0,0.64434,0.02555,0,0,0.00356,0,0.16841,0.23225,0.00746,"진강호역:차태현,강무영역:이선빈,이반석역:정상훈,테디정역:윤경호,탁원역:지승현,민대진역:박정우,맨손역:박태산,연장역:장진희,지수철역:이영석,노순이역:민경옥"
20200621,OCN,145315,155452,번외수사,,9회,전국,010137,드라마&영화,드라마,미니시리즈,0,0.16514,0.13581,0.07434,0.63623,1.46155,0.38901,0.60904,0.39838,0.03122,0.43092,1.29922,0.7124,0.38341,"진강호역:차태현,강무영역:이선빈,이반석역:정상훈,테디정역:윤경호,탁원역:지승현,민대진역:박정우,맨손역:박태산,연장역:장진희,지수철역:이영석,노순이역:민경옥"
20200621,OCN,214135,224312,번외수사,,9회,전국,010137,드라마&영화,드라마,미니시리즈,0,0.3402,0.03263,0.4454,0.52137,1.00854,0.24725,0.12912,0.18177,0.22919,0.34102,0.3966,0.94721,0.20506,"진강호역:차태현,강무영역:이선빈,이반석역:정상훈,테디정역:윤경호,탁원역:지승현,민대진역:박정우,맨손역:박태산,연장역:장진희,지수철역:이영석,노순이역:민경옥"
20200621,OCN,225910,240100,번외수사,,10회,전국,010150,드라마&영화,드라마,미니시리즈,0,0.58565,0.38889,1.21154,2.3412,1.71934,0.61652,1.07542,0.93694,0.58757,2.21066,3.52508,1.9622,1.21729,"진강호역:차태현,강무영역:이선빈,이반석역:정상훈,테디정역:윤경호,탁원역:지승현,민대진역:박정우,맨손역:박태산,연장역:장진희,지수철역:이영석,노순이역:민경옥"
20200621,SBS플러스,103247,113351,편의점샛별이,,2회,전국,010104,드라마&영화,드라마,미니시리즈,0.41771,0,0.14701,0.13556,0.55044,0.32091,0.06718,0.02448,0.02533,0.48913,0.37595,0.77803,0.49663,0.19792,"최대현역:지창욱,정샛별역:김유정,유연주역:한선화,조승준역:도상우,정은별역:솔빈,공분희역:김선영,최용필역:이병준,한달식역:음문석,권의추역:우현,차기복역:이윤희,고광태역:배기범,김혜자역:견미리,최대순역:김지현,황금비역:서예화,차은조역:윤수,배부장역:허재호,강성태역:지찬,김정하역:신윤정,오현지역:한류은,강지욱역:김민규,유명기역:길용우"
20200621,SBS플러스,195608,210203,편의점샛별이,,1회,전국,010555,드라마&영화,드라마,미니시리즈,0.57261,0,0,0.16831,0.17446,0.34426,0.4116,0.22266,0.0735,0.16702,0.02729,0.05154,0.02632,0.1154,"최대현역:지창욱,정샛별역:김유정,유연주역:한선화,조승준역:도상우,정은별역:솔빈,공분희역:김선영,최용필역:이병준,한달식역:음문석,권의추역:우현,차기복역:이윤희,고광태역:배기범,김혜자역:견미리,최대순역:김지현,황금비역:서예화,차은조역:윤수,배부장역:허재호,강성태역:지찬,김정하역:신윤정,오현지역:한류은,강지욱역:김민규,유명기역:길용우"
20200621,SBS플러스,211700,221803,편의점샛별이,,2회,전국,010103,드라마&영화,드라마,미니시리즈,0.30977,0.25853,0.04387,0.01002,0.51443,0.0623,0.35132,0.66253,0.01704,0.01739,0.30888,0.41705,0.20653,0.1765,"최대현역:지창욱,정샛별역:김유정,유연주역:한선화,조승준역:도상우,정은별역:솔빈,공분희역:김선영,최용필역:이병준,한달식역:음문석,권의추역:우현,차기복역:이윤희,고광태역:배기범,김혜자역:견미리,최대순역:김지현,황금비역:서예화,차은조역:윤수,배부장역:허재호,강성태역:지찬,김정하역:신윤정,오현지역:한류은,강지욱역:김민규,유명기역:길용우"
20200621,SBS플러스,253050,255959,굿캐스팅,,15회,전국,002909,드라마&영화,드라마,미니시리즈,0,0.52611,0,0,0.33323,0.18114,0.00967,0,1.10979,0.03476,0.1853,0.43991,0.17399,0.002,"백찬미역:최강희,윤석호역:이상엽,임예은역:유인영,황미순역:김지영,강우원역:이준영,동관수역:이종혁,서국환역:정인기,배무혁역:박경순,간태희역:황보미,명계철역:우현,탁상기역:이상훈,옥철역:김용희,변우석역:허재호,구비서역:한수진,설영훈역:조영훈,심화란역:차수연,남봉만역:이승형,남주연역:김보윤,피철웅역:배진웅,권민석역:성혁,권소희역:노하연"
20200621,SKY,100348,110842,편의점샛별이,,1회,전국,010454,드라마&영화,드라마,미니시리즈,0,0.03105,0.0231,0.01076,0.24416,0.306,0.08336,0,0.01698,0.03468,0.02021,0.06776,0.17066,0.05615,"최대현역:지창욱,정샛별역:김유정,유연주역:한선화,조승준역:도상우,정은별역:솔빈,공분희역:김선영,최용필역:이병준,한달식역:음문석,권의추역:우현,차기복역:이윤희,고광태역:배기범,김혜자역:견미리,최대순역:김지현,황금비역:서예화,차은조역:윤수,배부장역:허재호,강성태역:지찬,김정하역:신윤정,오현지역:한류은,강지욱역:김민규,유명기역:길용우"
20200621,SKY,112447,122454,편의점샛별이,,2회,전국,010007,드라마&영화,드라마,미니시리즈,0.01052,0,0,0,0.03646,0.17627,0.07799,0,0.00914,0.03322,0.00403,0.12524,0.07138,0.03083,"최대현역:지창욱,정샛별역:김유정,유연주역:한선화,조승준역:도상우,정은별역:솔빈,공분희역:김선영,최용필역:이병준,한달식역:음문석,권의추역:우현,차기복역:이윤희,고광태역:배기범,김혜자역:견미리,최대순역:김지현,황금비역:서예화,차은조역:윤수,배부장역:허재호,강성태역:지찬,김정하역:신윤정,오현지역:한류은,강지욱역:김민규,유명기역:길용우"
20200621,SKY,143238,153734,편의점샛별이,,1회,전국,010456,드라마&영화,드라마,미니시리즈,0,0.33853,0.27195,0.06873,0.07119,0.44651,0.18406,0,0.00601,0.10917,0.1104,0.66753,0.09159,0.21427,"최대현역:지창욱,정샛별역:김유정,유연주역:한선화,조승준역:도상우,정은별역:솔빈,공분희역:김선영,최용필역:이병준,한달식역:음문석,권의추역:우현,차기복역:이윤희,고광태역:배기범,김혜자역:견미리,최대순역:김지현,황금비역:서예화,차은조역:윤수,배부장역:허재호,강성태역:지찬,김정하역:신윤정,오현지역:한류은,강지욱역:김민규,유명기역:길용우"
20200621,SKY,155527,165536,편의점샛별이,,2회,전국,010009,드라마&영화,드라마,미니시리즈,0.15983,0.35387,0.19765,0.04483,0.35763,0.40459,0.13093,0.4412,0,0.18243,0.1269,0.868,0.09899,0.12193,"최대현역:지창욱,정샛별역:김유정,유연주역:한선화,조승준역:도상우,정은별역:솔빈,공분희역:김선영,최용필역:이병준,한달식역:음문석,권의추역:우현,차기복역:이윤희,고광태역:배기범,김혜자역:견미리,최대순역:김지현,황금비역:서예화,차은조역:윤수,배부장역:허재호,강성태역:지찬,김정하역:신윤정,오현지역:한류은,강지욱역:김민규,유명기역:길용우"
20200621,SKY,170653,181557,굿캐스팅,,16회,전국,010904,드라마&영화,드라마,미니시리즈,0,0,0,0.11397,0.04898,0.02858,0.03291,0,0,0,0.10174,0.04957,0.04387,0.03571,"백찬미역:최강희,윤석호역:이상엽,임예은역:유인영,황미순역:김지영,강우원역:이준영,동관수역:이종혁,서국환역:정인기,배무혁역:박경순,간태희역:황보미,명계철역:우현,탁상기역:이상훈,옥철역:김용희,변우석역:허재호,구비서역:한수진,설영훈역:조영훈,심화란역:차수연,남봉만역:이승형,남주연역:김보윤,피철웅역:배진웅,권민석역:성혁,권소희역:노하연"
20200621,SKY,215727,230223,편의점샛별이,,1회,전국,010456,드라마&영화,드라마,미니시리즈,0.03199,0,0.06503,0.01997,0.03545,0.09734,0.02798,0,0,0.03625,0.0488,0,0.04961,0.03846,"최대현역:지창욱,정샛별역:김유정,유연주역:한선화,조승준역:도상우,정은별역:솔빈,공분희역:김선영,최용필역:이병준,한달식역:음문석,권의추역:우현,차기복역:이윤희,고광태역:배기범,김혜자역:견미리,최대순역:김지현,황금비역:서예화,차은조역:윤수,배부장역:허재호,강성태역:지찬,김정하역:신윤정,오현지역:한류은,강지욱역:김민규,유명기역:길용우"
20200621,SKY,231616,241625,편의점샛별이,,2회,전국,010009,드라마&영화,드라마,미니시리즈,0.02064,0,0,0.06236,0.0027,0.11722,0.01347,0,0.00515,0,0.02938,0.00298,0.13108,0,"최대현역:지창욱,정샛별역:김유정,유연주역:한선화,조승준역:도상우,정은별역:솔빈,공분희역:김선영,최용필역:이병준,한달식역:음문석,권의추역:우현,차기복역:이윤희,고광태역:배기범,김혜자역:견미리,최대순역:김지현,황금비역:서예화,차은조역:윤수,배부장역:허재호,강성태역:지찬,김정하역:신윤정,오현지역:한류은,강지욱역:김민규,유명기역:길용우"
20200621,SKY,243457,254400,굿캐스팅,,16회,전국,010903,드라마&영화,드라마,미니시리즈,0,0,0,0.02065,0.00197,0.04196,0,0,0,0.10825,0,0.02485,0.07109,0.00095,"백찬미역:최강희,윤석호역:이상엽,임예은역:유인영,황미순역:김지영,강우원역:이준영,동관수역:이종혁,서국환역:정인기,배무혁역:박경순,간태희역:황보미,명계철역:우현,탁상기역:이상훈,옥철역:김용희,변우석역:허재호,구비서역:한수진,설영훈역:조영훈,심화란역:차수연,남봉만역:이승형,남주연역:김보윤,피철웅역:배진웅,권민석역:성혁,권소희역:노하연"
20200621,ONCE,020000,022629,황후의품격,,21회,전국,002629,드라마&영화,드라마,미니시리즈,0,0.03538,0,0,0,0.0223,0.00956,0,0,0,0.09481,0,0.03175,0.03338,"오써니역:장나라,나왕식역:최진혁,이혁역:신성록,민유라역:이엘리야,태후강씨역:신은경,이윤역:오승윤,서강희역:윤소이,아리역:오아린,태황태후조씨역:박원숙,소진공주역:이희진,소현황후역:신고은,오금모역:윤다훈,오헬로역:스테파니리,변선생역:김명수,마필주역:윤주만,백도희역:황영희,나동식역:오한결,최팀장역:이수련,홍팀장역:김민옥,형사역:조동혁,수상역:고세원,나왕식역:태항호,사군자역:김수미,안형사역:안내상,강주승역:유건"
20200621,ONCE,022740,025836,황후의품격,,22회,전국,003056,드라마&영화,드라마,미니시리즈,0,0.01978,0,0,0,0,0.00722,0,0,0,0,0,0,0.00261,"오써니역:장나라,나왕식역:최진혁,이혁역:신성록,민유라역:이엘리야,태후강씨역:신은경,이윤역:오승윤,서강희역:윤소이,아리역:오아린,태황태후조씨역:박원숙,소진공주역:이희진,소현황후역:신고은,오금모역:윤다훈,오헬로역:스테파니리,변선생역:김명수,마필주역:윤주만,백도희역:황영희,나동식역:오한결,최팀장역:이수련,홍팀장역:김민옥,형사역:조동혁,수상역:고세원,나왕식역:태항호,사군자역:김수미,안형사역:안내상,강주승역:유건"
20200621,ONCE,030914,033908,황후의품격,,23회,전국,002954,드라마&영화,드라마,미니시리즈,0,0,0,0,0,0.01106,0.07408,0,0,0,0,0,0.01015,0.01785,"오써니역:장나라,나왕식역:최진혁,이혁역:신성록,민유라역:이엘리야,태후강씨역:신은경,이윤역:오승윤,서강희역:윤소이,아리역:오아린,태황태후조씨역:박원숙,소진공주역:이희진,소현황후역:신고은,오금모역:윤다훈,오헬로역:스테파니리,변선생역:김명수,마필주역:윤주만,백도희역:황영희,나동식역:오한결,최팀장역:이수련,홍팀장역:김민옥,형사역:조동혁,수상역:고세원,나왕식역:태항호,사군자역:김수미,안형사역:안내상,강주승역:유건"
20200621,ONCE,034020,041033,황후의품격,,24회,전국,003013,드라마&영화,드라마,미니시리즈,0,0,0,0,0,0.0642,0.02704,0,0,0,0,0,0.05893,0.13994,"오써니역:장나라,나왕식역:최진혁,이혁역:신성록,민유라역:이엘리야,태후강씨역:신은경,이윤역:오승윤,서강희역:윤소이,아리역:오아린,태황태후조씨역:박원숙,소진공주역:이희진,소현황후역:신고은,오금모역:윤다훈,오헬로역:스테파니리,변선생역:김명수,마필주역:윤주만,백도희역:황영희,나동식역:오한결,최팀장역:이수련,홍팀장역:김민옥,형사역:조동혁,수상역:고세원,나왕식역:태항호,사군자역:김수미,안형사역:안내상,강주승역:유건"
20200621,ONCE,060218,064336,전원일기,,430회,전국,004118,드라마&영화,드라마,주말연속극,0,0,0.20216,0.02496,0,0.16734,0.03348,0,0,0,0.25633,0,0.20458,0.0294,"최불암,김혜자,김용건,김수미,고두심,유인촌,정대홍"
20200621,ONCE,065642,073645,전원일기,,431회,전국,004003,드라마&영화,드라마,주말연속극,0,0,0.20191,0.01682,0,0.16713,0.06911,0,0,0,0,0,0.30234,0.02629,"최불암,김혜자,김용건,김수미,고두심,유인촌,정대홍"
20200621,ONCE,074856,085122,동이,,53회,전국,010226,드라마&영화,드라마,주간연속극,0,0,0.12321,0,0,0.08141,0.18969,0,0,0.12447,0,0.05704,0.184,0.1681,"동이역:한효주,숙종역:지진희,희빈장씨역:이소연,차천수역:배수빈,서용기역:정진영,인현왕후역:박하선,오태석역:정동환,이종욱역:이정훈,홍태윤역:손일권,박도식역:최재호,도승지역:신국,오호양역:여호민,황주식역:이희도,정인국역:나성균,최효원역:천호진,장익헌역:이재용,김환역:정인기,은금역:한다민,오태풍역:이계인,태풍처역:이숙,장희재역:김유석,설희역:김혜진,게둬라부역:정은표,오윤역:최철호,게둬라역:최수한,심운택역:김동윤,동이어린시절역:김유정,봉상궁역:김소이,조상궁역:안여진,유상궁역:임성민,정임역:정유미,애종역:강유미,시비역:오은호,미지역:최하나,대전내관역:정선일,명성대비역:박정수,정상궁역:김혜선,영달역:이광수,최동주역:정성운,장무열역:최종환,이금역:이형석,경종역:윤찬,김구선역:맹상훈,인원왕후역:오연서"
20200621,ONCE,090438,100658,동이,,54회,전국,010220,드라마&영화,드라마,주간연속극,0,0,0.13171,0.21981,0.04838,0.20516,0.28214,0,0.00446,0.13305,0.26086,0.01959,0.11747,0.44991,"동이역:한효주,숙종역:지진희,희빈장씨역:이소연,차천수역:배수빈,서용기역:정진영,인현왕후역:박하선,오태석역:정동환,이종욱역:이정훈,홍태윤역:손일권,박도식역:최재호,도승지역:신국,오호양역:여호민,황주식역:이희도,정인국역:나성균,최효원역:천호진,장익헌역:이재용,김환역:정인기,은금역:한다민,오태풍역:이계인,태풍처역:이숙,장희재역:김유석,설희역:김혜진,게둬라부역:정은표,오윤역:최철호,게둬라역:최수한,심운택역:김동윤,동이어린시절역:김유정,봉상궁역:김소이,조상궁역:안여진,유상궁역:임성민,정임역:정유미,애종역:강유미,시비역:오은호,미지역:최하나,대전내관역:정선일,명성대비역:박정수,정상궁역:김혜선,영달역:이광수,최동주역:정성운,장무열역:최종환,이금역:이형석,경종역:윤찬,김구선역:맹상훈,인원왕후역:오연서"
20200621,ONCE,144600,153016,전원일기,,426회,전국,004416,드라마&영화,드라마,주말연속극,0,0,0,0,0,0.0437,0.09715,0,0,0.11102,0.03177,0,0.07478,0.04241,"최불암,김혜자,김용건,김수미,고두심,유인촌,정대홍"
20200621,ONCE,154120,162616,전원일기,,429회,전국,004456,드라마&영화,드라마,주말연속극,0,0,0.06276,0,0.40062,0.02947,0.14183,0,0.34651,0.16712,0.01186,0.43391,0.03563,0.22149,"최불암,김혜자,김용건,김수미,고두심,유인촌,정대홍"
20200621,ONCE,164027,174253,동이,,53회,전국,010226,드라마&영화,드라마,주간연속극,0,0.00227,0,0.00568,0,0.248,0.06967,0,0,0,0,0.13285,0.06004,0.0285,"동이역:한효주,숙종역:지진희,희빈장씨역:이소연,차천수역:배수빈,서용기역:정진영,인현왕후역:박하선,오태석역:정동환,이종욱역:이정훈,홍태윤역:손일권,박도식역:최재호,도승지역:신국,오호양역:여호민,황주식역:이희도,정인국역:나성균,최효원역:천호진,장익헌역:이재용,김환역:정인기,은금역:한다민,오태풍역:이계인,태풍처역:이숙,장희재역:김유석,설희역:김혜진,게둬라부역:정은표,오윤역:최철호,게둬라역:최수한,심운택역:김동윤,동이어린시절역:김유정,봉상궁역:김소이,조상궁역:안여진,유상궁역:임성민,정임역:정유미,애종역:강유미,시비역:오은호,미지역:최하나,대전내관역:정선일,명성대비역:박정수,정상궁역:김혜선,영달역:이광수,최동주역:정성운,장무열역:최종환,이금역:이형석,경종역:윤찬,김구선역:맹상훈,인원왕후역:오연서"
20200621,ONCE,175708,185928,동이,,54회,전국,010220,드라마&영화,드라마,주간연속극,0,0,0,0,0.00367,0.22105,0.32566,0,0,0,0,0.22167,0.08891,0.31861,"동이역:한효주,숙종역:지진희,희빈장씨역:이소연,차천수역:배수빈,서용기역:정진영,인현왕후역:박하선,오태석역:정동환,이종욱역:이정훈,홍태윤역:손일권,박도식역:최재호,도승지역:신국,오호양역:여호민,황주식역:이희도,정인국역:나성균,최효원역:천호진,장익헌역:이재용,김환역:정인기,은금역:한다민,오태풍역:이계인,태풍처역:이숙,장희재역:김유석,설희역:김혜진,게둬라부역:정은표,오윤역:최철호,게둬라역:최수한,심운택역:김동윤,동이어린시절역:김유정,봉상궁역:김소이,조상궁역:안여진,유상궁역:임성민,정임역:정유미,애종역:강유미,시비역:오은호,미지역:최하나,대전내관역:정선일,명성대비역:박정수,정상궁역:김혜선,영달역:이광수,최동주역:정성운,장무열역:최종환,이금역:이형석,경종역:윤찬,김구선역:맹상훈,인원왕후역:오연서"
20200621,ONCE,244252,251206,황후의품격,,21회,전국,002914,드라마&영화,드라마,미니시리즈,0,0,0,0.00397,0,0,0,0,0,0,0.00575,0,0,0,"오써니역:장나라,나왕식역:최진혁,이혁역:신성록,민유라역:이엘리야,태후강씨역:신은경,이윤역:오승윤,서강희역:윤소이,아리역:오아린,태황태후조씨역:박원숙,소진공주역:이희진,소현황후역:신고은,오금모역:윤다훈,오헬로역:스테파니리,변선생역:김명수,마필주역:윤주만,백도희역:황영희,나동식역:오한결,최팀장역:이수련,홍팀장역:김민옥,형사역:조동혁,수상역:고세원,나왕식역:태항호,사군자역:김수미,안형사역:안내상,강주승역:유건"
20200621,ONCE,251316,254413,황후의품격,,22회,전국,003057,드라마&영화,드라마,미니시리즈,0,0,0,0,0,0,0.01762,0,0,0,0,0,0,0,"오써니역:장나라,나왕식역:최진혁,이혁역:신성록,민유라역:이엘리야,태후강씨역:신은경,이윤역:오승윤,서강희역:윤소이,아리역:오아린,태황태후조씨역:박원숙,소진공주역:이희진,소현황후역:신고은,오금모역:윤다훈,오헬로역:스테파니리,변선생역:김명수,마필주역:윤주만,백도희역:황영희,나동식역:오한결,최팀장역:이수련,홍팀장역:김민옥,형사역:조동혁,수상역:고세원,나왕식역:태항호,사군자역:김수미,안형사역:안내상,강주승역:유건"
20200621,ONCE,255346,255959,황후의품격,,23회,전국,000613,드라마&영화,드라마,미니시리즈,0,0.23894,0,0,0.18968,0,0,0,0,0,0,0.23817,0,0.22149,"오써니역:장나라,나왕식역:최진혁,이혁역:신성록,민유라역:이엘리야,태후강씨역:신은경,이윤역:오승윤,서강희역:윤소이,아리역:오아린,태황태후조씨역:박원숙,소진공주역:이희진,소현황후역:신고은,오금모역:윤다훈,오헬로역:스테파니리,변선생역:김명수,마필주역:윤주만,백도희역:황영희,나동식역:오한결,최팀장역:이수련,홍팀장역:김민옥,형사역:조동혁,수상역:고세원,나왕식역:태항호,사군자역:김수미,안형사역:안내상,강주승역:유건"
20200621,SKYUHD,125321,150332,야식남녀,,5회/6회,전국,021011,드라마&영화,드라마,미니시리즈,0,0,0,0,0,0,0,0,0,0,0,0,0,0,"박진성역:정일우,김아진역:강지영,강태완역:이학주,이상영역:김승수,차주희역:김수진,남규장역:양대혁,유성은역:공민정,노재수역:박성준,박진우역:최재현"
20200621,OCN Thrills,090248,100355,번외수사,,9회,전국,010107,드라마&영화,드라마,미니시리즈,0,0,0,0.16371,0.33795,0.45591,0.07154,0,0.18375,0.00312,0.05956,0.03281,0.12889,0.16478,"진강호역:차태현,강무영역:이선빈,이반석역:정상훈,테디정역:윤경호,탁원역:지승현,민대진역:박정우,맨손역:박태산,연장역:장진희,지수철역:이영석,노순이역:민경옥"
20200621,TRENDY,115700,125915,영혼수선공,,14회,전국,010215,드라마&영화,드라마,미니시리즈,0,0,0,0,0.00864,0.02415,0.00237,0.00658,0.00358,0,0,0.05639,0.00313,0.02149,"이시준역:신하균,한우주역:정소민,인동혁역:태인호,지영원역:박예진,공지선역:주민경,조인혜역:조경숙,오기태역:박수영,박대하역:정해균,이택경역:최정우,노우정역:안동구,강누리역:하영,임세찬역:장유상,공지희역:박한솔,장유미역:김가란,김영석역:김강민,송민수역:류시원"
20200621,TRENDY,202015,212233,영혼수선공,,14회,전국,010218,드라마&영화,드라마,미니시리즈,0.04743,0.02796,0,0,0.02374,0,0.01272,0,0,0,0.01623,0,0,0,"이시준역:신하균,한우주역:정소민,인동혁역:태인호,지영원역:박예진,공지선역:주민경,조인혜역:조경숙,오기태역:박수영,박대하역:정해균,이택경역:최정우,노우정역:안동구,강누리역:하영,임세찬역:장유상,공지희역:박한솔,장유미역:김가란,김영석역:김강민,송민수역:류시원"
20200622,KBS1,203057,205920,기막힌유산,,46회,전국,002823,드라마&영화,드라마,일일연속극,3.04932,3.98586,4.15982,6.58704,3.76284,7.97029,25.47783,4.3579,1.76066,4.80845,4.99984,6.94452,15.19715,30.25233,"부영배역:박인환,공계옥역:강세정,부설악역:신정윤,부백두역:강신조,윤민주역:이아현,부금강역:남성진,신애리역:김가연,정미희역:박순천,김용미역:이응경,부한라역:박신우,성판금역:조양자,부가온역:김비주,부태희역:김연지,부혜교역:김효경,부지현역:강유라,공소영역:김난주,이장원역:이일준,김수민역:조서후,김종두역:이춘식,차정건역:조순창,이청아역:정서하,손보미역:박민지,김영지역:주민하,강선희역:박현정,천호식역:백신,이정태역:노상보,고향숙역:박소정"
20200622,KBS2,090525,093347,기막힌유산,,45회,전국,002822,드라마&영화,드라마,일일연속극,0.53181,1.807,1.29383,1.26456,1.51403,2.22285,2.66474,0,0.49337,0.34762,1.3479,1.79929,3.67736,3.57409,"부영배역:박인환,공계옥역:강세정,부설악역:신정윤,부백두역:강신조,윤민주역:이아현,부금강역:남성진,신애리역:김가연,정미희역:박순천,김용미역:이응경,부한라역:박신우,성판금역:조양자,부가온역:김비주,부태희역:김연지,부혜교역:김효경,부지현역:강유라,공소영역:김난주,이장원역:이일준,김수민역:조서후,김종두역:이춘식,차정건역:조순창,이청아역:정서하,손보미역:박민지,김영지역:주민하,강선희역:박현정,천호식역:백신,이정태역:노상보,고향숙역:박소정"
20200622,KBS2,195000,202441,위험한약속,,57회,전국,003441,드라마&영화,드라마,일일연속극,1.36686,3.56631,2.20852,4.55313,3.11116,5.46897,17.50689,3.18505,2.01568,2.08255,6.19893,4.51181,11.55327,21.27432,"차은동역:박하나,강태인역:고세원,최준혁역:강성민,오혜원역:박영린,한지훈역:이창욱,차만종역:이대연,차은찬역:유준서,공영심역:유지연,봉석구역:현우섭,강일섭역:강신일,연두심역:이칸희,한광훈역:길용우,한서주역:김혜지,최명희역:김나운,고재숙역:윤복인,최영국역:송민형,민주란역:오영실,최준경역:이효나,이창욱역:김정운"
20200622,MBC,020000,021657,저녁같이드실래요,<15회>,15회,전국,001657,드라마&영화,드라마,미니시리즈,0,0.12689,0.12624,0,0.07095,0.23962,0.2771,0,0,0.02412,0.28231,0.18746,0.56976,0.18374,"김해경역:송승헌,우도희역:서지혜,정재혁역:이지훈,진노을역:손나은,남아영역:예지원,키에누역:박호산,박진규역:고규필,강건우역:이현진,이병진역:김서경,임소라역:오혜원,김정환역:안태환,이문정역:전국향,전성자역:윤복인,이영동역:김정현,이은서역:서은수,푸드트럭총각역:이시언,태진아역:태진아,환자역:박산다라"
20200622,MBC,021707,025024,저녁같이드실래요,<16회>,16회,전국,003317,드라마&영화,드라마,미니시리즈,0.02046,0.11552,0.49703,0.24386,0.2246,0.44893,0.49843,0.03593,0.0548,0.22481,0.53386,0.76042,0.72971,0.31218,"김해경역:송승헌,우도희역:서지혜,정재혁역:이지훈,진노을역:손나은,남아영역:예지원,키에누역:박호산,박진규역:고규필,강건우역:이현진,이병진역:김서경,임소라역:오혜원,김정환역:안태환,이문정역:전국향,전성자역:윤복인,이영동역:김정현,이은서역:서은수,푸드트럭총각역:이시언,태진아역:태진아,환자역:박산다라"
20200622,MBC,104407,110046,저녁같이드실래요,<15회>,15회,전국,001639,드라마&영화,드라마,미니시리즈,0.16221,0.03625,0.09584,0.44208,0.33334,0.96085,0.83635,0.13015,0,0.28621,1.13343,0.66711,1.21071,0.57067,"김해경역:송승헌,우도희역:서지혜,정재혁역:이지훈,진노을역:손나은,남아영역:예지원,키에누역:박호산,박진규역:고규필,강건우역:이현진,이병진역:김서경,임소라역:오혜원,김정환역:안태환,이문정역:전국향,전성자역:윤복인,이영동역:김정현,이은서역:서은수,푸드트럭총각역:이시언,태진아역:태진아,환자역:박산다라"
20200622,MBC,111034,112705,저녁같이드실래요,<15회>,15회,전국,001631,드라마&영화,드라마,미니시리즈,0,0,0.23987,0.1777,0.21573,0.06125,0.61667,0,0,0.06886,0.59024,0.57497,0.90728,0.43077,"김해경역:송승헌,우도희역:서지혜,정재혁역:이지훈,진노을역:손나은,남아영역:예지원,키에누역:박호산,박진규역:고규필,강건우역:이현진,이병진역:김서경,임소라역:오혜원,김정환역:안태환,이문정역:전국향,전성자역:윤복인,이영동역:김정현,이은서역:서은수,푸드트럭총각역:이시언,태진아역:태진아,환자역:박산다라"
20200622,MBC,112817,120134,저녁같이드실래요,<16회>,16회,전국,003317,드라마&영화,드라마,미니시리즈,0.13804,0.06027,0.0939,0.17844,0.38713,0.24202,0.44742,0.03886,0.18006,0.14729,1.4486,0.72556,0.94785,0.48552,"김해경역:송승헌,우도희역:서지혜,정재혁역:이지훈,진노을역:손나은,남아영역:예지원,키에누역:박호산,박진규역:고규필,강건우역:이현진,이병진역:김서경,임소라역:오혜원,김정환역:안태환,이문정역:전국향,전성자역:윤복인,이영동역:김정현,이은서역:서은수,푸드트럭총각역:이시언,태진아역:태진아,환자역:박산다라"
20200622,MBC,205736,213053,저녁같이드실래요,<16회>,16회,전국,003317,드라마&영화,드라마,미니시리즈,0.65469,0.82289,0.36197,1.16563,1.0296,1.86571,1.06285,0.75937,0.54128,0.37653,1.04249,2.21086,1.85563,1.85686,"김해경역:송승헌,우도희역:서지혜,정재혁역:이지훈,진노을역:손나은,남아영역:예지원,키에누역:박호산,박진규역:고규필,강건우역:이현진,이병진역:김서경,임소라역:오혜원,김정환역:안태환,이문정역:전국향,전성자역:윤복인,이영동역:김정현,이은서역:서은수,푸드트럭총각역:이시언,태진아역:태진아,환자역:박산다라"
20200622,MBC,213857,221222,저녁같이드실래요,<17회>,17회,전국,003325,드라마&영화,드라마,미니시리즈,1.11503,0.71849,0.66237,1.11267,1.99995,3.11542,1.83366,0.6999,0.60515,1.33198,2.0164,3.73044,3.06867,2.15629,"김해경역:송승헌,우도희역:서지혜,정재혁역:이지훈,진노을역:손나은,남아영역:예지원,키에누역:박호산,박진규역:고규필,강건우역:이현진,이병진역:김서경,임소라역:오혜원,김정환역:안태환,이문정역:전국향,전성자역:윤복인,이영동역:김정현,이은서역:서은수,푸드트럭총각역:이시언,태진아역:태진아,환자역:박산다라"
20200622,MBC,221405,224751,저녁같이드실래요,<18회>,18회,전국,003346,드라마&영화,드라마,미니시리즈,0.78116,1.0786,0.66887,1.28622,2.3859,4.11409,2.06182,1.52597,0.89391,1.13415,1.56822,5.77286,4.57456,2.84559,"김해경역:송승헌,우도희역:서지혜,정재혁역:이지훈,진노을역:손나은,남아영역:예지원,키에누역:박호산,박진규역:고규필,강건우역:이현진,이병진역:김서경,임소라역:오혜원,김정환역:안태환,이문정역:전국향,전성자역:윤복인,이영동역:김정현,이은서역:서은수,푸드트럭총각역:이시언,태진아역:태진아,환자역:박산다라"
20200622,SBS,083643,090822,엄마가바람났다,,36회,전국,003139,드라마&영화,드라마,아침드라마,1.06131,2.00503,1.79838,1.60735,2.7275,2.53386,4.72165,0,1.45863,0.2474,2.55977,1.79707,3.18975,6.3868,"오필정역:현쥬니,강석준역:이재황,이은주역:문보령,강석환역:김형범,오순정역:남이안,김복순역:박순천,박민호역:길정우,박민지역:홍제이,김해정역:양금석,강태수역:이원재,이태우역:서현석,최동석역:김동균,최은자역:이진아,최유경역:이영은,최미영역:전은채,왕기범역:차승우,하열도역:김영훈,홍수경역:노정명,박태섭역:강서준,박혜진역:박지수"
20200622,OBS,094105,104047,구가의서,,15회,전국,005942,드라마&영화,드라마,주간연속극,0,0,0,0.01321,0.0264,0,0.12575,0,0,0,0.01842,0.02906,0.00725,0.2252,"최강치역:이승기,담여울역:수지,조관웅역:이성재,담평준역:조성하,박태서역:유연석,박청조역:이유비,곤역:성준,구월령역:최진혁,윤서화역:이연희,소정법사역:김희원,천수련역:정혜영,자홍명역:윤세아,박무솔역:엄효섭,월선역:손승우,이순신역:유동근,마봉출역:조재윤,카게시마역:데이비드맥기니스,한노역:박주형,윤씨역:김희정,억만역:김기방,윤정윤역:이다윗,담이역:김보미,필목역:송영규,공달선생역:이도경"
20200622,OBS,181900,192146,구가의서,,16회,전국,010246,드라마&영화,드라마,주간연속극,0,0,0.00345,0,0,0.00396,0.1149,0,0,0,0,0.00322,0.00339,0.10972,"최강치역:이승기,담여울역:수지,조관웅역:이성재,담평준역:조성하,박태서역:유연석,박청조역:이유비,곤역:성준,구월령역:최진혁,윤서화역:이연희,소정법사역:김희원,천수련역:정혜영,자홍명역:윤세아,박무솔역:엄효섭,월선역:손승우,이순신역:유동근,마봉출역:조재윤,카게시마역:데이비드맥기니스,한노역:박주형,윤씨역:김희정,억만역:김기방,윤정윤역:이다윗,담이역:김보미,필목역:송영규,공달선생역:이도경"
20200622,JTBC,213548,224425,야식남녀,,9회,전국,010837,드라마&영화,드라마,미니시리즈,0.81783,0.06362,0.74915,0.21525,0.71985,1.02226,0.36397,0.27063,0.24919,0.12805,0.74082,0.81271,0.90512,0.25773,"박진성역:정일우,김아진역:강지영,강태완역:이학주,이상영역:김승수,차주희역:김수진,남규장역:양대혁,유성은역:공민정,노재수역:박성준,박진우역:최재현"
20200622,TV CHOSUN,025414,033838,운명과분노,,5회,전국,004424,드라마&영화,드라마,주말연속극,0,0,0.02752,0.17562,0.01385,0.02814,0.14571,0,0.02822,0,0.00647,0.03686,0.021,0.23744,"태인준역:주상욱,구해라역:이민정,차수현역:소이현,진태오역:이기우,태필운역:고인범,한성숙역:송옥숙,태정호역:공정환,고아정역:심이영,태정민역:박수아,현정수역:조승연,구현주역:차수연,강선영역:정수영,강의건역:윤학,김창수역:허준석,차동규역:권태원,이은숙역:하민,김비서역:임지규,이현정역:한은선,김석진역:조완기,이정혜역:전현아,제니진역:김단우"
20200622,TV CHOSUN,200609,205459,바람과구름과비,,10회,전국,004850,드라마&영화,드라마,미니시리즈,0.07554,0.24078,0.24188,0.07454,0.17272,1.43144,1.15425,0.29909,0.58127,0.05799,0.72821,0.40519,1.3657,1.40701,"최천중역:박시후,봉련역:고성희,흥선대원군이하응역:전광렬,채인규역:성혁,김병운역:김승수,김좌근역:차광수,나합역:윤아정,김병학역:한재영,조대비역:김보연,철종역:정욱,이하전역:이루,명성황후민자영역:박정연,고종이재황역:박상훈,용팔룡역:조복래,주모역:김주령,적도사진상역:한동규,팽구철역:노형욱,만석역:박노식,연치성역:임현수,반달역:왕빛나,임종사관역:허태희,최천중어린시절역:강태우,봉련어린시절역:홍승희,채인규어린시절역:최정우,상복역:허성태,민승호역:이해우,저자이병주,출판그림같은세상2020.08.28.,e북무료판매처 1건"
20200622,tvN,020000,020155,사이코지만괜찮아,,1회,전국,000155,드라마&영화,드라마,미니시리즈,0,0,0,0.18516,0.56572,0,0.2822,0,0.03337,0,0.24112,0.38801,0,0.24438,"문강태역:김수현,고문영역:서예지,문상태역:오정세,남주리역:박규영,이상인역:김주헌,조재수역:강기둥,오지왕역:김창완,강순덕역:김미경,박행자역:장영남,선별역:장규리,권민석역:서준,오차용역:최우성,고대환역:이얼,간필옹역:김기천,주정태역:정재광,이아름역:지혜원,박옥란역:강지은,유선해역:주인영,강은자역:배해선,유승재역:박진주,문강태어린시절역:문우진,고문영어린시절역:김수인,권기도역:곽동연,훈남CEO역:최다니엘"
20200622,tvN,022026,033514,사이코지만괜찮아,,2회,전국,011448,드라마&영화,드라마,미니시리즈,0.04755,0,0,0.03636,0.26572,0.0744,0.40581,0,0.28479,0.00998,0.34116,0.29676,0.19856,0.25926,"문강태역:김수현,고문영역:서예지,문상태역:오정세,남주리역:박규영,이상인역:김주헌,조재수역:강기둥,오지왕역:김창완,강순덕역:김미경,박행자역:장영남,선별역:장규리,권민석역:서준,오차용역:최우성,고대환역:이얼,간필옹역:김기천,주정태역:정재광,이아름역:지혜원,박옥란역:강지은,유선해역:주인영,강은자역:배해선,유승재역:박진주,문강태어린시절역:문우진,고문영어린시절역:김수인,권기도역:곽동연,훈남CEO역:최다니엘"
20200622,tvN,081812,093227,미스터션샤인,,1회,전국,011415,드라마&영화,드라마,미니시리즈,0.29178,0.11957,0.13667,0.18589,0.31652,0.4612,0.26829,0.14351,0.05387,0.08966,0.23919,0.58458,0.25397,0.34679,"유진초이역:이병헌,고애신역:김태리,구동매역:유연석,김희성역:변요한,쿠도히나역:김민정,황은산역:김갑수,장승구역:최무성,고사홍역:이호재,이완익역:김의성,모리타카시역:김남희,김안평역:김동균,윤호선역:김혜은,고애순역:박아인,일식이역:김병철,춘식이역:배정남,조씨부인역:김나운,행랑아범역:신정근,함안댁역:이정은,고종역:이승준,정문역:강신일,카일무어역:데이비드맥기니스,홍파역:서유정,임관수역:조우진,이세훈역:최진호,윤남종역:박보미,유죠역:윤주만,츠다역:이정현,소아역:오아연,도미역:고우림,유진엄마역:이시아,호타루역:김용지,스즈키역:정태야,준영역:장동윤,귀단역:김시은,유진초이어린시절역:김강훈,고상완역:진구,희진역:김지원,김판서역:김응수"
20200622,tvN,095056,110232,미스터션샤인,,2회,전국,011136,드라마&영화,드라마,미니시리즈,0.27418,0.02981,0.02504,0.28605,0.81146,0.62604,0.52115,0,0,0.32467,0.856,1.51138,0.75294,0.5809,"유진초이역:이병헌,고애신역:김태리,구동매역:유연석,김희성역:변요한,쿠도히나역:김민정,황은산역:김갑수,장승구역:최무성,고사홍역:이호재,이완익역:김의성,모리타카시역:김남희,김안평역:김동균,윤호선역:김혜은,고애순역:박아인,일식이역:김병철,춘식이역:배정남,조씨부인역:김나운,행랑아범역:신정근,함안댁역:이정은,고종역:이승준,정문역:강신일,카일무어역:데이비드맥기니스,홍파역:서유정,임관수역:조우진,이세훈역:최진호,윤남종역:박보미,유죠역:윤주만,츠다역:이정현,소아역:오아연,도미역:고우림,유진엄마역:이시아,호타루역:김용지,스즈키역:정태야,준영역:장동윤,귀단역:김시은,유진초이어린시절역:김강훈,고상완역:진구,희진역:김지원,김판서역:김응수"
20200622,tvN,130831,142432,사이코지만괜찮아,,1회,전국,011601,드라마&영화,드라마,미니시리즈,0,0.6894,0.00614,0.32722,0.61186,0.90797,0.29628,0.59544,0.21103,0.10409,0.74913,1.68117,0.55045,0.39956,"문강태역:김수현,고문영역:서예지,문상태역:오정세,남주리역:박규영,이상인역:김주헌,조재수역:강기둥,오지왕역:김창완,강순덕역:김미경,박행자역:장영남,선별역:장규리,권민석역:서준,오차용역:최우성,고대환역:이얼,간필옹역:김기천,주정태역:정재광,이아름역:지혜원,박옥란역:강지은,유선해역:주인영,강은자역:배해선,유승재역:박진주,문강태어린시절역:문우진,고문영어린시절역:김수인,권기도역:곽동연,훈남CEO역:최다니엘"
20200622,tvN,144246,155736,사이코지만괜찮아,,2회,전국,011450,드라마&영화,드라마,미니시리즈,0.67822,1.20808,0.29404,0.62579,0.81876,0.67292,0.6322,1.50309,0,0.14433,1.44888,1.27765,0.61383,0.80791,"문강태역:김수현,고문영역:서예지,문상태역:오정세,남주리역:박규영,이상인역:김주헌,조재수역:강기둥,오지왕역:김창완,강순덕역:김미경,박행자역:장영남,선별역:장규리,권민석역:서준,오차용역:최우성,고대환역:이얼,간필옹역:김기천,주정태역:정재광,이아름역:지혜원,박옥란역:강지은,유선해역:주인영,강은자역:배해선,유승재역:박진주,문강태어린시절역:문우진,고문영어린시절역:김수인,권기도역:곽동연,훈남CEO역:최다니엘"
20200622,tvN,210437,221704,아는건별로없지만가족입니다,,7회,전국,011227,드라마&영화,드라마,미니시리즈,0.51409,0.96384,0.41049,1.00455,1.55007,1.50977,1.05497,0,0.49989,1.10667,0.9065,2.73927,3.21784,1.71177,"김은희역:한예리,박찬혁역:김지석,김은주역:추자현,김상식역:정진영,이진숙역:원미경,김지우역:신재하,임건주역:신동욱,윤태형역:김태훈,젊은상식역:한준우,젊은진숙역:조아영,유선일역:서상원,안효석역:이종원,서경옥역:가득희,윤서영역:혜정,전하라역:배윤경,유민우역:권율"
20200622,tvN,223125,234728,사이코지만괜찮아,,1회,전국,011603,드라마&영화,드라마,미니시리즈,0.02975,0.82466,0.67624,1.06699,1.17226,0.28719,0.83794,0.93936,0.15391,0.23633,1.64055,1.26349,1.13306,1.00961,"문강태역:김수현,고문영역:서예지,문상태역:오정세,남주리역:박규영,이상인역:김주헌,조재수역:강기둥,오지왕역:김창완,강순덕역:김미경,박행자역:장영남,선별역:장규리,권민석역:서준,오차용역:최우성,고대환역:이얼,간필옹역:김기천,주정태역:정재광,이아름역:지혜원,박옥란역:강지은,유선해역:주인영,강은자역:배해선,유승재역:박진주,문강태어린시절역:문우진,고문영어린시절역:김수인,권기도역:곽동연,훈남CEO역:최다니엘"
20200622,tvN,240416,251906,사이코지만괜찮아,,2회,전국,011450,드라마&영화,드라마,미니시리즈,0,0.16169,0.14391,0.67243,0.70878,0.53635,0.45586,0,0.31157,0.3046,1.80446,1.04027,0.45541,0.58834,"문강태역:김수현,고문영역:서예지,문상태역:오정세,남주리역:박규영,이상인역:김주헌,조재수역:강기둥,오지왕역:김창완,강순덕역:김미경,박행자역:장영남,선별역:장규리,권민석역:서준,오차용역:최우성,고대환역:이얼,간필옹역:김기천,주정태역:정재광,이아름역:지혜원,박옥란역:강지은,유선해역:주인영,강은자역:배해선,유승재역:박진주,문강태어린시절역:문우진,고문영어린시절역:김수인,권기도역:곽동연,훈남CEO역:최다니엘"
20200622,국방TV,210018,213022,바람은불어도,,115회,전국,003004,드라마&영화,드라마,미니시리즈,0,0,0.05234,0,0,0,0,0,0,0,0,0,0.04949,0,"최수종,유호정,윤손하,송나영,송기윤,나문희"
20200622,국방TV,213144,215820,바람은불어도,,116회,전국,002636,드라마&영화,드라마,미니시리즈,0,0,0,0,0,0,0,0,0,0,0,0,0,0,"최수종,유호정,윤손하,송나영,송기윤,나문희"
20200622,국방TV,240018,243022,바람은불어도,,115회,전국,003004,드라마&영화,드라마,미니시리즈,0.0179,0,0,0,0.00411,0.01433,0,0,0,0.00197,0,0.00658,0.01447,0,"최수종,유호정,윤손하,송나영,송기윤,나문희"
20200622,국방TV,243149,245825,바람은불어도,,116회,전국,002636,드라마&영화,드라마,미니시리즈,0,0,0,0,0,0,0,0,0.02988,0,0,0,0,0,"최수종,유호정,윤손하,송나영,송기윤,나문희"
20200622,국방TV,250018,252955,바람은불어도,,117회,전국,002937,드라마&영화,드라마,미니시리즈,0,0,0.02127,0,0,0,0,0,0,0.02251,0,0,0,0,"최수종,유호정,윤손하,송나영,송기윤,나문희"
20200622,국방TV,253123,255959,바람은불어도,,118회,전국,002836,드라마&영화,드라마,미니시리즈,0,0,0,0.01619,0,0,0,0,0,0.01256,0,0,0,0.01183,"최수종,유호정,윤손하,송나영,송기윤,나문희"
20200622,OCN Movies,031556,041746,번외수사,,10회,전국,010150,드라마&영화,드라마,미니시리즈,0,0,0.10124,0,0.14826,0.35827,0.00206,0.00569,0,0,0.1362,0.00892,0.22733,0.00629,"진강호역:차태현,강무영역:이선빈,이반석역:정상훈,테디정역:윤경호,탁원역:지승현,민대진역:박정우,맨손역:박태산,연장역:장진희,지수철역:이영석,노순이역:민경옥"
20200622,OCN Movies,142154,152329,번외수사,,9회,전국,010135,드라마&영화,드라마,미니시리즈,0,0.23726,0.05345,0.06292,0.2332,0.32891,0.04105,0.05502,0.08323,0,0.1831,0.21054,0.53044,0.16325,"진강호역:차태현,강무영역:이선빈,이반석역:정상훈,테디정역:윤경호,탁원역:지승현,민대진역:박정우,맨손역:박태산,연장역:장진희,지수철역:이영석,노순이역:민경옥"
20200622,OCN Movies,153810,164000,번외수사,,10회,전국,010150,드라마&영화,드라마,미니시리즈,0,0.35065,0.13079,0.16451,0.43359,0.40816,0.08079,0,0.21635,0.19005,0.17129,0.7941,0.62068,0.12593,"진강호역:차태현,강무영역:이선빈,이반석역:정상훈,테디정역:윤경호,탁원역:지승현,민대진역:박정우,맨손역:박태산,연장역:장진희,지수철역:이영석,노순이역:민경옥"
20200622,AsiaUHD,030205,040506,삼총사,,5회,전국,010301,드라마&영화,드라마,주간연속극,0,0,0,0,0,0,0,0,0,0,0,0,0,0,"박달향역:정용화,소현세자역:이진욱,허승포역:양동근,안민서역:정해인,강빈역:서현진,미령역:유인영,김자점역:박영규,최명길역:전노민,용골대역:김성민,인조역:김명수,판쇠역:이켠,노수역:박성민,정명공주역:한민,마부대역:김서경,소현세자어린시절역:지은성"
20200622,AsiaUHD,043006,053910,삼총사,,6회,전국,010904,드라마&영화,드라마,주간연속극,0,0,0,0,0,0,0,0,0,0,0,0,0,0,"박달향역:정용화,소현세자역:이진욱,허승포역:양동근,안민서역:정해인,강빈역:서현진,미령역:유인영,김자점역:박영규,최명길역:전노민,용골대역:김성민,인조역:김명수,판쇠역:이켠,노수역:박성민,정명공주역:한민,마부대역:김서경,소현세자어린시절역:지은성"
20200622,CHING,085934,092704,인어아가씨,,101회,전국,002730,드라마&영화,드라마,주간연속극,0,0,0,0,0,0,0,0,0,0,0,0,0,0,"은아리영역:장서희,한경혜역:정영숙,은진섭역:박근형,심수정역:한혜숙,은예영역:우희진,이주왕역:김성민,이성수역:김병기,금옥선역:사미자,금실라역:김용림,조수아역:고두심,마마준역:정보석,마마린역:이재은"
20200622,CHING,092815,095621,인어아가씨,,102회,전국,002806,드라마&영화,드라마,주간연속극,0,0,0,0,0,0,0,0,0,0,0,0,0,0,"은아리영역:장서희,한경혜역:정영숙,은진섭역:박근형,심수정역:한혜숙,은예영역:우희진,이주왕역:김성민,이성수역:김병기,금옥선역:사미자,금실라역:김용림,조수아역:고두심,마마준역:정보석,마마린역:이재은"
20200622,CHING,101200,103930,인어아가씨,,103회,전국,002730,드라마&영화,드라마,주간연속극,0,0,0,0,0,0,0.02775,0,0,0,0,0,0,0.03997,"은아리영역:장서희,한경혜역:정영숙,은진섭역:박근형,심수정역:한혜숙,은예영역:우희진,이주왕역:김성민,이성수역:김병기,금옥선역:사미자,금실라역:김용림,조수아역:고두심,마마준역:정보석,마마린역:이재은"
20200622,CHING,104041,110848,인어아가씨,,104회,전국,002807,드라마&영화,드라마,주간연속극,0,0,0,0,0,0.10635,0.00727,0,0,0.15259,0,0,0.09618,0.05109,"은아리영역:장서희,한경혜역:정영숙,은진섭역:박근형,심수정역:한혜숙,은예영역:우희진,이주왕역:김성민,이성수역:김병기,금옥선역:사미자,금실라역:김용림,조수아역:고두심,마마준역:정보석,마마린역:이재은"
20200622,CHING,144513,151244,인어아가씨,,101회,전국,002731,드라마&영화,드라마,주간연속극,0,0,0,0,0,0.01257,0,0,0,0,0,0,0,0,"은아리영역:장서희,한경혜역:정영숙,은진섭역:박근형,심수정역:한혜숙,은예영역:우희진,이주왕역:김성민,이성수역:김병기,금옥선역:사미자,금실라역:김용림,조수아역:고두심,마마준역:정보석,마마린역:이재은"
20200622,CHING,151355,154200,인어아가씨,,102회,전국,002805,드라마&영화,드라마,주간연속극,0,0.07038,0,0,0.0249,0.06217,0.00263,0,0,0,0,0.02766,0.06712,0,"은아리영역:장서희,한경혜역:정영숙,은진섭역:박근형,심수정역:한혜숙,은예영역:우희진,이주왕역:김성민,이성수역:김병기,금옥선역:사미자,금실라역:김용림,조수아역:고두심,마마준역:정보석,마마린역:이재은"
20200622,CHING,155347,162117,인어아가씨,,103회,전국,002730,드라마&영화,드라마,주간연속극,0,0,0,0,0,0.06154,0.01845,0,0,0,0,0,0.01436,0.04875,"은아리영역:장서희,한경혜역:정영숙,은진섭역:박근형,심수정역:한혜숙,은예영역:우희진,이주왕역:김성민,이성수역:김병기,금옥선역:사미자,금실라역:김용림,조수아역:고두심,마마준역:정보석,마마린역:이재은"
20200622,CHING,162228,165035,인어아가씨,,104회,전국,002807,드라마&영화,드라마,주간연속극,0,0,0.02599,0.18722,0,0.02811,0.01904,0,0,0,0,0,0.01858,0.10832,"은아리영역:장서희,한경혜역:정영숙,은진섭역:박근형,심수정역:한혜숙,은예영역:우희진,이주왕역:김성민,이성수역:김병기,금옥선역:사미자,금실라역:김용림,조수아역:고두심,마마준역:정보석,마마린역:이재은"
20200622,CHING,170446,180821,번외수사,,7회,전국,010335,드라마&영화,드라마,미니시리즈,0.0226,0,0,0.22015,0.00389,0,0.04261,0,0,0,0,0,0.00246,0.03449,"진강호역:차태현,강무영역:이선빈,이반석역:정상훈,테디정역:윤경호,탁원역:지승현,민대진역:박정우,맨손역:박태산,연장역:장진희,지수철역:이영석,노순이역:민경옥"
20200622,CHING,182103,192650,번외수사,,8회,전국,010547,드라마&영화,드라마,미니시리즈,0.02157,0,0,0.17456,0.00371,0.00267,0.0168,0,0,0,0,0.00528,0.0022,0.04456,"진강호역:차태현,강무영역:이선빈,이반석역:정상훈,테디정역:윤경호,탁원역:지승현,민대진역:박정우,맨손역:박태산,연장역:장진희,지수철역:이영석,노순이역:민경옥"
20200622,CHING,230042,232812,인어아가씨,,101회,전국,002730,드라마&영화,드라마,주간연속극,0,0,0,0,0,0.02887,0.0797,0,0,0,0.17395,0,0.01952,0.01191,"은아리영역:장서희,한경혜역:정영숙,은진섭역:박근형,심수정역:한혜숙,은예영역:우희진,이주왕역:김성민,이성수역:김병기,금옥선역:사미자,금실라역:김용림,조수아역:고두심,마마준역:정보석,마마린역:이재은"
20200622,CHING,232923,235729,인어아가씨,,102회,전국,002806,드라마&영화,드라마,주간연속극,0,0,0,0,0,0,0,0,0,0,0,0,0,0.03307,"은아리영역:장서희,한경혜역:정영숙,은진섭역:박근형,심수정역:한혜숙,은예영역:우희진,이주왕역:김성민,이성수역:김병기,금옥선역:사미자,금실라역:김용림,조수아역:고두심,마마준역:정보석,마마린역:이재은"
20200622,CHING,240823,243554,인어아가씨,,103회,전국,002731,드라마&영화,드라마,주간연속극,0,0,0,0,0,0,0,0,0,0,0,0,0.00797,0.08418,"은아리영역:장서희,한경혜역:정영숙,은진섭역:박근형,심수정역:한혜숙,은예영역:우희진,이주왕역:김성민,이성수역:김병기,금옥선역:사미자,금실라역:김용림,조수아역:고두심,마마준역:정보석,마마린역:이재은"
20200622,CHING,243705,250512,인어아가씨,,104회,전국,002807,드라마&영화,드라마,주간연속극,0,0,0,0,0,0,0,0,0,0,0,0,0.008,0.08418,"은아리영역:장서희,한경혜역:정영숙,은진섭역:박근형,심수정역:한혜숙,은예영역:우희진,이주왕역:김성민,이성수역:김병기,금옥선역:사미자,금실라역:김용림,조수아역:고두심,마마준역:정보석,마마린역:이재은"
20200622,CHING,251724,255959,번외수사,,7회,전국,004235,드라마&영화,드라마,미니시리즈,0,0,0,0,0,0.10632,0.06465,0,0.05724,0,0,0.10602,0.0427,0.07479,"진강호역:차태현,강무영역:이선빈,이반석역:정상훈,테디정역:윤경호,탁원역:지승현,민대진역:박정우,맨손역:박태산,연장역:장진희,지수철역:이영석,노순이역:민경옥"
20200622,CNTV,020751,030002,광개토태왕,,82회,전국,005211,드라마&영화,드라마,주말연속극,0,0,0,0,0,0.00654,0.10532,0,0,0.02088,0,0,0.00566,0.13463,"담덕역:이태곤,고운역:김승수,모용보역:임호,도영역:오지은,연살타역:홍경인,약연역:이인혜,고무역:김진태,고창역:남성진,모두영역:이원발,모두루역:임대호,모용수역:김동현,풍발역:정호근,개연수역:최동준,가라지역:오욱철,연도부역:반석진,계필역:선동혁,이영역:최상훈,담망역:정태우,이련역:송용태,고야역:이보희,담주역:조안,설도안역:김규철,설지역:김정화,마수역:고인범,여소이역:임병기,돌비수역:김정현,갈사무역:강신조,도광역:박승호,소모역:강지후,여문역:나주석,모용희역:조인표,거보역:김덕현,무갑역:유종근,여석개역:방형주,황회역:김명수,원봉역:박유승,하무지역:윤승원,사갈현역:김철기,아신역:박정철"
20200622,CNTV,060329,070002,용의눈물,,85회,전국,005633,드라마&영화,드라마,주간연속극,0.01558,0,0,0.00111,0.01749,0.00895,0.21895,0.01553,0.00577,0.00197,0.01018,0.19222,0.10823,0.07319,"유동근,최명길,이민우,안재모,김무생,김혜리"
20200622,CNTV,071247,080533,용의눈물,,85회,전국,005246,드라마&영화,드라마,주간연속극,0,0.00314,0,0.0062,0.04548,0,0.07684,0,0.09226,0,0,0.0074,0.2368,0.05734,"유동근,최명길,이민우,안재모,김무생,김혜리"
20200622,CNTV,092759,103100,바람과구름과비,,8회,전국,010301,드라마&영화,드라마,미니시리즈,0,0,0,0.01185,0.02215,0.12047,0.20373,0,0,0,0.01591,0,0.09009,0.18471,"최천중역:박시후,봉련역:고성희,흥선대원군이하응역:전광렬,채인규역:성혁,김병운역:김승수,김좌근역:차광수,나합역:윤아정,김병학역:한재영,조대비역:김보연,철종역:정욱,이하전역:이루,명성황후민자영역:박정연,고종이재황역:박상훈,용팔룡역:조복래,주모역:김주령,적도사진상역:한동규,팽구철역:노형욱,만석역:박노식,연치성역:임현수,반달역:왕빛나,임종사관역:허태희,최천중어린시절역:강태우,봉련어린시절역:홍승희,채인규어린시절역:최정우,상복역:허성태,민승호역:이해우,저자이병주,출판그림같은세상2020.08.28.,e북무료판매처 1건"
20200622,CNTV,104909,115101,야인시대,,50회,전국,010152,드라마&영화,드라마,주간연속극,0,0,0.09917,0,0,0.07109,0.68812,0,0,0.02155,0,0.0669,0.05848,0.20396,"청년김두한역:안재모,소년김두한역:곽정욱,장년김두한역:김영철,장년정진영역:차광수,구마적역:이원종,쌍칼역:박준규,김무옥역:이혁재,문영철역:장세진,장년개코역:성동일,신마적역:최철호,하야시역:이창훈,가미소리역:이상인,시바루역:이세창,나미꼬역:이세은,시라소니역:조상구,최동열역:정동환,미와역:이재용,마루오까역:최재성,설향역:허영란,애란역:조여정,정운경역:심형탁,김좌진역:최동준,오숙근역:이덕희,박계숙역:전미선,원노인역:이순재,유진산역:이효정,이정재역:김영호,조병옥역:김학철,이화룡역:안승훈,청년개코역:이동훈,신영균역:윤용현,청년정진영역:김정민,김영태역:박영록,박인애역:정소영,이영숙역:이일화,김두한어린시절역:곽정욱"
20200622,CNTV,121018,130137,광개토태왕,,83회,전국,005119,드라마&영화,드라마,주말연속극,0,0,0.07147,0.0559,0.19885,0.20411,0.46416,0,0,0.00568,0,0.01139,0.19914,0.40553,"담덕역:이태곤,고운역:김승수,모용보역:임호,도영역:오지은,연살타역:홍경인,약연역:이인혜,고무역:김진태,고창역:남성진,모두영역:이원발,모두루역:임대호,모용수역:김동현,풍발역:정호근,개연수역:최동준,가라지역:오욱철,연도부역:반석진,계필역:선동혁,이영역:최상훈,담망역:정태우,이련역:송용태,고야역:이보희,담주역:조안,설도안역:김규철,설지역:김정화,마수역:고인범,여소이역:임병기,돌비수역:김정현,갈사무역:강신조,도광역:박승호,소모역:강지후,여문역:나주석,모용희역:조인표,거보역:김덕현,무갑역:유종근,여석개역:방형주,황회역:김명수,원봉역:박유승,하무지역:윤승원,사갈현역:김철기,아신역:박정철"
20200622,CNTV,132103,141816,용의눈물,,85회,전국,005713,드라마&영화,드라마,주간연속극,0,0,0.03702,0.05396,0.00275,0.06097,0.31475,0,0,0,0.02307,0.00759,0.1211,0.29953,"유동근,최명길,이민우,안재모,김무생,김혜리"
20200622,CNTV,143627,152942,용의눈물,,86회,전국,005315,드라마&영화,드라마,주간연속극,0,0,0.20118,0,0.00893,0,0.34752,0,0,0.01251,0,0.01654,0.0505,0.30549,"유동근,최명길,이민우,안재모,김무생,김혜리"
20200622,CNTV,155029,165331,바람과구름과비,,8회,전국,010302,드라마&영화,드라마,미니시리즈,0.00347,0.06259,0.16982,0.08625,0.12598,0,0.24318,0.00346,0,0,0.00227,0.14441,0.22427,0.1501,"최천중역:박시후,봉련역:고성희,흥선대원군이하응역:전광렬,채인규역:성혁,김병운역:김승수,김좌근역:차광수,나합역:윤아정,김병학역:한재영,조대비역:김보연,철종역:정욱,이하전역:이루,명성황후민자영역:박정연,고종이재황역:박상훈,용팔룡역:조복래,주모역:김주령,적도사진상역:한동규,팽구철역:노형욱,만석역:박노식,연치성역:임현수,반달역:왕빛나,임종사관역:허태희,최천중어린시절역:강태우,봉련어린시절역:홍승희,채인규어린시절역:최정우,상복역:허성태,민승호역:이해우,저자이병주,출판그림같은세상2020.08.28.,e북무료판매처 1건"
20200622,CNTV,171009,181201,야인시대,,50회,전국,010152,드라마&영화,드라마,주간연속극,0,0,0.11853,0,0,0.04055,0.24829,0,0.00247,0.00457,0,0.00262,0.29187,0.26044,"청년김두한역:안재모,소년김두한역:곽정욱,장년김두한역:김영철,장년정진영역:차광수,구마적역:이원종,쌍칼역:박준규,김무옥역:이혁재,문영철역:장세진,장년개코역:성동일,신마적역:최철호,하야시역:이창훈,가미소리역:이상인,시바루역:이세창,나미꼬역:이세은,시라소니역:조상구,최동열역:정동환,미와역:이재용,마루오까역:최재성,설향역:허영란,애란역:조여정,정운경역:심형탁,김좌진역:최동준,오숙근역:이덕희,박계숙역:전미선,원노인역:이순재,유진산역:이효정,이정재역:김영호,조병옥역:김학철,이화룡역:안승훈,청년개코역:이동훈,신영균역:윤용현,청년정진영역:김정민,김영태역:박영록,박인애역:정소영,이영숙역:이일화,김두한어린시절역:곽정욱"
20200622,CNTV,183000,192119,광개토태왕,,83회,전국,005119,드라마&영화,드라마,주말연속극,0,0.18234,0.17111,0.0193,0.00913,0.21554,0.45359,0,0,0.11021,0,0.03515,0.16868,0.23913,"담덕역:이태곤,고운역:김승수,모용보역:임호,도영역:오지은,연살타역:홍경인,약연역:이인혜,고무역:김진태,고창역:남성진,모두영역:이원발,모두루역:임대호,모용수역:김동현,풍발역:정호근,개연수역:최동준,가라지역:오욱철,연도부역:반석진,계필역:선동혁,이영역:최상훈,담망역:정태우,이련역:송용태,고야역:이보희,담주역:조안,설도안역:김규철,설지역:김정화,마수역:고인범,여소이역:임병기,돌비수역:김정현,갈사무역:강신조,도광역:박승호,소모역:강지후,여문역:나주석,모용희역:조인표,거보역:김덕현,무갑역:유종근,여석개역:방형주,황회역:김명수,원봉역:박유승,하무지역:윤승원,사갈현역:김철기,아신역:박정철"
20200622,CNTV,194115,203813,용의눈물,,85회,전국,005658,드라마&영화,드라마,주간연속극,0,0.00541,0,0.00925,0.00937,0.12758,0.14181,0,0.02495,0.00414,0,0.05801,0.04509,0.05222,"유동근,최명길,이민우,안재모,김무생,김혜리"
20200622,CNTV,205525,214839,용의눈물,,86회,전국,005314,드라마&영화,드라마,주간연속극,0,0.03979,0,0.0118,0.09869,0.01137,0.24126,0,0,0,0.04619,0.03874,0.02395,0.21916,"유동근,최명길,이민우,안재모,김무생,김혜리"
20200622,CNTV,220601,230919,바람과구름과비,,8회,전국,010318,드라마&영화,드라마,미니시리즈,0,0.04359,0,0,0.00719,0.25982,0.08391,0,0.00967,0.22018,0,0.17171,0.01937,0.24094,"최천중역:박시후,봉련역:고성희,흥선대원군이하응역:전광렬,채인규역:성혁,김병운역:김승수,김좌근역:차광수,나합역:윤아정,김병학역:한재영,조대비역:김보연,철종역:정욱,이하전역:이루,명성황후민자영역:박정연,고종이재황역:박상훈,용팔룡역:조복래,주모역:김주령,적도사진상역:한동규,팽구철역:노형욱,만석역:박노식,연치성역:임현수,반달역:왕빛나,임종사관역:허태희,최천중어린시절역:강태우,봉련어린시절역:홍승희,채인규어린시절역:최정우,상복역:허성태,민승호역:이해우,저자이병주,출판그림같은세상2020.08.28.,e북무료판매처 1건"
20200622,CNTV,232236,242429,야인시대,,50회,전국,010153,드라마&영화,드라마,주간연속극,0,0,0,0,0.037,0.02621,0.03736,0,0.04663,0.00656,0,0.0448,0.01866,0.01831,"청년김두한역:안재모,소년김두한역:곽정욱,장년김두한역:김영철,장년정진영역:차광수,구마적역:이원종,쌍칼역:박준규,김무옥역:이혁재,문영철역:장세진,장년개코역:성동일,신마적역:최철호,하야시역:이창훈,가미소리역:이상인,시바루역:이세창,나미꼬역:이세은,시라소니역:조상구,최동열역:정동환,미와역:이재용,마루오까역:최재성,설향역:허영란,애란역:조여정,정운경역:심형탁,김좌진역:최동준,오숙근역:이덕희,박계숙역:전미선,원노인역:이순재,유진산역:이효정,이정재역:김영호,조병옥역:김학철,이화룡역:안승훈,청년개코역:이동훈,신영균역:윤용현,청년정진영역:김정민,김영태역:박영록,박인애역:정소영,이영숙역:이일화,김두한어린시절역:곽정욱"
20200622,CNTV,243430,252550,광개토태왕,,83회,전국,005120,드라마&영화,드라마,주말연속극,0,0,0.00256,0.00544,0,0.19931,0.06413,0,0,0.00177,0.01307,0,0.00412,0.00848,"담덕역:이태곤,고운역:김승수,모용보역:임호,도영역:오지은,연살타역:홍경인,약연역:이인혜,고무역:김진태,고창역:남성진,모두영역:이원발,모두루역:임대호,모용수역:김동현,풍발역:정호근,개연수역:최동준,가라지역:오욱철,연도부역:반석진,계필역:선동혁,이영역:최상훈,담망역:정태우,이련역:송용태,고야역:이보희,담주역:조안,설도안역:김규철,설지역:김정화,마수역:고인범,여소이역:임병기,돌비수역:김정현,갈사무역:강신조,도광역:박승호,소모역:강지후,여문역:나주석,모용희역:조인표,거보역:김덕현,무갑역:유종근,여석개역:방형주,황회역:김명수,원봉역:박유승,하무지역:윤승원,사갈현역:김철기,아신역:박정철"
20200622,DRAMAcube,020000,025755,편의점샛별이,,2회,전국,005755,드라마&영화,드라마,미니시리즈,0,0,0,0.00822,0.28701,0,0.00504,0,0,0,0,0,0,0.09791,"최대현역:지창욱,정샛별역:김유정,유연주역:한선화,조승준역:도상우,정은별역:솔빈,공분희역:김선영,최용필역:이병준,한달식역:음문석,권의추역:우현,차기복역:이윤희,고광태역:배기범,김혜자역:견미리,최대순역:김지현,황금비역:서예화,차은조역:윤수,배부장역:허재호,강성태역:지찬,김정하역:신윤정,오현지역:한류은,강지욱역:김민규,유명기역:길용우"
20200622,DRAMAcube,053651,060509,아이템,,3회,전국,002818,드라마&영화,드라마,미니시리즈,0,0,0,0,0,0,0,0,0,0.01435,0,0.03722,0.0827,0,"강곤역:주지훈,신소영역:진세연,조세황역:김강우,한유나역:김유리,구동영역:박원상,신구철역:이대연,방학재역:김민교,하승목역:황동주,서요한역:오승훈,이한길역:최진호,최호준역:김도현,유철조역:정인겸,김대흥역:최권,정진만역:임영식,강다인역:신린아"
20200622,DRAMAcube,060518,063652,아이템,,4회,전국,003134,드라마&영화,드라마,미니시리즈,0,0,0,0.00483,0,0,0,0,0,0,0,0,0.16905,0.00316,"강곤역:주지훈,신소영역:진세연,조세황역:김강우,한유나역:김유리,구동영역:박원상,신구철역:이대연,방학재역:김민교,하승목역:황동주,서요한역:오승훈,이한길역:최진호,최호준역:김도현,유철조역:정인겸,김대흥역:최권,정진만역:임영식,강다인역:신린아"
20200622,DRAMAcube,064846,075050,배가본드,,11회,전국,010204,드라마&영화,드라마,미니시리즈,0,0,0,0,0,0.05713,0.07142,0,0.12452,0,0,0.04922,0.06975,0.00375,"차달건역:이승기,고해리역:배수지,기태웅역:신성록,제시카리역:문정희,정국표역:백윤식,홍순조역:문성근,에드워드박역:이경영,강주철역:이기영,윤한기역:김민종,민재식역:정만식,공화숙역:황보라,박만영역:최광일,안기동역:김종수,김세훈역:신승환,한기수역:김민서,미키역:류원,홍승범역:김정현,릴리역:박아인,박광덕역:고규필,제롬역:유태오,김우기역:장혁진,오상미역:강경헌,김도수역:최대철"
20200622,DRAMAcube,100720,111325,편의점샛별이,,1회,전국,010605,드라마&영화,드라마,미니시리즈,0,0,0.2938,0.00507,0.0651,0.15746,0.1503,0,0.00615,0.18129,0,0.20123,0.48447,0.02271,"최대현역:지창욱,정샛별역:김유정,유연주역:한선화,조승준역:도상우,정은별역:솔빈,공분희역:김선영,최용필역:이병준,한달식역:음문석,권의추역:우현,차기복역:이윤희,고광태역:배기범,김혜자역:견미리,최대순역:김지현,황금비역:서예화,차은조역:윤수,배부장역:허재호,강성태역:지찬,김정하역:신윤정,오현지역:한류은,강지욱역:김민규,유명기역:길용우"
20200622,DRAMAcube,112708,122915,편의점샛별이,,2회,전국,010207,드라마&영화,드라마,미니시리즈,0.00559,0,0.15304,0.05181,0.17747,0.21271,0.06389,0,0.32846,0.13594,0.0343,0.4576,0.22423,0.01895,"최대현역:지창욱,정샛별역:김유정,유연주역:한선화,조승준역:도상우,정은별역:솔빈,공분희역:김선영,최용필역:이병준,한달식역:음문석,권의추역:우현,차기복역:이윤희,고광태역:배기범,김혜자역:견미리,최대순역:김지현,황금비역:서예화,차은조역:윤수,배부장역:허재호,강성태역:지찬,김정하역:신윤정,오현지역:한류은,강지욱역:김민규,유명기역:길용우"
20200622,DRAMAcube,202838,213440,편의점샛별이,,1회,전국,010602,드라마&영화,드라마,미니시리즈,0,0.54612,0,0,0.21623,0.08097,0.15412,0,0,0.3672,0.50058,0.35524,0.08549,0.00068,"최대현역:지창욱,정샛별역:김유정,유연주역:한선화,조승준역:도상우,정은별역:솔빈,공분희역:김선영,최용필역:이병준,한달식역:음문석,권의추역:우현,차기복역:이윤희,고광태역:배기범,김혜자역:견미리,최대순역:김지현,황금비역:서예화,차은조역:윤수,배부장역:허재호,강성태역:지찬,김정하역:신윤정,오현지역:한류은,강지욱역:김민규,유명기역:길용우"
20200622,DRAMAcube,215041,225246,편의점샛별이,,2회,전국,010205,드라마&영화,드라마,미니시리즈,0,0.01101,0,0.03675,0.12564,0.15456,0.08945,0,0.06264,0.01966,0.01802,0.34441,0.15796,0.14287,"최대현역:지창욱,정샛별역:김유정,유연주역:한선화,조승준역:도상우,정은별역:솔빈,공분희역:김선영,최용필역:이병준,한달식역:음문석,권의추역:우현,차기복역:이윤희,고광태역:배기범,김혜자역:견미리,최대순역:김지현,황금비역:서예화,차은조역:윤수,배부장역:허재호,강성태역:지찬,김정하역:신윤정,오현지역:한류은,강지욱역:김민규,유명기역:길용우"
20200622,DramaH,020000,023439,번외수사,,8회,전국,003439,드라마&영화,드라마,미니시리즈,0,0,0.01625,0.013,0.0089,0.02799,0.01221,0,0,0,0.10162,0.03053,0.27721,0.02412,"진강호역:차태현,강무영역:이선빈,이반석역:정상훈,테디정역:윤경호,탁원역:지승현,민대진역:박정우,맨손역:박태산,연장역:장진희,지수철역:이영석,노순이역:민경옥"
20200622,DramaH,024143,034359,영혼수선공,,14회,전국,010216,드라마&영화,드라마,미니시리즈,0,0,0.00421,0.00488,0,0.10427,0.0069,0,0,0,0.00845,0.12898,0.0075,0,"이시준역:신하균,한우주역:정소민,인동혁역:태인호,지영원역:박예진,공지선역:주민경,조인혜역:조경숙,오기태역:박수영,박대하역:정해균,이택경역:최정우,노우정역:안동구,강누리역:하영,임세찬역:장유상,공지희역:박한솔,장유미역:김가란,김영석역:김강민,송민수역:류시원"
20200622,DramaH,095015,105349,번외수사,,7회,전국,010334,드라마&영화,드라마,미니시리즈,0.02136,0,0,0.00926,0.00426,0.10483,0.05265,0,0,0,0.02062,0,0.11615,0.14081,"진강호역:차태현,강무영역:이선빈,이반석역:정상훈,테디정역:윤경호,탁원역:지승현,민대진역:박정우,맨손역:박태산,연장역:장진희,지수철역:이영석,노순이역:민경옥"
20200622,DramaH,111226,121812,번외수사,,8회,전국,010546,드라마&영화,드라마,미니시리즈,0,0.01192,0,0.01014,0.2192,0.3325,0.00485,0,0.00723,0,0.09161,0.00533,0.10225,0.12293,"진강호역:차태현,강무영역:이선빈,이반석역:정상훈,테디정역:윤경호,탁원역:지승현,민대진역:박정우,맨손역:박태산,연장역:장진희,지수철역:이영석,노순이역:민경옥"
20200622,DramaH,154139,164513,번외수사,,7회,전국,010334,드라마&영화,드라마,미니시리즈,0,0,0,0.00373,0,0,0.08036,0,0,0,0,0,0,0.08693,"진강호역:차태현,강무영역:이선빈,이반석역:정상훈,테디정역:윤경호,탁원역:지승현,민대진역:박정우,맨손역:박태산,연장역:장진희,지수철역:이영석,노순이역:민경옥"
20200622,DramaH,170108,180654,번외수사,,8회,전국,010546,드라마&영화,드라마,미니시리즈,0,0,0.01242,0.00366,0,0,0.05672,0,0,0.01231,0.12751,0,0.01177,0.05654,"진강호역:차태현,강무영역:이선빈,이반석역:정상훈,테디정역:윤경호,탁원역:지승현,민대진역:박정우,맨손역:박태산,연장역:장진희,지수철역:이영석,노순이역:민경옥"
20200622,DramaH,225543,235745,바람과구름과비,,9회,전국,010202,드라마&영화,드라마,미니시리즈,0,0,0.21735,0.10348,0.00123,0.25593,0.03838,0,0.00342,0.00449,0.30434,0.10096,0.39955,0.28435,"최천중역:박시후,봉련역:고성희,흥선대원군이하응역:전광렬,채인규역:성혁,김병운역:김승수,김좌근역:차광수,나합역:윤아정,김병학역:한재영,조대비역:김보연,철종역:정욱,이하전역:이루,명성황후민자영역:박정연,고종이재황역:박상훈,용팔룡역:조복래,주모역:김주령,적도사진상역:한동규,팽구철역:노형욱,만석역:박노식,연치성역:임현수,반달역:왕빛나,임종사관역:허태희,최천중어린시절역:강태우,봉련어린시절역:홍승희,채인규어린시절역:최정우,상복역:허성태,민승호역:이해우,저자이병주,출판그림같은세상2020.08.28.,e북무료판매처 1건"
20200622,DramaH,241844,252228,바람과구름과비,,10회,전국,010344,드라마&영화,드라마,미니시리즈,0,0,0.21735,0.20219,0,0.42902,0.12318,0,0,0,0.24112,0.12585,0.55567,0.05421,"최천중역:박시후,봉련역:고성희,흥선대원군이하응역:전광렬,채인규역:성혁,김병운역:김승수,김좌근역:차광수,나합역:윤아정,김병학역:한재영,조대비역:김보연,철종역:정욱,이하전역:이루,명성황후민자영역:박정연,고종이재황역:박상훈,용팔룡역:조복래,주모역:김주령,적도사진상역:한동규,팽구철역:노형욱,만석역:박노식,연치성역:임현수,반달역:왕빛나,임종사관역:허태희,최천중어린시절역:강태우,봉련어린시절역:홍승희,채인규어린시절역:최정우,상복역:허성태,민승호역:이해우,저자이병주,출판그림같은세상2020.08.28.,e북무료판매처 1건"
20200622,DramaH,253531,255959,굿캐스팅,,15회,전국,002428,드라마&영화,드라마,미니시리즈,0,0,0,0.16039,0,0.1253,0,0,0,0,0.07033,0.02906,0.08474,0.0057,"백찬미역:최강희,윤석호역:이상엽,임예은역:유인영,황미순역:김지영,강우원역:이준영,동관수역:이종혁,서국환역:정인기,배무혁역:박경순,간태희역:황보미,명계철역:우현,탁상기역:이상훈,옥철역:김용희,변우석역:허재호,구비서역:한수진,설영훈역:조영훈,심화란역:차수연,남봉만역:이승형,남주연역:김보윤,피철웅역:배진웅,권민석역:성혁,권소희역:노하연"
20200622,Dramax,063208,070303,당신의하우스헬퍼,,1회,전국,003055,드라마&영화,드라마,미니시리즈,0,0,0,0,0,0.15631,0,0,0,0,0,0.06854,0.06342,0.0531,"김지운역:하석진,임다영역:보나,권진국역:이지훈,윤상아역:고원희,한소미역:서은아,강혜주역:전수진,고태수역:조희봉,박가람역:연준석,장용건역:윤주상,조팀장역:정석용,안진홍역:이민영,오윤기역:임지규,서호기역:김민석,백장미역:송상은,최나리역:이노아,방철수역:이도겸,이소희역:심이영"
20200622,Dramax,070413,073400,당신의하우스헬퍼,,2회,전국,002947,드라마&영화,드라마,미니시리즈,0,0,0,0.0313,0,0.06479,0.00823,0,0,0,0,0,0.20413,0.06701,"김지운역:하석진,임다영역:보나,권진국역:이지훈,윤상아역:고원희,한소미역:서은아,강혜주역:전수진,고태수역:조희봉,박가람역:연준석,장용건역:윤주상,조팀장역:정석용,안진홍역:이민영,오윤기역:임지규,서호기역:김민석,백장미역:송상은,최나리역:이노아,방철수역:이도겸,이소희역:심이영"
20200622,Dramax,140606,151051,낭만닥터김사부2,,4회,전국,010445,드라마&영화,드라마,미니시리즈,0,0,0.08229,0.12827,0.00597,0.00404,0.12864,0,0,0.13336,0.03295,0,0.05405,0.02082,"김사부역:한석규,서우진역:안효섭,차은재역:이성경,박민국역:김주헌,배문정역:신동욱,윤아름역:소주연,정인수역:윤나무,여운영역:김홍파,오명심역:진경,장기태역:임원희,남도일역:변우민,박은탁역:김민재,양호준역:고상호,심혜진역:박효주,허영규역:배명진,도윤완역:최진호,엄현정역:정지안,주영미역:윤보라,주지배인역:서영"
20200622,E채널,104750,115040,닥터스,,1회,전국,010250,드라마&영화,드라마,주간연속극,0,0,0,0.06278,0.05802,0.0899,0.13239,0,0.06127,0.01896,0.05969,0.02839,0.0991,0.14615,"홍지홍역:김래원,유혜정역:박신혜,정윤도역:윤균상,진서우역:이성경,강말순역:김영애,유민호역:정해균,이가진역:박지아,유유나역:한보배,김수철역:지수,천순희역:문지인,홍두식역:이호재,조인주역:유다인,진성종역:전국환,진명훈역:엄효섭,윤지영역:윤해영,김태호역:장현성,강경준역:김강현,피영국역:백성현,안중대역:조현식,최강수역:김민석,백호민역:정진,정파란역:이선호,황보태양역:최성재,현수진간호사역:표예진,유별간호사역:지이수,조직보스역:이기우,오영미역:정경순,이수정역:임지연,조수지역:한혜진,안성수역:조달환,남바람역:남궁민,예비신랑역:이상엽"
20200622,E채널,120703,130951,닥터스,,2회,전국,010248,드라마&영화,드라마,주간연속극,0.15116,0,0.01632,0.14413,0.12697,0.00445,0.29531,0,0.21628,0.0074,0.45784,0.16387,0.21457,0.10684,"홍지홍역:김래원,유혜정역:박신혜,정윤도역:윤균상,진서우역:이성경,강말순역:김영애,유민호역:정해균,이가진역:박지아,유유나역:한보배,김수철역:지수,천순희역:문지인,홍두식역:이호재,조인주역:유다인,진성종역:전국환,진명훈역:엄효섭,윤지영역:윤해영,김태호역:장현성,강경준역:김강현,피영국역:백성현,안중대역:조현식,최강수역:김민석,백호민역:정진,정파란역:이선호,황보태양역:최성재,현수진간호사역:표예진,유별간호사역:지이수,조직보스역:이기우,오영미역:정경순,이수정역:임지연,조수지역:한혜진,안성수역:조달환,남바람역:남궁민,예비신랑역:이상엽"
20200622,FX,041755,051802,야인시대,,105회,전국,010007,드라마&영화,드라마,주간연속극,0,0,0,0.00783,0.00121,0,0.04518,0,0,0,0,0.07119,0,0.00791,"청년김두한역:안재모,소년김두한역:곽정욱,장년김두한역:김영철,장년정진영역:차광수,구마적역:이원종,쌍칼역:박준규,김무옥역:이혁재,문영철역:장세진,장년개코역:성동일,신마적역:최철호,하야시역:이창훈,가미소리역:이상인,시바루역:이세창,나미꼬역:이세은,시라소니역:조상구,최동열역:정동환,미와역:이재용,마루오까역:최재성,설향역:허영란,애란역:조여정,정운경역:심형탁,김좌진역:최동준,오숙근역:이덕희,박계숙역:전미선,원노인역:이순재,유진산역:이효정,이정재역:김영호,조병옥역:김학철,이화룡역:안승훈,청년개코역:이동훈,신영균역:윤용현,청년정진영역:김정민,김영태역:박영록,박인애역:정소영,이영숙역:이일화,김두한어린시절역:곽정욱"
20200622,FX,084456,093003,허준,,43회,전국,004507,드라마&영화,드라마,주간연속극,0,0.04288,0,0.00415,0,0.01903,0.01295,0,0,0,0.01762,0,0.00293,0.01453,"허준역:전광렬,유의태역:이순재,유도지역:김병세,예진역:황수정,임오근역:임현식,구일서역:이희도"
20200622,FX,094330,104002,허준,,44회,전국,005632,드라마&영화,드라마,주간연속극,0,0,0,0.00997,0,0,0.03121,0,0,0,0.01311,0.02607,0.00399,0,"허준역:전광렬,유의태역:이순재,유도지역:김병세,예진역:황수정,임오근역:임현식,구일서역:이희도"
20200622,FX,163831,174859,간택여인들의전쟁,,13회,전국,011028,드라마&영화,드라마,미니시리즈,0.01345,0,0,0.01085,0,0,0.00183,0,0,0,0.00513,0.02854,0,0.0025,"강은보역:진세연,이경역:김민규,이재화역:도상우,조영지역:이열음,왈역:이시언,김송이역:이화겸,대왕대비역:정애리,대비역:조은숙,조흥견역:이재용,김만찬역:손병호,용호역:이주진"
20200622,FX,175916,190123,야인시대,,105회,전국,010207,드라마&영화,드라마,주간연속극,0,0,0,0,0.02116,0,0.01488,0.02846,0,0.00966,0,0.01846,0.1156,0.05188,"청년김두한역:안재모,소년김두한역:곽정욱,장년김두한역:김영철,장년정진영역:차광수,구마적역:이원종,쌍칼역:박준규,김무옥역:이혁재,문영철역:장세진,장년개코역:성동일,신마적역:최철호,하야시역:이창훈,가미소리역:이상인,시바루역:이세창,나미꼬역:이세은,시라소니역:조상구,최동열역:정동환,미와역:이재용,마루오까역:최재성,설향역:허영란,애란역:조여정,정운경역:심형탁,김좌진역:최동준,오숙근역:이덕희,박계숙역:전미선,원노인역:이순재,유진산역:이효정,이정재역:김영호,조병옥역:김학철,이화룡역:안승훈,청년개코역:이동훈,신영균역:윤용현,청년정진영역:김정민,김영태역:박영록,박인애역:정소영,이영숙역:이일화,김두한어린시절역:곽정욱"
20200622,FX,201751,212819,간택여인들의전쟁,,13회,전국,011028,드라마&영화,드라마,미니시리즈,0,0,0,0.02012,0,0.22907,0.00314,0,0,0,0,0,0.10219,0.01535,"강은보역:진세연,이경역:김민규,이재화역:도상우,조영지역:이열음,왈역:이시언,김송이역:이화겸,대왕대비역:정애리,대비역:조은숙,조흥견역:이재용,김만찬역:손병호,용호역:이주진"
20200622,FX,214811,225340,간택여인들의전쟁,,14회,전국,010529,드라마&영화,드라마,미니시리즈,0,0.05082,0,0,0,0.17028,0,0,0,0.01108,0,0,0.01978,0.00642,"강은보역:진세연,이경역:김민규,이재화역:도상우,조영지역:이열음,왈역:이시언,김송이역:이화겸,대왕대비역:정애리,대비역:조은숙,조흥견역:이재용,김만찬역:손병호,용호역:이주진"
20200622,FX,242631,252838,야인시대,,105회,전국,010207,드라마&영화,드라마,주간연속극,0,0,0,0.00434,0,0,0.0323,0,0,0,0,0,0.04864,0.04155,"청년김두한역:안재모,소년김두한역:곽정욱,장년김두한역:김영철,장년정진영역:차광수,구마적역:이원종,쌍칼역:박준규,김무옥역:이혁재,문영철역:장세진,장년개코역:성동일,신마적역:최철호,하야시역:이창훈,가미소리역:이상인,시바루역:이세창,나미꼬역:이세은,시라소니역:조상구,최동열역:정동환,미와역:이재용,마루오까역:최재성,설향역:허영란,애란역:조여정,정운경역:심형탁,김좌진역:최동준,오숙근역:이덕희,박계숙역:전미선,원노인역:이순재,유진산역:이효정,이정재역:김영호,조병옥역:김학철,이화룡역:안승훈,청년개코역:이동훈,신영균역:윤용현,청년정진영역:김정민,김영태역:박영록,박인애역:정소영,이영숙역:이일화,김두한어린시절역:곽정욱"
20200622,KBS DRAMA,020000,022401,영혼수선공,,26회,전국,002401,드라마&영화,드라마,미니시리즈,0,0,0,0,0,0,0.00804,0,0,0,0,0,0.05961,0.00945,"이시준역:신하균,한우주역:정소민,인동혁역:태인호,지영원역:박예진,공지선역:주민경,조인혜역:조경숙,오기태역:박수영,박대하역:정해균,이택경역:최정우,노우정역:안동구,강누리역:하영,임세찬역:장유상,공지희역:박한솔,장유미역:김가란,김영석역:김강민,송민수역:류시원"
20200622,KBS DRAMA,023554,030429,영혼수선공,,27회,전국,002835,드라마&영화,드라마,미니시리즈,0,0,0,0,0,0,0.03439,0,0,0,0,0,0.12263,0.13127,"이시준역:신하균,한우주역:정소민,인동혁역:태인호,지영원역:박예진,공지선역:주민경,조인혜역:조경숙,오기태역:박수영,박대하역:정해균,이택경역:최정우,노우정역:안동구,강누리역:하영,임세찬역:장유상,공지희역:박한솔,장유미역:김가란,김영석역:김강민,송민수역:류시원"
20200622,KBS DRAMA,030539,033713,영혼수선공,,28회,전국,003134,드라마&영화,드라마,미니시리즈,0,0,0,0,0,0,0.00438,0,0,0,0,0,0,0.14474,"이시준역:신하균,한우주역:정소민,인동혁역:태인호,지영원역:박예진,공지선역:주민경,조인혜역:조경숙,오기태역:박수영,박대하역:정해균,이택경역:최정우,노우정역:안동구,강누리역:하영,임세찬역:장유상,공지희역:박한솔,장유미역:김가란,김영석역:김강민,송민수역:류시원"
20200622,KBS DRAMA,045535,052336,기막힌유산,,44회,전국,002801,드라마&영화,드라마,일일연속극,0,0.18407,0,0,0,0.03934,0.4051,0,0,0,0.14581,0,0.59768,0.09833,"부영배역:박인환,공계옥역:강세정,부설악역:신정윤,부백두역:강신조,윤민주역:이아현,부금강역:남성진,신애리역:김가연,정미희역:박순천,김용미역:이응경,부한라역:박신우,성판금역:조양자,부가온역:김비주,부태희역:김연지,부혜교역:김효경,부지현역:강유라,공소영역:김난주,이장원역:이일준,김수민역:조서후,김종두역:이춘식,차정건역:조순창,이청아역:정서하,손보미역:박민지,김영지역:주민하,강선희역:박현정,천호식역:백신,이정태역:노상보,고향숙역:박소정"
20200622,KBS DRAMA,052344,055135,기막힌유산,,45회,전국,002751,드라마&영화,드라마,일일연속극,0,0,0,0,0,0.18327,0.42544,0,0.08365,0,0.29161,0.43776,0.73563,0.11077,"부영배역:박인환,공계옥역:강세정,부설악역:신정윤,부백두역:강신조,윤민주역:이아현,부금강역:남성진,신애리역:김가연,정미희역:박순천,김용미역:이응경,부한라역:박신우,성판금역:조양자,부가온역:김비주,부태희역:김연지,부혜교역:김효경,부지현역:강유라,공소영역:김난주,이장원역:이일준,김수민역:조서후,김종두역:이춘식,차정건역:조순창,이청아역:정서하,손보미역:박민지,김영지역:주민하,강선희역:박현정,천호식역:백신,이정태역:노상보,고향숙역:박소정"
20200622,KBS DRAMA,055523,062926,위험한약속,,52회,전국,003403,드라마&영화,드라마,일일연속극,0,0,0,0,0,0.141,0.85388,0,0.05511,0.02101,0.00858,0.05052,0.64041,0.48892,"차은동역:박하나,강태인역:고세원,최준혁역:강성민,오혜원역:박영린,한지훈역:이창욱,차만종역:이대연,차은찬역:유준서,공영심역:유지연,봉석구역:현우섭,강일섭역:강신일,연두심역:이칸희,한광훈역:길용우,한서주역:김혜지,최명희역:김나운,고재숙역:윤복인,최영국역:송민형,민주란역:오영실,최준경역:이효나,이창욱역:김정운"
20200622,KBS DRAMA,062934,070329,위험한약속,,53회,전국,003355,드라마&영화,드라마,일일연속극,0,0,0,0.0036,0,0.21342,0.63558,0,0,0.17856,0,0.2268,0.23946,1.02632,"차은동역:박하나,강태인역:고세원,최준혁역:강성민,오혜원역:박영린,한지훈역:이창욱,차만종역:이대연,차은찬역:유준서,공영심역:유지연,봉석구역:현우섭,강일섭역:강신일,연두심역:이칸희,한광훈역:길용우,한서주역:김혜지,최명희역:김나운,고재숙역:윤복인,최영국역:송민형,민주란역:오영실,최준경역:이효나,이창욱역:김정운"
20200622,KBS DRAMA,071400,074803,위험한약속,,54회,전국,003403,드라마&영화,드라마,일일연속극,0,0.05053,0,0,0.06719,0.24159,0.69455,0,0,0.17856,0.0033,0.26499,0.47249,0.9315,"차은동역:박하나,강태인역:고세원,최준혁역:강성민,오혜원역:박영린,한지훈역:이창욱,차만종역:이대연,차은찬역:유준서,공영심역:유지연,봉석구역:현우섭,강일섭역:강신일,연두심역:이칸희,한광훈역:길용우,한서주역:김혜지,최명희역:김나운,고재숙역:윤복인,최영국역:송민형,민주란역:오영실,최준경역:이효나,이창욱역:김정운"
20200622,KBS DRAMA,074811,082209,위험한약속,,55회,전국,003358,드라마&영화,드라마,일일연속극,0,0.35004,0.12689,0,0.25695,0.48775,1.34821,0,0,0.27143,0.172,0.47261,1.01086,1.26729,"차은동역:박하나,강태인역:고세원,최준혁역:강성민,오혜원역:박영린,한지훈역:이창욱,차만종역:이대연,차은찬역:유준서,공영심역:유지연,봉석구역:현우섭,강일섭역:강신일,연두심역:이칸희,한광훈역:길용우,한서주역:김혜지,최명희역:김나운,고재숙역:윤복인,최영국역:송민형,민주란역:오영실,최준경역:이효나,이창욱역:김정운"
20200622,KBS DRAMA,082217,085613,위험한약속,,56회,전국,003356,드라마&영화,드라마,일일연속극,0,0.39671,0,0.01381,0.37966,0.38461,1.10011,0,0,0.17856,0.17297,0.50905,0.9141,1.03387,"차은동역:박하나,강태인역:고세원,최준혁역:강성민,오혜원역:박영린,한지훈역:이창욱,차만종역:이대연,차은찬역:유준서,공영심역:유지연,봉석구역:현우섭,강일섭역:강신일,연두심역:이칸희,한광훈역:길용우,한서주역:김혜지,최명희역:김나운,고재숙역:윤복인,최영국역:송민형,민주란역:오영실,최준경역:이효나,이창욱역:김정운"
20200622,KBS DRAMA,091007,094715,한번다녀왔습니다,,49회,전국,003708,드라마&영화,드라마,주말연속극,0,0,0.14199,0.10575,0.06987,0.24543,0.50285,0,0,0.41547,0.2538,0.46109,0.61436,0.67408,"송영달역:천호진,장옥분역:차화연,최윤정역:김보연,강초연역:이정은,송나희역:이민정,윤규진역:이상엽,송준선역:오대환,송가희역:오윤아,송다희역:이초희,양치수역:안길강,장옥자역:백지원,성현경역:임정은,윤재석역:이상이,박효신역:기도훈,김지훈역:문우진,이주리역:김소라,김가연역:송다은,건어물역:신미영,꽈배기역:김가영,송서영역:이가연,송서진역:안서연,이정록역:알렉스,유보영역:손성윤,유시후역:송민재,박지연역:신수정,한기영역:강유석,홍성우역:김현목,신혜정역:김미은,심정희역:이상경,오연지역:한봄,오정봉역:오의식,이종수역:장원혁,김승현역:배호근,송이역:김주영,지원역:찬희,이현역:이필모"
20200622,KBS DRAMA,094825,101937,한번다녀왔습니다,,50회,전국,003112,드라마&영화,드라마,주말연속극,0,0,0.27101,0.32825,0.30181,0.18373,0.64888,0.3297,0.08951,0.4329,0.3598,0.64413,0.81466,0.8478,"송영달역:천호진,장옥분역:차화연,최윤정역:김보연,강초연역:이정은,송나희역:이민정,윤규진역:이상엽,송준선역:오대환,송가희역:오윤아,송다희역:이초희,양치수역:안길강,장옥자역:백지원,성현경역:임정은,윤재석역:이상이,박효신역:기도훈,김지훈역:문우진,이주리역:김소라,김가연역:송다은,건어물역:신미영,꽈배기역:김가영,송서영역:이가연,송서진역:안서연,이정록역:알렉스,유보영역:손성윤,유시후역:송민재,박지연역:신수정,한기영역:강유석,홍성우역:김현목,신혜정역:김미은,심정희역:이상경,오연지역:한봄,오정봉역:오의식,이종수역:장원혁,김승현역:배호근,송이역:김주영,지원역:찬희,이현역:이필모"
20200622,KBS DRAMA,103345,111155,한번다녀왔습니다,,51회,전국,003810,드라마&영화,드라마,주말연속극,0,0,0.35801,0.53575,0.37825,0.15969,0.32233,0,0.07125,0.12668,0.44376,1.07044,0.39742,0.57719,"송영달역:천호진,장옥분역:차화연,최윤정역:김보연,강초연역:이정은,송나희역:이민정,윤규진역:이상엽,송준선역:오대환,송가희역:오윤아,송다희역:이초희,양치수역:안길강,장옥자역:백지원,성현경역:임정은,윤재석역:이상이,박효신역:기도훈,김지훈역:문우진,이주리역:김소라,김가연역:송다은,건어물역:신미영,꽈배기역:김가영,송서영역:이가연,송서진역:안서연,이정록역:알렉스,유보영역:손성윤,유시후역:송민재,박지연역:신수정,한기영역:강유석,홍성우역:김현목,신혜정역:김미은,심정희역:이상경,오연지역:한봄,오정봉역:오의식,이종수역:장원혁,김승현역:배호근,송이역:김주영,지원역:찬희,이현역:이필모"
20200622,KBS DRAMA,111305,114353,한번다녀왔습니다,,52회,전국,003048,드라마&영화,드라마,주말연속극,0,0,0.29438,0.34847,0.47442,0.22673,0.49226,0,0.01985,0.04366,0.25783,0.92954,1.02473,0.67022,"송영달역:천호진,장옥분역:차화연,최윤정역:김보연,강초연역:이정은,송나희역:이민정,윤규진역:이상엽,송준선역:오대환,송가희역:오윤아,송다희역:이초희,양치수역:안길강,장옥자역:백지원,성현경역:임정은,윤재석역:이상이,박효신역:기도훈,김지훈역:문우진,이주리역:김소라,김가연역:송다은,건어물역:신미영,꽈배기역:김가영,송서영역:이가연,송서진역:안서연,이정록역:알렉스,유보영역:손성윤,유시후역:송민재,박지연역:신수정,한기영역:강유석,홍성우역:김현목,신혜정역:김미은,심정희역:이상경,오연지역:한봄,오정봉역:오의식,이종수역:장원혁,김승현역:배호근,송이역:김주영,지원역:찬희,이현역:이필모"
20200622,KBS DRAMA,163533,171240,한번다녀왔습니다,,49회,전국,003707,드라마&영화,드라마,주말연속극,0.98528,0.00833,0.2138,0.00635,0.69788,0.15413,0.24648,0,0.03376,0.31538,0.15233,0.03189,0.60097,0.30216,"송영달역:천호진,장옥분역:차화연,최윤정역:김보연,강초연역:이정은,송나희역:이민정,윤규진역:이상엽,송준선역:오대환,송가희역:오윤아,송다희역:이초희,양치수역:안길강,장옥자역:백지원,성현경역:임정은,윤재석역:이상이,박효신역:기도훈,김지훈역:문우진,이주리역:김소라,김가연역:송다은,건어물역:신미영,꽈배기역:김가영,송서영역:이가연,송서진역:안서연,이정록역:알렉스,유보영역:손성윤,유시후역:송민재,박지연역:신수정,한기영역:강유석,홍성우역:김현목,신혜정역:김미은,심정희역:이상경,오연지역:한봄,오정봉역:오의식,이종수역:장원혁,김승현역:배호근,송이역:김주영,지원역:찬희,이현역:이필모"
20200622,KBS DRAMA,171350,174502,한번다녀왔습니다,,50회,전국,003112,드라마&영화,드라마,주말연속극,1.21517,0.14792,0.28394,0.15303,0.95171,0.04406,0.33752,0,0.02327,0.43951,0.0959,0.17665,0.67514,0.3911,"송영달역:천호진,장옥분역:차화연,최윤정역:김보연,강초연역:이정은,송나희역:이민정,윤규진역:이상엽,송준선역:오대환,송가희역:오윤아,송다희역:이초희,양치수역:안길강,장옥자역:백지원,성현경역:임정은,윤재석역:이상이,박효신역:기도훈,김지훈역:문우진,이주리역:김소라,김가연역:송다은,건어물역:신미영,꽈배기역:김가영,송서영역:이가연,송서진역:안서연,이정록역:알렉스,유보영역:손성윤,유시후역:송민재,박지연역:신수정,한기영역:강유석,홍성우역:김현목,신혜정역:김미은,심정희역:이상경,오연지역:한봄,오정봉역:오의식,이종수역:장원혁,김승현역:배호근,송이역:김주영,지원역:찬희,이현역:이필모"
20200622,KBS DRAMA,175940,183750,한번다녀왔습니다,,51회,전국,003810,드라마&영화,드라마,주말연속극,0.67154,0.49008,0.22593,0.02645,0.93274,0.35321,0.22244,0,0.04908,0.47367,0.10004,0.57634,0.64088,0.36191,"송영달역:천호진,장옥분역:차화연,최윤정역:김보연,강초연역:이정은,송나희역:이민정,윤규진역:이상엽,송준선역:오대환,송가희역:오윤아,송다희역:이초희,양치수역:안길강,장옥자역:백지원,성현경역:임정은,윤재석역:이상이,박효신역:기도훈,김지훈역:문우진,이주리역:김소라,김가연역:송다은,건어물역:신미영,꽈배기역:김가영,송서영역:이가연,송서진역:안서연,이정록역:알렉스,유보영역:손성윤,유시후역:송민재,박지연역:신수정,한기영역:강유석,홍성우역:김현목,신혜정역:김미은,심정희역:이상경,오연지역:한봄,오정봉역:오의식,이종수역:장원혁,김승현역:배호근,송이역:김주영,지원역:찬희,이현역:이필모"
20200622,KBS DRAMA,183859,190948,한번다녀왔습니다,,52회,전국,003049,드라마&영화,드라마,주말연속극,1.21517,0.45764,0.73811,0.08708,1.18627,0.64484,0.28501,0,0.15664,0.74715,0.05632,0.8084,0.74635,0.69631,"송영달역:천호진,장옥분역:차화연,최윤정역:김보연,강초연역:이정은,송나희역:이민정,윤규진역:이상엽,송준선역:오대환,송가희역:오윤아,송다희역:이초희,양치수역:안길강,장옥자역:백지원,성현경역:임정은,윤재석역:이상이,박효신역:기도훈,김지훈역:문우진,이주리역:김소라,김가연역:송다은,건어물역:신미영,꽈배기역:김가영,송서영역:이가연,송서진역:안서연,이정록역:알렉스,유보영역:손성윤,유시후역:송민재,박지연역:신수정,한기영역:강유석,홍성우역:김현목,신혜정역:김미은,심정희역:이상경,오연지역:한봄,오정봉역:오의식,이종수역:장원혁,김승현역:배호근,송이역:김주영,지원역:찬희,이현역:이필모"
20200622,KBS W,020000,020515,부부클리닉사랑과전쟁2,,123회,전국,000515,드라마&영화,드라마,단막극,0,0,0,0,0,0.0269,0,0,0,0.32912,0,0,0.05253,0,"이재만,민지영,최영완,이정수,장가현,손유경,이준우"
20200622,KBS W,021830,030605,젊은이의양지,,43회,전국,004735,드라마&영화,드라마,주말연속극,0,0,0,0.01499,0,0,0.08693,0,0,0,0,0,0,0.01094,"저자서,출판하북스2020.11.04.,e북900원판매처 4건,저자시어도어드라이저,출판일신서적출판사1995.06.01.,도서10,800원판매처 5건,저자시어도어드라이저,출판일신서적출판사1995.06.01.,리뷰1건,도서10,800원판매처 2건,저자시어도어드라이저,출판범우사1989.02.01.,저자시어도어드라이저,출판범우사1989.02.01.,저자시어도어드라이저,출판숨은책1995.10.01.,리뷰1건"
20200622,KBS W,031657,040521,젊은이의양지,,44회,전국,004824,드라마&영화,드라마,주말연속극,0,0,0,0,0.05662,0.00797,0.00966,0,0,0,0,0.0728,0.00438,0.04177,"저자서,출판하북스2020.11.04.,e북900원판매처 4건,저자시어도어드라이저,출판일신서적출판사1995.06.01.,도서10,800원판매처 5건,저자시어도어드라이저,출판일신서적출판사1995.06.01.,리뷰1건,도서10,800원판매처 2건,저자시어도어드라이저,출판범우사1989.02.01.,저자시어도어드라이저,출판범우사1989.02.01.,저자시어도어드라이저,출판숨은책1995.10.01.,리뷰1건"
20200622,KBS W,094636,104712,부부클리닉사랑과전쟁,,415회,전국,010036,드라마&영화,드라마,단막극,0,0,0,0,0.02628,0,0.04938,0,0,0,0,0.10427,0,0.11734,"이재만,민지영,최영완,이정수,장가현,손유경,이준우"
20200622,KBS W,105814,115728,부부클리닉사랑과전쟁,,416회,전국,005914,드라마&영화,드라마,단막극,0,0,0.094,0,0,0.00595,0.15601,0,0,0,0,0.10427,0.04249,0.26218,"이재만,민지영,최영완,이정수,장가현,손유경,이준우"
20200622,KBS W,121146,131432,넝쿨째굴러온당신,,21회,전국,010246,드라마&영화,드라마,주말연속극,0,0,0.09354,0.02596,0,0.01127,0.05742,0,0,0,0.00597,0.11646,0.04625,0.09629,"차윤희역:김남주,방귀남역:유준상,엄청애역:윤여정,방장수역:장용,전막례역:강부자,한만희역:김영란,차세중역:김용희,민지영역:진경,차세광역:강민혁,엄보애역:유지인,엄순애역:양희경,방일숙역:양정아,방이숙역:조윤희,방말숙역:오연서,장양실역:나영희,방정배역:김상호,고옥역:심이영,방장군역:곽동연,천재용역:이희준,윤빈역:김원준,남남구역:김형범,고시생역:김승우,예능국PD역:김준현,라디오DJ역:양희은,홍은희역:홍은희,송수지역:박수진,매니저역:이수근,목사역:지진희,차태봉역:차태현,성시갱역:성시경,노래강사역:이종박,한규현역:강동호,태영역:김형진,지피디역:곽민석,강혜수역:최윤소,동대문옷가게상인역:탁재훈,소개팅남역:이정신,유신혜역:유인영,지환역:이도현,김장훈역:김장훈,뚱보아버지역:유민상,뚱보아들역:김수영,인기여배우역:이혜영,인기남배우역:송준근,심사위원역:김종민,막장모녀엄마역:정경미,막장모녀딸역:박소영,신세경역:신세경,재용첫째누나역:김서형,재용둘째누나역:조민아,재용막내누나역:이제인,호들갑남역:공형진,라디오DJ역:박소현,귀남의양아버지역:길용우,귀남의양어머니역:김창숙,천재용아버지역:이재용,배PD역:이지영,방귀남어린시절역:홍현택"
20200622,KBS W,132532,142844,넝쿨째굴러온당신,,22회,전국,010312,드라마&영화,드라마,주말연속극,0,0,0,0,0.08487,0.00688,0.12817,0,0,0,0.00059,0.17164,0.00123,0.13373,"차윤희역:김남주,방귀남역:유준상,엄청애역:윤여정,방장수역:장용,전막례역:강부자,한만희역:김영란,차세중역:김용희,민지영역:진경,차세광역:강민혁,엄보애역:유지인,엄순애역:양희경,방일숙역:양정아,방이숙역:조윤희,방말숙역:오연서,장양실역:나영희,방정배역:김상호,고옥역:심이영,방장군역:곽동연,천재용역:이희준,윤빈역:김원준,남남구역:김형범,고시생역:김승우,예능국PD역:김준현,라디오DJ역:양희은,홍은희역:홍은희,송수지역:박수진,매니저역:이수근,목사역:지진희,차태봉역:차태현,성시갱역:성시경,노래강사역:이종박,한규현역:강동호,태영역:김형진,지피디역:곽민석,강혜수역:최윤소,동대문옷가게상인역:탁재훈,소개팅남역:이정신,유신혜역:유인영,지환역:이도현,김장훈역:김장훈,뚱보아버지역:유민상,뚱보아들역:김수영,인기여배우역:이혜영,인기남배우역:송준근,심사위원역:김종민,막장모녀엄마역:정경미,막장모녀딸역:박소영,신세경역:신세경,재용첫째누나역:김서형,재용둘째누나역:조민아,재용막내누나역:이제인,호들갑남역:공형진,라디오DJ역:박소현,귀남의양아버지역:길용우,귀남의양어머니역:김창숙,천재용아버지역:이재용,배PD역:이지영,방귀남어린시절역:홍현택"
20200622,KBS W,144316,151050,기막힌유산,,42회,전국,002734,드라마&영화,드라마,일일연속극,0,0,0,0,0.1473,0.00933,0.02291,0,0.01092,0,0,0.23223,0.04569,0.06525,"부영배역:박인환,공계옥역:강세정,부설악역:신정윤,부백두역:강신조,윤민주역:이아현,부금강역:남성진,신애리역:김가연,정미희역:박순천,김용미역:이응경,부한라역:박신우,성판금역:조양자,부가온역:김비주,부태희역:김연지,부혜교역:김효경,부지현역:강유라,공소영역:김난주,이장원역:이일준,김수민역:조서후,김종두역:이춘식,차정건역:조순창,이청아역:정서하,손보미역:박민지,김영지역:주민하,강선희역:박현정,천호식역:백신,이정태역:노상보,고향숙역:박소정"
20200622,KBS W,151057,153848,기막힌유산,,44회,전국,002751,드라마&영화,드라마,일일연속극,0,0.02201,0.01401,0,0,0,0.16455,0,0,0,0.01885,0.07454,0.03001,0.23746,"부영배역:박인환,공계옥역:강세정,부설악역:신정윤,부백두역:강신조,윤민주역:이아현,부금강역:남성진,신애리역:김가연,정미희역:박순천,김용미역:이응경,부한라역:박신우,성판금역:조양자,부가온역:김비주,부태희역:김연지,부혜교역:김효경,부지현역:강유라,공소영역:김난주,이장원역:이일준,김수민역:조서후,김종두역:이춘식,차정건역:조순창,이청아역:정서하,손보미역:박민지,김영지역:주민하,강선희역:박현정,천호식역:백신,이정태역:노상보,고향숙역:박소정"
20200622,KBS W,154948,161749,기막힌유산,,45회,전국,002801,드라마&영화,드라마,일일연속극,0,0,0,0,0.00409,0,0.1561,0,0,0,0,0.09282,0,0.02234,"부영배역:박인환,공계옥역:강세정,부설악역:신정윤,부백두역:강신조,윤민주역:이아현,부금강역:남성진,신애리역:김가연,정미희역:박순천,김용미역:이응경,부한라역:박신우,성판금역:조양자,부가온역:김비주,부태희역:김연지,부혜교역:김효경,부지현역:강유라,공소영역:김난주,이장원역:이일준,김수민역:조서후,김종두역:이춘식,차정건역:조순창,이청아역:정서하,손보미역:박민지,김영지역:주민하,강선희역:박현정,천호식역:백신,이정태역:노상보,고향숙역:박소정"
20200622,KBS W,161756,164548,기막힌유산,,45회,전국,002752,드라마&영화,드라마,일일연속극,0,0,0,0.00541,0,0.00696,0.16771,0,0.00806,0,0.00512,0.13774,0.01185,0.07566,"부영배역:박인환,공계옥역:강세정,부설악역:신정윤,부백두역:강신조,윤민주역:이아현,부금강역:남성진,신애리역:김가연,정미희역:박순천,김용미역:이응경,부한라역:박신우,성판금역:조양자,부가온역:김비주,부태희역:김연지,부혜교역:김효경,부지현역:강유라,공소영역:김난주,이장원역:이일준,김수민역:조서후,김종두역:이춘식,차정건역:조순창,이청아역:정서하,손보미역:박민지,김영지역:주민하,강선희역:박현정,천호식역:백신,이정태역:노상보,고향숙역:박소정"
20200622,KBS W,165932,173334,위험한약속,,53회,전국,003402,드라마&영화,드라마,일일연속극,0,0.85897,0.03846,0.01381,0,0.01254,0.2366,0,0,0.01389,0.05174,0.01551,0.00179,0.22256,"차은동역:박하나,강태인역:고세원,최준혁역:강성민,오혜원역:박영린,한지훈역:이창욱,차만종역:이대연,차은찬역:유준서,공영심역:유지연,봉석구역:현우섭,강일섭역:강신일,연두심역:이칸희,한광훈역:길용우,한서주역:김혜지,최명희역:김나운,고재숙역:윤복인,최영국역:송민형,민주란역:오영실,최준경역:이효나,이창욱역:김정운"
20200622,KBS W,173341,180737,위험한약속,,54회,전국,003356,드라마&영화,드라마,일일연속극,0,0.85897,0,0.01647,0,0,0.23178,0,0,0,0.01283,0.01535,0,0.24566,"차은동역:박하나,강태인역:고세원,최준혁역:강성민,오혜원역:박영린,한지훈역:이창욱,차만종역:이대연,차은찬역:유준서,공영심역:유지연,봉석구역:현우섭,강일섭역:강신일,연두심역:이칸희,한광훈역:길용우,한서주역:김혜지,최명희역:김나운,고재숙역:윤복인,최영국역:송민형,민주란역:오영실,최준경역:이효나,이창욱역:김정운"
20200622,KBS W,181835,185242,위험한약속,,55회,전국,003407,드라마&영화,드라마,일일연속극,0,1.03337,0,0.01358,0.05949,0.41159,0.28368,0,0.07812,0.00694,0.22401,0.14672,0.11183,0.26486,"차은동역:박하나,강태인역:고세원,최준혁역:강성민,오혜원역:박영린,한지훈역:이창욱,차만종역:이대연,차은찬역:유준서,공영심역:유지연,봉석구역:현우섭,강일섭역:강신일,연두심역:이칸희,한광훈역:길용우,한서주역:김혜지,최명희역:김나운,고재숙역:윤복인,최영국역:송민형,민주란역:오영실,최준경역:이효나,이창욱역:김정운"
20200622,KBS W,185249,192644,위험한약속,,56회,전국,003355,드라마&영화,드라마,일일연속극,0,1.25089,0.08249,0.08891,0.1359,0.59638,0.20529,0,0.07812,0.01306,0.1134,0.254,0.20681,0.22529,"차은동역:박하나,강태인역:고세원,최준혁역:강성민,오혜원역:박영린,한지훈역:이창욱,차만종역:이대연,차은찬역:유준서,공영심역:유지연,봉석구역:현우섭,강일섭역:강신일,연두심역:이칸희,한광훈역:길용우,한서주역:김혜지,최명희역:김나운,고재숙역:윤복인,최영국역:송민형,민주란역:오영실,최준경역:이효나,이창욱역:김정운"
20200622,KBS W,221430,231651,부부클리닉사랑과전쟁,,398회,전국,010221,드라마&영화,드라마,단막극,0,0,0.12091,0.00216,0.08895,0.0295,0.01152,0.13091,0.03213,0.08084,0,0.08013,0.08891,0.04297,"이재만,민지영,최영완,이정수,장가현,손유경,이준우"
20200622,KBS W,232750,242845,부부클리닉사랑과전쟁,,399회,전국,010055,드라마&영화,드라마,단막극,0.7532,0,0,0,0.04396,0,0.10437,0.04628,0,0.00933,0.01521,0.10075,0,0.24127,"이재만,민지영,최영완,이정수,장가현,손유경,이준우"
20200622,KBS W,244145,250946,기막힌유산,,45회,전국,002801,드라마&영화,드라마,일일연속극,0,0,0,0,0,0.05629,0.03873,0,0,0.26737,0,0,0,0.04976,"부영배역:박인환,공계옥역:강세정,부설악역:신정윤,부백두역:강신조,윤민주역:이아현,부금강역:남성진,신애리역:김가연,정미희역:박순천,김용미역:이응경,부한라역:박신우,성판금역:조양자,부가온역:김비주,부태희역:김연지,부혜교역:김효경,부지현역:강유라,공소영역:김난주,이장원역:이일준,김수민역:조서후,김종두역:이춘식,차정건역:조순창,이청아역:정서하,손보미역:박민지,김영지역:주민하,강선희역:박현정,천호식역:백신,이정태역:노상보,고향숙역:박소정"
20200622,KBS W,250953,253745,기막힌유산,,46회,전국,002752,드라마&영화,드라마,일일연속극,0,0,0.01016,0,0,0.05029,0.07596,0,0,0.12834,0.04626,0,0.00519,0.23087,"부영배역:박인환,공계옥역:강세정,부설악역:신정윤,부백두역:강신조,윤민주역:이아현,부금강역:남성진,신애리역:김가연,정미희역:박순천,김용미역:이응경,부한라역:박신우,성판금역:조양자,부가온역:김비주,부태희역:김연지,부혜교역:김효경,부지현역:강유라,공소영역:김난주,이장원역:이일준,김수민역:조서후,김종두역:이춘식,차정건역:조순창,이청아역:정서하,손보미역:박민지,김영지역:주민하,강선희역:박현정,천호식역:백신,이정태역:노상보,고향숙역:박소정"
20200622,KBS W,255043,255959,위험한약속,,55회,전국,000916,드라마&영화,드라마,일일연속극,0,0,0,0,0,0,0.23288,0,0,0,0,0,0,0.59201,"차은동역:박하나,강태인역:고세원,최준혁역:강성민,오혜원역:박영린,한지훈역:이창욱,차만종역:이대연,차은찬역:유준서,공영심역:유지연,봉석구역:현우섭,강일섭역:강신일,연두심역:이칸희,한광훈역:길용우,한서주역:김혜지,최명희역:김나운,고재숙역:윤복인,최영국역:송민형,민주란역:오영실,최준경역:이효나,이창욱역:김정운"
20200622,K-STAR,113800,124305,부부클리닉사랑과전쟁,,426회,전국,010505,드라마&영화,드라마,주간연속극,0,0,0,0,0.00345,0.02207,0.06964,0,0,0,0.1893,0.00909,0.23005,0.28442,"이재만,민지영,최영완,이정수,장가현,손유경,이준우"
20200622,K-STAR,142440,154004,부부의세계,,13회,전국,011524,드라마&영화,드라마,미니시리즈,0,0.00524,0.02907,0,0.07053,0.0256,0.12821,0,0.0505,0.0656,0,0.08715,0.08296,0.36685,"지선우역:김희애,이태오역:박해준,여다경역:한소희,고예림역:박선영,손제혁역:김영민,설명숙역:채국희,여병규역:이경영,엄효정역:김선경,이준영역:전진서,민현서역:심은우,박인규역:이학주,마강석역:박충선,공지철역:정재성,김윤기역:이무생,하동식역:김종태,윤노을역:신수연,차해강역:정준원,최회장아내역:서이숙,공지철아내역:박미현,차도철아내역:윤인조"
20200622,K-STAR,201751,212256,부부클리닉사랑과전쟁,,426회,전국,010505,드라마&영화,드라마,주간연속극,0,0.02441,0.18489,0,0,0.0221,0.06244,0,0.13951,0.01269,0,0.12787,0.45094,0.08384,"이재만,민지영,최영완,이정수,장가현,손유경,이준우"
20200622,K-STAR,253351,255959,부부의세계,,13회,전국,002608,드라마&영화,드라마,미니시리즈,0,0,0,0,0,0.11782,0.0904,0,0,0,0.06883,0,0,0.06129,"지선우역:김희애,이태오역:박해준,여다경역:한소희,고예림역:박선영,손제혁역:김영민,설명숙역:채국희,여병규역:이경영,엄효정역:김선경,이준영역:전진서,민현서역:심은우,박인규역:이학주,마강석역:박충선,공지철역:정재성,김윤기역:이무생,하동식역:김종태,윤노을역:신수연,차해강역:정준원,최회장아내역:서이숙,공지철아내역:박미현,차도철아내역:윤인조"
20200622,KTV,061157,065854,전원일기,,779회,전국,004657,드라마&영화,드라마,주말연속극,0,0,0,0,0,0,0.10594,0,0,0,0.00318,0,0,0.00208,"최불암,김혜자,김용건,김수미,고두심,유인촌,정대홍"
20200622,KTV,210352,213024,파랑새는있다,<1부>,35회,전국,002632,드라마&영화,드라마,주간연속극,0,0,0.01773,0,0,0.02375,0.26974,0,0,0,0,0,0.02492,0.1026,"이상인,정선경,백윤식,송경철,박남현,한진희,동방우,양금석"
20200622,KTV,213153,215650,파랑새는있다,<2부>,35회,전국,002457,드라마&영화,드라마,주간연속극,0,0,0,0,0,0,0.46771,0,0,0,0,0,0.05199,0.37232,"이상인,정선경,백윤식,송경철,박남현,한진희,동방우,양금석"
20200622,KTV,215830,221728,전원일기,<1부>,403회,전국,001858,드라마&영화,드라마,주말연속극,0.02983,0,0,0,0.00685,0,0.28499,0,0,0,0,0.0073,0,0.13702,"최불암,김혜자,김용건,김수미,고두심,유인촌,정대홍"
20200622,KTV,221855,224526,전원일기,<2부>,403회,전국,002631,드라마&영화,드라마,주말연속극,0,0,0,0,0,0,0.12331,0,0,0,0,0.00671,0.02599,0.21719,"최불암,김혜자,김용건,김수미,고두심,유인촌,정대홍"
20200622,KTV,224733,231347,바람은불어도,,139회,전국,002614,드라마&영화,드라마,주간연속극,0,0,0,0,0,0,0.08107,0,0,0,0,0,0.05199,0.24181,"최수종,유호정,윤손하,송나영,송기윤,나문희"
20200622,KTV,231506,234425,바람은불어도,,140회,전국,002919,드라마&영화,드라마,주간연속극,0,0,0,0,0.01258,0,0.09561,0,0,0,0,0.00507,0.04386,0.14774,"최수종,유호정,윤손하,송나영,송기윤,나문희"
20200622,KTV,243717,252836,파랑새는있다,,35회,전국,005119,드라마&영화,드라마,주간연속극,0,0,0,0.00874,0,0,0.0039,0,0,0,0,0,0,0.01331,"이상인,정선경,백윤식,송경철,박남현,한진희,동방우,양금석"
20200622,KTV,255936,255959,전원일기,,403회,전국,000023,드라마&영화,드라마,주말연속극,0,0,0.21735,0,0,0.17601,0,0,0,0,0,0,0.21286,0.08418,"최불암,김혜자,김용건,김수미,고두심,유인촌,정대홍"
20200622,MBC M,100316,110707,쇼핑왕루이,,9회,전국,010351,드라마&영화,드라마,미니시리즈,0,0,0.00336,0.00983,0,0.00529,0.0044,0,0,0.00728,0.02718,0.00212,0.00241,0.00466,"루이역:서인국,고복실역:남지현,차중원역:윤상현,백마리역:임세미,조인성역:오대환,남준혁역:강지섭,최일순역:김영옥,김호준역:엄효섭,허정란역:김선영,백선구역:김규철,홍재숙역:윤유선,신영애역:김보연,황금자역:황영희,박혜주역:미람,고복남역:류의현,차수일역:남명렬,이경국역:김병철,변도진역:이재균,권미영역:차청화"
20200622,MBC M,111920,122228,쇼핑왕루이,,10회,전국,010308,드라마&영화,드라마,미니시리즈,0,0,0,0,0,0.022,0,0,0,0,0,0,0.01191,0.00662,"루이역:서인국,고복실역:남지현,차중원역:윤상현,백마리역:임세미,조인성역:오대환,남준혁역:강지섭,최일순역:김영옥,김호준역:엄효섭,허정란역:김선영,백선구역:김규철,홍재숙역:윤유선,신영애역:김보연,황금자역:황영희,박혜주역:미람,고복남역:류의현,차수일역:남명렬,이경국역:김병철,변도진역:이재균,권미영역:차청화"
20200622,O tvN,020000,025015,아홉수소년,,4회,전국,005015,드라마&영화,드라마,주간연속극,0,0,0,0.08362,0.00482,0.0039,0.047,0,0,0.14762,0,0,0.00446,0.05197,"강동구역:최로운,강민구역:육성재,강진구역:김영광,구광수역:오정세,장백지역:이채미,구복자역:김미경,한수아역:박초롱,마세영역:경수진,주다인역:유다인,도민준역:박하준,남창희역:오희준,왕기찬,박재범역:김현준,이고은역:박민하,한구역:이진호,조부장역:김원해,김차장역:황태광,영훈역:김강현,은서,출장보살역:박혁권,정연역:김민영,후배역:김종민,강민경역:이국주,유혹녀역:수빈,선아역:이세영,전현무역:전현무,맞선녀역:박은지,심사위원역:존박,라디오DJ역:윤상"
20200622,O tvN,120837,133140,아스달연대기,,1회,전국,012303,드라마&영화,드라마,주간연속극,0,0,0,0,0.20652,0.10498,0.27396,0,0,0,0.00728,0.27835,0.08157,0.3431,"타곤역:장동건,은섬역:송중기,사야역:송중기,탄야역:김지원,태알하역:김옥빈,산웅역:김의성,해미홀역:조성하,아사론역:이도경,무백역:박해준,단벽역:박병은,달새역:신주환,라가즈역:유태오,아사혼역:추자현,아사사칸역:손숙,무광역:황희,아사욘역:장률,채은역:고보결,길선역:박형수,연발역:최영준,기토하역:이호철,양차역:기도훈,박량풍역:송유택,대대역:이황의,소당역:황민호,아사못역:서은아,해투악역:윤사봉,해여비역:박성연,해흘립역:배기범,하림역:조승연,스천역:윤여진,모명진역:류시현,열손역:정석용,초설역:김호정,뭉태역:박진,터대역:양경원,북쇠역:김충길,도티역:고나희,검불역:송재룡,우루미역:김비비,이쓰루브역:송종호,눈별역:안혜원,로띱역:닉쿤,잎생역:김성철,바도루역:태원석,사트닉역:조병규,골두역:류성현,쇼르자긴역:김도현,카리카역:카라타에리카,타피엔역:심은우,타추간역:하준,미루솔역:배다빈,태압독역:고창석,수하나역:김정영,태다치역:고상호,태니마역:정동훈"
20200622,O tvN,134612,150842,아스달연대기,,2회,전국,012230,드라마&영화,드라마,주간연속극,0,0.00395,0.20373,0,0.00595,0.11607,0.1913,0,0.0031,0.00436,0.01703,0.15671,0.124,0.37129,"타곤역:장동건,은섬역:송중기,사야역:송중기,탄야역:김지원,태알하역:김옥빈,산웅역:김의성,해미홀역:조성하,아사론역:이도경,무백역:박해준,단벽역:박병은,달새역:신주환,라가즈역:유태오,아사혼역:추자현,아사사칸역:손숙,무광역:황희,아사욘역:장률,채은역:고보결,길선역:박형수,연발역:최영준,기토하역:이호철,양차역:기도훈,박량풍역:송유택,대대역:이황의,소당역:황민호,아사못역:서은아,해투악역:윤사봉,해여비역:박성연,해흘립역:배기범,하림역:조승연,스천역:윤여진,모명진역:류시현,열손역:정석용,초설역:김호정,뭉태역:박진,터대역:양경원,북쇠역:김충길,도티역:고나희,검불역:송재룡,우루미역:김비비,이쓰루브역:송종호,눈별역:안혜원,로띱역:닉쿤,잎생역:김성철,바도루역:태원석,사트닉역:조병규,골두역:류성현,쇼르자긴역:김도현,카리카역:카라타에리카,타피엔역:심은우,타추간역:하준,미루솔역:배다빈,태압독역:고창석,수하나역:김정영,태다치역:고상호,태니마역:정동훈"
20200622,O tvN,152344,164623,아스달연대기,,3회,전국,012239,드라마&영화,드라마,주간연속극,0.00271,0,0,0,0.03127,0.00215,0.14732,0.0027,0,0,0.01886,0.11891,0.01684,0.29647,"타곤역:장동건,은섬역:송중기,사야역:송중기,탄야역:김지원,태알하역:김옥빈,산웅역:김의성,해미홀역:조성하,아사론역:이도경,무백역:박해준,단벽역:박병은,달새역:신주환,라가즈역:유태오,아사혼역:추자현,아사사칸역:손숙,무광역:황희,아사욘역:장률,채은역:고보결,길선역:박형수,연발역:최영준,기토하역:이호철,양차역:기도훈,박량풍역:송유택,대대역:이황의,소당역:황민호,아사못역:서은아,해투악역:윤사봉,해여비역:박성연,해흘립역:배기범,하림역:조승연,스천역:윤여진,모명진역:류시현,열손역:정석용,초설역:김호정,뭉태역:박진,터대역:양경원,북쇠역:김충길,도티역:고나희,검불역:송재룡,우루미역:김비비,이쓰루브역:송종호,눈별역:안혜원,로띱역:닉쿤,잎생역:김성철,바도루역:태원석,사트닉역:조병규,골두역:류성현,쇼르자긴역:김도현,카리카역:카라타에리카,타피엔역:심은우,타추간역:하준,미루솔역:배다빈,태압독역:고창석,수하나역:김정영,태다치역:고상호,태니마역:정동훈"
20200622,O tvN,170225,182641,아스달연대기,,4회,전국,012416,드라마&영화,드라마,주간연속극,0.00794,0.00363,0.07569,0,0.00446,0.00341,0.15493,0,0,0.00944,0,0.00774,0.02248,0.28887,"타곤역:장동건,은섬역:송중기,사야역:송중기,탄야역:김지원,태알하역:김옥빈,산웅역:김의성,해미홀역:조성하,아사론역:이도경,무백역:박해준,단벽역:박병은,달새역:신주환,라가즈역:유태오,아사혼역:추자현,아사사칸역:손숙,무광역:황희,아사욘역:장률,채은역:고보결,길선역:박형수,연발역:최영준,기토하역:이호철,양차역:기도훈,박량풍역:송유택,대대역:이황의,소당역:황민호,아사못역:서은아,해투악역:윤사봉,해여비역:박성연,해흘립역:배기범,하림역:조승연,스천역:윤여진,모명진역:류시현,열손역:정석용,초설역:김호정,뭉태역:박진,터대역:양경원,북쇠역:김충길,도티역:고나희,검불역:송재룡,우루미역:김비비,이쓰루브역:송종호,눈별역:안혜원,로띱역:닉쿤,잎생역:김성철,바도루역:태원석,사트닉역:조병규,골두역:류성현,쇼르자긴역:김도현,카리카역:카라타에리카,타피엔역:심은우,타추간역:하준,미루솔역:배다빈,태압독역:고창석,수하나역:김정영,태다치역:고상호,태니마역:정동훈"
20200622,O tvN,184244,200627,아스달연대기,,5회,전국,012343,드라마&영화,드라마,주간연속극,0.02928,0,0,0,0.08359,0.00423,0.20267,0,0,0.02749,0.00359,0.12857,0.07129,0.22914,"타곤역:장동건,은섬역:송중기,사야역:송중기,탄야역:김지원,태알하역:김옥빈,산웅역:김의성,해미홀역:조성하,아사론역:이도경,무백역:박해준,단벽역:박병은,달새역:신주환,라가즈역:유태오,아사혼역:추자현,아사사칸역:손숙,무광역:황희,아사욘역:장률,채은역:고보결,길선역:박형수,연발역:최영준,기토하역:이호철,양차역:기도훈,박량풍역:송유택,대대역:이황의,소당역:황민호,아사못역:서은아,해투악역:윤사봉,해여비역:박성연,해흘립역:배기범,하림역:조승연,스천역:윤여진,모명진역:류시현,열손역:정석용,초설역:김호정,뭉태역:박진,터대역:양경원,북쇠역:김충길,도티역:고나희,검불역:송재룡,우루미역:김비비,이쓰루브역:송종호,눈별역:안혜원,로띱역:닉쿤,잎생역:김성철,바도루역:태원석,사트닉역:조병규,골두역:류성현,쇼르자긴역:김도현,카리카역:카라타에리카,타피엔역:심은우,타추간역:하준,미루솔역:배다빈,태압독역:고창석,수하나역:김정영,태다치역:고상호,태니마역:정동훈"
20200622,O tvN,202314,214315,아스달연대기,,6회,전국,012001,드라마&영화,드라마,주간연속극,0.15139,0.05455,0.16069,0.02639,0.00948,0.00396,0.21955,0,0,0,0.03757,0.17205,0.25322,0.17149,"타곤역:장동건,은섬역:송중기,사야역:송중기,탄야역:김지원,태알하역:김옥빈,산웅역:김의성,해미홀역:조성하,아사론역:이도경,무백역:박해준,단벽역:박병은,달새역:신주환,라가즈역:유태오,아사혼역:추자현,아사사칸역:손숙,무광역:황희,아사욘역:장률,채은역:고보결,길선역:박형수,연발역:최영준,기토하역:이호철,양차역:기도훈,박량풍역:송유택,대대역:이황의,소당역:황민호,아사못역:서은아,해투악역:윤사봉,해여비역:박성연,해흘립역:배기범,하림역:조승연,스천역:윤여진,모명진역:류시현,열손역:정석용,초설역:김호정,뭉태역:박진,터대역:양경원,북쇠역:김충길,도티역:고나희,검불역:송재룡,우루미역:김비비,이쓰루브역:송종호,눈별역:안혜원,로띱역:닉쿤,잎생역:김성철,바도루역:태원석,사트닉역:조병규,골두역:류성현,쇼르자긴역:김도현,카리카역:카라타에리카,타피엔역:심은우,타추간역:하준,미루솔역:배다빈,태압독역:고창석,수하나역:김정영,태다치역:고상호,태니마역:정동훈"
20200622,O tvN,220247,232405,아스달연대기,,7회,전국,012118,드라마&영화,드라마,주간연속극,0.02285,0,0.01345,0.00219,0.03425,0.01637,0.1606,0.00436,0.69417,0.00883,0,0.11878,0.14262,0.18543,"타곤역:장동건,은섬역:송중기,사야역:송중기,탄야역:김지원,태알하역:김옥빈,산웅역:김의성,해미홀역:조성하,아사론역:이도경,무백역:박해준,단벽역:박병은,달새역:신주환,라가즈역:유태오,아사혼역:추자현,아사사칸역:손숙,무광역:황희,아사욘역:장률,채은역:고보결,길선역:박형수,연발역:최영준,기토하역:이호철,양차역:기도훈,박량풍역:송유택,대대역:이황의,소당역:황민호,아사못역:서은아,해투악역:윤사봉,해여비역:박성연,해흘립역:배기범,하림역:조승연,스천역:윤여진,모명진역:류시현,열손역:정석용,초설역:김호정,뭉태역:박진,터대역:양경원,북쇠역:김충길,도티역:고나희,검불역:송재룡,우루미역:김비비,이쓰루브역:송종호,눈별역:안혜원,로띱역:닉쿤,잎생역:김성철,바도루역:태원석,사트닉역:조병규,골두역:류성현,쇼르자긴역:김도현,카리카역:카라타에리카,타피엔역:심은우,타추간역:하준,미루솔역:배다빈,태압독역:고창석,수하나역:김정영,태다치역:고상호,태니마역:정동훈"
20200622,O tvN,252441,255959,아홉수소년,,5회,전국,003518,드라마&영화,드라마,주간연속극,0,0,0.12102,0,0.20351,0,0,0,0,0,0.1732,0.12606,0,0.06942,"강동구역:최로운,강민구역:육성재,강진구역:김영광,구광수역:오정세,장백지역:이채미,구복자역:김미경,한수아역:박초롱,마세영역:경수진,주다인역:유다인,도민준역:박하준,남창희역:오희준,왕기찬,박재범역:김현준,이고은역:박민하,한구역:이진호,조부장역:김원해,김차장역:황태광,영훈역:김강현,은서,출장보살역:박혁권,정연역:김민영,후배역:김종민,강민경역:이국주,유혹녀역:수빈,선아역:이세영,전현무역:전현무,맞선녀역:박은지,심사위원역:존박,라디오DJ역:윤상"
20200622,OCN,192552,202729,번외수사,,9회,전국,010137,드라마&영화,드라마,미니시리즈,0.06496,0.57718,0.2404,0.15469,0.24051,0.71284,0.01842,0.16575,0.05913,0.38112,0.21517,0.50612,0.29721,0.19704,"진강호역:차태현,강무영역:이선빈,이반석역:정상훈,테디정역:윤경호,탁원역:지승현,민대진역:박정우,맨손역:박태산,연장역:장진희,지수철역:이영석,노순이역:민경옥"
20200622,OCN,204358,214551,번외수사,,10회,전국,010153,드라마&영화,드라마,미니시리즈,0.4371,0.70015,0.2441,0.41053,0.67029,1.3055,0.39363,0,0.27333,0.28341,0.58811,1.22339,0.78803,0.38936,"진강호역:차태현,강무영역:이선빈,이반석역:정상훈,테디정역:윤경호,탁원역:지승현,민대진역:박정우,맨손역:박태산,연장역:장진희,지수철역:이영석,노순이역:민경옥"
20200622,On Style,124543,134811,로맨스는별책부록,,1회,전국,010228,드라마&영화,드라마,미니시리즈,0,0.01155,0.0102,0,0,0.04693,0.03473,0,0.04449,0.05821,0.00778,0.03655,0.06759,0.08344,"강단이역:이나영,차은호역:이종석,송해린역:정유진,지서준역:위하준,홍동민역:오의식,김재민역:김태우,고유선역:김유미,봉지홍역:조한철,서영아역:김선영,박훈역:강기둥,오지율역:박규영,이승진역:이관훈,배광수역:최승윤,채송이역:이하은"
20200622,On Style,135058,145213,로맨스는별책부록,,2회,전국,010115,드라마&영화,드라마,미니시리즈,0,0,0.00648,0.00823,0,0.08972,0.03703,0,0,0.05948,0.00737,0.00484,0.04677,0.10544,"강단이역:이나영,차은호역:이종석,송해린역:정유진,지서준역:위하준,홍동민역:오의식,김재민역:김태우,고유선역:김유미,봉지홍역:조한철,서영아역:김선영,박훈역:강기둥,오지율역:박규영,이승진역:이관훈,배광수역:최승윤,채송이역:이하은"
20200622,On Style,145645,160248,로맨스는별책부록,,3회,전국,010603,드라마&영화,드라마,미니시리즈,0,0,0,0.00293,0.00937,0.13135,0.10129,0,0,0,0.12428,0.27967,0,0.1423,"강단이역:이나영,차은호역:이종석,송해린역:정유진,지서준역:위하준,홍동민역:오의식,김재민역:김태우,고유선역:김유미,봉지홍역:조한철,서영아역:김선영,박훈역:강기둥,오지율역:박규영,이승진역:이관훈,배광수역:최승윤,채송이역:이하은"
20200622,On Style,250657,254439,고양이띠요리사,,1회,전국,003742,드라마&영화,드라마,미니시리즈,0,0.07061,0,0,0,0.04974,0.03631,0,0,0.05072,0,0.05739,0.05098,0.00392,"여문준역:이기우,이수지역:김소라,강민경역:조혜진,여은항역:민주"
20200622,On Style,254859,255959,고양이띠요리사,,2회,전국,001100,드라마&영화,드라마,미니시리즈,0,0,0,0,0,0.19486,0,0,0,0.33551,0,0.04755,0.2232,0,"여문준역:이기우,이수지역:김소라,강민경역:조혜진,여은항역:민주"
20200622,SBS플러스,020000,023530,굿캐스팅,,15회,전국,003530,드라마&영화,드라마,미니시리즈,0,0.11104,0,0,0.01723,0.14933,0,0,0,0.03731,0.21793,0.28467,0.14639,0.02438,"백찬미역:최강희,윤석호역:이상엽,임예은역:유인영,황미순역:김지영,강우원역:이준영,동관수역:이종혁,서국환역:정인기,배무혁역:박경순,간태희역:황보미,명계철역:우현,탁상기역:이상훈,옥철역:김용희,변우석역:허재호,구비서역:한수진,설영훈역:조영훈,심화란역:차수연,남봉만역:이승형,남주연역:김보윤,피철웅역:배진웅,권민석역:성혁,권소희역:노하연"
20200622,SBS플러스,024359,035040,굿캐스팅,,16회,전국,010641,드라마&영화,드라마,미니시리즈,0,0,0.08868,0,0.15508,0.26747,0.02719,0,0.30101,0,0.23175,0.26343,0.11405,0.02612,"백찬미역:최강희,윤석호역:이상엽,임예은역:유인영,황미순역:김지영,강우원역:이준영,동관수역:이종혁,서국환역:정인기,배무혁역:박경순,간태희역:황보미,명계철역:우현,탁상기역:이상훈,옥철역:김용희,변우석역:허재호,구비서역:한수진,설영훈역:조영훈,심화란역:차수연,남봉만역:이승형,남주연역:김보윤,피철웅역:배진웅,권민석역:성혁,권소희역:노하연"
20200622,SBS플러스,064119,071113,엄마가바람났다,,34회,전국,002954,드라마&영화,드라마,아침드라마,0,0,0,0.12164,0,0.08414,0.24867,0,0,0,0.04036,0.26105,0.11437,0.28798,"오필정역:현쥬니,강석준역:이재황,이은주역:문보령,강석환역:김형범,오순정역:남이안,김복순역:박순천,박민호역:길정우,박민지역:홍제이,김해정역:양금석,강태수역:이원재,이태우역:서현석,최동석역:김동균,최은자역:이진아,최유경역:이영은,최미영역:전은채,왕기범역:차승우,하열도역:김영훈,홍수경역:노정명,박태섭역:강서준,박혜진역:박지수"
20200622,SBS플러스,071224,074225,엄마가바람났다,,35회,전국,003001,드라마&영화,드라마,아침드라마,0,0,0.20183,0,0.15727,0.27892,0.5732,0,0.09369,0.24127,0.31743,0.20444,0.49341,0.71564,"오필정역:현쥬니,강석준역:이재황,이은주역:문보령,강석환역:김형범,오순정역:남이안,김복순역:박순천,박민호역:길정우,박민지역:홍제이,김해정역:양금석,강태수역:이원재,이태우역:서현석,최동석역:김동균,최은자역:이진아,최유경역:이영은,최미영역:전은채,왕기범역:차승우,하열도역:김영훈,홍수경역:노정명,박태섭역:강서준,박혜진역:박지수"
20200622,SBS플러스,075619,090152,주군의태양,,10회,전국,010533,드라마&영화,드라마,미니시리즈,0.18471,0.00828,0.05401,0.11664,0.00588,0.04354,0.11292,0,0.0394,0,0.27988,0.33204,0.06364,0.21007,"주중원역:소지섭,태공실역:공효진,강우역:서인국,태이령역:김유리,김귀도역:최정우,주성란역:김미경,도석철역:이종원,태공리역:박희본,이한주역:이재원,안진주역:정가은,주중원어린시절역:김명수,TV프로그램자역:김상중,미경역:송채윤,하유진역:김보라,가영역:방민아,이은설역:이혜인,차희주역:한보름,주중원아버지역:김용건,이승모역:이도현,이승준역:홍은택,선영역:김보미,지우역:유민규,강길자역:김희정,루이장역:정찬,박서현역:서효림,이재석역:이종혁,이회장역:이재용,한나브라운역:황선희,유진우역:이천희,고여사역:이용녀,유혜성역:진이한"
20200622,SBS플러스,153440,164034,편의점샛별이,,1회,전국,010554,드라마&영화,드라마,미니시리즈,0,0.63839,0.0145,0.03683,0.21837,0.03215,0.16763,0,0.3041,0.05969,0.39629,0.63774,0.33087,0.10463,"최대현역:지창욱,정샛별역:김유정,유연주역:한선화,조승준역:도상우,정은별역:솔빈,공분희역:김선영,최용필역:이병준,한달식역:음문석,권의추역:우현,차기복역:이윤희,고광태역:배기범,김혜자역:견미리,최대순역:김지현,황금비역:서예화,차은조역:윤수,배부장역:허재호,강성태역:지찬,김정하역:신윤정,오현지역:한류은,강지욱역:김민규,유명기역:길용우"
20200622,SBS플러스,165658,175802,편의점샛별이,,2회,전국,010104,드라마&영화,드라마,미니시리즈,0,0.80079,0.16847,0.00918,0.211,0.51227,0.1484,0,0.30101,0.13773,0.7171,0.68303,0.33508,0.08935,"최대현역:지창욱,정샛별역:김유정,유연주역:한선화,조승준역:도상우,정은별역:솔빈,공분희역:김선영,최용필역:이병준,한달식역:음문석,권의추역:우현,차기복역:이윤희,고광태역:배기범,김혜자역:견미리,최대순역:김지현,황금비역:서예화,차은조역:윤수,배부장역:허재호,강성태역:지찬,김정하역:신윤정,오현지역:한류은,강지욱역:김민규,유명기역:길용우"
20200622,SBS플러스,242325,252821,굿캐스팅,,15회,전국,010456,드라마&영화,드라마,미니시리즈,0,0,0,0,0.30611,0.317,0.12014,0,0,0,0.09772,0,0.04062,0.14686,"백찬미역:최강희,윤석호역:이상엽,임예은역:유인영,황미순역:김지영,강우원역:이준영,동관수역:이종혁,서국환역:정인기,배무혁역:박경순,간태희역:황보미,명계철역:우현,탁상기역:이상훈,옥철역:김용희,변우석역:허재호,구비서역:한수진,설영훈역:조영훈,심화란역:차수연,남봉만역:이승형,남주연역:김보윤,피철웅역:배진웅,권민석역:성혁,권소희역:노하연"
20200622,SBS플러스,254023,255959,굿캐스팅,,16회,전국,001936,드라마&영화,드라마,미니시리즈,0,0,0,0,0.24116,0.95374,0.10017,0,0,0,0,0.09787,0.04103,0.18163,"백찬미역:최강희,윤석호역:이상엽,임예은역:유인영,황미순역:김지영,강우원역:이준영,동관수역:이종혁,서국환역:정인기,배무혁역:박경순,간태희역:황보미,명계철역:우현,탁상기역:이상훈,옥철역:김용희,변우석역:허재호,구비서역:한수진,설영훈역:조영훈,심화란역:차수연,남봉만역:이승형,남주연역:김보윤,피철웅역:배진웅,권민석역:성혁,권소희역:노하연"
20200622,SKY,094729,105223,편의점샛별이,,1회,전국,010454,드라마&영화,드라마,미니시리즈,0.0192,0,0.11137,0.01453,0.0041,0.0991,0.02261,0,0,0.0434,0.17206,0.03551,0.12894,0.00758,"최대현역:지창욱,정샛별역:김유정,유연주역:한선화,조승준역:도상우,정은별역:솔빈,공분희역:김선영,최용필역:이병준,한달식역:음문석,권의추역:우현,차기복역:이윤희,고광태역:배기범,김혜자역:견미리,최대순역:김지현,황금비역:서예화,차은조역:윤수,배부장역:허재호,강성태역:지찬,김정하역:신윤정,오현지역:한류은,강지욱역:김민규,유명기역:길용우"
20200622,SKY,110713,120720,편의점샛별이,,2회,전국,010007,드라마&영화,드라마,미니시리즈,0.01999,0.01451,0.00765,0,0.01519,0.15933,0.18373,0,0.01691,0.06751,0.30347,0.06516,0.2151,0.07462,"최대현역:지창욱,정샛별역:김유정,유연주역:한선화,조승준역:도상우,정은별역:솔빈,공분희역:김선영,최용필역:이병준,한달식역:음문석,권의추역:우현,차기복역:이윤희,고광태역:배기범,김혜자역:견미리,최대순역:김지현,황금비역:서예화,차은조역:윤수,배부장역:허재호,강성태역:지찬,김정하역:신윤정,오현지역:한류은,강지욱역:김민규,유명기역:길용우"
20200622,SKY,135943,150846,굿캐스팅,,16회,전국,010903,드라마&영화,드라마,미니시리즈,0,0,0.06875,0,0.02808,0.14067,0.10686,0,0,0.17242,0.01297,0.00191,0.19674,0.0271,"백찬미역:최강희,윤석호역:이상엽,임예은역:유인영,황미순역:김지영,강우원역:이준영,동관수역:이종혁,서국환역:정인기,배무혁역:박경순,간태희역:황보미,명계철역:우현,탁상기역:이상훈,옥철역:김용희,변우석역:허재호,구비서역:한수진,설영훈역:조영훈,심화란역:차수연,남봉만역:이승형,남주연역:김보윤,피철웅역:배진웅,권민석역:성혁,권소희역:노하연"
20200622,SKY,152654,163150,편의점샛별이,,1회,전국,010456,드라마&영화,드라마,미니시리즈,0,0.0205,0,0,0,0.01707,0.0392,0,0,0.10557,0.04652,0.18245,0.17524,0.0237,"최대현역:지창욱,정샛별역:김유정,유연주역:한선화,조승준역:도상우,정은별역:솔빈,공분희역:김선영,최용필역:이병준,한달식역:음문석,권의추역:우현,차기복역:이윤희,고광태역:배기범,김혜자역:견미리,최대순역:김지현,황금비역:서예화,차은조역:윤수,배부장역:허재호,강성태역:지찬,김정하역:신윤정,오현지역:한류은,강지욱역:김민규,유명기역:길용우"
20200622,SKY,164208,174217,편의점샛별이,,2회,전국,010009,드라마&영화,드라마,미니시리즈,0,0,0.46343,0.00505,0.14314,0.13361,0.02964,0,0,0,0.15356,0.2195,0.1832,0.03708,"최대현역:지창욱,정샛별역:김유정,유연주역:한선화,조승준역:도상우,정은별역:솔빈,공분희역:김선영,최용필역:이병준,한달식역:음문석,권의추역:우현,차기복역:이윤희,고광태역:배기범,김혜자역:견미리,최대순역:김지현,황금비역:서예화,차은조역:윤수,배부장역:허재호,강성태역:지찬,김정하역:신윤정,오현지역:한류은,강지욱역:김민규,유명기역:길용우"
20200622,SKY,225913,240409,편의점샛별이,,1회,전국,010456,드라마&영화,드라마,미니시리즈,0,0.03964,0,0,0.1153,0.04904,0.01282,0,0.01632,0.03253,0.4811,0.02146,0.03708,0.02666,"최대현역:지창욱,정샛별역:김유정,유연주역:한선화,조승준역:도상우,정은별역:솔빈,공분희역:김선영,최용필역:이병준,한달식역:음문석,권의추역:우현,차기복역:이윤희,고광태역:배기범,김혜자역:견미리,최대순역:김지현,황금비역:서예화,차은조역:윤수,배부장역:허재호,강성태역:지찬,김정하역:신윤정,오현지역:한류은,강지욱역:김민규,유명기역:길용우"
20200622,SKY,241917,252027,편의점샛별이,,2회,전국,010110,드라마&영화,드라마,미니시리즈,0,0,0,0.02853,0.19097,0.23047,0.00709,0,0.02783,0.03653,0.28593,0.32348,0.02267,0.02683,"최대현역:지창욱,정샛별역:김유정,유연주역:한선화,조승준역:도상우,정은별역:솔빈,공분희역:김선영,최용필역:이병준,한달식역:음문석,권의추역:우현,차기복역:이윤희,고광태역:배기범,김혜자역:견미리,최대순역:김지현,황금비역:서예화,차은조역:윤수,배부장역:허재호,강성태역:지찬,김정하역:신윤정,오현지역:한류은,강지욱역:김민규,유명기역:길용우"
20200622,ONCE,020000,022342,황후의품격,,23회,전국,002342,드라마&영화,드라마,미니시리즈,0,0,0,0,0,0,0.01666,0,0,0,0,0,0,0,"오써니역:장나라,나왕식역:최진혁,이혁역:신성록,민유라역:이엘리야,태후강씨역:신은경,이윤역:오승윤,서강희역:윤소이,아리역:오아린,태황태후조씨역:박원숙,소진공주역:이희진,소현황후역:신고은,오금모역:윤다훈,오헬로역:스테파니리,변선생역:김명수,마필주역:윤주만,백도희역:황영희,나동식역:오한결,최팀장역:이수련,홍팀장역:김민옥,형사역:조동혁,수상역:고세원,나왕식역:태항호,사군자역:김수미,안형사역:안내상,강주승역:유건"
20200622,ONCE,022454,025507,황후의품격,,24회,전국,003013,드라마&영화,드라마,미니시리즈,0,0,0,0.15964,0,0,0.00219,0,0,0.07577,0,0,0.00114,0.08966,"오써니역:장나라,나왕식역:최진혁,이혁역:신성록,민유라역:이엘리야,태후강씨역:신은경,이윤역:오승윤,서강희역:윤소이,아리역:오아린,태황태후조씨역:박원숙,소진공주역:이희진,소현황후역:신고은,오금모역:윤다훈,오헬로역:스테파니리,변선생역:김명수,마필주역:윤주만,백도희역:황영희,나동식역:오한결,최팀장역:이수련,홍팀장역:김민옥,형사역:조동혁,수상역:고세원,나왕식역:태항호,사군자역:김수미,안형사역:안내상,강주승역:유건"
20200622,ONCE,030303,033256,황후의품격,,25회,전국,002953,드라마&영화,드라마,미니시리즈,0.04501,0,0.06376,0.10956,0.05731,0.02732,0.0519,0.04177,0,0,0,0.03935,0.03007,0.00805,"오써니역:장나라,나왕식역:최진혁,이혁역:신성록,민유라역:이엘리야,태후강씨역:신은경,이윤역:오승윤,서강희역:윤소이,아리역:오아린,태황태후조씨역:박원숙,소진공주역:이희진,소현황후역:신고은,오금모역:윤다훈,오헬로역:스테파니리,변선생역:김명수,마필주역:윤주만,백도희역:황영희,나동식역:오한결,최팀장역:이수련,홍팀장역:김민옥,형사역:조동혁,수상역:고세원,나왕식역:태항호,사군자역:김수미,안형사역:안내상,강주승역:유건"
20200622,ONCE,033408,040425,황후의품격,,26회,전국,003017,드라마&영화,드라마,미니시리즈,0.04521,0,0,0.00783,0,0.09367,0.10524,0,0,0.00373,0,0,0.15608,0.00329,"오써니역:장나라,나왕식역:최진혁,이혁역:신성록,민유라역:이엘리야,태후강씨역:신은경,이윤역:오승윤,서강희역:윤소이,아리역:오아린,태황태후조씨역:박원숙,소진공주역:이희진,소현황후역:신고은,오금모역:윤다훈,오헬로역:스테파니리,변선생역:김명수,마필주역:윤주만,백도희역:황영희,나동식역:오한결,최팀장역:이수련,홍팀장역:김민옥,형사역:조동혁,수상역:고세원,나왕식역:태항호,사군자역:김수미,안형사역:안내상,강주승역:유건"
20200622,ONCE,052133,055129,황후의품격,,23회,전국,002956,드라마&영화,드라마,미니시리즈,0,0,0,0,0,0,0.00293,0,0,0.00494,0,0,0.01017,0.00213,"오써니역:장나라,나왕식역:최진혁,이혁역:신성록,민유라역:이엘리야,태후강씨역:신은경,이윤역:오승윤,서강희역:윤소이,아리역:오아린,태황태후조씨역:박원숙,소진공주역:이희진,소현황후역:신고은,오금모역:윤다훈,오헬로역:스테파니리,변선생역:김명수,마필주역:윤주만,백도희역:황영희,나동식역:오한결,최팀장역:이수련,홍팀장역:김민옥,형사역:조동혁,수상역:고세원,나왕식역:태항호,사군자역:김수미,안형사역:안내상,강주승역:유건"
20200622,ONCE,055241,062255,황후의품격,,24회,전국,003014,드라마&영화,드라마,미니시리즈,0,0,0,0,0,0.08659,0.02933,0,0,0.01207,0.01557,0.09297,0.02232,0.01068,"오써니역:장나라,나왕식역:최진혁,이혁역:신성록,민유라역:이엘리야,태후강씨역:신은경,이윤역:오승윤,서강희역:윤소이,아리역:오아린,태황태후조씨역:박원숙,소진공주역:이희진,소현황후역:신고은,오금모역:윤다훈,오헬로역:스테파니리,변선생역:김명수,마필주역:윤주만,백도희역:황영희,나동식역:오한결,최팀장역:이수련,홍팀장역:김민옥,형사역:조동혁,수상역:고세원,나왕식역:태항호,사군자역:김수미,안형사역:안내상,강주승역:유건"
20200622,ONCE,063040,070034,황후의품격,,25회,전국,002954,드라마&영화,드라마,미니시리즈,0.03962,0,0,0,0.00763,0,0.04921,0,0,0.00832,0,0.00803,0.01908,0.0102,"오써니역:장나라,나왕식역:최진혁,이혁역:신성록,민유라역:이엘리야,태후강씨역:신은경,이윤역:오승윤,서강희역:윤소이,아리역:오아린,태황태후조씨역:박원숙,소진공주역:이희진,소현황후역:신고은,오금모역:윤다훈,오헬로역:스테파니리,변선생역:김명수,마필주역:윤주만,백도희역:황영희,나동식역:오한결,최팀장역:이수련,홍팀장역:김민옥,형사역:조동혁,수상역:고세원,나왕식역:태항호,사군자역:김수미,안형사역:안내상,강주승역:유건"
20200622,ONCE,070145,073203,황후의품격,,26회,전국,003018,드라마&영화,드라마,미니시리즈,0,0,0,0,0,0.00193,0.06958,0,0,0,0,0,0,0.06536,"오써니역:장나라,나왕식역:최진혁,이혁역:신성록,민유라역:이엘리야,태후강씨역:신은경,이윤역:오승윤,서강희역:윤소이,아리역:오아린,태황태후조씨역:박원숙,소진공주역:이희진,소현황후역:신고은,오금모역:윤다훈,오헬로역:스테파니리,변선생역:김명수,마필주역:윤주만,백도희역:황영희,나동식역:오한결,최팀장역:이수련,홍팀장역:김민옥,형사역:조동혁,수상역:고세원,나왕식역:태항호,사군자역:김수미,안형사역:안내상,강주승역:유건"
20200622,ONCE,074606,084832,동이,,53회,전국,010226,드라마&영화,드라마,주간연속극,0,0,0.10931,0,0,0,0.05122,0,0,0.03869,0,0.00144,0.05302,0.041,"동이역:한효주,숙종역:지진희,희빈장씨역:이소연,차천수역:배수빈,서용기역:정진영,인현왕후역:박하선,오태석역:정동환,이종욱역:이정훈,홍태윤역:손일권,박도식역:최재호,도승지역:신국,오호양역:여호민,황주식역:이희도,정인국역:나성균,최효원역:천호진,장익헌역:이재용,김환역:정인기,은금역:한다민,오태풍역:이계인,태풍처역:이숙,장희재역:김유석,설희역:김혜진,게둬라부역:정은표,오윤역:최철호,게둬라역:최수한,심운택역:김동윤,동이어린시절역:김유정,봉상궁역:김소이,조상궁역:안여진,유상궁역:임성민,정임역:정유미,애종역:강유미,시비역:오은호,미지역:최하나,대전내관역:정선일,명성대비역:박정수,정상궁역:김혜선,영달역:이광수,최동주역:정성운,장무열역:최종환,이금역:이형석,경종역:윤찬,김구선역:맹상훈,인원왕후역:오연서"
20200622,ONCE,085842,100102,동이,,54회,전국,010220,드라마&영화,드라마,주간연속극,0.00866,0,0.05728,0,0.00199,0.00869,0.25973,0,0,0.05679,0,0.00212,0.27151,0.05155,"동이역:한효주,숙종역:지진희,희빈장씨역:이소연,차천수역:배수빈,서용기역:정진영,인현왕후역:박하선,오태석역:정동환,이종욱역:이정훈,홍태윤역:손일권,박도식역:최재호,도승지역:신국,오호양역:여호민,황주식역:이희도,정인국역:나성균,최효원역:천호진,장익헌역:이재용,김환역:정인기,은금역:한다민,오태풍역:이계인,태풍처역:이숙,장희재역:김유석,설희역:김혜진,게둬라부역:정은표,오윤역:최철호,게둬라역:최수한,심운택역:김동윤,동이어린시절역:김유정,봉상궁역:김소이,조상궁역:안여진,유상궁역:임성민,정임역:정유미,애종역:강유미,시비역:오은호,미지역:최하나,대전내관역:정선일,명성대비역:박정수,정상궁역:김혜선,영달역:이광수,최동주역:정성운,장무열역:최종환,이금역:이형석,경종역:윤찬,김구선역:맹상훈,인원왕후역:오연서"
20200622,ONCE,101412,111656,동이,,55회,전국,010244,드라마&영화,드라마,주간연속극,0,0,0.13659,0.13043,0.09893,0.13459,0.2833,0,0,0.31782,0.14032,0.07868,0.32817,0.22062,"동이역:한효주,숙종역:지진희,희빈장씨역:이소연,차천수역:배수빈,서용기역:정진영,인현왕후역:박하선,오태석역:정동환,이종욱역:이정훈,홍태윤역:손일권,박도식역:최재호,도승지역:신국,오호양역:여호민,황주식역:이희도,정인국역:나성균,최효원역:천호진,장익헌역:이재용,김환역:정인기,은금역:한다민,오태풍역:이계인,태풍처역:이숙,장희재역:김유석,설희역:김혜진,게둬라부역:정은표,오윤역:최철호,게둬라역:최수한,심운택역:김동윤,동이어린시절역:김유정,봉상궁역:김소이,조상궁역:안여진,유상궁역:임성민,정임역:정유미,애종역:강유미,시비역:오은호,미지역:최하나,대전내관역:정선일,명성대비역:박정수,정상궁역:김혜선,영달역:이광수,최동주역:정성운,장무열역:최종환,이금역:이형석,경종역:윤찬,김구선역:맹상훈,인원왕후역:오연서"
20200622,ONCE,113006,123055,동이,,56회,전국,010049,드라마&영화,드라마,주간연속극,0.36407,0,0.14437,0.21553,0.11542,0.18765,0.59107,0,0.09021,0.26741,0.23188,0.17837,0.37979,0.48637,"동이역:한효주,숙종역:지진희,희빈장씨역:이소연,차천수역:배수빈,서용기역:정진영,인현왕후역:박하선,오태석역:정동환,이종욱역:이정훈,홍태윤역:손일권,박도식역:최재호,도승지역:신국,오호양역:여호민,황주식역:이희도,정인국역:나성균,최효원역:천호진,장익헌역:이재용,김환역:정인기,은금역:한다민,오태풍역:이계인,태풍처역:이숙,장희재역:김유석,설희역:김혜진,게둬라부역:정은표,오윤역:최철호,게둬라역:최수한,심운택역:김동윤,동이어린시절역:김유정,봉상궁역:김소이,조상궁역:안여진,유상궁역:임성민,정임역:정유미,애종역:강유미,시비역:오은호,미지역:최하나,대전내관역:정선일,명성대비역:박정수,정상궁역:김혜선,영달역:이광수,최동주역:정성운,장무열역:최종환,이금역:이형석,경종역:윤찬,김구선역:맹상훈,인원왕후역:오연서"
20200622,ONCE,124305,133930,대조영,,55회,전국,005625,드라마&영화,드라마,주말연속극,0,0,0.02745,0.02914,0.00405,0.00618,0.30233,0,0,0.22639,0.06262,0.05901,0.03781,0.2988,"대조영역:최수종,이해고역:정보석,설인귀역:이덕화,초린역:박예진,검이역:정태우,숙영역:홍수현,양만춘역:임동진,흑수돌역:김학철,연남생역:임호,대중상역:임혁,걸사비우역:최철호,검모잠역:김명수,당태종역:송용태,부지광역:박지일,미모사역:김정현,금란역:심은진,부기원역:김하균,보장왕역:길용우,이진충역:김동현,손만영역:조인표,신홍역:김규철,계필사문역:윤용현,퉁소역:방형주,홍패역:유태술,이문역:남성진,팔보역:우봉식"
20200622,ONCE,162947,171037,전원일기,,432회,전국,004050,드라마&영화,드라마,주말연속극,0,0,0.0053,0,0.01619,0.00429,0.0026,0,0,0,0,0,0.0396,0,"최불암,김혜자,김용건,김수미,고두심,유인촌,정대홍"
20200622,ONCE,172037,175942,전원일기,,433회,전국,003905,드라마&영화,드라마,주말연속극,0,0,0.4629,0,0.24328,0.18122,0.15506,0.71565,0,0,0,0,0.4009,0.03889,"최불암,김혜자,김용건,김수미,고두심,유인촌,정대홍"
20200622,ONCE,181447,191113,대조영,,55회,전국,005626,드라마&영화,드라마,주말연속극,0.03305,0,0,0.01639,0,0.00732,0.0132,0,0.00819,0,0,0.01491,0.00697,0.00658,"대조영역:최수종,이해고역:정보석,설인귀역:이덕화,초린역:박예진,검이역:정태우,숙영역:홍수현,양만춘역:임동진,흑수돌역:김학철,연남생역:임호,대중상역:임혁,걸사비우역:최철호,검모잠역:김명수,당태종역:송용태,부지광역:박지일,미모사역:김정현,금란역:심은진,부기원역:김하균,보장왕역:길용우,이진충역:김동현,손만영역:조인표,신홍역:김규철,계필사문역:윤용현,퉁소역:방형주,홍패역:유태술,이문역:남성진,팔보역:우봉식"
20200622,ONCE,231147,241431,동이,,55회,전국,010244,드라마&영화,드라마,주간연속극,0,0,0,0.00745,0.00602,0.22838,0.07736,0,0,0.18838,0,0.2467,0.00585,0.08346,"동이역:한효주,숙종역:지진희,희빈장씨역:이소연,차천수역:배수빈,서용기역:정진영,인현왕후역:박하선,오태석역:정동환,이종욱역:이정훈,홍태윤역:손일권,박도식역:최재호,도승지역:신국,오호양역:여호민,황주식역:이희도,정인국역:나성균,최효원역:천호진,장익헌역:이재용,김환역:정인기,은금역:한다민,오태풍역:이계인,태풍처역:이숙,장희재역:김유석,설희역:김혜진,게둬라부역:정은표,오윤역:최철호,게둬라역:최수한,심운택역:김동윤,동이어린시절역:김유정,봉상궁역:김소이,조상궁역:안여진,유상궁역:임성민,정임역:정유미,애종역:강유미,시비역:오은호,미지역:최하나,대전내관역:정선일,명성대비역:박정수,정상궁역:김혜선,영달역:이광수,최동주역:정성운,장무열역:최종환,이금역:이형석,경종역:윤찬,김구선역:맹상훈,인원왕후역:오연서"
20200622,ONCE,242741,252831,동이,,56회,전국,010050,드라마&영화,드라마,주간연속극,0,0,0,0,0.06469,0.17569,0.09456,0,0,0.18838,0,0.23942,0.03138,0.09979,"동이역:한효주,숙종역:지진희,희빈장씨역:이소연,차천수역:배수빈,서용기역:정진영,인현왕후역:박하선,오태석역:정동환,이종욱역:이정훈,홍태윤역:손일권,박도식역:최재호,도승지역:신국,오호양역:여호민,황주식역:이희도,정인국역:나성균,최효원역:천호진,장익헌역:이재용,김환역:정인기,은금역:한다민,오태풍역:이계인,태풍처역:이숙,장희재역:김유석,설희역:김혜진,게둬라부역:정은표,오윤역:최철호,게둬라역:최수한,심운택역:김동윤,동이어린시절역:김유정,봉상궁역:김소이,조상궁역:안여진,유상궁역:임성민,정임역:정유미,애종역:강유미,시비역:오은호,미지역:최하나,대전내관역:정선일,명성대비역:박정수,정상궁역:김혜선,영달역:이광수,최동주역:정성운,장무열역:최종환,이금역:이형석,경종역:윤찬,김구선역:맹상훈,인원왕후역:오연서"
20200622,ONCE,254041,255959,대조영,,55회,전국,001918,드라마&영화,드라마,주말연속극,0,0,0.08097,0,0.10154,0.34467,0.05466,0,0.22771,0.07063,0.06817,0.1924,0.13168,0.00752,"대조영역:최수종,이해고역:정보석,설인귀역:이덕화,초린역:박예진,검이역:정태우,숙영역:홍수현,양만춘역:임동진,흑수돌역:김학철,연남생역:임호,대중상역:임혁,걸사비우역:최철호,검모잠역:김명수,당태종역:송용태,부지광역:박지일,미모사역:김정현,금란역:심은진,부기원역:김하균,보장왕역:길용우,이진충역:김동현,손만영역:조인표,신홍역:김규철,계필사문역:윤용현,퉁소역:방형주,홍패역:유태술,이문역:남성진,팔보역:우봉식"
20200622,OCN Thrills,052839,062831,번외수사,,10회,전국,005952,드라마&영화,드라마,미니시리즈,0,0.30815,0.10096,0.07048,0.24632,0.11949,0.00219,0.62648,0,0,0.02698,0.19353,0.06793,0.00378,"진강호역:차태현,강무영역:이선빈,이반석역:정상훈,테디정역:윤경호,탁원역:지승현,민대진역:박정우,맨손역:박태산,연장역:장진희,지수철역:이영석,노순이역:민경옥"
20200622,TRENDY,071228,081450,부부클리닉사랑과전쟁2,,39회,전국,010222,드라마&영화,드라마,단막극,0,0,0,0,0.03719,0,0.04615,0,0.01239,0,0.14953,0.00878,0.06487,0.01515,"이재만,민지영,최영완,이정수,장가현,손유경,이준우"
20200622,TRENDY,082656,092915,부부클리닉사랑과전쟁2,,51회,전국,010219,드라마&영화,드라마,단막극,0,0,0,0.10235,0.12848,0.05247,0.02227,0,0,0,0,0.0542,0,0.14193,"이재만,민지영,최영완,이정수,장가현,손유경,이준우"
20200622,TRENDY,140018,150244,부부클리닉사랑과전쟁2,,39회,전국,010226,드라마&영화,드라마,단막극,0,0,0.21045,0,0.00492,0.00208,0.2565,0.01279,0.00793,0.28253,0,0.00356,0.30175,0.10897,"이재만,민지영,최영완,이정수,장가현,손유경,이준우"
20200622,TRENDY,151731,161953,부부클리닉사랑과전쟁2,,51회,전국,010222,드라마&영화,드라마,단막극,0.01089,0.00497,0,0,0,0,0.20878,0,0,0,0.19304,0.00645,0.32712,0.0636,"이재만,민지영,최영완,이정수,장가현,손유경,이준우"
20200622,TRENDY,224919,235145,부부클리닉사랑과전쟁2,,39회,전국,010226,드라마&영화,드라마,단막극,0.03763,0.03632,0,0,0,0.00879,0.13463,0,0,0.02886,0,0,0.02834,0.19203,"이재만,민지영,최영완,이정수,장가현,손유경,이준우"
20200622,TRENDY,240617,250840,부부클리닉사랑과전쟁2,,51회,전국,010223,드라마&영화,드라마,단막극,0,0,0,0.03851,0,0,0.02175,0,0,0,0,0,0,0.13586,"이재만,민지영,최영완,이정수,장가현,손유경,이준우"
20200622,WeLike,195712,205955,아테나:전쟁의여신,,5회,전국,010243,드라마&영화,드라마,미니시리즈,0,0,0,0,0,0,0,0,0,0,0,0,0,0,"이정우역:정우성,손혁역:차승원,윤혜인역:수애,한재희역:이지아,김기수역:김민종,김준호역:시원,조명호역:이정길,최진희역:김영애,권용관역:유동근,박철영역:김승우,조수영역:이보영,오숙경역:오윤아,한정필역:전국환,제시카역:연민지,앤디역:션리차드,철규역:정찬우,최태현역:최강창민,김선화역:김소연,박성철역:이한위"
20200622,WeLike,211335,221613,아테나:전쟁의여신,,6회,전국,010238,드라마&영화,드라마,미니시리즈,0,0,0,0,0,0,0.00233,0,0,0,0,0,0,0.00269,"이정우역:정우성,손혁역:차승원,윤혜인역:수애,한재희역:이지아,김기수역:김민종,김준호역:시원,조명호역:이정길,최진희역:김영애,권용관역:유동근,박철영역:김승우,조수영역:이보영,오숙경역:오윤아,한정필역:전국환,제시카역:연민지,앤디역:션리차드,철규역:정찬우,최태현역:최강창민,김선화역:김소연,박성철역:이한위"
20200623,KBS1,203117,205917,기막힌유산,,47회,전국,002800,드라마&영화,드라마,일일연속극,2.46988,3.88969,4.44961,5.05095,6.5612,9.42879,24.13975,1.53476,3.33557,3.20635,6.201,9.27997,14.00377,28.91646,"부영배역:박인환,공계옥역:강세정,부설악역:신정윤,부백두역:강신조,윤민주역:이아현,부금강역:남성진,신애리역:김가연,정미희역:박순천,김용미역:이응경,부한라역:박신우,성판금역:조양자,부가온역:김비주,부태희역:김연지,부혜교역:김효경,부지현역:강유라,공소영역:김난주,이장원역:이일준,김수민역:조서후,김종두역:이춘식,차정건역:조순창,이청아역:정서하,손보미역:박민지,김영지역:주민하,강선희역:박현정,천호식역:백신,이정태역:노상보,고향숙역:박소정"
20200623,KBS2,090522,093345,기막힌유산,,46회,전국,002823,드라마&영화,드라마,일일연속극,0,1.00983,0.69795,0.625,1.06398,1.79419,2.79827,0,0.74424,1.44858,1.33589,2.20602,3.31441,3.88434,"부영배역:박인환,공계옥역:강세정,부설악역:신정윤,부백두역:강신조,윤민주역:이아현,부금강역:남성진,신애리역:김가연,정미희역:박순천,김용미역:이응경,부한라역:박신우,성판금역:조양자,부가온역:김비주,부태희역:김연지,부혜교역:김효경,부지현역:강유라,공소영역:김난주,이장원역:이일준,김수민역:조서후,김종두역:이춘식,차정건역:조순창,이청아역:정서하,손보미역:박민지,김영지역:주민하,강선희역:박현정,천호식역:백신,이정태역:노상보,고향숙역:박소정"
20200623,KBS2,194901,202347,위험한약속,,58회,전국,003446,드라마&영화,드라마,일일연속극,1.07483,3.25739,2.86573,4.30903,4.08715,5.69897,16.65639,0.7955,2.06142,2.01748,5.81426,5.46468,11.32788,21.53675,"차은동역:박하나,강태인역:고세원,최준혁역:강성민,오혜원역:박영린,한지훈역:이창욱,차만종역:이대연,차은찬역:유준서,공영심역:유지연,봉석구역:현우섭,강일섭역:강신일,연두심역:이칸희,한광훈역:길용우,한서주역:김혜지,최명희역:김나운,고재숙역:윤복인,최영국역:송민형,민주란역:오영실,최준경역:이효나,이창욱역:김정운"
20200623,MBC,104613,111938,저녁같이드실래요,<17회>,17회,전국,003325,드라마&영화,드라마,미니시리즈,0.21261,0.29387,0.04637,0.71293,0.42901,0.19052,0.54038,0.18142,0,0.4207,0.38229,0.56866,1.64233,0.6801,"김해경역:송승헌,우도희역:서지혜,정재혁역:이지훈,진노을역:손나은,남아영역:예지원,키에누역:박호산,박진규역:고규필,강건우역:이현진,이병진역:김서경,임소라역:오혜원,김정환역:안태환,이문정역:전국향,전성자역:윤복인,이영동역:김정현,이은서역:서은수,푸드트럭총각역:이시언,태진아역:태진아,환자역:박산다라"
20200623,MBC,112052,115437,저녁같이드실래요,<18회>,18회,전국,003345,드라마&영화,드라마,미니시리즈,0,0.35519,0.01697,0.58364,0.65313,0.71968,1.18389,0.04073,0.07585,0.4291,0.60649,1.17858,2.04952,1.16278,"김해경역:송승헌,우도희역:서지혜,정재혁역:이지훈,진노을역:손나은,남아영역:예지원,키에누역:박호산,박진규역:고규필,강건우역:이현진,이병진역:김서경,임소라역:오혜원,김정환역:안태환,이문정역:전국향,전성자역:윤복인,이영동역:김정현,이은서역:서은수,푸드트럭총각역:이시언,태진아역:태진아,환자역:박산다라"
20200623,MBC,205451,212835,저녁같이드실래요,<18회>,18회,전국,003344,드라마&영화,드라마,미니시리즈,0.88664,0.53241,1.09831,0.73346,1.33098,1.19073,1.27277,0.63095,0.09706,0.49034,1.79188,2.30388,1.57926,1.27235,"김해경역:송승헌,우도희역:서지혜,정재혁역:이지훈,진노을역:손나은,남아영역:예지원,키에누역:박호산,박진규역:고규필,강건우역:이현진,이병진역:김서경,임소라역:오혜원,김정환역:안태환,이문정역:전국향,전성자역:윤복인,이영동역:김정현,이은서역:서은수,푸드트럭총각역:이시언,태진아역:태진아,환자역:박산다라"
20200623,MBC,213749,221101,저녁같이드실래요,<19회>,19회,전국,003312,드라마&영화,드라마,미니시리즈,1.13073,1.00275,1.67945,0.81248,2.07866,2.38404,1.94124,0.02933,0.32283,1.15251,2.41801,3.49252,3.6501,1.89764,"김해경역:송승헌,우도희역:서지혜,정재혁역:이지훈,진노을역:손나은,남아영역:예지원,키에누역:박호산,박진규역:고규필,강건우역:이현진,이병진역:김서경,임소라역:오혜원,김정환역:안태환,이문정역:전국향,전성자역:윤복인,이영동역:김정현,이은서역:서은수,푸드트럭총각역:이시언,태진아역:태진아,환자역:박산다라"
20200623,MBC,221245,224625,저녁같이드실래요,<20회>,20회,전국,003340,드라마&영화,드라마,미니시리즈,0.97132,1.7142,3.00494,1.51867,2.19755,3.56913,3.04301,0,0.6978,1.99903,2.58684,5.60022,5.16548,2.68902,"김해경역:송승헌,우도희역:서지혜,정재혁역:이지훈,진노을역:손나은,남아영역:예지원,키에누역:박호산,박진규역:고규필,강건우역:이현진,이병진역:김서경,임소라역:오혜원,김정환역:안태환,이문정역:전국향,전성자역:윤복인,이영동역:김정현,이은서역:서은수,푸드트럭총각역:이시언,태진아역:태진아,환자역:박산다라"
20200623,MBC,235205,242521,꼰대인턴,<18회>,18회,전국,003316,드라마&영화,드라마,미니시리즈,0.19472,0.11203,0.58117,0.84999,0.85643,0.86277,0.6598,0.28347,0.03089,0.66557,0.49303,1.12486,1.2745,1.00363,"가열찬역:박해진,이만식역:김응수,이태리역:한지은,남궁준수역:박기웅,탁정은역:박아인,주윤수역:노종현,오동근역:고건한,김승진역:홍승범,구자숙역:김선영,안상종역:손종학,남궁표역:고인범,엄한길역:김기천,옥경이역:문숙,고선녀역:정경순,열찬모역:전국향,박범준역:장성규,백범역:정성호,은혜수역:정영주,가열찬친구역:권수현,차형석역:영탁"
20200623,MBC,242923,250145,꼰대인턴,<19회>,19회,전국,003222,드라마&영화,드라마,미니시리즈,0,0.01953,0.39501,0.51016,0.33381,0.93168,0.39989,0.04288,0.02188,0.45522,0.35624,0.522,0.78191,0.75138,"가열찬역:박해진,이만식역:김응수,이태리역:한지은,남궁준수역:박기웅,탁정은역:박아인,주윤수역:노종현,오동근역:고건한,김승진역:홍승범,구자숙역:김선영,안상종역:손종학,남궁표역:고인범,엄한길역:김기천,옥경이역:문숙,고선녀역:정경순,열찬모역:전국향,박범준역:장성규,백범역:정성호,은혜수역:정영주,가열찬친구역:권수현,차형석역:영탁"
20200623,MBC,250155,253229,꼰대인턴,<20회>,20회,전국,003034,드라마&영화,드라마,미니시리즈,0,0.04632,0.41302,0.70714,0.46878,0.89278,0.32781,0,0,0.47951,0.56165,0.51449,0.35465,0.73814,"가열찬역:박해진,이만식역:김응수,이태리역:한지은,남궁준수역:박기웅,탁정은역:박아인,주윤수역:노종현,오동근역:고건한,김승진역:홍승범,구자숙역:김선영,안상종역:손종학,남궁표역:고인범,엄한길역:김기천,옥경이역:문숙,고선녀역:정경순,열찬모역:전국향,박범준역:장성규,백범역:정성호,은혜수역:정영주,가열찬친구역:권수현,차형석역:영탁"
20200623,SBS,083649,090818,엄마가바람났다,,,전국,003129,드라마&영화,드라마,아침드라마,2.32837,2.20689,1.01307,1.06803,3.8831,2.50306,5.5383,0.10409,1.76534,0.3786,4.04249,4.47096,5.48732,7.31136,"오필정역:현쥬니,강석준역:이재황,이은주역:문보령,강석환역:김형범,오순정역:남이안,김복순역:박순천,박민호역:길정우,박민지역:홍제이,김해정역:양금석,강태수역:이원재,이태우역:서현석,최동석역:김동균,최은자역:이진아,최유경역:이영은,최미영역:전은채,왕기범역:차승우,하열도역:김영훈,홍수경역:노정명,박태섭역:강서준,박혜진역:박지수"
20200623,OBS,095033,105318,구가의서,,16회,전국,010245,드라마&영화,드라마,주간연속극,0,0,0.02906,0.14805,0,0.18321,0.03886,0,0,0.02224,0.17366,0.09546,0.30871,0.12523,"최강치역:이승기,담여울역:수지,조관웅역:이성재,담평준역:조성하,박태서역:유연석,박청조역:이유비,곤역:성준,구월령역:최진혁,윤서화역:이연희,소정법사역:김희원,천수련역:정혜영,자홍명역:윤세아,박무솔역:엄효섭,월선역:손승우,이순신역:유동근,마봉출역:조재윤,카게시마역:데이비드맥기니스,한노역:박주형,윤씨역:김희정,억만역:김기방,윤정윤역:이다윗,담이역:김보미,필목역:송영규,공달선생역:이도경"
20200623,OBS,181947,192252,구가의서,,17회,전국,010305,드라마&영화,드라마,주간연속극,0,0,0.01451,0.00423,0.01779,0,0.23921,0.02238,0,0,0.00286,0.12752,0.06562,0.26768,"최강치역:이승기,담여울역:수지,조관웅역:이성재,담평준역:조성하,박태서역:유연석,박청조역:이유비,곤역:성준,구월령역:최진혁,윤서화역:이연희,소정법사역:김희원,천수련역:정혜영,자홍명역:윤세아,박무솔역:엄효섭,월선역:손승우,이순신역:유동근,마봉출역:조재윤,카게시마역:데이비드맥기니스,한노역:박주형,윤씨역:김희정,억만역:김기방,윤정윤역:이다윗,담이역:김보미,필목역:송영규,공달선생역:이도경"
20200623,JTBC,213630,224453,야식남녀,,10회,전국,010823,드라마&영화,드라마,미니시리즈,0.25192,0.15372,0.03267,0.23931,0.07747,0.1784,0.42714,0,0,0.05949,0.15383,0.74453,0.17513,0.38101,"박진성역:정일우,김아진역:강지영,강태완역:이학주,이상영역:김승수,차주희역:김수진,남규장역:양대혁,유성은역:공민정,노재수역:박성준,박진우역:최재현"
20200623,TV CHOSUN,025320,033752,운명과분노,,6회,전국,004432,드라마&영화,드라마,주말연속극,0,0,0,0,0.00184,0,0.13405,0,0,0,0.0029,0.00252,0,0.11369,"태인준역:주상욱,구해라역:이민정,차수현역:소이현,진태오역:이기우,태필운역:고인범,한성숙역:송옥숙,태정호역:공정환,고아정역:심이영,태정민역:박수아,현정수역:조승연,구현주역:차수연,강선영역:정수영,강의건역:윤학,김창수역:허준석,차동규역:권태원,이은숙역:하민,김비서역:임지규,이현정역:한은선,김석진역:조완기,이정혜역:전현아,제니진역:김단우"
20200623,TV CHOSUN,200644,205507,바람과구름과비,,11회,전국,004823,드라마&영화,드라마,미니시리즈,0.19885,0.58573,0.6244,0.23035,0.44525,1.13409,1.21417,0,0,0.59788,0.22963,0.86867,0.99382,1.33452,"최천중역:박시후,봉련역:고성희,흥선대원군이하응역:전광렬,채인규역:성혁,김병운역:김승수,김좌근역:차광수,나합역:윤아정,김병학역:한재영,조대비역:김보연,철종역:정욱,이하전역:이루,명성황후민자영역:박정연,고종이재황역:박상훈,용팔룡역:조복래,주모역:김주령,적도사진상역:한동규,팽구철역:노형욱,만석역:박노식,연치성역:임현수,반달역:왕빛나,임종사관역:허태희,최천중어린시절역:강태우,봉련어린시절역:홍승희,채인규어린시절역:최정우,상복역:허성태,민승호역:이해우,저자이병주,출판그림같은세상2020.08.28.,e북무료판매처 1건"
20200623,tvN,030138,041720,호텔델루나,,1회,전국,011542,드라마&영화,드라마,미니시리즈,0.80074,0,0.02167,0,0.561,0.00366,0.173,0,0,0,0.45245,0.15858,0.01045,0.10207,"장만월역:이지은,구찬성역:여진구,산체스역:조현철,이미라역:박유나,김선비역:신정근,최서희역:배해선,지현중역:표지훈,김유나역:강미나,노준석역:정동환,마고신역:서이숙,사신역:강홍석,고청명역:이도현,연우역:이태선,설지원역:이다윗,구현모역:오지호,왕지은역:설리,베로니카역:서은수,황문숙역:황영희,강만영역:이승준,이세영역:소희정,호텔블루문사장역:김수현"
20200623,tvN,043233,055044,호텔델루나,,2회,전국,011811,드라마&영화,드라마,미니시리즈,0,0.02059,0.06147,0.02749,0.09623,0.1069,0.20132,0,0,0.08876,0.41128,0.15469,0.11216,0.01558,"장만월역:이지은,구찬성역:여진구,산체스역:조현철,이미라역:박유나,김선비역:신정근,최서희역:배해선,지현중역:표지훈,김유나역:강미나,노준석역:정동환,마고신역:서이숙,사신역:강홍석,고청명역:이도현,연우역:이태선,설지원역:이다윗,구현모역:오지호,왕지은역:설리,베로니카역:서은수,황문숙역:황영희,강만영역:이승준,이세영역:소희정,호텔블루문사장역:김수현"
20200623,tvN,075335,090320,미스터션샤인,,3회,전국,010945,드라마&영화,드라마,미니시리즈,0.50484,0.04654,0,0.00954,0.14062,0.38326,0.16714,0,0.00612,0.00522,0.08103,0.20203,0.38114,0.27459,"유진초이역:이병헌,고애신역:김태리,구동매역:유연석,김희성역:변요한,쿠도히나역:김민정,황은산역:김갑수,장승구역:최무성,고사홍역:이호재,이완익역:김의성,모리타카시역:김남희,김안평역:김동균,윤호선역:김혜은,고애순역:박아인,일식이역:김병철,춘식이역:배정남,조씨부인역:김나운,행랑아범역:신정근,함안댁역:이정은,고종역:이승준,정문역:강신일,카일무어역:데이비드맥기니스,홍파역:서유정,임관수역:조우진,이세훈역:최진호,윤남종역:박보미,유죠역:윤주만,츠다역:이정현,소아역:오아연,도미역:고우림,유진엄마역:이시아,호타루역:김용지,스즈키역:정태야,준영역:장동윤,귀단역:김시은,유진초이어린시절역:김강훈,고상완역:진구,희진역:김지원,김판서역:김응수"
20200623,tvN,092109,103111,미스터션샤인,,4회,전국,011002,드라마&영화,드라마,미니시리즈,0.6162,0.17943,0.14552,0.57621,0.45843,0.59963,0.65654,0.30322,0.01432,0.23635,1.23142,0.81919,0.8706,0.84486,"유진초이역:이병헌,고애신역:김태리,구동매역:유연석,김희성역:변요한,쿠도히나역:김민정,황은산역:김갑수,장승구역:최무성,고사홍역:이호재,이완익역:김의성,모리타카시역:김남희,김안평역:김동균,윤호선역:김혜은,고애순역:박아인,일식이역:김병철,춘식이역:배정남,조씨부인역:김나운,행랑아범역:신정근,함안댁역:이정은,고종역:이승준,정문역:강신일,카일무어역:데이비드맥기니스,홍파역:서유정,임관수역:조우진,이세훈역:최진호,윤남종역:박보미,유죠역:윤주만,츠다역:이정현,소아역:오아연,도미역:고우림,유진엄마역:이시아,호타루역:김용지,스즈키역:정태야,준영역:장동윤,귀단역:김시은,유진초이어린시절역:김강훈,고상완역:진구,희진역:김지원,김판서역:김응수"
20200623,tvN,105012,120220,아는건별로없지만가족입니다,,7회,전국,011208,드라마&영화,드라마,미니시리즈,0.02003,0.06715,0.27415,0.24237,0.49719,0.39123,0.39674,0.08065,0.02124,0.2325,0.87306,0.77004,0.62248,0.49219,"김은희역:한예리,박찬혁역:김지석,김은주역:추자현,김상식역:정진영,이진숙역:원미경,김지우역:신재하,임건주역:신동욱,윤태형역:김태훈,젊은상식역:한준우,젊은진숙역:조아영,유선일역:서상원,안효석역:이종원,서경옥역:가득희,윤서영역:혜정,전하라역:배윤경,유민우역:권율"
20200623,tvN,162717,174320,사이코지만괜찮아,,1회,전국,011603,드라마&영화,드라마,미니시리즈,0.14484,0.30977,0,0.19098,1.09971,0.38688,0.07933,0.74596,0.16308,0.04742,0.86776,1.38014,0.30598,0.3576,"문강태역:김수현,고문영역:서예지,문상태역:오정세,남주리역:박규영,이상인역:김주헌,조재수역:강기둥,오지왕역:김창완,강순덕역:김미경,박행자역:장영남,선별역:장규리,권민석역:서준,오차용역:최우성,고대환역:이얼,간필옹역:김기천,주정태역:정재광,이아름역:지혜원,박옥란역:강지은,유선해역:주인영,강은자역:배해선,유승재역:박진주,문강태어린시절역:문우진,고문영어린시절역:김수인,권기도역:곽동연,훈남CEO역:최다니엘"
20200623,tvN,180113,191603,사이코지만괜찮아,,2회,전국,011450,드라마&영화,드라마,미니시리즈,1.32471,0.52326,0.36889,0.44043,0.89252,0.90061,0.31335,0.41183,0.39513,0.70641,1.18581,1.71688,1.0034,0.29698,"문강태역:김수현,고문영역:서예지,문상태역:오정세,남주리역:박규영,이상인역:김주헌,조재수역:강기둥,오지왕역:김창완,강순덕역:김미경,박행자역:장영남,선별역:장규리,권민석역:서준,오차용역:최우성,고대환역:이얼,간필옹역:김기천,주정태역:정재광,이아름역:지혜원,박옥란역:강지은,유선해역:주인영,강은자역:배해선,유승재역:박진주,문강태어린시절역:문우진,고문영어린시절역:김수인,권기도역:곽동연,훈남CEO역:최다니엘"
20200623,tvN,193558,204808,아는건별로없지만가족입니다,,7회,전국,011210,드라마&영화,드라마,미니시리즈,0.75942,0.54992,0.59072,0.7941,0.52926,1.06866,0.28554,0.03523,0.06646,0.9339,1.04851,1.57759,0.99686,0.46947,"김은희역:한예리,박찬혁역:김지석,김은주역:추자현,김상식역:정진영,이진숙역:원미경,김지우역:신재하,임건주역:신동욱,윤태형역:김태훈,젊은상식역:한준우,젊은진숙역:조아영,유선일역:서상원,안효석역:이종원,서경옥역:가득희,윤서영역:혜정,전하라역:배윤경,유민우역:권율"
20200623,tvN,210331,221534,아는건별로없지만가족입니다,,8회,전국,011203,드라마&영화,드라마,미니시리즈,0.66542,1.55073,1.02099,1.22396,1.29948,1.84294,1.89488,0.06789,1.1596,1.29241,1.62137,4.04285,3.8162,2.23008,"김은희역:한예리,박찬혁역:김지석,김은주역:추자현,김상식역:정진영,이진숙역:원미경,김지우역:신재하,임건주역:신동욱,윤태형역:김태훈,젊은상식역:한준우,젊은진숙역:조아영,유선일역:서상원,안효석역:이종원,서경옥역:가득희,윤서영역:혜정,전하라역:배윤경,유민우역:권율"
20200623,국방TV,020000,020022,바람은불어도,,118회,전국,000022,드라마&영화,드라마,미니시리즈,0,0,0,0,0,0,0,0,0,0,0,0,0,0,"최수종,유호정,윤손하,송나영,송기윤,나문희"
20200623,국방TV,210018,212958,바람은불어도,,117회,전국,002940,드라마&영화,드라마,미니시리즈,0,0,0,0,0,0,0,0,0,0,0,0,0,0,"최수종,유호정,윤손하,송나영,송기윤,나문희"
20200623,국방TV,213106,220005,바람은불어도,,118회,전국,002859,드라마&영화,드라마,미니시리즈,0,0,0,0,0,0.01385,0.00698,0,0,0,0,0,0.0156,0.01038,"최수종,유호정,윤손하,송나영,송기윤,나문희"
20200623,국방TV,240018,242958,바람은불어도,,117회,전국,002940,드라마&영화,드라마,미니시리즈,0,0,0,0,0,0,0,0,0,0,0,0,0,0,"최수종,유호정,윤손하,송나영,송기윤,나문희"
20200623,국방TV,243103,250002,바람은불어도,,118회,전국,002859,드라마&영화,드라마,미니시리즈,0,0,0,0,0,0,0.00823,0,0,0,0,0,0,0.00185,"최수종,유호정,윤손하,송나영,송기윤,나문희"
20200623,국방TV,250107,253053,바람은불어도,,119회,전국,002946,드라마&영화,드라마,미니시리즈,0,0,0,0,0,0.01178,0.01998,0,0,0.00534,0.01105,0.00764,0.00909,0,"최수종,유호정,윤손하,송나영,송기윤,나문희"
20200623,국방TV,253235,255814,바람은불어도,,120회,전국,002539,드라마&영화,드라마,미니시리즈,0,0,0,0,0,0,0.01199,0,0,0,0,0,0,0,"최수종,유호정,윤손하,송나영,송기윤,나문희"
20200623,AsiaUHD,030205,040520,삼총사,,7회,전국,010315,드라마&영화,드라마,주간연속극,0,0,0,0,0,0,0,0,0,0,0,0,0,0,"박달향역:정용화,소현세자역:이진욱,허승포역:양동근,안민서역:정해인,강빈역:서현진,미령역:유인영,김자점역:박영규,최명길역:전노민,용골대역:김성민,인조역:김명수,판쇠역:이켠,노수역:박성민,정명공주역:한민,마부대역:김서경,소현세자어린시절역:지은성"
20200623,AsiaUHD,043020,053806,삼총사,,8회,전국,010746,드라마&영화,드라마,주간연속극,0,0,0,0,0,0,0,0,0,0,0,0,0,0,"박달향역:정용화,소현세자역:이진욱,허승포역:양동근,안민서역:정해인,강빈역:서현진,미령역:유인영,김자점역:박영규,최명길역:전노민,용골대역:김성민,인조역:김명수,판쇠역:이켠,노수역:박성민,정명공주역:한민,마부대역:김서경,소현세자어린시절역:지은성"
20200623,CHING,020000,022058,번외수사,,7회,전국,002058,드라마&영화,드라마,미니시리즈,0,0,0,0,0,0.09158,0.01726,0,0,0,0,0.08494,0.03926,0.01973,"진강호역:차태현,강무영역:이선빈,이반석역:정상훈,테디정역:윤경호,탁원역:지승현,민대진역:박정우,맨손역:박태산,연장역:장진희,지수철역:이영석,노순이역:민경옥"
20200623,CHING,023316,033903,번외수사,,8회,전국,010547,드라마&영화,드라마,미니시리즈,0,0,0,0,0,0.00354,0.00352,0,0,0,0,0.01366,0,0,"진강호역:차태현,강무영역:이선빈,이반석역:정상훈,테디정역:윤경호,탁원역:지승현,민대진역:박정우,맨손역:박태산,연장역:장진희,지수철역:이영석,노순이역:민경옥"
20200623,CHING,085824,092604,인어아가씨,,105회,전국,002740,드라마&영화,드라마,주간연속극,0,0,0,0,0.13429,0,0.02149,0,0,0,0,0,0.00757,0.09299,"은아리영역:장서희,한경혜역:정영숙,은진섭역:박근형,심수정역:한혜숙,은예영역:우희진,이주왕역:김성민,이성수역:김병기,금옥선역:사미자,금실라역:김용림,조수아역:고두심,마마준역:정보석,마마린역:이재은"
20200623,CHING,092715,095416,인어아가씨,,106회,전국,002701,드라마&영화,드라마,주간연속극,0,0,0,0.0064,0,0,0.18285,0,0,0,0.0544,0.00709,0.16493,0.03201,"은아리영역:장서희,한경혜역:정영숙,은진섭역:박근형,심수정역:한혜숙,은예영역:우희진,이주왕역:김성민,이성수역:김병기,금옥선역:사미자,금실라역:김용림,조수아역:고두심,마마준역:정보석,마마린역:이재은"
20200623,CHING,100842,103636,인어아가씨,,107회,전국,002754,드라마&영화,드라마,주간연속극,0,0,0,0,0,0,0.08571,0,0,0,0.17622,0,0,0,"은아리영역:장서희,한경혜역:정영숙,은진섭역:박근형,심수정역:한혜숙,은예영역:우희진,이주왕역:김성민,이성수역:김병기,금옥선역:사미자,금실라역:김용림,조수아역:고두심,마마준역:정보석,마마린역:이재은"
20200623,CHING,103747,110600,인어아가씨,,108회,전국,002813,드라마&영화,드라마,주간연속극,0,0,0,0,0,0,0.08571,0,0,0,0.17622,0,0,0,"은아리영역:장서희,한경혜역:정영숙,은진섭역:박근형,심수정역:한혜숙,은예영역:우희진,이주왕역:김성민,이성수역:김병기,금옥선역:사미자,금실라역:김용림,조수아역:고두심,마마준역:정보석,마마린역:이재은"
20200623,CHING,144208,150948,인어아가씨,,105회,전국,002740,드라마&영화,드라마,주간연속극,0,0,0,0,0,0,0.00519,0,0,0,0,0,0,0.00218,"은아리영역:장서희,한경혜역:정영숙,은진섭역:박근형,심수정역:한혜숙,은예영역:우희진,이주왕역:김성민,이성수역:김병기,금옥선역:사미자,금실라역:김용림,조수아역:고두심,마마준역:정보석,마마린역:이재은"
20200623,CHING,151059,153801,인어아가씨,,106회,전국,002702,드라마&영화,드라마,주간연속극,0,0,0,0,0,0.0343,0,0,0,0,0.02471,0,0.03057,0.00657,"은아리영역:장서희,한경혜역:정영숙,은진섭역:박근형,심수정역:한혜숙,은예영역:우희진,이주왕역:김성민,이성수역:김병기,금옥선역:사미자,금실라역:김용림,조수아역:고두심,마마준역:정보석,마마린역:이재은"
20200623,CHING,154957,161751,인어아가씨,,107회,전국,002754,드라마&영화,드라마,주간연속극,0,0,0.00804,0,0.00904,0.12403,0.02588,0,0,0,0.08935,0.26745,0.11054,0.09596,"은아리영역:장서희,한경혜역:정영숙,은진섭역:박근형,심수정역:한혜숙,은예영역:우희진,이주왕역:김성민,이성수역:김병기,금옥선역:사미자,금실라역:김용림,조수아역:고두심,마마준역:정보석,마마린역:이재은"
20200623,CHING,161902,164714,인어아가씨,,108회,전국,002812,드라마&영화,드라마,주간연속극,0,0,0,0,0,0.04961,0,0,0,0,0.03574,0.20397,0.04421,0.08864,"은아리영역:장서희,한경혜역:정영숙,은진섭역:박근형,심수정역:한혜숙,은예영역:우희진,이주왕역:김성민,이성수역:김병기,금옥선역:사미자,금실라역:김용림,조수아역:고두심,마마준역:정보석,마마린역:이재은"
20200623,CHING,170147,180736,이산,,25회,전국,010549,드라마&영화,드라마,주간연속극,0,0,0,0.01371,0.00998,0.00281,0.0058,0,0,0,0.00474,0.04128,0.01709,0.0016,"정조이산역:이서진,성송연역:한지민,영조역:이순재,정순왕후역:김여진,화완옹주역:성현아,정후겸역:조연우,박대수역:이종수,효의왕후역:박은혜,혜경궁홍씨역:견미리,사도세자역:이창훈,홍국영역:한상진,최석주역:조경환,채제공역:한인수,정약용역:송창의,장태우역:이재용,민주식역:정호근,박제가역:정재곤,남사초역:맹상훈,박달호역:이희도,김정금상궁역:김소이,강미비상궁역:이숙,원빈홍씨역:지성원,화빈윤씨역:유연지,박영문역:신국,초비역:이도은,이천역:지상렬,탁지수역:유민혁,이산어린시절역:박지빈,성송연어린시절역:이한나,박대수어린시절역:권오민,정후겸어린시절역:이인성"
20200623,CHING,182448,192849,이산,,26회,전국,010401,드라마&영화,드라마,주간연속극,0,0,0,0,0.01464,0,0.00467,0,0,0,0,0.01064,0.0169,0.05067,"정조이산역:이서진,성송연역:한지민,영조역:이순재,정순왕후역:김여진,화완옹주역:성현아,정후겸역:조연우,박대수역:이종수,효의왕후역:박은혜,혜경궁홍씨역:견미리,사도세자역:이창훈,홍국영역:한상진,최석주역:조경환,채제공역:한인수,정약용역:송창의,장태우역:이재용,민주식역:정호근,박제가역:정재곤,남사초역:맹상훈,박달호역:이희도,김정금상궁역:김소이,강미비상궁역:이숙,원빈홍씨역:지성원,화빈윤씨역:유연지,박영문역:신국,초비역:이도은,이천역:지상렬,탁지수역:유민혁,이산어린시절역:박지빈,성송연어린시절역:이한나,박대수어린시절역:권오민,정후겸어린시절역:이인성"
20200623,CHING,230456,233236,인어아가씨,,105회,전국,002740,드라마&영화,드라마,주간연속극,0,0,0.14475,0,0,0.18522,0.07475,0.05054,0,0.20111,0,0.01277,0.14605,0,"은아리영역:장서희,한경혜역:정영숙,은진섭역:박근형,심수정역:한혜숙,은예영역:우희진,이주왕역:김성민,이성수역:김병기,금옥선역:사미자,금실라역:김용림,조수아역:고두심,마마준역:정보석,마마린역:이재은"
20200623,CHING,233347,240049,인어아가씨,,106회,전국,002702,드라마&영화,드라마,주간연속극,0,0,0.14475,0,0,0.2588,0.00833,0,0,0.20111,0,0,0.21358,0,"은아리영역:장서희,한경혜역:정영숙,은진섭역:박근형,심수정역:한혜숙,은예영역:우희진,이주왕역:김성민,이성수역:김병기,금옥선역:사미자,금실라역:김용림,조수아역:고두심,마마준역:정보석,마마린역:이재은"
20200623,CHING,240945,243740,인어아가씨,,107회,전국,002755,드라마&영화,드라마,주간연속극,0,0,0.03102,0,0,0.08977,0.00401,0,0,0.04309,0,0,0.07726,0,"은아리영역:장서희,한경혜역:정영숙,은진섭역:박근형,심수정역:한혜숙,은예영역:우희진,이주왕역:김성민,이성수역:김병기,금옥선역:사미자,금실라역:김용림,조수아역:고두심,마마준역:정보석,마마린역:이재은"
20200623,CHING,243851,250703,인어아가씨,,108회,전국,002812,드라마&영화,드라마,주간연속극,0,0,0,0,0,0,0,0,0,0,0,0,0,0,"은아리영역:장서희,한경혜역:정영숙,은진섭역:박근형,심수정역:한혜숙,은예영역:우희진,이주왕역:김성민,이성수역:김병기,금옥선역:사미자,금실라역:김용림,조수아역:고두심,마마준역:정보석,마마린역:이재은"
20200623,CHING,251610,255959,이산,,25회,전국,004349,드라마&영화,드라마,주간연속극,0,0,0,0,0,0,0.00255,0,0,0,0,0,0,0.05399,"정조이산역:이서진,성송연역:한지민,영조역:이순재,정순왕후역:김여진,화완옹주역:성현아,정후겸역:조연우,박대수역:이종수,효의왕후역:박은혜,혜경궁홍씨역:견미리,사도세자역:이창훈,홍국영역:한상진,최석주역:조경환,채제공역:한인수,정약용역:송창의,장태우역:이재용,민주식역:정호근,박제가역:정재곤,남사초역:맹상훈,박달호역:이희도,김정금상궁역:김소이,강미비상궁역:이숙,원빈홍씨역:지성원,화빈윤씨역:유연지,박영문역:신국,초비역:이도은,이천역:지상렬,탁지수역:유민혁,이산어린시절역:박지빈,성송연어린시절역:이한나,박대수어린시절역:권오민,정후겸어린시절역:이인성"
20200623,CNTV,032510,035538,녹두꽃,,21회,전국,003028,드라마&영화,드라마,미니시리즈,0,0,0,0.05149,0,0,0,0,0,0,0,0,0,0,"백이강역:조정석,백이현역:윤시윤,송자인역:한예리,전봉준역:최무성,백가역:박혁권,최덕기역:김상호,황석주역:최원영,채씨역:황영희,백이화역:백은혜,유월이역:서영희,남서방역:정선철,최경선역:민성욱,해승역:안길강,버들이역:노행하,번개역:병헌,동록개역:정규수,김가역:박지환,김개남역:김정호,손화중역:홍우진,송희옥역:이태검,황명심역:박규영,홍가역:조희봉,억쇠역:조현식,철두역:김도연,박원명역:김하균,송봉길역:박지일,김당손역:문원주,김문현역:이순원,김학진역:남문철,홍계훈역:윤서현,이규태역:손우현,이두황역:서종봉,대원군역:전국환,민비역:김지현,고종역:이윤건,조병갑역:장광,이용태역:이정헌,최시형역:전무송,다케다요스케역:이기찬,김홍집역:황만익"
20200623,CNTV,035604,042429,녹두꽃,,22회,전국,002825,드라마&영화,드라마,미니시리즈,0,0,0,0.08627,0.03441,0,0.00611,0,0,0,0,0,0,0,"백이강역:조정석,백이현역:윤시윤,송자인역:한예리,전봉준역:최무성,백가역:박혁권,최덕기역:김상호,황석주역:최원영,채씨역:황영희,백이화역:백은혜,유월이역:서영희,남서방역:정선철,최경선역:민성욱,해승역:안길강,버들이역:노행하,번개역:병헌,동록개역:정규수,김가역:박지환,김개남역:김정호,손화중역:홍우진,송희옥역:이태검,황명심역:박규영,홍가역:조희봉,억쇠역:조현식,철두역:김도연,박원명역:김하균,송봉길역:박지일,김당손역:문원주,김문현역:이순원,김학진역:남문철,홍계훈역:윤서현,이규태역:손우현,이두황역:서종봉,대원군역:전국환,민비역:김지현,고종역:이윤건,조병갑역:장광,이용태역:이정헌,최시형역:전무송,다케다요스케역:이기찬,김홍집역:황만익"
20200623,CNTV,060732,065700,용의눈물,,87회,전국,004928,드라마&영화,드라마,주간연속극,0.00793,0,0.01427,0.00904,0.00338,0,0.04711,0.00802,0,0.00926,0.04358,0.2132,0.01957,0.03411,"유동근,최명길,이민우,안재모,김무생,김혜리"
20200623,CNTV,071039,080451,용의눈물,,88회,전국,005412,드라마&영화,드라마,주간연속극,0,0.0164,0.03386,0.01974,0,0.20904,0.0782,0,0,0.009,0.00981,0,0.03612,0.09054,"유동근,최명길,이민우,안재모,김무생,김혜리"
20200623,CNTV,092920,103108,바람과구름과비,,9회,전국,010148,드라마&영화,드라마,미니시리즈,0.13075,0,0,0.13349,0,0,0.20469,0,0,0,0.1,0,0,0.12562,"최천중역:박시후,봉련역:고성희,흥선대원군이하응역:전광렬,채인규역:성혁,김병운역:김승수,김좌근역:차광수,나합역:윤아정,김병학역:한재영,조대비역:김보연,철종역:정욱,이하전역:이루,명성황후민자영역:박정연,고종이재황역:박상훈,용팔룡역:조복래,주모역:김주령,적도사진상역:한동규,팽구철역:노형욱,만석역:박노식,연치성역:임현수,반달역:왕빛나,임종사관역:허태희,최천중어린시절역:강태우,봉련어린시절역:홍승희,채인규어린시절역:최정우,상복역:허성태,민승호역:이해우,저자이병주,출판그림같은세상2020.08.28.,e북무료판매처 1건"
20200623,CNTV,105031,115112,야인시대,,51회,전국,010041,드라마&영화,드라마,주간연속극,0,0,0.05587,0.0026,0.00432,0.06424,0.18018,0,0.0118,0.00565,0.20669,0.0393,0.03677,0.40739,"청년김두한역:안재모,소년김두한역:곽정욱,장년김두한역:김영철,장년정진영역:차광수,구마적역:이원종,쌍칼역:박준규,김무옥역:이혁재,문영철역:장세진,장년개코역:성동일,신마적역:최철호,하야시역:이창훈,가미소리역:이상인,시바루역:이세창,나미꼬역:이세은,시라소니역:조상구,최동열역:정동환,미와역:이재용,마루오까역:최재성,설향역:허영란,애란역:조여정,정운경역:심형탁,김좌진역:최동준,오숙근역:이덕희,박계숙역:전미선,원노인역:이순재,유진산역:이효정,이정재역:김영호,조병옥역:김학철,이화룡역:안승훈,청년개코역:이동훈,신영균역:윤용현,청년정진영역:김정민,김영태역:박영록,박인애역:정소영,이영숙역:이일화,김두한어린시절역:곽정욱"
20200623,CNTV,121011,130131,광개토태왕,,84회,전국,005120,드라마&영화,드라마,주말연속극,0.02646,0,0.00112,0.02226,0.22994,0.19127,0.49309,0,0.02109,0,0.01555,0.04471,0.22692,0.73767,"담덕역:이태곤,고운역:김승수,모용보역:임호,도영역:오지은,연살타역:홍경인,약연역:이인혜,고무역:김진태,고창역:남성진,모두영역:이원발,모두루역:임대호,모용수역:김동현,풍발역:정호근,개연수역:최동준,가라지역:오욱철,연도부역:반석진,계필역:선동혁,이영역:최상훈,담망역:정태우,이련역:송용태,고야역:이보희,담주역:조안,설도안역:김규철,설지역:김정화,마수역:고인범,여소이역:임병기,돌비수역:김정현,갈사무역:강신조,도광역:박승호,소모역:강지후,여문역:나주석,모용희역:조인표,거보역:김덕현,무갑역:유종근,여석개역:방형주,황회역:김명수,원봉역:박유승,하무지역:윤승원,사갈현역:김철기,아신역:박정철"
20200623,CNTV,131955,141003,용의눈물,,87회,전국,005008,드라마&영화,드라마,주간연속극,0.04358,0,0.01057,0.00834,0.09706,0.2539,0.53984,0.03724,0.08969,0.02969,0.01282,0.08702,0.30111,0.52179,"유동근,최명길,이민우,안재모,김무생,김혜리"
20200623,CNTV,142911,152355,용의눈물,,88회,전국,005444,드라마&영화,드라마,주간연속극,0,0,0,0.00367,0.52357,0,0.3776,0,0.07296,0,0,0.04443,0.28618,0.53026,"유동근,최명길,이민우,안재모,김무생,김혜리"
20200623,CNTV,154644,164848,바람과구름과비,,9회,전국,010204,드라마&영화,드라마,미니시리즈,0,0,0,0,0.23542,0.00821,0.33545,0,0.27681,0.00532,0,0.17851,0.06268,0.44664,"최천중역:박시후,봉련역:고성희,흥선대원군이하응역:전광렬,채인규역:성혁,김병운역:김승수,김좌근역:차광수,나합역:윤아정,김병학역:한재영,조대비역:김보연,철종역:정욱,이하전역:이루,명성황후민자영역:박정연,고종이재황역:박상훈,용팔룡역:조복래,주모역:김주령,적도사진상역:한동규,팽구철역:노형욱,만석역:박노식,연치성역:임현수,반달역:왕빛나,임종사관역:허태희,최천중어린시절역:강태우,봉련어린시절역:홍승희,채인규어린시절역:최정우,상복역:허성태,민승호역:이해우,저자이병주,출판그림같은세상2020.08.28.,e북무료판매처 1건"
20200623,CNTV,170926,181008,야인시대,,51회,전국,010042,드라마&영화,드라마,주간연속극,0,0,0.18183,0,0.01585,0.02758,0.35651,0,0.01361,0,0.00633,0.01304,0.19755,0.22554,"청년김두한역:안재모,소년김두한역:곽정욱,장년김두한역:김영철,장년정진영역:차광수,구마적역:이원종,쌍칼역:박준규,김무옥역:이혁재,문영철역:장세진,장년개코역:성동일,신마적역:최철호,하야시역:이창훈,가미소리역:이상인,시바루역:이세창,나미꼬역:이세은,시라소니역:조상구,최동열역:정동환,미와역:이재용,마루오까역:최재성,설향역:허영란,애란역:조여정,정운경역:심형탁,김좌진역:최동준,오숙근역:이덕희,박계숙역:전미선,원노인역:이순재,유진산역:이효정,이정재역:김영호,조병옥역:김학철,이화룡역:안승훈,청년개코역:이동훈,신영균역:윤용현,청년정진영역:김정민,김영태역:박영록,박인애역:정소영,이영숙역:이일화,김두한어린시절역:곽정욱"
20200623,CNTV,182653,191813,광개토태왕,,84회,전국,005120,드라마&영화,드라마,주말연속극,0,0,0.22522,0.00523,0,0.28922,0.34564,0.02764,0,0.01369,0.0084,0.0043,0.35342,0.1375,"담덕역:이태곤,고운역:김승수,모용보역:임호,도영역:오지은,연살타역:홍경인,약연역:이인혜,고무역:김진태,고창역:남성진,모두영역:이원발,모두루역:임대호,모용수역:김동현,풍발역:정호근,개연수역:최동준,가라지역:오욱철,연도부역:반석진,계필역:선동혁,이영역:최상훈,담망역:정태우,이련역:송용태,고야역:이보희,담주역:조안,설도안역:김규철,설지역:김정화,마수역:고인범,여소이역:임병기,돌비수역:김정현,갈사무역:강신조,도광역:박승호,소모역:강지후,여문역:나주석,모용희역:조인표,거보역:김덕현,무갑역:유종근,여석개역:방형주,황회역:김명수,원봉역:박유승,하무지역:윤승원,사갈현역:김철기,아신역:박정철"
20200623,CNTV,193616,202609,용의눈물,,87회,전국,004953,드라마&영화,드라마,주간연속극,0.01554,0,0.00901,0.01199,0.03352,0.04327,0.17735,0,0.04875,0,0.02395,0.01405,0.0015,0.34132,"유동근,최명길,이민우,안재모,김무생,김혜리"
20200623,CNTV,204434,213916,용의눈물,,88회,전국,005442,드라마&영화,드라마,주간연속극,0,0,0,0.01156,0.11753,0.114,0.11614,0,0.15299,0.00211,0,0.06447,0.02939,0.06702,"유동근,최명길,이민우,안재모,김무생,김혜리"
20200623,CNTV,215649,225851,바람과구름과비,,9회,전국,010202,드라마&영화,드라마,미니시리즈,0,0,0,0.00349,0.03299,0.10582,0.25649,0.09312,0.05149,0,0,0.06953,0.10845,0.21813,"최천중역:박시후,봉련역:고성희,흥선대원군이하응역:전광렬,채인규역:성혁,김병운역:김승수,김좌근역:차광수,나합역:윤아정,김병학역:한재영,조대비역:김보연,철종역:정욱,이하전역:이루,명성황후민자영역:박정연,고종이재황역:박상훈,용팔룡역:조복래,주모역:김주령,적도사진상역:한동규,팽구철역:노형욱,만석역:박노식,연치성역:임현수,반달역:왕빛나,임종사관역:허태희,최천중어린시절역:강태우,봉련어린시절역:홍승희,채인규어린시절역:최정우,상복역:허성태,민승호역:이해우,저자이병주,출판그림같은세상2020.08.28.,e북무료판매처 1건"
20200623,CNTV,231502,241544,야인시대,,51회,전국,010042,드라마&영화,드라마,주간연속극,0,0,0.03913,0.00992,0,0.03065,0.20936,0,0,0,0.00743,0.0036,0.01281,0.19509,"청년김두한역:안재모,소년김두한역:곽정욱,장년김두한역:김영철,장년정진영역:차광수,구마적역:이원종,쌍칼역:박준규,김무옥역:이혁재,문영철역:장세진,장년개코역:성동일,신마적역:최철호,하야시역:이창훈,가미소리역:이상인,시바루역:이세창,나미꼬역:이세은,시라소니역:조상구,최동열역:정동환,미와역:이재용,마루오까역:최재성,설향역:허영란,애란역:조여정,정운경역:심형탁,김좌진역:최동준,오숙근역:이덕희,박계숙역:전미선,원노인역:이순재,유진산역:이효정,이정재역:김영호,조병옥역:김학철,이화룡역:안승훈,청년개코역:이동훈,신영균역:윤용현,청년정진영역:김정민,김영태역:박영록,박인애역:정소영,이영숙역:이일화,김두한어린시절역:곽정욱"
20200623,CNTV,243034,252154,광개토태왕,,84회,전국,005120,드라마&영화,드라마,주말연속극,0,0.33073,0,0.00126,0.12593,0.02179,0.48169,0,0,0.20281,0.10152,0.27385,0.02059,0.71122,"담덕역:이태곤,고운역:김승수,모용보역:임호,도영역:오지은,연살타역:홍경인,약연역:이인혜,고무역:김진태,고창역:남성진,모두영역:이원발,모두루역:임대호,모용수역:김동현,풍발역:정호근,개연수역:최동준,가라지역:오욱철,연도부역:반석진,계필역:선동혁,이영역:최상훈,담망역:정태우,이련역:송용태,고야역:이보희,담주역:조안,설도안역:김규철,설지역:김정화,마수역:고인범,여소이역:임병기,돌비수역:김정현,갈사무역:강신조,도광역:박승호,소모역:강지후,여문역:나주석,모용희역:조인표,거보역:김덕현,무갑역:유종근,여석개역:방형주,황회역:김명수,원봉역:박유승,하무지역:윤승원,사갈현역:김철기,아신역:박정철"
20200623,DRAMAcube,061827,064826,아이템,,5회,전국,002959,드라마&영화,드라마,미니시리즈,0,0,0,0,0,0,0.01593,0,0,0,0.02959,0,0,0.02206,"강곤역:주지훈,신소영역:진세연,조세황역:김강우,한유나역:김유리,구동영역:박원상,신구철역:이대연,방학재역:김민교,하승목역:황동주,서요한역:오승훈,이한길역:최진호,최호준역:김도현,유철조역:정인겸,김대흥역:최권,정진만역:임영식,강다인역:신린아"
20200623,DRAMAcube,064835,072035,아이템,,6회,전국,003200,드라마&영화,드라마,미니시리즈,0.02359,0,0,0,0,0,0,0,0,0,0,0,0.00614,0.00129,"강곤역:주지훈,신소영역:진세연,조세황역:김강우,한유나역:김유리,구동영역:박원상,신구철역:이대연,방학재역:김민교,하승목역:황동주,서요한역:오승훈,이한길역:최진호,최호준역:김도현,유철조역:정인겸,김대흥역:최권,정진만역:임영식,강다인역:신린아"
20200623,DRAMAcube,073150,083402,배가본드,,12회,전국,010212,드라마&영화,드라마,미니시리즈,0,0,0,0.04542,0,0,0.02417,0,0,0,0,0.05333,0,0.03092,"차달건역:이승기,고해리역:배수지,기태웅역:신성록,제시카리역:문정희,정국표역:백윤식,홍순조역:문성근,에드워드박역:이경영,강주철역:이기영,윤한기역:김민종,민재식역:정만식,공화숙역:황보라,박만영역:최광일,안기동역:김종수,김세훈역:신승환,한기수역:김민서,미키역:류원,홍승범역:김정현,릴리역:박아인,박광덕역:고규필,제롬역:유태오,김우기역:장혁진,오상미역:강경헌,김도수역:최대철"
20200623,DRAMAcube,084927,095706,야식남녀,,7회,전국,010739,드라마&영화,드라마,미니시리즈,0,0.04851,0,0.01655,0.02158,0.0309,0,0,0.03373,0.00129,0.0039,0.08614,0.01038,0.00542,"박진성역:정일우,김아진역:강지영,강태완역:이학주,이상영역:김승수,차주희역:김수진,남규장역:양대혁,유성은역:공민정,노재수역:박성준,박진우역:최재현"
20200623,DRAMAcube,164552,175011,편의점샛별이,,1회,전국,010419,드라마&영화,드라마,미니시리즈,0,0.0129,0.00468,0.32415,0.33135,0.02762,0.23745,0.15123,0.01991,0.00213,0.00501,0.05119,0.21701,0.13732,"최대현역:지창욱,정샛별역:김유정,유연주역:한선화,조승준역:도상우,정은별역:솔빈,공분희역:김선영,최용필역:이병준,한달식역:음문석,권의추역:우현,차기복역:이윤희,고광태역:배기범,김혜자역:견미리,최대순역:김지현,황금비역:서예화,차은조역:윤수,배부장역:허재호,강성태역:지찬,김정하역:신윤정,오현지역:한류은,강지욱역:김민규,유명기역:길용우"
20200623,DRAMAcube,180345,190552,편의점샛별이,,2회,전국,010207,드라마&영화,드라마,미니시리즈,0.63093,0.68839,0,0.26988,0.29902,0.25178,0.2514,0,0.37409,0.00168,0.01106,0.37833,0.20284,0.09924,"최대현역:지창욱,정샛별역:김유정,유연주역:한선화,조승준역:도상우,정은별역:솔빈,공분희역:김선영,최용필역:이병준,한달식역:음문석,권의추역:우현,차기복역:이윤희,고광태역:배기범,김혜자역:견미리,최대순역:김지현,황금비역:서예화,차은조역:윤수,배부장역:허재호,강성태역:지찬,김정하역:신윤정,오현지역:한류은,강지욱역:김민규,유명기역:길용우"
20200623,DramaH,020000,024256,굿캐스팅,,15회,전국,004256,드라마&영화,드라마,미니시리즈,0,0,0,0,0,0.11895,0.05295,0,0,0,0,0.0707,0.08092,0,"백찬미역:최강희,윤석호역:이상엽,임예은역:유인영,황미순역:김지영,강우원역:이준영,동관수역:이종혁,서국환역:정인기,배무혁역:박경순,간태희역:황보미,명계철역:우현,탁상기역:이상훈,옥철역:김용희,변우석역:허재호,구비서역:한수진,설영훈역:조영훈,심화란역:차수연,남봉만역:이승형,남주연역:김보윤,피철웅역:배진웅,권민석역:성혁,권소희역:노하연"
20200623,DramaH,025127,040004,굿캐스팅,,16회,전국,010837,드라마&영화,드라마,미니시리즈,0,0,0.01777,0,0.00727,0.12844,0.07278,0,0,0,0,0.0085,0.09847,0.00077,"백찬미역:최강희,윤석호역:이상엽,임예은역:유인영,황미순역:김지영,강우원역:이준영,동관수역:이종혁,서국환역:정인기,배무혁역:박경순,간태희역:황보미,명계철역:우현,탁상기역:이상훈,옥철역:김용희,변우석역:허재호,구비서역:한수진,설영훈역:조영훈,심화란역:차수연,남봉만역:이승형,남주연역:김보윤,피철웅역:배진웅,권민석역:성혁,권소희역:노하연"
20200623,DramaH,094005,104208,바람과구름과비,,9회,전국,010203,드라마&영화,드라마,미니시리즈,0,0,0,0.00286,0,0,0.09877,0.01141,0.00339,0.00442,0.00259,0.00771,0.02862,0.21345,"최천중역:박시후,봉련역:고성희,흥선대원군이하응역:전광렬,채인규역:성혁,김병운역:김승수,김좌근역:차광수,나합역:윤아정,김병학역:한재영,조대비역:김보연,철종역:정욱,이하전역:이루,명성황후민자영역:박정연,고종이재황역:박상훈,용팔룡역:조복래,주모역:김주령,적도사진상역:한동규,팽구철역:노형욱,만석역:박노식,연치성역:임현수,반달역:왕빛나,임종사관역:허태희,최천중어린시절역:강태우,봉련어린시절역:홍승희,채인규어린시절역:최정우,상복역:허성태,민승호역:이해우,저자이병주,출판그림같은세상2020.08.28.,e북무료판매처 1건"
20200623,DramaH,110114,120458,바람과구름과비,,10회,전국,010344,드라마&영화,드라마,미니시리즈,0,0,0,0,0,0,0.24386,0,0,0,0.00385,0.19876,0.15285,0.34449,"최천중역:박시후,봉련역:고성희,흥선대원군이하응역:전광렬,채인규역:성혁,김병운역:김승수,김좌근역:차광수,나합역:윤아정,김병학역:한재영,조대비역:김보연,철종역:정욱,이하전역:이루,명성황후민자영역:박정연,고종이재황역:박상훈,용팔룡역:조복래,주모역:김주령,적도사진상역:한동규,팽구철역:노형욱,만석역:박노식,연치성역:임현수,반달역:왕빛나,임종사관역:허태희,최천중어린시절역:강태우,봉련어린시절역:홍승희,채인규어린시절역:최정우,상복역:허성태,민승호역:이해우,저자이병주,출판그림같은세상2020.08.28.,e북무료판매처 1건"
20200623,DramaH,154609,165338,굿캐스팅,,15회,전국,010729,드라마&영화,드라마,미니시리즈,0,0.01101,0,0,0.03831,0,0.05525,0,0,0,0.15081,0.00741,0.19857,0.0563,"백찬미역:최강희,윤석호역:이상엽,임예은역:유인영,황미순역:김지영,강우원역:이준영,동관수역:이종혁,서국환역:정인기,배무혁역:박경순,간태희역:황보미,명계철역:우현,탁상기역:이상훈,옥철역:김용희,변우석역:허재호,구비서역:한수진,설영훈역:조영훈,심화란역:차수연,남봉만역:이승형,남주연역:김보윤,피철웅역:배진웅,권민석역:성혁,권소희역:노하연"
20200623,DramaH,171231,182110,굿캐스팅,,16회,전국,010839,드라마&영화,드라마,미니시리즈,0,0,0.05962,0,0.07894,0,0.19825,0,0,0.10206,0,0.41833,0.24286,0.1981,"백찬미역:최강희,윤석호역:이상엽,임예은역:유인영,황미순역:김지영,강우원역:이준영,동관수역:이종혁,서국환역:정인기,배무혁역:박경순,간태희역:황보미,명계철역:우현,탁상기역:이상훈,옥철역:김용희,변우석역:허재호,구비서역:한수진,설영훈역:조영훈,심화란역:차수연,남봉만역:이승형,남주연역:김보윤,피철웅역:배진웅,권민석역:성혁,권소희역:노하연"
20200623,DramaH,230104,240450,바람과구름과비,,10회,전국,010346,드라마&영화,드라마,미니시리즈,0,0,0.05532,0,0,0.0411,0.0058,0,0,0,0.00474,0.00794,0.01678,0.0048,"최천중역:박시후,봉련역:고성희,흥선대원군이하응역:전광렬,채인규역:성혁,김병운역:김승수,김좌근역:차광수,나합역:윤아정,김병학역:한재영,조대비역:김보연,철종역:정욱,이하전역:이루,명성황후민자영역:박정연,고종이재황역:박상훈,용팔룡역:조복래,주모역:김주령,적도사진상역:한동규,팽구철역:노형욱,만석역:박노식,연치성역:임현수,반달역:왕빛나,임종사관역:허태희,최천중어린시절역:강태우,봉련어린시절역:홍승희,채인규어린시절역:최정우,상복역:허성태,민승호역:이해우,저자이병주,출판그림같은세상2020.08.28.,e북무료판매처 1건"
20200623,DramaH,242007,252336,바람과구름과비,,11회,전국,010329,드라마&영화,드라마,미니시리즈,0,0,0.14418,0,0,0.33489,0.13573,0,0,0.62905,0,0.1655,0.50845,0.07861,"최천중역:박시후,봉련역:고성희,흥선대원군이하응역:전광렬,채인규역:성혁,김병운역:김승수,김좌근역:차광수,나합역:윤아정,김병학역:한재영,조대비역:김보연,철종역:정욱,이하전역:이루,명성황후민자영역:박정연,고종이재황역:박상훈,용팔룡역:조복래,주모역:김주령,적도사진상역:한동규,팽구철역:노형욱,만석역:박노식,연치성역:임현수,반달역:왕빛나,임종사관역:허태희,최천중어린시절역:강태우,봉련어린시절역:홍승희,채인규어린시절역:최정우,상복역:허성태,민승호역:이해우,저자이병주,출판그림같은세상2020.08.28.,e북무료판매처 1건"
20200623,Dramax,063020,070159,당신의하우스헬퍼,,3회,전국,003139,드라마&영화,드라마,미니시리즈,0.13495,0,0,0,0.02458,0,0,0,0,0,0,0.01754,0,0.002,"김지운역:하석진,임다영역:보나,권진국역:이지훈,윤상아역:고원희,한소미역:서은아,강혜주역:전수진,고태수역:조희봉,박가람역:연준석,장용건역:윤주상,조팀장역:정석용,안진홍역:이민영,오윤기역:임지규,서호기역:김민석,백장미역:송상은,최나리역:이노아,방철수역:이도겸,이소희역:심이영"
20200623,Dramax,070310,073200,당신의하우스헬퍼,,4회,전국,002850,드라마&영화,드라마,미니시리즈,0,0,0,0.0399,0.14694,0,0,0,0.22933,0.10102,0,0.17621,0,0.02556,"김지운역:하석진,임다영역:보나,권진국역:이지훈,윤상아역:고원희,한소미역:서은아,강혜주역:전수진,고태수역:조희봉,박가람역:연준석,장용건역:윤주상,조팀장역:정석용,안진홍역:이민영,오윤기역:임지규,서호기역:김민석,백장미역:송상은,최나리역:이노아,방철수역:이도겸,이소희역:심이영"
20200623,Dramax,120324,130807,낭만닥터김사부2,,4회,전국,010443,드라마&영화,드라마,미니시리즈,0,0,0.06802,0,0,0.24989,0.04032,0,0,0,0.1795,0.1804,0.07807,0.00582,"김사부역:한석규,서우진역:안효섭,차은재역:이성경,박민국역:김주헌,배문정역:신동욱,윤아름역:소주연,정인수역:윤나무,여운영역:김홍파,오명심역:진경,장기태역:임원희,남도일역:변우민,박은탁역:김민재,양호준역:고상호,심혜진역:박효주,허영규역:배명진,도윤완역:최진호,엄현정역:정지안,주영미역:윤보라,주지배인역:서영"
20200623,Dramax,132045,142744,낭만닥터김사부2,,5회,전국,010659,드라마&영화,드라마,미니시리즈,0,0,0.1314,0,0.00327,0.05157,0.40684,0,0,0,0.01941,0.32192,0.17151,0.2708,"김사부역:한석규,서우진역:안효섭,차은재역:이성경,박민국역:김주헌,배문정역:신동욱,윤아름역:소주연,정인수역:윤나무,여운영역:김홍파,오명심역:진경,장기태역:임원희,남도일역:변우민,박은탁역:김민재,양호준역:고상호,심혜진역:박효주,허영규역:배명진,도윤완역:최진호,엄현정역:정지안,주영미역:윤보라,주지배인역:서영"
20200623,E채널,072439,082540,닥터스,,3회,전국,010101,드라마&영화,드라마,주간연속극,0,0.5937,0.03906,0,0,0.044,0.09396,0,0,0.03849,0,0.10638,0.03755,0.0277,"홍지홍역:김래원,유혜정역:박신혜,정윤도역:윤균상,진서우역:이성경,강말순역:김영애,유민호역:정해균,이가진역:박지아,유유나역:한보배,김수철역:지수,천순희역:문지인,홍두식역:이호재,조인주역:유다인,진성종역:전국환,진명훈역:엄효섭,윤지영역:윤해영,김태호역:장현성,강경준역:김강현,피영국역:백성현,안중대역:조현식,최강수역:김민석,백호민역:정진,정파란역:이선호,황보태양역:최성재,현수진간호사역:표예진,유별간호사역:지이수,조직보스역:이기우,오영미역:정경순,이수정역:임지연,조수지역:한혜진,안성수역:조달환,남바람역:남궁민,예비신랑역:이상엽"
20200623,E채널,083959,094036,닥터스,,4회,전국,010037,드라마&영화,드라마,주간연속극,0,0,0.1367,0.01805,0.16057,0.00222,0.08512,0,0.21282,0,0.02284,0.53979,0.00223,0.05175,"홍지홍역:김래원,유혜정역:박신혜,정윤도역:윤균상,진서우역:이성경,강말순역:김영애,유민호역:정해균,이가진역:박지아,유유나역:한보배,김수철역:지수,천순희역:문지인,홍두식역:이호재,조인주역:유다인,진성종역:전국환,진명훈역:엄효섭,윤지영역:윤해영,김태호역:장현성,강경준역:김강현,피영국역:백성현,안중대역:조현식,최강수역:김민석,백호민역:정진,정파란역:이선호,황보태양역:최성재,현수진간호사역:표예진,유별간호사역:지이수,조직보스역:이기우,오영미역:정경순,이수정역:임지연,조수지역:한혜진,안성수역:조달환,남바람역:남궁민,예비신랑역:이상엽"
20200623,FX,041306,051404,야인시대,,106회,전국,010058,드라마&영화,드라마,주간연속극,0,0,0,0,0,0,0.00871,0,0,0,0,0,0.00599,0,"청년김두한역:안재모,소년김두한역:곽정욱,장년김두한역:김영철,장년정진영역:차광수,구마적역:이원종,쌍칼역:박준규,김무옥역:이혁재,문영철역:장세진,장년개코역:성동일,신마적역:최철호,하야시역:이창훈,가미소리역:이상인,시바루역:이세창,나미꼬역:이세은,시라소니역:조상구,최동열역:정동환,미와역:이재용,마루오까역:최재성,설향역:허영란,애란역:조여정,정운경역:심형탁,김좌진역:최동준,오숙근역:이덕희,박계숙역:전미선,원노인역:이순재,유진산역:이효정,이정재역:김영호,조병옥역:김학철,이화룡역:안승훈,청년개코역:이동훈,신영균역:윤용현,청년정진영역:김정민,김영태역:박영록,박인애역:정소영,이영숙역:이일화,김두한어린시절역:곽정욱"
20200623,FX,084726,094358,허준,,44회,전국,005632,드라마&영화,드라마,주간연속극,0,0,0,0,0,0.00952,0.06957,0,0,0,0,0,0.01137,0.0195,"허준역:전광렬,유의태역:이순재,유도지역:김병세,예진역:황수정,임오근역:임현식,구일서역:이희도"
20200623,FX,095730,104938,허준,,45회,전국,005208,드라마&영화,드라마,주간연속극,0,0,0,0,0,0.00626,0.08853,0,0,0,0.02369,0,0.00194,0.0049,"허준역:전광렬,유의태역:이순재,유도지역:김병세,예진역:황수정,임오근역:임현식,구일서역:이희도"
20200623,FX,163735,174304,간택여인들의전쟁,,14회,전국,010529,드라마&영화,드라마,미니시리즈,0,0,0,0.03872,0,0,0,0,0,0,0,0.00112,0.00333,0.02937,"강은보역:진세연,이경역:김민규,이재화역:도상우,조영지역:이열음,왈역:이시언,김송이역:이화겸,대왕대비역:정애리,대비역:조은숙,조흥견역:이재용,김만찬역:손병호,용호역:이주진"
20200623,FX,175501,185758,야인시대,,106회,전국,010257,드라마&영화,드라마,주간연속극,0,0,0,0,0,0.00507,0.00224,0,0,0,0,0.04364,0.00684,0.00579,"청년김두한역:안재모,소년김두한역:곽정욱,장년김두한역:김영철,장년정진영역:차광수,구마적역:이원종,쌍칼역:박준규,김무옥역:이혁재,문영철역:장세진,장년개코역:성동일,신마적역:최철호,하야시역:이창훈,가미소리역:이상인,시바루역:이세창,나미꼬역:이세은,시라소니역:조상구,최동열역:정동환,미와역:이재용,마루오까역:최재성,설향역:허영란,애란역:조여정,정운경역:심형탁,김좌진역:최동준,오숙근역:이덕희,박계숙역:전미선,원노인역:이순재,유진산역:이효정,이정재역:김영호,조병옥역:김학철,이화룡역:안승훈,청년개코역:이동훈,신영균역:윤용현,청년정진영역:김정민,김영태역:박영록,박인애역:정소영,이영숙역:이일화,김두한어린시절역:곽정욱"
20200623,FX,201547,212116,간택여인들의전쟁,,14회,전국,010529,드라마&영화,드라마,미니시리즈,0,0,0,0.02637,0,0.01073,0.00103,0,0,0.01455,0.0074,0,0,0.00695,"강은보역:진세연,이경역:김민규,이재화역:도상우,조영지역:이열음,왈역:이시언,김송이역:이화겸,대왕대비역:정애리,대비역:조은숙,조흥견역:이재용,김만찬역:손병호,용호역:이주진"
20200623,FX,213923,224546,간택여인들의전쟁,,15회,전국,010623,드라마&영화,드라마,미니시리즈,0,0,0,0,0,0,0.00108,0,0,0,0,0,0,0.00124,"강은보역:진세연,이경역:김민규,이재화역:도상우,조영지역:이열음,왈역:이시언,김송이역:이화겸,대왕대비역:정애리,대비역:조은숙,조흥견역:이재용,김만찬역:손병호,용호역:이주진"
20200623,FX,242802,253059,야인시대,,106회,전국,010257,드라마&영화,드라마,주간연속극,0,0,0.03909,0,0,0.01711,0.04191,0,0.03452,0,0,0.11006,0.0015,0.04759,"청년김두한역:안재모,소년김두한역:곽정욱,장년김두한역:김영철,장년정진영역:차광수,구마적역:이원종,쌍칼역:박준규,김무옥역:이혁재,문영철역:장세진,장년개코역:성동일,신마적역:최철호,하야시역:이창훈,가미소리역:이상인,시바루역:이세창,나미꼬역:이세은,시라소니역:조상구,최동열역:정동환,미와역:이재용,마루오까역:최재성,설향역:허영란,애란역:조여정,정운경역:심형탁,김좌진역:최동준,오숙근역:이덕희,박계숙역:전미선,원노인역:이순재,유진산역:이효정,이정재역:김영호,조병옥역:김학철,이화룡역:안승훈,청년개코역:이동훈,신영균역:윤용현,청년정진영역:김정민,김영태역:박영록,박인애역:정소영,이영숙역:이일화,김두한어린시절역:곽정욱"
20200623,KBS DRAMA,044213,051015,기막힌유산,,45회,전국,002802,드라마&영화,드라마,일일연속극,0,0.50153,0,0,0,0,0.4514,0,0,0,0.29277,0,0.53473,0.32087,"부영배역:박인환,공계옥역:강세정,부설악역:신정윤,부백두역:강신조,윤민주역:이아현,부금강역:남성진,신애리역:김가연,정미희역:박순천,김용미역:이응경,부한라역:박신우,성판금역:조양자,부가온역:김비주,부태희역:김연지,부혜교역:김효경,부지현역:강유라,공소영역:김난주,이장원역:이일준,김수민역:조서후,김종두역:이춘식,차정건역:조순창,이청아역:정서하,손보미역:박민지,김영지역:주민하,강선희역:박현정,천호식역:백신,이정태역:노상보,고향숙역:박소정"
20200623,KBS DRAMA,051022,053815,기막힌유산,,46회,전국,002753,드라마&영화,드라마,일일연속극,0,0.08062,0,0.15847,0,0,0.49437,0,0,0,0.30362,0.0494,0.55172,0.41289,"부영배역:박인환,공계옥역:강세정,부설악역:신정윤,부백두역:강신조,윤민주역:이아현,부금강역:남성진,신애리역:김가연,정미희역:박순천,김용미역:이응경,부한라역:박신우,성판금역:조양자,부가온역:김비주,부태희역:김연지,부혜교역:김효경,부지현역:강유라,공소영역:김난주,이장원역:이일준,김수민역:조서후,김종두역:이춘식,차정건역:조순창,이청아역:정서하,손보미역:박민지,김영지역:주민하,강선희역:박현정,천호식역:백신,이정태역:노상보,고향숙역:박소정"
20200623,KBS DRAMA,054217,061619,위험한약속,,53회,전국,003402,드라마&영화,드라마,일일연속극,0,0.08463,0.00851,0.22035,0,0,0.78778,0,0,0,0.16592,0.01957,0.51966,0.34155,"차은동역:박하나,강태인역:고세원,최준혁역:강성민,오혜원역:박영린,한지훈역:이창욱,차만종역:이대연,차은찬역:유준서,공영심역:유지연,봉석구역:현우섭,강일섭역:강신일,연두심역:이칸희,한광훈역:길용우,한서주역:김혜지,최명희역:김나운,고재숙역:윤복인,최영국역:송민형,민주란역:오영실,최준경역:이효나,이창욱역:김정운"
20200623,KBS DRAMA,061626,065021,위험한약속,,54회,전국,003355,드라마&영화,드라마,일일연속극,0,0,0.01296,0.09642,0,0.14542,0.67361,0,0,0.53139,0,0.00884,0.89891,0.78696,"차은동역:박하나,강태인역:고세원,최준혁역:강성민,오혜원역:박영린,한지훈역:이창욱,차만종역:이대연,차은찬역:유준서,공영심역:유지연,봉석구역:현우섭,강일섭역:강신일,연두심역:이칸희,한광훈역:길용우,한서주역:김혜지,최명희역:김나운,고재숙역:윤복인,최영국역:송민형,민주란역:오영실,최준경역:이효나,이창욱역:김정운"
20200623,KBS DRAMA,070109,073515,위험한약속,,55회,전국,003406,드라마&영화,드라마,일일연속극,0,0,0.05623,0,0,0.5598,0.63682,0,0,0.54651,0.00518,0.34626,0.65745,0.9524,"차은동역:박하나,강태인역:고세원,최준혁역:강성민,오혜원역:박영린,한지훈역:이창욱,차만종역:이대연,차은찬역:유준서,공영심역:유지연,봉석구역:현우섭,강일섭역:강신일,연두심역:이칸희,한광훈역:길용우,한서주역:김혜지,최명희역:김나운,고재숙역:윤복인,최영국역:송민형,민주란역:오영실,최준경역:이효나,이창욱역:김정운"
20200623,KBS DRAMA,073522,080917,위험한약속,,56회,전국,003355,드라마&영화,드라마,일일연속극,0,0.44367,0.28856,0,0.12482,0.96487,0.78214,0,0.06729,0.22081,0.13481,0.71505,0.88064,1.41657,"차은동역:박하나,강태인역:고세원,최준혁역:강성민,오혜원역:박영린,한지훈역:이창욱,차만종역:이대연,차은찬역:유준서,공영심역:유지연,봉석구역:현우섭,강일섭역:강신일,연두심역:이칸희,한광훈역:길용우,한서주역:김혜지,최명희역:김나운,고재숙역:윤복인,최영국역:송민형,민주란역:오영실,최준경역:이효나,이창욱역:김정운"
20200623,KBS DRAMA,080924,084324,위험한약속,,57회,전국,003400,드라마&영화,드라마,일일연속극,0,0.45548,0.14857,0.15138,0.26677,1.0755,0.6338,0,0.3073,0.09741,0.14124,0.86225,0.97212,1.25466,"차은동역:박하나,강태인역:고세원,최준혁역:강성민,오혜원역:박영린,한지훈역:이창욱,차만종역:이대연,차은찬역:유준서,공영심역:유지연,봉석구역:현우섭,강일섭역:강신일,연두심역:이칸희,한광훈역:길용우,한서주역:김혜지,최명희역:김나운,고재숙역:윤복인,최영국역:송민형,민주란역:오영실,최준경역:이효나,이창욱역:김정운"
20200623,KBS DRAMA,135400,143106,한번다녀왔습니다,,49회,전국,003706,드라마&영화,드라마,주말연속극,0.06793,0.04623,0.22688,0.29219,0.22778,0.44336,0.38564,0,0.44911,0.10551,0.07328,0.34462,0.65479,0.37241,"송영달역:천호진,장옥분역:차화연,최윤정역:김보연,강초연역:이정은,송나희역:이민정,윤규진역:이상엽,송준선역:오대환,송가희역:오윤아,송다희역:이초희,양치수역:안길강,장옥자역:백지원,성현경역:임정은,윤재석역:이상이,박효신역:기도훈,김지훈역:문우진,이주리역:김소라,김가연역:송다은,건어물역:신미영,꽈배기역:김가영,송서영역:이가연,송서진역:안서연,이정록역:알렉스,유보영역:손성윤,유시후역:송민재,박지연역:신수정,한기영역:강유석,홍성우역:김현목,신혜정역:김미은,심정희역:이상경,오연지역:한봄,오정봉역:오의식,이종수역:장원혁,김승현역:배호근,송이역:김주영,지원역:찬희,이현역:이필모"
20200623,KBS DRAMA,143217,150329,한번다녀왔습니다,,50회,전국,003112,드라마&영화,드라마,주말연속극,0,0.39337,0,0,0.09736,0.29883,0.68879,0,0.0961,0.23812,0.03109,0.40261,0.55829,0.7288,"송영달역:천호진,장옥분역:차화연,최윤정역:김보연,강초연역:이정은,송나희역:이민정,윤규진역:이상엽,송준선역:오대환,송가희역:오윤아,송다희역:이초희,양치수역:안길강,장옥자역:백지원,성현경역:임정은,윤재석역:이상이,박효신역:기도훈,김지훈역:문우진,이주리역:김소라,김가연역:송다은,건어물역:신미영,꽈배기역:김가영,송서영역:이가연,송서진역:안서연,이정록역:알렉스,유보영역:손성윤,유시후역:송민재,박지연역:신수정,한기영역:강유석,홍성우역:김현목,신혜정역:김미은,심정희역:이상경,오연지역:한봄,오정봉역:오의식,이종수역:장원혁,김승현역:배호근,송이역:김주영,지원역:찬희,이현역:이필모"
20200623,KBS DRAMA,151712,155522,한번다녀왔습니다,,51회,전국,003810,드라마&영화,드라마,주말연속극,0,0.32231,0,0.02508,0,0.0095,0.63034,0,0,0,0.00908,0.30947,0.40739,0.7654,"송영달역:천호진,장옥분역:차화연,최윤정역:김보연,강초연역:이정은,송나희역:이민정,윤규진역:이상엽,송준선역:오대환,송가희역:오윤아,송다희역:이초희,양치수역:안길강,장옥자역:백지원,성현경역:임정은,윤재석역:이상이,박효신역:기도훈,김지훈역:문우진,이주리역:김소라,김가연역:송다은,건어물역:신미영,꽈배기역:김가영,송서영역:이가연,송서진역:안서연,이정록역:알렉스,유보영역:손성윤,유시후역:송민재,박지연역:신수정,한기영역:강유석,홍성우역:김현목,신혜정역:김미은,심정희역:이상경,오연지역:한봄,오정봉역:오의식,이종수역:장원혁,김승현역:배호근,송이역:김주영,지원역:찬희,이현역:이필모"
20200623,KBS DRAMA,155632,162720,한번다녀왔습니다,,52회,전국,003048,드라마&영화,드라마,주말연속극,0,0.32231,0,0,0,0.08297,0.47778,0,0,0.20977,0.01543,0.44821,0.55839,0.42764,"송영달역:천호진,장옥분역:차화연,최윤정역:김보연,강초연역:이정은,송나희역:이민정,윤규진역:이상엽,송준선역:오대환,송가희역:오윤아,송다희역:이초희,양치수역:안길강,장옥자역:백지원,성현경역:임정은,윤재석역:이상이,박효신역:기도훈,김지훈역:문우진,이주리역:김소라,김가연역:송다은,건어물역:신미영,꽈배기역:김가영,송서영역:이가연,송서진역:안서연,이정록역:알렉스,유보영역:손성윤,유시후역:송민재,박지연역:신수정,한기영역:강유석,홍성우역:김현목,신혜정역:김미은,심정희역:이상경,오연지역:한봄,오정봉역:오의식,이종수역:장원혁,김승현역:배호근,송이역:김주영,지원역:찬희,이현역:이필모"
20200623,KBS W,020000,022450,위험한약속,,55회,전국,002450,드라마&영화,드라마,일일연속극,0,0,0,0,0.00885,0,0.1334,0,0,0.0433,0,0,0.00412,0.36172,"차은동역:박하나,강태인역:고세원,최준혁역:강성민,오혜원역:박영린,한지훈역:이창욱,차만종역:이대연,차은찬역:유준서,공영심역:유지연,봉석구역:현우섭,강일섭역:강신일,연두심역:이칸희,한광훈역:길용우,한서주역:김혜지,최명희역:김나운,고재숙역:윤복인,최영국역:송민형,민주란역:오영실,최준경역:이효나,이창욱역:김정운"
20200623,KBS W,022457,025852,위험한약속,,56회,전국,003355,드라마&영화,드라마,일일연속극,0,0,0,0,0,0,0.21266,0,0,0,0.03624,0.00581,0.00551,0.33761,"차은동역:박하나,강태인역:고세원,최준혁역:강성민,오혜원역:박영린,한지훈역:이창욱,차만종역:이대연,차은찬역:유준서,공영심역:유지연,봉석구역:현우섭,강일섭역:강신일,연두심역:이칸희,한광훈역:길용우,한서주역:김혜지,최명희역:김나운,고재숙역:윤복인,최영국역:송민형,민주란역:오영실,최준경역:이효나,이창욱역:김정운"
20200623,KBS W,093316,103605,부부클리닉사랑과전쟁,,417회,전국,010249,드라마&영화,드라마,단막극,0,0,0.00276,0.06308,0,0.01615,0.08878,0,0,0,0.05467,0.02465,0.00116,0.09165,"이재만,민지영,최영완,이정수,장가현,손유경,이준우"
20200623,KBS W,104707,115020,부부클리닉사랑과전쟁,,418회,전국,010313,드라마&영화,드라마,단막극,0,0,0.00539,0,0,0,0.00394,0,0,0,0,0.12297,0.01536,0.04607,"이재만,민지영,최영완,이정수,장가현,손유경,이준우"
20200623,KBS W,120424,130732,넝쿨째굴러온당신,,23회,전국,010308,드라마&영화,드라마,주말연속극,0,0,0,0,0.01999,0,0.08528,0.02211,0,0,0.01165,0.09612,0.01775,0.20512,"차윤희역:김남주,방귀남역:유준상,엄청애역:윤여정,방장수역:장용,전막례역:강부자,한만희역:김영란,차세중역:김용희,민지영역:진경,차세광역:강민혁,엄보애역:유지인,엄순애역:양희경,방일숙역:양정아,방이숙역:조윤희,방말숙역:오연서,장양실역:나영희,방정배역:김상호,고옥역:심이영,방장군역:곽동연,천재용역:이희준,윤빈역:김원준,남남구역:김형범,고시생역:김승우,예능국PD역:김준현,라디오DJ역:양희은,홍은희역:홍은희,송수지역:박수진,매니저역:이수근,목사역:지진희,차태봉역:차태현,성시갱역:성시경,노래강사역:이종박,한규현역:강동호,태영역:김형진,지피디역:곽민석,강혜수역:최윤소,동대문옷가게상인역:탁재훈,소개팅남역:이정신,유신혜역:유인영,지환역:이도현,김장훈역:김장훈,뚱보아버지역:유민상,뚱보아들역:김수영,인기여배우역:이혜영,인기남배우역:송준근,심사위원역:김종민,막장모녀엄마역:정경미,막장모녀딸역:박소영,신세경역:신세경,재용첫째누나역:김서형,재용둘째누나역:조민아,재용막내누나역:이제인,호들갑남역:공형진,라디오DJ역:박소현,귀남의양아버지역:길용우,귀남의양어머니역:김창숙,천재용아버지역:이재용,배PD역:이지영,방귀남어린시절역:홍현택"
20200623,KBS W,131949,142302,넝쿨째굴러온당신,,24회,전국,010313,드라마&영화,드라마,주말연속극,0,0,0.01627,0,0.07363,0.00588,0.18486,0.53906,0,0,0.01672,0.15233,0.00322,0.24285,"차윤희역:김남주,방귀남역:유준상,엄청애역:윤여정,방장수역:장용,전막례역:강부자,한만희역:김영란,차세중역:김용희,민지영역:진경,차세광역:강민혁,엄보애역:유지인,엄순애역:양희경,방일숙역:양정아,방이숙역:조윤희,방말숙역:오연서,장양실역:나영희,방정배역:김상호,고옥역:심이영,방장군역:곽동연,천재용역:이희준,윤빈역:김원준,남남구역:김형범,고시생역:김승우,예능국PD역:김준현,라디오DJ역:양희은,홍은희역:홍은희,송수지역:박수진,매니저역:이수근,목사역:지진희,차태봉역:차태현,성시갱역:성시경,노래강사역:이종박,한규현역:강동호,태영역:김형진,지피디역:곽민석,강혜수역:최윤소,동대문옷가게상인역:탁재훈,소개팅남역:이정신,유신혜역:유인영,지환역:이도현,김장훈역:김장훈,뚱보아버지역:유민상,뚱보아들역:김수영,인기여배우역:이혜영,인기남배우역:송준근,심사위원역:김종민,막장모녀엄마역:정경미,막장모녀딸역:박소영,신세경역:신세경,재용첫째누나역:김서형,재용둘째누나역:조민아,재용막내누나역:이제인,호들갑남역:공형진,라디오DJ역:박소현,귀남의양아버지역:길용우,귀남의양어머니역:김창숙,천재용아버지역:이재용,배PD역:이지영,방귀남어린시절역:홍현택"
20200623,KBS W,143709,150509,기막힌유산,,43회,전국,002800,드라마&영화,드라마,일일연속극,0,0,0,0.00709,0,0,0.1047,0,0,0.07053,0.02468,0.39936,0.01236,0.13563,"부영배역:박인환,공계옥역:강세정,부설악역:신정윤,부백두역:강신조,윤민주역:이아현,부금강역:남성진,신애리역:김가연,정미희역:박순천,김용미역:이응경,부한라역:박신우,성판금역:조양자,부가온역:김비주,부태희역:김연지,부혜교역:김효경,부지현역:강유라,공소영역:김난주,이장원역:이일준,김수민역:조서후,김종두역:이춘식,차정건역:조순창,이청아역:정서하,손보미역:박민지,김영지역:주민하,강선희역:박현정,천호식역:백신,이정태역:노상보,고향숙역:박소정"
20200623,KBS W,150516,153308,기막힌유산,,44회,전국,002752,드라마&영화,드라마,일일연속극,0,0,0,0.02915,0,0.12947,0.05972,0,0,0.07775,0.0384,0.52074,0,0.10889,"부영배역:박인환,공계옥역:강세정,부설악역:신정윤,부백두역:강신조,윤민주역:이아현,부금강역:남성진,신애리역:김가연,정미희역:박순천,김용미역:이응경,부한라역:박신우,성판금역:조양자,부가온역:김비주,부태희역:김연지,부혜교역:김효경,부지현역:강유라,공소영역:김난주,이장원역:이일준,김수민역:조서후,김종두역:이춘식,차정건역:조순창,이청아역:정서하,손보미역:박민지,김영지역:주민하,강선희역:박현정,천호식역:백신,이정태역:노상보,고향숙역:박소정"
20200623,KBS W,154518,161319,기막힌유산,,45회,전국,002801,드라마&영화,드라마,일일연속극,0,0,0,0,0,0.12939,0.10139,0,0,0,0.04826,0.23677,0.0322,0.16937,"부영배역:박인환,공계옥역:강세정,부설악역:신정윤,부백두역:강신조,윤민주역:이아현,부금강역:남성진,신애리역:김가연,정미희역:박순천,김용미역:이응경,부한라역:박신우,성판금역:조양자,부가온역:김비주,부태희역:김연지,부혜교역:김효경,부지현역:강유라,공소영역:김난주,이장원역:이일준,김수민역:조서후,김종두역:이춘식,차정건역:조순창,이청아역:정서하,손보미역:박민지,김영지역:주민하,강선희역:박현정,천호식역:백신,이정태역:노상보,고향숙역:박소정"
20200623,KBS W,161326,164119,기막힌유산,,46회,전국,002753,드라마&영화,드라마,일일연속극,0,0,0,0.05669,0,0.0971,0.21451,0,0,0,0.05847,0.29007,0.03457,0.31928,"부영배역:박인환,공계옥역:강세정,부설악역:신정윤,부백두역:강신조,윤민주역:이아현,부금강역:남성진,신애리역:김가연,정미희역:박순천,김용미역:이응경,부한라역:박신우,성판금역:조양자,부가온역:김비주,부태희역:김연지,부혜교역:김효경,부지현역:강유라,공소영역:김난주,이장원역:이일준,김수민역:조서후,김종두역:이춘식,차정건역:조순창,이청아역:정서하,손보미역:박민지,김영지역:주민하,강선희역:박현정,천호식역:백신,이정태역:노상보,고향숙역:박소정"
20200623,KBS W,165512,172917,위험한약속,,54회,전국,003405,드라마&영화,드라마,일일연속극,0,0.03984,0,0,0,0,0.30221,0,0,0,0,0.07347,0,0.23638,"차은동역:박하나,강태인역:고세원,최준혁역:강성민,오혜원역:박영린,한지훈역:이창욱,차만종역:이대연,차은찬역:유준서,공영심역:유지연,봉석구역:현우섭,강일섭역:강신일,연두심역:이칸희,한광훈역:길용우,한서주역:김혜지,최명희역:김나운,고재숙역:윤복인,최영국역:송민형,민주란역:오영실,최준경역:이효나,이창욱역:김정운"
20200623,KBS W,172924,180323,위험한약속,,55회,전국,003359,드라마&영화,드라마,일일연속극,0,0.45762,0,0,0,0.00379,0.45137,0,0.00745,0.00896,0.00395,0.08294,0.00441,0.44693,"차은동역:박하나,강태인역:고세원,최준혁역:강성민,오혜원역:박영린,한지훈역:이창욱,차만종역:이대연,차은찬역:유준서,공영심역:유지연,봉석구역:현우섭,강일섭역:강신일,연두심역:이칸희,한광훈역:길용우,한서주역:김혜지,최명희역:김나운,고재숙역:윤복인,최영국역:송민형,민주란역:오영실,최준경역:이효나,이창욱역:김정운"
20200623,KBS W,181529,184932,위험한약속,,56회,전국,003403,드라마&영화,드라마,일일연속극,0,0.45148,0.21749,0.21818,0,0,0.50988,0,0,0,0.02913,0.07072,0.04366,0.48273,"차은동역:박하나,강태인역:고세원,최준혁역:강성민,오혜원역:박영린,한지훈역:이창욱,차만종역:이대연,차은찬역:유준서,공영심역:유지연,봉석구역:현우섭,강일섭역:강신일,연두심역:이칸희,한광훈역:길용우,한서주역:김혜지,최명희역:김나운,고재숙역:윤복인,최영국역:송민형,민주란역:오영실,최준경역:이효나,이창욱역:김정운"
20200623,KBS W,184939,192339,위험한약속,,57회,전국,003400,드라마&영화,드라마,일일연속극,0,0.4619,0.56201,0.54546,0,0.02937,0.58407,0,0,0.02139,0.02076,0.08906,0.12199,0.44251,"차은동역:박하나,강태인역:고세원,최준혁역:강성민,오혜원역:박영린,한지훈역:이창욱,차만종역:이대연,차은찬역:유준서,공영심역:유지연,봉석구역:현우섭,강일섭역:강신일,연두심역:이칸희,한광훈역:길용우,한서주역:김혜지,최명희역:김나운,고재숙역:윤복인,최영국역:송민형,민주란역:오영실,최준경역:이효나,이창욱역:김정운"
20200623,KBS W,193824,201433,한번다녀왔습니다,,49회,전국,003609,드라마&영화,드라마,주말연속극,0,0,0.14949,0.04423,0,0.07863,0.05432,0,0,0.08492,0,0.00483,0.07033,0.02683,"송영달역:천호진,장옥분역:차화연,최윤정역:김보연,강초연역:이정은,송나희역:이민정,윤규진역:이상엽,송준선역:오대환,송가희역:오윤아,송다희역:이초희,양치수역:안길강,장옥자역:백지원,성현경역:임정은,윤재석역:이상이,박효신역:기도훈,김지훈역:문우진,이주리역:김소라,김가연역:송다은,건어물역:신미영,꽈배기역:김가영,송서영역:이가연,송서진역:안서연,이정록역:알렉스,유보영역:손성윤,유시후역:송민재,박지연역:신수정,한기영역:강유석,홍성우역:김현목,신혜정역:김미은,심정희역:이상경,오연지역:한봄,오정봉역:오의식,이종수역:장원혁,김승현역:배호근,송이역:김주영,지원역:찬희,이현역:이필모"
20200623,KBS W,201440,204554,한번다녀왔습니다,,50회,전국,003114,드라마&영화,드라마,주말연속극,0.10111,0,0,0,0,0.0025,0,0,0,0.03002,0,0,0.00622,0.01654,"송영달역:천호진,장옥분역:차화연,최윤정역:김보연,강초연역:이정은,송나희역:이민정,윤규진역:이상엽,송준선역:오대환,송가희역:오윤아,송다희역:이초희,양치수역:안길강,장옥자역:백지원,성현경역:임정은,윤재석역:이상이,박효신역:기도훈,김지훈역:문우진,이주리역:김소라,김가연역:송다은,건어물역:신미영,꽈배기역:김가영,송서영역:이가연,송서진역:안서연,이정록역:알렉스,유보영역:손성윤,유시후역:송민재,박지연역:신수정,한기영역:강유석,홍성우역:김현목,신혜정역:김미은,심정희역:이상경,오연지역:한봄,오정봉역:오의식,이종수역:장원혁,김승현역:배호근,송이역:김주영,지원역:찬희,이현역:이필모"
20200623,KBS W,205719,213430,한번다녀왔습니다,,51회,전국,003711,드라마&영화,드라마,주말연속극,0,0,0,0,0.00445,0,0.0072,0,0,0,0,0.00263,0.17751,0.08829,"송영달역:천호진,장옥분역:차화연,최윤정역:김보연,강초연역:이정은,송나희역:이민정,윤규진역:이상엽,송준선역:오대환,송가희역:오윤아,송다희역:이초희,양치수역:안길강,장옥자역:백지원,성현경역:임정은,윤재석역:이상이,박효신역:기도훈,김지훈역:문우진,이주리역:김소라,김가연역:송다은,건어물역:신미영,꽈배기역:김가영,송서영역:이가연,송서진역:안서연,이정록역:알렉스,유보영역:손성윤,유시후역:송민재,박지연역:신수정,한기영역:강유석,홍성우역:김현목,신혜정역:김미은,심정희역:이상경,오연지역:한봄,오정봉역:오의식,이종수역:장원혁,김승현역:배호근,송이역:김주영,지원역:찬희,이현역:이필모"
20200623,KBS W,213437,220526,한번다녀왔습니다,,52회,전국,003049,드라마&영화,드라마,주말연속극,0,0,0.01158,0,0,0.01671,0.00444,0,0.00787,0.21061,0.00587,0.00923,0.01767,0.08685,"송영달역:천호진,장옥분역:차화연,최윤정역:김보연,강초연역:이정은,송나희역:이민정,윤규진역:이상엽,송준선역:오대환,송가희역:오윤아,송다희역:이초희,양치수역:안길강,장옥자역:백지원,성현경역:임정은,윤재석역:이상이,박효신역:기도훈,김지훈역:문우진,이주리역:김소라,김가연역:송다은,건어물역:신미영,꽈배기역:김가영,송서영역:이가연,송서진역:안서연,이정록역:알렉스,유보영역:손성윤,유시후역:송민재,박지연역:신수정,한기영역:강유석,홍성우역:김현목,신혜정역:김미은,심정희역:이상경,오연지역:한봄,오정봉역:오의식,이종수역:장원혁,김승현역:배호근,송이역:김주영,지원역:찬희,이현역:이필모"
20200623,KBS W,221928,232307,부부클리닉사랑과전쟁,,400회,전국,010339,드라마&영화,드라마,단막극,0,0,0,0.00225,0.05365,0.00416,0.04811,0,0,0.0727,0,0.02598,0.09449,0.11723,"이재만,민지영,최영완,이정수,장가현,손유경,이준우"
20200623,KBS W,233406,243043,부부클리닉사랑과전쟁,,401회,전국,005637,드라마&영화,드라마,단막극,0,0,0,0.04631,0.05635,0.0636,0.03945,0,0,0,0.02441,0.04801,0.09283,0.05413,"이재만,민지영,최영완,이정수,장가현,손유경,이준우"
20200623,KBS W,244510,251312,기막힌유산,,46회,전국,002802,드라마&영화,드라마,일일연속극,0,0,0,0,0,0.09306,0.0024,0,0,0.11075,0.07549,0.00465,0.08759,0.02028,"부영배역:박인환,공계옥역:강세정,부설악역:신정윤,부백두역:강신조,윤민주역:이아현,부금강역:남성진,신애리역:김가연,정미희역:박순천,김용미역:이응경,부한라역:박신우,성판금역:조양자,부가온역:김비주,부태희역:김연지,부혜교역:김효경,부지현역:강유라,공소영역:김난주,이장원역:이일준,김수민역:조서후,김종두역:이춘식,차정건역:조순창,이청아역:정서하,손보미역:박민지,김영지역:주민하,강선희역:박현정,천호식역:백신,이정태역:노상보,고향숙역:박소정"
20200623,KBS W,251319,254049,기막힌유산,,47회,전국,002730,드라마&영화,드라마,일일연속극,0,0,0,0.18117,0,0.16884,0.15136,0,0,0.35822,0,0.06609,0.11148,0.21626,"부영배역:박인환,공계옥역:강세정,부설악역:신정윤,부백두역:강신조,윤민주역:이아현,부금강역:남성진,신애리역:김가연,정미희역:박순천,김용미역:이응경,부한라역:박신우,성판금역:조양자,부가온역:김비주,부태희역:김연지,부혜교역:김효경,부지현역:강유라,공소영역:김난주,이장원역:이일준,김수민역:조서후,김종두역:이춘식,차정건역:조순창,이청아역:정서하,손보미역:박민지,김영지역:주민하,강선희역:박현정,천호식역:백신,이정태역:노상보,고향숙역:박소정"
20200623,KBS W,255344,255959,위험한약속,,56회,전국,000615,드라마&영화,드라마,일일연속극,0,0,0.37857,0.08884,0,0,0.26634,0.23495,0,0,0.08831,0,0.12874,0.37246,"차은동역:박하나,강태인역:고세원,최준혁역:강성민,오혜원역:박영린,한지훈역:이창욱,차만종역:이대연,차은찬역:유준서,공영심역:유지연,봉석구역:현우섭,강일섭역:강신일,연두심역:이칸희,한광훈역:길용우,한서주역:김혜지,최명희역:김나운,고재숙역:윤복인,최영국역:송민형,민주란역:오영실,최준경역:이효나,이창욱역:김정운"
20200623,K-STAR,020000,024916,부부의세계,,13회,전국,004916,드라마&영화,드라마,미니시리즈,0,0,0,0.02639,0.02797,0,0,0,0,0,0,0.03364,0,0.03008,"지선우역:김희애,이태오역:박해준,여다경역:한소희,고예림역:박선영,손제혁역:김영민,설명숙역:채국희,여병규역:이경영,엄효정역:김선경,이준영역:전진서,민현서역:심은우,박인규역:이학주,마강석역:박충선,공지철역:정재성,김윤기역:이무생,하동식역:김종태,윤노을역:신수연,차해강역:정준원,최회장아내역:서이숙,공지철아내역:박미현,차도철아내역:윤인조"
20200623,K-STAR,103424,113930,부부클리닉사랑과전쟁,,426회,전국,010506,드라마&영화,드라마,주간연속극,0,0,0.14375,0.02031,0,0.07221,0.08334,0,0,0.12689,0.04043,0.00307,0.13298,0.31848,"이재만,민지영,최영완,이정수,장가현,손유경,이준우"
20200623,K-STAR,115238,125611,부부클리닉사랑과전쟁,,427회,전국,010333,드라마&영화,드라마,주간연속극,0,0,0.14375,0,0,0,0.0718,0,0.0058,0,0.13494,0.00477,0.03201,0.18661,"이재만,민지영,최영완,이정수,장가현,손유경,이준우"
20200623,K-STAR,130817,142342,부부의세계,,13회,전국,011525,드라마&영화,드라마,미니시리즈,0,0,0.14375,0,0,0.00523,0.05048,0,0,0,0,0,0.00127,0.222,"지선우역:김희애,이태오역:박해준,여다경역:한소희,고예림역:박선영,손제혁역:김영민,설명숙역:채국희,여병규역:이경영,엄효정역:김선경,이준영역:전진서,민현서역:심은우,박인규역:이학주,마강석역:박충선,공지철역:정재성,김윤기역:이무생,하동식역:김종태,윤노을역:신수연,차해강역:정준원,최회장아내역:서이숙,공지철아내역:박미현,차도철아내역:윤인조"
20200623,K-STAR,143921,160151,부부의세계,,14회,전국,012230,드라마&영화,드라마,미니시리즈,0,0,0.09696,0,0.02007,0.00716,0.06321,0,0,0,0,0.01232,0.00448,0.29109,"지선우역:김희애,이태오역:박해준,여다경역:한소희,고예림역:박선영,손제혁역:김영민,설명숙역:채국희,여병규역:이경영,엄효정역:김선경,이준영역:전진서,민현서역:심은우,박인규역:이학주,마강석역:박충선,공지철역:정재성,김윤기역:이무생,하동식역:김종태,윤노을역:신수연,차해강역:정준원,최회장아내역:서이숙,공지철아내역:박미현,차도철아내역:윤인조"
20200623,K-STAR,213354,223728,부부클리닉사랑과전쟁,,427회,전국,010334,드라마&영화,드라마,주간연속극,0,0,0,0.19284,0.01481,0.28741,0.11324,0,0,0.005,0.03816,0.00602,0.1869,0.64147,"이재만,민지영,최영완,이정수,장가현,손유경,이준우"
20200623,KTV,020000,024439,전원일기,,403회,전국,004439,드라마&영화,드라마,주말연속극,0,0,0.18921,0,0,0.01605,0.01675,0,0,0.05363,0,0,0.05988,0.09643,"최불암,김혜자,김용건,김수미,고두심,유인촌,정대홍"
20200623,KTV,061106,065811,전원일기,,780회,전국,004705,드라마&영화,드라마,주말연속극,0,0,0,0,0,0,0.09215,0,0,0,0.00289,0,0,0.09054,"최불암,김혜자,김용건,김수미,고두심,유인촌,정대홍"
20200623,KTV,210128,212730,파랑새는있다,<1부>,36회,전국,002602,드라마&영화,드라마,주간연속극,0,0,0,0,0,0,0.08021,0,0,0,0,0,0,0.07185,"이상인,정선경,백윤식,송경철,박남현,한진희,동방우,양금석"
20200623,KTV,213008,215326,파랑새는있다,<2부>,36회,전국,002318,드라마&영화,드라마,주간연속극,0,0,0.05289,0,0,0.04939,0.25888,0,0,0.20111,0,0.08295,0.01025,0.24265,"이상인,정선경,백윤식,송경철,박남현,한진희,동방우,양금석"
20200623,KTV,215505,221343,전원일기,<1부>,404회,전국,001838,드라마&영화,드라마,주말연속극,0,0,0.20274,0,0,0.18259,0.2898,0,0,0.20111,0.08435,0.34784,0.10335,0.29889,"최불암,김혜자,김용건,김수미,고두심,유인촌,정대홍"
20200623,KTV,221909,223934,전원일기,<2부>,404회,전국,002025,드라마&영화,드라마,주말연속극,0,0,0.20274,0,0,0.22793,0.28412,0,0,0,0.11448,0.45137,0.31973,0.23022,"최불암,김혜자,김용건,김수미,고두심,유인촌,정대홍"
20200623,KTV,224143,230739,바람은불어도,,141회,전국,002556,드라마&영화,드라마,주간연속극,0,0,0,0,0,0.01959,0.09282,0,0,0,0,0.28071,0,0.17727,"최수종,유호정,윤손하,송나영,송기윤,나문희"
20200623,KTV,231154,233857,바람은불어도,,142회,전국,002703,드라마&영화,드라마,주간연속극,0,0,0,0,0,0.04387,0.06662,0,0,0.0522,0,0.27586,0.04129,0.17407,"최수종,유호정,윤손하,송나영,송기윤,나문희"
20200623,KTV,243115,252034,파랑새는있다,,36회,전국,004919,드라마&영화,드라마,주간연속극,0,0,0,0.01408,0,0,0.02763,0,0,0,0.04167,0.23439,0,0.09435,"이상인,정선경,백윤식,송경철,박남현,한진희,동방우,양금석"
20200623,KTV,255253,255959,전원일기,,404회,전국,000706,드라마&영화,드라마,주말연속극,0,0,0.06591,0,0,0.05158,0,0,0,0,0,0,0.06135,0.08864,"최불암,김혜자,김용건,김수미,고두심,유인촌,정대홍"
20200623,MBC every1,035832,042629,그남자의기억법,,23회,전국,002757,드라마&영화,드라마,미니시리즈,0,0,0,0,0.4852,0.01942,0.07797,0,0,0.11627,0.00761,0.00475,0.00375,0.12501,"이정훈역:김동욱,여하진역:문가영,유태은역:윤종훈,여하경역:김슬기,정서연역:이주빈,유성혁역:김창완,서미현역:길해연,최희상역:장영남,김철웅역:이승준,이동영역:차광수,박경애역:이수미,문성호역:주석태,진소영역:유담연,지현근역:지일주,박수창역:장인섭,조일권역:이진혁,문철역:신주협,유지원역:장이정,김수현역:박지원,고유라역:유라,주여민역:로운,서광진역:김선호,황작가역:신동미,양파역:양파"
20200623,MBC every1,042638,045943,그남자의기억법,,24회,전국,003305,드라마&영화,드라마,미니시리즈,0,0,0,0,0.23542,0,0.0699,0,0,0.00414,0,0.0034,0,0.09574,"이정훈역:김동욱,여하진역:문가영,유태은역:윤종훈,여하경역:김슬기,정서연역:이주빈,유성혁역:김창완,서미현역:길해연,최희상역:장영남,김철웅역:이승준,이동영역:차광수,박경애역:이수미,문성호역:주석태,진소영역:유담연,지현근역:지일주,박수창역:장인섭,조일권역:이진혁,문철역:신주협,유지원역:장이정,김수현역:박지원,고유라역:유라,주여민역:로운,서광진역:김선호,황작가역:신동미,양파역:양파"
20200623,MBC M,100401,110547,쇼핑왕루이,,11회,전국,010146,드라마&영화,드라마,미니시리즈,0,0,0.00228,0,0,0.00652,0,0,0,0,0,0.00434,0.00443,0.00272,"루이역:서인국,고복실역:남지현,차중원역:윤상현,백마리역:임세미,조인성역:오대환,남준혁역:강지섭,최일순역:김영옥,김호준역:엄효섭,허정란역:김선영,백선구역:김규철,홍재숙역:윤유선,신영애역:김보연,황금자역:황영희,박혜주역:미람,고복남역:류의현,차수일역:남명렬,이경국역:김병철,변도진역:이재균,권미영역:차청화"
20200623,MBC M,111411,121339,쇼핑왕루이,,12회,전국,005928,드라마&영화,드라마,미니시리즈,0.01501,0,0,0.07484,0.0019,0,0.00224,0,0,0,0.00538,0.00229,0,0.0553,"루이역:서인국,고복실역:남지현,차중원역:윤상현,백마리역:임세미,조인성역:오대환,남준혁역:강지섭,최일순역:김영옥,김호준역:엄효섭,허정란역:김선영,백선구역:김규철,홍재숙역:윤유선,신영애역:김보연,황금자역:황영희,박혜주역:미람,고복남역:류의현,차수일역:남명렬,이경국역:김병철,변도진역:이재균,권미영역:차청화"
20200623,O tvN,020000,022613,아홉수소년,,5회,전국,002613,드라마&영화,드라마,주간연속극,0,0,0,0,0.26301,0,0,0,0,0,0.2694,0,0.09232,0.13959,"강동구역:최로운,강민구역:육성재,강진구역:김영광,구광수역:오정세,장백지역:이채미,구복자역:김미경,한수아역:박초롱,마세영역:경수진,주다인역:유다인,도민준역:박하준,남창희역:오희준,왕기찬,박재범역:김현준,이고은역:박민하,한구역:이진호,조부장역:김원해,김차장역:황태광,영훈역:김강현,은서,출장보살역:박혁권,정연역:김민영,후배역:김종민,강민경역:이국주,유혹녀역:수빈,선아역:이세영,전현무역:전현무,맞선녀역:박은지,심사위원역:존박,라디오DJ역:윤상"
20200623,O tvN,023929,034026,아홉수소년,,6회,전국,010057,드라마&영화,드라마,주간연속극,0,0,0,0.05662,0.00526,0,0.01535,0,0.00452,0,0.0108,0,0.0017,0.00437,"강동구역:최로운,강민구역:육성재,강진구역:김영광,구광수역:오정세,장백지역:이채미,구복자역:김미경,한수아역:박초롱,마세영역:경수진,주다인역:유다인,도민준역:박하준,남창희역:오희준,왕기찬,박재범역:김현준,이고은역:박민하,한구역:이진호,조부장역:김원해,김차장역:황태광,영훈역:김강현,은서,출장보살역:박혁권,정연역:김민영,후배역:김종민,강민경역:이국주,유혹녀역:수빈,선아역:이세영,전현무역:전현무,맞선녀역:박은지,심사위원역:존박,라디오DJ역:윤상"
20200623,O tvN,035437,045540,아홉수소년,,7회,전국,010103,드라마&영화,드라마,주간연속극,0,0,0,0,0.01158,0.00066,0.01127,0,0,0.05224,0,0,0.02438,0.01012,"강동구역:최로운,강민구역:육성재,강진구역:김영광,구광수역:오정세,장백지역:이채미,구복자역:김미경,한수아역:박초롱,마세영역:경수진,주다인역:유다인,도민준역:박하준,남창희역:오희준,왕기찬,박재범역:김현준,이고은역:박민하,한구역:이진호,조부장역:김원해,김차장역:황태광,영훈역:김강현,은서,출장보살역:박혁권,정연역:김민영,후배역:김종민,강민경역:이국주,유혹녀역:수빈,선아역:이세영,전현무역:전현무,맞선녀역:박은지,심사위원역:존박,라디오DJ역:윤상"
20200623,O tvN,093017,105640,아스달연대기,,8회,전국,012623,드라마&영화,드라마,주간연속극,0,0,0,0,0,0.00228,0.15117,0,0,0,0,0.05377,0.00261,0.24735,"타곤역:장동건,은섬역:송중기,사야역:송중기,탄야역:김지원,태알하역:김옥빈,산웅역:김의성,해미홀역:조성하,아사론역:이도경,무백역:박해준,단벽역:박병은,달새역:신주환,라가즈역:유태오,아사혼역:추자현,아사사칸역:손숙,무광역:황희,아사욘역:장률,채은역:고보결,길선역:박형수,연발역:최영준,기토하역:이호철,양차역:기도훈,박량풍역:송유택,대대역:이황의,소당역:황민호,아사못역:서은아,해투악역:윤사봉,해여비역:박성연,해흘립역:배기범,하림역:조승연,스천역:윤여진,모명진역:류시현,열손역:정석용,초설역:김호정,뭉태역:박진,터대역:양경원,북쇠역:김충길,도티역:고나희,검불역:송재룡,우루미역:김비비,이쓰루브역:송종호,눈별역:안혜원,로띱역:닉쿤,잎생역:김성철,바도루역:태원석,사트닉역:조병규,골두역:류성현,쇼르자긴역:김도현,카리카역:카라타에리카,타피엔역:심은우,타추간역:하준,미루솔역:배다빈,태압독역:고창석,수하나역:김정영,태다치역:고상호,태니마역:정동훈"
20200623,O tvN,111312,123633,아스달연대기,,9회,전국,012321,드라마&영화,드라마,주간연속극,0,0,0,0,0,0.0008,0.19979,0,0,0,0.00855,0.12049,0.07036,0.41576,"타곤역:장동건,은섬역:송중기,사야역:송중기,탄야역:김지원,태알하역:김옥빈,산웅역:김의성,해미홀역:조성하,아사론역:이도경,무백역:박해준,단벽역:박병은,달새역:신주환,라가즈역:유태오,아사혼역:추자현,아사사칸역:손숙,무광역:황희,아사욘역:장률,채은역:고보결,길선역:박형수,연발역:최영준,기토하역:이호철,양차역:기도훈,박량풍역:송유택,대대역:이황의,소당역:황민호,아사못역:서은아,해투악역:윤사봉,해여비역:박성연,해흘립역:배기범,하림역:조승연,스천역:윤여진,모명진역:류시현,열손역:정석용,초설역:김호정,뭉태역:박진,터대역:양경원,북쇠역:김충길,도티역:고나희,검불역:송재룡,우루미역:김비비,이쓰루브역:송종호,눈별역:안혜원,로띱역:닉쿤,잎생역:김성철,바도루역:태원석,사트닉역:조병규,골두역:류성현,쇼르자긴역:김도현,카리카역:카라타에리카,타피엔역:심은우,타추간역:하준,미루솔역:배다빈,태압독역:고창석,수하나역:김정영,태다치역:고상호,태니마역:정동훈"
20200623,O tvN,125119,140816,아스달연대기,,10회,전국,011657,드라마&영화,드라마,주간연속극,0,0,0,0.01497,0,0.09074,0.16295,0,0,0.03232,0,0.1998,0.00842,0.40222,"타곤역:장동건,은섬역:송중기,사야역:송중기,탄야역:김지원,태알하역:김옥빈,산웅역:김의성,해미홀역:조성하,아사론역:이도경,무백역:박해준,단벽역:박병은,달새역:신주환,라가즈역:유태오,아사혼역:추자현,아사사칸역:손숙,무광역:황희,아사욘역:장률,채은역:고보결,길선역:박형수,연발역:최영준,기토하역:이호철,양차역:기도훈,박량풍역:송유택,대대역:이황의,소당역:황민호,아사못역:서은아,해투악역:윤사봉,해여비역:박성연,해흘립역:배기범,하림역:조승연,스천역:윤여진,모명진역:류시현,열손역:정석용,초설역:김호정,뭉태역:박진,터대역:양경원,북쇠역:김충길,도티역:고나희,검불역:송재룡,우루미역:김비비,이쓰루브역:송종호,눈별역:안혜원,로띱역:닉쿤,잎생역:김성철,바도루역:태원석,사트닉역:조병규,골두역:류성현,쇼르자긴역:김도현,카리카역:카라타에리카,타피엔역:심은우,타추간역:하준,미루솔역:배다빈,태압독역:고창석,수하나역:김정영,태다치역:고상호,태니마역:정동훈"
20200623,O tvN,142345,154527,아스달연대기,,11회,전국,012142,드라마&영화,드라마,주간연속극,0.00992,0,0.00697,0,0.00318,0.093,0.21129,0.00846,0,0.00696,0.10652,0.23016,0.01302,0.25765,"타곤역:장동건,은섬역:송중기,사야역:송중기,탄야역:김지원,태알하역:김옥빈,산웅역:김의성,해미홀역:조성하,아사론역:이도경,무백역:박해준,단벽역:박병은,달새역:신주환,라가즈역:유태오,아사혼역:추자현,아사사칸역:손숙,무광역:황희,아사욘역:장률,채은역:고보결,길선역:박형수,연발역:최영준,기토하역:이호철,양차역:기도훈,박량풍역:송유택,대대역:이황의,소당역:황민호,아사못역:서은아,해투악역:윤사봉,해여비역:박성연,해흘립역:배기범,하림역:조승연,스천역:윤여진,모명진역:류시현,열손역:정석용,초설역:김호정,뭉태역:박진,터대역:양경원,북쇠역:김충길,도티역:고나희,검불역:송재룡,우루미역:김비비,이쓰루브역:송종호,눈별역:안혜원,로띱역:닉쿤,잎생역:김성철,바도루역:태원석,사트닉역:조병규,골두역:류성현,쇼르자긴역:김도현,카리카역:카라타에리카,타피엔역:심은우,타추간역:하준,미루솔역:배다빈,태압독역:고창석,수하나역:김정영,태다치역:고상호,태니마역:정동훈"
20200623,O tvN,160026,172600,아스달연대기,,12회,전국,012534,드라마&영화,드라마,주간연속극,0,0,0.59329,0.00873,0.15606,0.05732,0.23112,0,0,0,0.15013,0.25293,0.12158,0.32945,"타곤역:장동건,은섬역:송중기,사야역:송중기,탄야역:김지원,태알하역:김옥빈,산웅역:김의성,해미홀역:조성하,아사론역:이도경,무백역:박해준,단벽역:박병은,달새역:신주환,라가즈역:유태오,아사혼역:추자현,아사사칸역:손숙,무광역:황희,아사욘역:장률,채은역:고보결,길선역:박형수,연발역:최영준,기토하역:이호철,양차역:기도훈,박량풍역:송유택,대대역:이황의,소당역:황민호,아사못역:서은아,해투악역:윤사봉,해여비역:박성연,해흘립역:배기범,하림역:조승연,스천역:윤여진,모명진역:류시현,열손역:정석용,초설역:김호정,뭉태역:박진,터대역:양경원,북쇠역:김충길,도티역:고나희,검불역:송재룡,우루미역:김비비,이쓰루브역:송종호,눈별역:안혜원,로띱역:닉쿤,잎생역:김성철,바도루역:태원석,사트닉역:조병규,골두역:류성현,쇼르자긴역:김도현,카리카역:카라타에리카,타피엔역:심은우,타추간역:하준,미루솔역:배다빈,태압독역:고창석,수하나역:김정영,태다치역:고상호,태니마역:정동훈"
20200623,O tvN,174344,191253,아스달연대기,,13회,전국,012909,드라마&영화,드라마,주간연속극,0,0,0,0.00563,0.13035,0.06707,0.15063,0,0,0.0116,0.00462,0.54797,0.06321,0.30998,"타곤역:장동건,은섬역:송중기,사야역:송중기,탄야역:김지원,태알하역:김옥빈,산웅역:김의성,해미홀역:조성하,아사론역:이도경,무백역:박해준,단벽역:박병은,달새역:신주환,라가즈역:유태오,아사혼역:추자현,아사사칸역:손숙,무광역:황희,아사욘역:장률,채은역:고보결,길선역:박형수,연발역:최영준,기토하역:이호철,양차역:기도훈,박량풍역:송유택,대대역:이황의,소당역:황민호,아사못역:서은아,해투악역:윤사봉,해여비역:박성연,해흘립역:배기범,하림역:조승연,스천역:윤여진,모명진역:류시현,열손역:정석용,초설역:김호정,뭉태역:박진,터대역:양경원,북쇠역:김충길,도티역:고나희,검불역:송재룡,우루미역:김비비,이쓰루브역:송종호,눈별역:안혜원,로띱역:닉쿤,잎생역:김성철,바도루역:태원석,사트닉역:조병규,골두역:류성현,쇼르자긴역:김도현,카리카역:카라타에리카,타피엔역:심은우,타추간역:하준,미루솔역:배다빈,태압독역:고창석,수하나역:김정영,태다치역:고상호,태니마역:정동훈"
20200623,O tvN,192947,204530,사이코지만괜찮아,,1회,전국,011543,드라마&영화,드라마,미니시리즈,0,0,0.0328,0.10747,0.00363,0.00666,0.25803,0,0.0025,0.12887,0.09803,0.05612,0.09016,0.17766,"문강태역:김수현,고문영역:서예지,문상태역:오정세,남주리역:박규영,이상인역:김주헌,조재수역:강기둥,오지왕역:김창완,강순덕역:김미경,박행자역:장영남,선별역:장규리,권민석역:서준,오차용역:최우성,고대환역:이얼,간필옹역:김기천,주정태역:정재광,이아름역:지혜원,박옥란역:강지은,유선해역:주인영,강은자역:배해선,유승재역:박진주,문강태어린시절역:문우진,고문영어린시절역:김수인,권기도역:곽동연,훈남CEO역:최다니엘"
20200623,O tvN,210033,222532,슬기로운의사생활,,1회,전국,012459,드라마&영화,드라마,미니시리즈,0.39122,0.43653,0.57865,0.11199,0.65778,0.48379,0.07116,0.56345,0.74196,0.13354,0.20099,0.49764,0.69853,0.06776,"이익준역:조정석,안정원역:유연석,김준완역:정경호,양석형역:김대명,채송화역:전미도,정로사역:김해숙,주종수역:김갑수,도재학역:정문성,용석민역:문태유,장겨울역:신현빈,안치홍역:김준한,봉광현역:최영준,추민하역:안은진,허선빈역:하윤경,명은원역:김혜인,장윤복역:조이현,장홍도역:배현성,송수빈역:김수진,소이현역:윤혜리,배준희역:신도현,주전역:조승연,황재신역:양조아,이우주역:김준,민기준역:서진원,종세혁역:전광진,이영하역:이노아,김재환역:이달,국해성역:이혜은,함덕주역:김비비,한현희역:이지원,한승주역:김지성,은선진역:설유진,이익순역:곽선영,조영혜역:문희경,양태양역:남명렬,김태연역:이소윤,천명태역:최영우,선우희수역:박한솔,장겨울남동생역:박정우,고아라역:고아라"
20200623,O tvN,223933,240410,슬기로운의사생활,,2회,전국,012437,드라마&영화,드라마,미니시리즈,0,0.78674,0.20252,0.01958,0.55429,0.26089,0.12393,0.90365,0.45531,0.60862,0.23147,0.69598,0.49123,0.04563,"이익준역:조정석,안정원역:유연석,김준완역:정경호,양석형역:김대명,채송화역:전미도,정로사역:김해숙,주종수역:김갑수,도재학역:정문성,용석민역:문태유,장겨울역:신현빈,안치홍역:김준한,봉광현역:최영준,추민하역:안은진,허선빈역:하윤경,명은원역:김혜인,장윤복역:조이현,장홍도역:배현성,송수빈역:김수진,소이현역:윤혜리,배준희역:신도현,주전역:조승연,황재신역:양조아,이우주역:김준,민기준역:서진원,종세혁역:전광진,이영하역:이노아,김재환역:이달,국해성역:이혜은,함덕주역:김비비,한현희역:이지원,한승주역:김지성,은선진역:설유진,이익순역:곽선영,조영혜역:문희경,양태양역:남명렬,김태연역:이소윤,천명태역:최영우,선우희수역:박한솔,장겨울남동생역:박정우,고아라역:고아라"
20200623,OCN,122944,133121,번외수사,,9회,전국,010137,드라마&영화,드라마,미니시리즈,0,0.12358,0.058,0.02547,0.3322,0.30151,0.25843,0,0.01465,0.27062,0,0.18544,0.51345,0.39503,"진강호역:차태현,강무영역:이선빈,이반석역:정상훈,테디정역:윤경호,탁원역:지승현,민대진역:박정우,맨손역:박태산,연장역:장진희,지수철역:이영석,노순이역:민경옥"
20200623,OCN,134815,145007,번외수사,,10회,전국,010152,드라마&영화,드라마,미니시리즈,0.05067,0.52744,0.13635,0.00523,0.84481,0.67034,0.11374,0,0.08069,0.13184,0.1886,0.6954,0.46365,0.89949,"진강호역:차태현,강무영역:이선빈,이반석역:정상훈,테디정역:윤경호,탁원역:지승현,민대진역:박정우,맨손역:박태산,연장역:장진희,지수철역:이영석,노순이역:민경옥"
20200623,On Style,020000,022717,고양이띠요리사,,2회,전국,002717,드라마&영화,드라마,미니시리즈,0,0,0,0.00928,0.02616,0,0.00502,0,0,0,0.00957,0,0,0.00496,"여문준역:이기우,이수지역:김소라,강민경역:조혜진,여은항역:민주"
20200623,On Style,023008,030220,고양이띠요리사,,3회,전국,003212,드라마&영화,드라마,미니시리즈,0,0,0,0,0,0.014,0,0,0,0,0,0,0.00975,0.0042,"여문준역:이기우,이수지역:김소라,강민경역:조혜진,여은항역:민주"
20200623,On Style,132012,142434,로맨스는별책부록,,4회,전국,010422,드라마&영화,드라마,미니시리즈,0,0.00648,0.07249,0.00567,0.01525,0.05165,0.02325,0,0.00582,0.10277,0.02692,0.14717,0.02563,0.00711,"강단이역:이나영,차은호역:이종석,송해린역:정유진,지서준역:위하준,홍동민역:오의식,김재민역:김태우,고유선역:김유미,봉지홍역:조한철,서영아역:김선영,박훈역:강기둥,오지율역:박규영,이승진역:이관훈,배광수역:최승윤,채송이역:이하은"
20200623,On Style,142651,152925,로맨스는별책부록,,5회,전국,010234,드라마&영화,드라마,미니시리즈,0,0.01539,0.10494,0,0.00204,0.13148,0.00498,0,0.02246,0.34373,0,0.0115,0.07268,0.00643,"강단이역:이나영,차은호역:이종석,송해린역:정유진,지서준역:위하준,홍동민역:오의식,김재민역:김태우,고유선역:김유미,봉지홍역:조한철,서영아역:김선영,박훈역:강기둥,오지율역:박규영,이승진역:이관훈,배광수역:최승윤,채송이역:이하은"
20200623,On Style,153227,163342,로맨스는별책부록,,6회,전국,010115,드라마&영화,드라마,미니시리즈,0,0,0.0677,0.01558,0,0.08828,0.00679,0,0,0.50579,0.16214,0,0.0578,0.00673,"강단이역:이나영,차은호역:이종석,송해린역:정유진,지서준역:위하준,홍동민역:오의식,김재민역:김태우,고유선역:김유미,봉지홍역:조한철,서영아역:김선영,박훈역:강기둥,오지율역:박규영,이승진역:이관훈,배광수역:최승윤,채송이역:이하은"
20200623,On Style,250543,254431,고양이띠요리사,,4회,전국,003848,드라마&영화,드라마,미니시리즈,0,0,0,0,0,0.04321,0.06053,0,0,0,0,0.11974,0,0,"여문준역:이기우,이수지역:김소라,강민경역:조혜진,여은항역:민주"
20200623,On Style,254810,255959,고양이띠요리사,,5회,전국,001149,드라마&영화,드라마,미니시리즈,0,0,0,0,0,0.09362,0,0,0,0,0,0.20348,0,0,"여문준역:이기우,이수지역:김소라,강민경역:조혜진,여은항역:민주"
20200623,SBS플러스,020000,024902,굿캐스팅,,16회,전국,004902,드라마&영화,드라마,미니시리즈,0.01982,0.03755,0,0,0.22842,0.13181,0.00975,0.02006,0,0,0.01146,0,0.06503,0.06427,"백찬미역:최강희,윤석호역:이상엽,임예은역:유인영,황미순역:김지영,강우원역:이준영,동관수역:이종혁,서국환역:정인기,배무혁역:박경순,간태희역:황보미,명계철역:우현,탁상기역:이상훈,옥철역:김용희,변우석역:허재호,구비서역:한수진,설영훈역:조영훈,심화란역:차수연,남봉만역:이승형,남주연역:김보윤,피철웅역:배진웅,권민석역:성혁,권소희역:노하연"
20200623,SBS플러스,070429,073443,엄마가바람났다,,35회,전국,003014,드라마&영화,드라마,아침드라마,0,0,0.05287,0.1013,0.23506,0.12388,0.53018,0,0,0,0.17696,0.30548,0.33448,0.48958,"오필정역:현쥬니,강석준역:이재황,이은주역:문보령,강석환역:김형범,오순정역:남이안,김복순역:박순천,박민호역:길정우,박민지역:홍제이,김해정역:양금석,강태수역:이원재,이태우역:서현석,최동석역:김동균,최은자역:이진아,최유경역:이영은,최미영역:전은채,왕기범역:차승우,하열도역:김영훈,홍수경역:노정명,박태섭역:강서준,박혜진역:박지수"
20200623,SBS플러스,073554,080640,엄마가바람났다,,36회,전국,003046,드라마&영화,드라마,아침드라마,0,0,0.10775,0.14686,0.02278,0.17405,0.82345,0,0,0.07123,0.1106,0.3861,0.42706,0.89345,"오필정역:현쥬니,강석준역:이재황,이은주역:문보령,강석환역:김형범,오순정역:남이안,김복순역:박순천,박민호역:길정우,박민지역:홍제이,김해정역:양금석,강태수역:이원재,이태우역:서현석,최동석역:김동균,최은자역:이진아,최유경역:이영은,최미영역:전은채,왕기범역:차승우,하열도역:김영훈,홍수경역:노정명,박태섭역:강서준,박혜진역:박지수"
20200623,SBS플러스,082244,092745,주군의태양,,11회,전국,010501,드라마&영화,드라마,미니시리즈,0.34103,0.14033,0.08412,0,0.01114,0.0885,0.05696,0.08235,0,0,0.07885,0.1065,0.06724,0.05381,"주중원역:소지섭,태공실역:공효진,강우역:서인국,태이령역:김유리,김귀도역:최정우,주성란역:김미경,도석철역:이종원,태공리역:박희본,이한주역:이재원,안진주역:정가은,주중원어린시절역:김명수,TV프로그램자역:김상중,미경역:송채윤,하유진역:김보라,가영역:방민아,이은설역:이혜인,차희주역:한보름,주중원아버지역:김용건,이승모역:이도현,이승준역:홍은택,선영역:김보미,지우역:유민규,강길자역:김희정,루이장역:정찬,박서현역:서효림,이재석역:이종혁,이회장역:이재용,한나브라운역:황선희,유진우역:이천희,고여사역:이용녀,유혜성역:진이한"
20200623,SBS플러스,170714,181308,편의점샛별이,,1회,전국,010554,드라마&영화,드라마,미니시리즈,0.25968,0.03575,0.00601,0.31635,0.25644,0.75074,0.42959,0,0.34079,0.29592,0.18624,0.41293,0.619,0.2682,"최대현역:지창욱,정샛별역:김유정,유연주역:한선화,조승준역:도상우,정은별역:솔빈,공분희역:김선영,최용필역:이병준,한달식역:음문석,권의추역:우현,차기복역:이윤희,고광태역:배기범,김혜자역:견미리,최대순역:김지현,황금비역:서예화,차은조역:윤수,배부장역:허재호,강성태역:지찬,김정하역:신윤정,오현지역:한류은,강지욱역:김민규,유명기역:길용우"
20200623,SBS플러스,182752,192856,편의점샛별이,,2회,전국,010104,드라마&영화,드라마,미니시리즈,0,0.34665,0.10615,0.2358,0.53456,0.70271,0.30438,0.21175,0.12177,0.69711,0.11056,0.30068,0.54072,0.36786,"최대현역:지창욱,정샛별역:김유정,유연주역:한선화,조승준역:도상우,정은별역:솔빈,공분희역:김선영,최용필역:이병준,한달식역:음문석,권의추역:우현,차기복역:이윤희,고광태역:배기범,김혜자역:견미리,최대순역:김지현,황금비역:서예화,차은조역:윤수,배부장역:허재호,강성태역:지찬,김정하역:신윤정,오현지역:한류은,강지욱역:김민규,유명기역:길용우"
20200623,SKY,045332,060113,굿캐스팅,,15회,전국,010741,드라마&영화,드라마,미니시리즈,0,0,0,0,0,0,0,0,0,0,0,0,0,0,"백찬미역:최강희,윤석호역:이상엽,임예은역:유인영,황미순역:김지영,강우원역:이준영,동관수역:이종혁,서국환역:정인기,배무혁역:박경순,간태희역:황보미,명계철역:우현,탁상기역:이상훈,옥철역:김용희,변우석역:허재호,구비서역:한수진,설영훈역:조영훈,심화란역:차수연,남봉만역:이승형,남주연역:김보윤,피철웅역:배진웅,권민석역:성혁,권소희역:노하연"
20200623,SKY,060922,071824,굿캐스팅,,16회,전국,010902,드라마&영화,드라마,미니시리즈,0,0,0,0,0.01894,0.06206,0.00751,0.14027,0.03694,0,0,0.0159,0.00493,0.023,"백찬미역:최강희,윤석호역:이상엽,임예은역:유인영,황미순역:김지영,강우원역:이준영,동관수역:이종혁,서국환역:정인기,배무혁역:박경순,간태희역:황보미,명계철역:우현,탁상기역:이상훈,옥철역:김용희,변우석역:허재호,구비서역:한수진,설영훈역:조영훈,심화란역:차수연,남봉만역:이승형,남주연역:김보윤,피철웅역:배진웅,권민석역:성혁,권소희역:노하연"
20200623,SKY,085733,101943,화유기,,5회,전국,012210,드라마&영화,드라마,미니시리즈,0.0206,0,0,0.01887,0.14423,0.1849,0.00291,0,0,0,0.0325,0.19978,0.01724,0.00118,"손오공역:이승기,우마왕역:차승원,진선미역:오연서,저팔계역:이홍기,사오정역:장광,마비서역:이엘,이한주역:김성오,앨리스역:윤보라,좀비소녀역:이세영,수보리조사역:성지루,동장군역:성혁,강대성역:송종호,조나단역:마이클리,진선미어린시절역:갈소원,공작역:장근석,나찰녀역:김지수"
20200623,SKY,123058,133652,편의점샛별이,,1회,전국,010554,드라마&영화,드라마,미니시리즈,0,0.02166,0.05801,0.09518,0.15548,0.1202,0.08207,0.294,0.00358,0.06079,0.18558,0.18222,0.03454,0.07704,"최대현역:지창욱,정샛별역:김유정,유연주역:한선화,조승준역:도상우,정은별역:솔빈,공분희역:김선영,최용필역:이병준,한달식역:음문석,권의추역:우현,차기복역:이윤희,고광태역:배기범,김혜자역:견미리,최대순역:김지현,황금비역:서예화,차은조역:윤수,배부장역:허재호,강성태역:지찬,김정하역:신윤정,오현지역:한류은,강지욱역:김민규,유명기역:길용우"
20200623,SKY,135037,145145,편의점샛별이,,2회,전국,010108,드라마&영화,드라마,미니시리즈,0.44292,0.25048,0,0.17305,0.11747,0.06563,0.13129,0,0.1166,0.44763,0.86522,0.08432,0.03347,0.11399,"최대현역:지창욱,정샛별역:김유정,유연주역:한선화,조승준역:도상우,정은별역:솔빈,공분희역:김선영,최용필역:이병준,한달식역:음문석,권의추역:우현,차기복역:이윤희,고광태역:배기범,김혜자역:견미리,최대순역:김지현,황금비역:서예화,차은조역:윤수,배부장역:허재호,강성태역:지찬,김정하역:신윤정,오현지역:한류은,강지욱역:김민규,유명기역:길용우"
20200623,SKY,184116,194712,편의점샛별이,,1회,전국,010556,드라마&영화,드라마,미니시리즈,0,0.09995,0,0.04163,0.1347,0.06227,0.00134,0,0.08226,0.02538,0.03418,0.35493,0.02938,0.00243,"최대현역:지창욱,정샛별역:김유정,유연주역:한선화,조승준역:도상우,정은별역:솔빈,공분희역:김선영,최용필역:이병준,한달식역:음문석,권의추역:우현,차기복역:이윤희,고광태역:배기범,김혜자역:견미리,최대순역:김지현,황금비역:서예화,차은조역:윤수,배부장역:허재호,강성태역:지찬,김정하역:신윤정,오현지역:한류은,강지욱역:김민규,유명기역:길용우"
20200623,SKY,200200,210309,편의점샛별이,,2회,전국,010109,드라마&영화,드라마,미니시리즈,0.10087,0.35968,0.00756,0.00792,0.06116,0.06808,0.05151,0.20477,0.12987,0.15254,0.16886,0.1895,0.15431,0,"최대현역:지창욱,정샛별역:김유정,유연주역:한선화,조승준역:도상우,정은별역:솔빈,공분희역:김선영,최용필역:이병준,한달식역:음문석,권의추역:우현,차기복역:이윤희,고광태역:배기범,김혜자역:견미리,최대순역:김지현,황금비역:서예화,차은조역:윤수,배부장역:허재호,강성태역:지찬,김정하역:신윤정,오현지역:한류은,강지욱역:김민규,유명기역:길용우"
20200623,ONCE,020000,023705,대조영,,55회,전국,003705,드라마&영화,드라마,주말연속극,0,0,0.00608,0.00677,0.25469,0.26381,0.08655,0,0.01489,0,0.11919,0.04481,0.0569,0.11592,"대조영역:최수종,이해고역:정보석,설인귀역:이덕화,초린역:박예진,검이역:정태우,숙영역:홍수현,양만춘역:임동진,흑수돌역:김학철,연남생역:임호,대중상역:임혁,걸사비우역:최철호,검모잠역:김명수,당태종역:송용태,부지광역:박지일,미모사역:김정현,금란역:심은진,부기원역:김하균,보장왕역:길용우,이진충역:김동현,손만영역:조인표,신홍역:김규철,계필사문역:윤용현,퉁소역:방형주,홍패역:유태술,이문역:남성진,팔보역:우봉식"
20200623,ONCE,024515,032604,전원일기,,432회,전국,004049,드라마&영화,드라마,주말연속극,0,0,0.28031,0.24155,0.00412,0.20529,0.00697,0,0,0,0,0,0.19532,0.00422,"최불암,김혜자,김용건,김수미,고두심,유인촌,정대홍"
20200623,ONCE,033424,041330,전원일기,,433회,전국,003906,드라마&영화,드라마,주말연속극,0,0,0.24589,0.30175,0,0.19003,0,0,0,0,0,0,0.21768,0,"최불암,김혜자,김용건,김수미,고두심,유인촌,정대홍"
20200623,ONCE,052143,062426,동이,,55회,전국,010243,드라마&영화,드라마,주간연속극,0,0,0,0,0,0.11407,0.09473,0,0,0,0.00855,0.01321,0.02881,0.06974,"동이역:한효주,숙종역:지진희,희빈장씨역:이소연,차천수역:배수빈,서용기역:정진영,인현왕후역:박하선,오태석역:정동환,이종욱역:이정훈,홍태윤역:손일권,박도식역:최재호,도승지역:신국,오호양역:여호민,황주식역:이희도,정인국역:나성균,최효원역:천호진,장익헌역:이재용,김환역:정인기,은금역:한다민,오태풍역:이계인,태풍처역:이숙,장희재역:김유석,설희역:김혜진,게둬라부역:정은표,오윤역:최철호,게둬라역:최수한,심운택역:김동윤,동이어린시절역:김유정,봉상궁역:김소이,조상궁역:안여진,유상궁역:임성민,정임역:정유미,애종역:강유미,시비역:오은호,미지역:최하나,대전내관역:정선일,명성대비역:박정수,정상궁역:김혜선,영달역:이광수,최동주역:정성운,장무열역:최종환,이금역:이형석,경종역:윤찬,김구선역:맹상훈,인원왕후역:오연서"
20200623,ONCE,063227,073315,동이,,56회,전국,010048,드라마&영화,드라마,주간연속극,0,0,0,0,0,0.22372,0.1102,0,0,0.02638,0,0.06177,0.059,0.00868,"동이역:한효주,숙종역:지진희,희빈장씨역:이소연,차천수역:배수빈,서용기역:정진영,인현왕후역:박하선,오태석역:정동환,이종욱역:이정훈,홍태윤역:손일권,박도식역:최재호,도승지역:신국,오호양역:여호민,황주식역:이희도,정인국역:나성균,최효원역:천호진,장익헌역:이재용,김환역:정인기,은금역:한다민,오태풍역:이계인,태풍처역:이숙,장희재역:김유석,설희역:김혜진,게둬라부역:정은표,오윤역:최철호,게둬라역:최수한,심운택역:김동윤,동이어린시절역:김유정,봉상궁역:김소이,조상궁역:안여진,유상궁역:임성민,정임역:정유미,애종역:강유미,시비역:오은호,미지역:최하나,대전내관역:정선일,명성대비역:박정수,정상궁역:김혜선,영달역:이광수,최동주역:정성운,장무열역:최종환,이금역:이형석,경종역:윤찬,김구선역:맹상훈,인원왕후역:오연서"
20200623,ONCE,074420,082510,전원일기,,432회,전국,004050,드라마&영화,드라마,주말연속극,0.02747,0,0,0.03674,0,0,0.14517,0,0,0,0,0.09531,0,0.16596,"최불암,김혜자,김용건,김수미,고두심,유인촌,정대홍"
20200623,ONCE,083340,091245,전원일기,,433회,전국,003905,드라마&영화,드라마,주말연속극,0,0,0.0219,0,0.00917,0.08223,0.28549,0,0,0,0,0.01403,0.03328,0.25779,"최불암,김혜자,김용건,김수미,고두심,유인촌,정대홍"
20200623,ONCE,092651,103136,동이,,57회,전국,010445,드라마&영화,드라마,주간연속극,0,0.00581,0,0.04096,0.01615,0.06416,0.23121,0,0,0.04022,0,0.01953,0.12034,0.05557,"동이역:한효주,숙종역:지진희,희빈장씨역:이소연,차천수역:배수빈,서용기역:정진영,인현왕후역:박하선,오태석역:정동환,이종욱역:이정훈,홍태윤역:손일권,박도식역:최재호,도승지역:신국,오호양역:여호민,황주식역:이희도,정인국역:나성균,최효원역:천호진,장익헌역:이재용,김환역:정인기,은금역:한다민,오태풍역:이계인,태풍처역:이숙,장희재역:김유석,설희역:김혜진,게둬라부역:정은표,오윤역:최철호,게둬라역:최수한,심운택역:김동윤,동이어린시절역:김유정,봉상궁역:김소이,조상궁역:안여진,유상궁역:임성민,정임역:정유미,애종역:강유미,시비역:오은호,미지역:최하나,대전내관역:정선일,명성대비역:박정수,정상궁역:김혜선,영달역:이광수,최동주역:정성운,장무열역:최종환,이금역:이형석,경종역:윤찬,김구선역:맹상훈,인원왕후역:오연서"
20200623,ONCE,104448,114314,동이,,58회,전국,005826,드라마&영화,드라마,주간연속극,0,0,0,0.17748,0.15576,0.1068,0.38251,0,0.04353,0.26482,0.11836,0.34252,0.13371,0.09898,"동이역:한효주,숙종역:지진희,희빈장씨역:이소연,차천수역:배수빈,서용기역:정진영,인현왕후역:박하선,오태석역:정동환,이종욱역:이정훈,홍태윤역:손일권,박도식역:최재호,도승지역:신국,오호양역:여호민,황주식역:이희도,정인국역:나성균,최효원역:천호진,장익헌역:이재용,김환역:정인기,은금역:한다민,오태풍역:이계인,태풍처역:이숙,장희재역:김유석,설희역:김혜진,게둬라부역:정은표,오윤역:최철호,게둬라역:최수한,심운택역:김동윤,동이어린시절역:김유정,봉상궁역:김소이,조상궁역:안여진,유상궁역:임성민,정임역:정유미,애종역:강유미,시비역:오은호,미지역:최하나,대전내관역:정선일,명성대비역:박정수,정상궁역:김혜선,영달역:이광수,최동주역:정성운,장무열역:최종환,이금역:이형석,경종역:윤찬,김구선역:맹상훈,인원왕후역:오연서"
20200623,ONCE,115655,125355,대조영,,56회,전국,005700,드라마&영화,드라마,주말연속극,0,0,0,0,0.05112,0.00418,0.00457,0,0,0.20413,0,0.0674,0.0101,0.06795,"대조영역:최수종,이해고역:정보석,설인귀역:이덕화,초린역:박예진,검이역:정태우,숙영역:홍수현,양만춘역:임동진,흑수돌역:김학철,연남생역:임호,대중상역:임혁,걸사비우역:최철호,검모잠역:김명수,당태종역:송용태,부지광역:박지일,미모사역:김정현,금란역:심은진,부기원역:김하균,보장왕역:길용우,이진충역:김동현,손만영역:조인표,신홍역:김규철,계필사문역:윤용현,퉁소역:방형주,홍패역:유태술,이문역:남성진,팔보역:우봉식"
20200623,ONCE,154518,163017,전원일기,,434회,전국,004459,드라마&영화,드라마,주말연속극,0.01177,0.03258,0.14201,0.00355,0,0.09629,0.10525,0.04302,0,0.00454,0.00253,0.16329,0.15518,0.12162,"최불암,김혜자,김용건,김수미,고두심,유인촌,정대홍"
20200623,ONCE,164118,172315,전원일기,,435회,전국,004157,드라마&영화,드라마,주말연속극,0,0,0.38323,0.05819,0,0.18483,0.31101,0.04316,0.02387,0,0,0.13556,0.48679,0.31093,"최불암,김혜자,김용건,김수미,고두심,유인촌,정대홍"
20200623,ONCE,173620,183320,대조영,,56회,전국,005700,드라마&영화,드라마,주말연속극,0,0,0.00405,0.16713,0,0.00317,0.04598,0,0,0.00828,0,0,0.01378,0.0115,"대조영역:최수종,이해고역:정보석,설인귀역:이덕화,초린역:박예진,검이역:정태우,숙영역:홍수현,양만춘역:임동진,흑수돌역:김학철,연남생역:임호,대중상역:임혁,걸사비우역:최철호,검모잠역:김명수,당태종역:송용태,부지광역:박지일,미모사역:김정현,금란역:심은진,부기원역:김하균,보장왕역:길용우,이진충역:김동현,손만영역:조인표,신홍역:김규철,계필사문역:윤용현,퉁소역:방형주,홍패역:유태술,이문역:남성진,팔보역:우봉식"
20200623,ONCE,221708,232153,동이,,57회,전국,010445,드라마&영화,드라마,주간연속극,0,0,0.09562,0.12897,0.08861,0.15062,0.04081,0,0,0.29871,0.20559,0,0.05323,0.11279,"동이역:한효주,숙종역:지진희,희빈장씨역:이소연,차천수역:배수빈,서용기역:정진영,인현왕후역:박하선,오태석역:정동환,이종욱역:이정훈,홍태윤역:손일권,박도식역:최재호,도승지역:신국,오호양역:여호민,황주식역:이희도,정인국역:나성균,최효원역:천호진,장익헌역:이재용,김환역:정인기,은금역:한다민,오태풍역:이계인,태풍처역:이숙,장희재역:김유석,설희역:김혜진,게둬라부역:정은표,오윤역:최철호,게둬라역:최수한,심운택역:김동윤,동이어린시절역:김유정,봉상궁역:김소이,조상궁역:안여진,유상궁역:임성민,정임역:정유미,애종역:강유미,시비역:오은호,미지역:최하나,대전내관역:정선일,명성대비역:박정수,정상궁역:김혜선,영달역:이광수,최동주역:정성운,장무열역:최종환,이금역:이형석,경종역:윤찬,김구선역:맹상훈,인원왕후역:오연서"
20200623,ONCE,233504,243332,동이,,58회,전국,005828,드라마&영화,드라마,주간연속극,0,0,0.17724,0.00178,0.16813,0.53002,0.17308,0,0.03294,0.3456,0.1157,0.35921,0.2093,0.15484,"동이역:한효주,숙종역:지진희,희빈장씨역:이소연,차천수역:배수빈,서용기역:정진영,인현왕후역:박하선,오태석역:정동환,이종욱역:이정훈,홍태윤역:손일권,박도식역:최재호,도승지역:신국,오호양역:여호민,황주식역:이희도,정인국역:나성균,최효원역:천호진,장익헌역:이재용,김환역:정인기,은금역:한다민,오태풍역:이계인,태풍처역:이숙,장희재역:김유석,설희역:김혜진,게둬라부역:정은표,오윤역:최철호,게둬라역:최수한,심운택역:김동윤,동이어린시절역:김유정,봉상궁역:김소이,조상궁역:안여진,유상궁역:임성민,정임역:정유미,애종역:강유미,시비역:오은호,미지역:최하나,대전내관역:정선일,명성대비역:박정수,정상궁역:김혜선,영달역:이광수,최동주역:정성운,장무열역:최종환,이금역:이형석,경종역:윤찬,김구선역:맹상훈,인원왕후역:오연서"
20200623,ONCE,244543,254243,대조영,,56회,전국,005700,드라마&영화,드라마,주말연속극,0.25364,0,0.02125,0,0.10231,0.40685,0.14067,0.21644,0,0.21061,0.06901,0.29551,0.07848,0.12382,"대조영역:최수종,이해고역:정보석,설인귀역:이덕화,초린역:박예진,검이역:정태우,숙영역:홍수현,양만춘역:임동진,흑수돌역:김학철,연남생역:임호,대중상역:임혁,걸사비우역:최철호,검모잠역:김명수,당태종역:송용태,부지광역:박지일,미모사역:김정현,금란역:심은진,부기원역:김하균,보장왕역:길용우,이진충역:김동현,손만영역:조인표,신홍역:김규철,계필사문역:윤용현,퉁소역:방형주,홍패역:유태술,이문역:남성진,팔보역:우봉식"
20200623,ONCE,255238,255959,전원일기,,434회,전국,000721,드라마&영화,드라마,주말연속극,0,0,0.16477,0,0,0.30949,0.14204,0,0,0.20111,0,0.25185,0.21237,0.12591,"최불암,김혜자,김용건,김수미,고두심,유인촌,정대홍"
20200623,OCN Thrills,095347,105634,번외수사,,7회,전국,010247,드라마&영화,드라마,미니시리즈,0.05363,0,0.00964,0,0.0443,0.14583,0.00414,0,0.00641,0,0,0.0187,0.06106,0.02695,"진강호역:차태현,강무영역:이선빈,이반석역:정상훈,테디정역:윤경호,탁원역:지승현,민대진역:박정우,맨손역:박태산,연장역:장진희,지수철역:이영석,노순이역:민경옥"
20200623,OCN Thrills,110528,121201,번외수사,,8회,전국,010633,드라마&영화,드라마,미니시리즈,0,0,0,0,0,0.03958,0.01558,0,0.04294,0.02453,0.08711,0.03744,0.0113,0.02171,"진강호역:차태현,강무영역:이선빈,이반석역:정상훈,테디정역:윤경호,탁원역:지승현,민대진역:박정우,맨손역:박태산,연장역:장진희,지수철역:이영석,노순이역:민경옥"
20200623,TRENDY,071004,081225,부부클리닉사랑과전쟁2,,40회,전국,010221,드라마&영화,드라마,단막극,0.23303,0,0,0.08709,0,0.03955,0.07883,0.23964,0,0.01744,0,0.06057,0.20457,0.05743,"이재만,민지영,최영완,이정수,장가현,손유경,이준우"
20200623,TRENDY,082346,092130,부부클리닉사랑과전쟁2,,52회,전국,005744,드라마&영화,드라마,단막극,0,0,0,0.1987,0,0,0.17107,0,0,0,0.00914,0,0.28549,0.12142,"이재만,민지영,최영완,이정수,장가현,손유경,이준우"
20200623,TRENDY,135912,150136,부부클리닉사랑과전쟁2,,40회,전국,010224,드라마&영화,드라마,단막극,0,0,0,0.09307,0.00527,0,0.22706,0,0.17828,0.00447,0.15076,0.02101,0.21743,0.05732,"이재만,민지영,최영완,이정수,장가현,손유경,이준우"
20200623,TRENDY,151453,161241,부부클리닉사랑과전쟁2,,52회,전국,005748,드라마&영화,드라마,단막극,0,0,0,0,0.00191,0,0.0489,0,0.07549,0.00952,0.12991,0,0.04485,0.0206,"이재만,민지영,최영완,이정수,장가현,손유경,이준우"
20200623,TRENDY,225049,235314,부부클리닉사랑과전쟁2,,40회,전국,010225,드라마&영화,드라마,단막극,0,0,0,0.09587,0,0.16305,0.08159,0,0.03685,0,0.00626,0.00739,0.1856,0.12117,"이재만,민지영,최영완,이정수,장가현,손유경,이준우"
20200623,TRENDY,240746,250534,부부클리닉사랑과전쟁2,,52회,전국,005748,드라마&영화,드라마,단막극,0,0,0,0.00833,0,0,0.00618,0,0,0,0,0,0.08259,0.05319,"이재만,민지영,최영완,이정수,장가현,손유경,이준우"
20200623,WeLike,095637,105933,아테나:전쟁의여신,,5회,전국,010256,드라마&영화,드라마,미니시리즈,0,0,0,0,0.00181,0,0,0,0,0,0,0.00218,0,0,"이정우역:정우성,손혁역:차승원,윤혜인역:수애,한재희역:이지아,김기수역:김민종,김준호역:시원,조명호역:이정길,최진희역:김영애,권용관역:유동근,박철영역:김승우,조수영역:이보영,오숙경역:오윤아,한정필역:전국환,제시카역:연민지,앤디역:션리차드,철규역:정찬우,최태현역:최강창민,김선화역:김소연,박성철역:이한위"
20200623,WeLike,111459,121751,아테나:전쟁의여신,,6회,전국,010252,드라마&영화,드라마,미니시리즈,0,0,0,0.00983,0,0,0.00506,0,0,0,0,0,0.00478,0,"이정우역:정우성,손혁역:차승원,윤혜인역:수애,한재희역:이지아,김기수역:김민종,김준호역:시원,조명호역:이정길,최진희역:김영애,권용관역:유동근,박철영역:김승우,조수영역:이보영,오숙경역:오윤아,한정필역:전국환,제시카역:연민지,앤디역:션리차드,철규역:정찬우,최태현역:최강창민,김선화역:김소연,박성철역:이한위"
20200623,WeLike,195710,205753,아테나:전쟁의여신,,7회,전국,010043,드라마&영화,드라마,미니시리즈,0,0,0,0,0,0,0,0,0,0,0,0,0,0,"이정우역:정우성,손혁역:차승원,윤혜인역:수애,한재희역:이지아,김기수역:김민종,김준호역:시원,조명호역:이정길,최진희역:김영애,권용관역:유동근,박철영역:김승우,조수영역:이보영,오숙경역:오윤아,한정필역:전국환,제시카역:연민지,앤디역:션리차드,철규역:정찬우,최태현역:최강창민,김선화역:김소연,박성철역:이한위"
20200623,WeLike,211129,221219,아테나:전쟁의여신,,8회,전국,010050,드라마&영화,드라마,미니시리즈,0,0,0.04471,0.03415,0,0,0.00328,0,0,0.03606,0,0,0,0.02699,"이정우역:정우성,손혁역:차승원,윤혜인역:수애,한재희역:이지아,김기수역:김민종,김준호역:시원,조명호역:이정길,최진희역:김영애,권용관역:유동근,박철영역:김승우,조수영역:이보영,오숙경역:오윤아,한정필역:전국환,제시카역:연민지,앤디역:션리차드,철규역:정찬우,최태현역:최강창민,김선화역:김소연,박성철역:이한위"
20200624,KBS1,203101,205920,기막힌유산,,48회,전국,002819,드라마&영화,드라마,일일연속극,1.57657,4.78432,3.55552,4.93769,4.98648,9.74888,26.86459,1.88364,2.95173,1.7213,5.16829,7.6455,14.85875,32.91515,"부영배역:박인환,공계옥역:강세정,부설악역:신정윤,부백두역:강신조,윤민주역:이아현,부금강역:남성진,신애리역:김가연,정미희역:박순천,김용미역:이응경,부한라역:박신우,성판금역:조양자,부가온역:김비주,부태희역:김연지,부혜교역:김효경,부지현역:강유라,공소영역:김난주,이장원역:이일준,김수민역:조서후,김종두역:이춘식,차정건역:조순창,이청아역:정서하,손보미역:박민지,김영지역:주민하,강선희역:박현정,천호식역:백신,이정태역:노상보,고향숙역:박소정"
20200624,KBS2,090456,093258,기막힌유산,,47회,전국,002802,드라마&영화,드라마,일일연속극,0.36757,1.30884,0.95026,0.86915,1.46422,2.24717,2.75002,0.31042,0.2197,0.31228,0.82543,2.71324,3.10489,3.86001,"부영배역:박인환,공계옥역:강세정,부설악역:신정윤,부백두역:강신조,윤민주역:이아현,부금강역:남성진,신애리역:김가연,정미희역:박순천,김용미역:이응경,부한라역:박신우,성판금역:조양자,부가온역:김비주,부태희역:김연지,부혜교역:김효경,부지현역:강유라,공소영역:김난주,이장원역:이일준,김수민역:조서후,김종두역:이춘식,차정건역:조순창,이청아역:정서하,손보미역:박민지,김영지역:주민하,강선희역:박현정,천호식역:백신,이정태역:노상보,고향숙역:박소정"
20200624,KBS2,110549,120557,영혼수선공,<25회/26회>,25회/26회,전국,010008,드라마&영화,드라마,미니시리즈,0.00647,0,0,0.03922,0.15643,0.31382,0.30002,0.00678,0,0.03593,0.0554,0.60077,0.77267,0.42056,"이시준역:신하균,한우주역:정소민,인동혁역:태인호,지영원역:박예진,공지선역:주민경,조인혜역:조경숙,오기태역:박수영,박대하역:정해균,이택경역:최정우,노우정역:안동구,강누리역:하영,임세찬역:장유상,공지희역:박한솔,장유미역:김가란,김영석역:김강민,송민수역:류시원"
20200624,KBS2,121619,131557,영혼수선공,<27회/28회>,27회/28회,전국,005938,드라마&영화,드라마,미니시리즈,0,0.01363,0.08034,0,0.02321,0.22598,0.32549,0,0,0.03672,0,0.81653,0.4816,0.56666,"이시준역:신하균,한우주역:정소민,인동혁역:태인호,지영원역:박예진,공지선역:주민경,조인혜역:조경숙,오기태역:박수영,박대하역:정해균,이택경역:최정우,노우정역:안동구,강누리역:하영,임세찬역:장유상,공지희역:박한솔,장유미역:김가란,김영석역:김강민,송민수역:류시원"
20200624,KBS2,195013,202456,위험한약속,,59회,전국,003443,드라마&영화,드라마,일일연속극,0.67698,3.83174,3.56751,4.63415,3.59458,8.04018,19.54836,1.52724,1.39376,1.84962,5.21961,6.70369,12.00935,25.75462,"차은동역:박하나,강태인역:고세원,최준혁역:강성민,오혜원역:박영린,한지훈역:이창욱,차만종역:이대연,차은찬역:유준서,공영심역:유지연,봉석구역:현우섭,강일섭역:강신일,연두심역:이칸희,한광훈역:길용우,한서주역:김혜지,최명희역:김나운,고재숙역:윤복인,최영국역:송민형,민주란역:오영실,최준경역:이효나,이창욱역:김정운"
20200624,KBS2,220127,222945,영혼수선공,<29회>,29회,전국,002818,드라마&영화,드라마,미니시리즈,0,0.31499,0.18437,0.06059,0.5071,1.14115,1.49048,0,0,0.27002,0.63267,0.98228,1.83571,1.71734,"이시준역:신하균,한우주역:정소민,인동혁역:태인호,지영원역:박예진,공지선역:주민경,조인혜역:조경숙,오기태역:박수영,박대하역:정해균,이택경역:최정우,노우정역:안동구,강누리역:하영,임세찬역:장유상,공지희역:박한솔,장유미역:김가란,김영석역:김강민,송민수역:류시원"
20200624,KBS2,223058,230507,영혼수선공,<30회>,30회,전국,003409,드라마&영화,드라마,미니시리즈,0.23504,0.44982,0.79077,0.33876,0.79209,1.80561,1.82613,0,0.08565,0.54039,0.94404,1.95755,2.4029,2.04906,"이시준역:신하균,한우주역:정소민,인동혁역:태인호,지영원역:박예진,공지선역:주민경,조인혜역:조경숙,오기태역:박수영,박대하역:정해균,이택경역:최정우,노우정역:안동구,강누리역:하영,임세찬역:장유상,공지희역:박한솔,장유미역:김가란,김영석역:김강민,송민수역:류시원"
20200624,MBC,104708,110030,꼰대인턴,<17회>,17회,전국,001322,드라마&영화,드라마,미니시리즈,0,0.56006,0.168,0.07932,0.20868,1.12709,0.8802,0.79015,0.09648,0.24329,0.45985,1.10385,1.01119,0.67608,"가열찬역:박해진,이만식역:김응수,이태리역:한지은,남궁준수역:박기웅,탁정은역:박아인,주윤수역:노종현,오동근역:고건한,김승진역:홍승범,구자숙역:김선영,안상종역:손종학,남궁표역:고인범,엄한길역:김기천,옥경이역:문숙,고선녀역:정경순,열찬모역:전국향,박범준역:장성규,백범역:정성호,은혜수역:정영주,가열찬친구역:권수현,차형석역:영탁"
20200624,MBC,111219,112804,꼰대인턴,<17회>,17회,전국,001545,드라마&영화,드라마,미니시리즈,0,0.40792,0.15587,0.49053,0.13832,0.65758,1.18773,0.79015,0.06338,0.0374,0.65132,0.91874,1.05955,1.20337,"가열찬역:박해진,이만식역:김응수,이태리역:한지은,남궁준수역:박기웅,탁정은역:박아인,주윤수역:노종현,오동근역:고건한,김승진역:홍승범,구자숙역:김선영,안상종역:손종학,남궁표역:고인범,엄한길역:김기천,옥경이역:문숙,고선녀역:정경순,열찬모역:전국향,박범준역:장성규,백범역:정성호,은혜수역:정영주,가열찬친구역:권수현,차형석역:영탁"
20200624,MBC,112947,120305,꼰대인턴,<18회>,18회,전국,003318,드라마&영화,드라마,미니시리즈,0.84349,0.51259,0.0888,0.35161,0.12976,0.78933,1.54761,0.45493,0.25479,0.1047,0.3334,0.78854,1.6612,1.37921,"가열찬역:박해진,이만식역:김응수,이태리역:한지은,남궁준수역:박기웅,탁정은역:박아인,주윤수역:노종현,오동근역:고건한,김승진역:홍승범,구자숙역:김선영,안상종역:손종학,남궁표역:고인범,엄한길역:김기천,옥경이역:문숙,고선녀역:정경순,열찬모역:전국향,박범준역:장성규,백범역:정성호,은혜수역:정영주,가열찬친구역:권수현,차형석역:영탁"
20200624,MBC,154702,161922,꼰대인턴,<19회>,19회,전국,003220,드라마&영화,드라마,미니시리즈,0.14602,0.00779,0.03219,0.118,0.55421,0.44425,0.75673,0,0.06399,0.1271,0.55587,0.31923,0.56687,0.63162,"가열찬역:박해진,이만식역:김응수,이태리역:한지은,남궁준수역:박기웅,탁정은역:박아인,주윤수역:노종현,오동근역:고건한,김승진역:홍승범,구자숙역:김선영,안상종역:손종학,남궁표역:고인범,엄한길역:김기천,옥경이역:문숙,고선녀역:정경순,열찬모역:전국향,박범준역:장성규,백범역:정성호,은혜수역:정영주,가열찬친구역:권수현,차형석역:영탁"
20200624,MBC,162136,165208,꼰대인턴,<20회>,20회,전국,003032,드라마&영화,드라마,미니시리즈,0,0,0.13571,0.27583,0.84562,0.57197,1.10175,0,0,0.3443,0.53822,0.5325,0.85046,0.86403,"가열찬역:박해진,이만식역:김응수,이태리역:한지은,남궁준수역:박기웅,탁정은역:박아인,주윤수역:노종현,오동근역:고건한,김승진역:홍승범,구자숙역:김선영,안상종역:손종학,남궁표역:고인범,엄한길역:김기천,옥경이역:문숙,고선녀역:정경순,열찬모역:전국향,박범준역:장성규,백범역:정성호,은혜수역:정영주,가열찬친구역:권수현,차형석역:영탁"
20200624,MBC,205900,212749,꼰대인턴,<21회>,21회,전국,002849,드라마&영화,드라마,미니시리즈,0.75485,2.32166,2.03543,2.27958,3.95898,5.48477,3.27959,1.16225,1.86886,1.67221,1.84806,4.78054,6.36364,3.47781,"가열찬역:박해진,이만식역:김응수,이태리역:한지은,남궁준수역:박기웅,탁정은역:박아인,주윤수역:노종현,오동근역:고건한,김승진역:홍승범,구자숙역:김선영,안상종역:손종학,남궁표역:고인범,엄한길역:김기천,옥경이역:문숙,고선녀역:정경순,열찬모역:전국향,박범준역:장성규,백범역:정성호,은혜수역:정영주,가열찬친구역:권수현,차형석역:영탁"
20200624,MBC,213004,220247,꼰대인턴,<22회>,22회,전국,003243,드라마&영화,드라마,미니시리즈,0.77663,3.08652,1.83054,2.72454,5.08306,7.07505,3.81994,1.5855,2.0283,2.12272,2.50405,6.31231,7.90877,4.05264,"가열찬역:박해진,이만식역:김응수,이태리역:한지은,남궁준수역:박기웅,탁정은역:박아인,주윤수역:노종현,오동근역:고건한,김승진역:홍승범,구자숙역:김선영,안상종역:손종학,남궁표역:고인범,엄한길역:김기천,옥경이역:문숙,고선녀역:정경순,열찬모역:전국향,박범준역:장성규,백범역:정성호,은혜수역:정영주,가열찬친구역:권수현,차형석역:영탁"
20200624,SBS,083645,090810,엄마가바람났다,,38회,전국,003125,드라마&영화,드라마,아침드라마,1.47956,2.07853,2.07707,1.46732,3.2563,3.65888,5.01988,0.35684,1.8852,0.41944,3.24877,3.6139,4.28589,7.10691,"오필정역:현쥬니,강석준역:이재황,이은주역:문보령,강석환역:김형범,오순정역:남이안,김복순역:박순천,박민호역:길정우,박민지역:홍제이,김해정역:양금석,강태수역:이원재,이태우역:서현석,최동석역:김동균,최은자역:이진아,최유경역:이영은,최미영역:전은채,왕기범역:차승우,하열도역:김영훈,홍수경역:노정명,박태섭역:강서준,박혜진역:박지수"
20200624,OBS,093956,104259,구가의서,,17회,전국,010303,드라마&영화,드라마,주간연속극,0,0,0,0,0,0.00303,0.01733,0,0,0.00572,0,0.07431,0.01706,0.08602,"최강치역:이승기,담여울역:수지,조관웅역:이성재,담평준역:조성하,박태서역:유연석,박청조역:이유비,곤역:성준,구월령역:최진혁,윤서화역:이연희,소정법사역:김희원,천수련역:정혜영,자홍명역:윤세아,박무솔역:엄효섭,월선역:손승우,이순신역:유동근,마봉출역:조재윤,카게시마역:데이비드맥기니스,한노역:박주형,윤씨역:김희정,억만역:김기방,윤정윤역:이다윗,담이역:김보미,필목역:송영규,공달선생역:이도경"
20200624,OBS,181645,191937,구가의서,,18회,전국,010252,드라마&영화,드라마,주간연속극,0,0,0,0,0.14263,0.01198,0.28654,0,0,0,0,0.02123,0.10664,0.18168,"최강치역:이승기,담여울역:수지,조관웅역:이성재,담평준역:조성하,박태서역:유연석,박청조역:이유비,곤역:성준,구월령역:최진혁,윤서화역:이연희,소정법사역:김희원,천수련역:정혜영,자홍명역:윤세아,박무솔역:엄효섭,월선역:손승우,이순신역:유동근,마봉출역:조재윤,카게시마역:데이비드맥기니스,한노역:박주형,윤씨역:김희정,억만역:김기방,윤정윤역:이다윗,담이역:김보미,필목역:송영규,공달선생역:이도경"
20200624,JTBC,095849,110338,쌍갑포차,,9회,전국,010449,드라마&영화,드라마,미니시리즈,0.0178,0.37386,0,0.068,0.14804,0.22221,0.15975,0,0.03936,0.03824,0.47991,0.65087,0.28159,0.36604,"월주역:황정음,한강배역:육성재,귀반장역:최원영,염부장역:이준혁,강여린역:정다은,최진동역:안태환,송미란역:박하나,박대리역:박주형,김원형역:나인우"
20200624,JTBC,112025,122540,쌍갑포차,,10회,전국,010515,드라마&영화,드라마,미니시리즈,0.0733,0.45001,0.00709,0.02876,0.18601,0.94707,0.34812,1.06737,0.71166,0.04424,0.68111,0.94716,0.67397,0.55647,"월주역:황정음,한강배역:육성재,귀반장역:최원영,염부장역:이준혁,강여린역:정다은,최진동역:안태환,송미란역:박하나,박대리역:박주형,김원형역:나인우"
20200624,JTBC,213530,224459,쌍갑포차,,11회,전국,010929,드라마&영화,드라마,미니시리즈,1.50229,1.13308,0.46729,1.1703,1.39905,3.09221,0.88724,0,1.12693,0.91823,1.04739,4.30771,3.73445,1.0593,"월주역:황정음,한강배역:육성재,귀반장역:최원영,염부장역:이준혁,강여린역:정다은,최진동역:안태환,송미란역:박하나,박대리역:박주형,김원형역:나인우"
20200624,TV CHOSUN,023538,032050,운명과분노,,7회,전국,004512,드라마&영화,드라마,주말연속극,0,0,0.12036,0.80778,0.03029,0.05623,0.19315,0,0,0.00809,0.01946,0.02198,0.16815,0.1387,"태인준역:주상욱,구해라역:이민정,차수현역:소이현,진태오역:이기우,태필운역:고인범,한성숙역:송옥숙,태정호역:공정환,고아정역:심이영,태정민역:박수아,현정수역:조승연,구현주역:차수연,강선영역:정수영,강의건역:윤학,김창수역:허준석,차동규역:권태원,이은숙역:하민,김비서역:임지규,이현정역:한은선,김석진역:조완기,이정혜역:전현아,제니진역:김단우"
20200624,tvN,024220,035809,호텔델루나,,3회,전국,011549,드라마&영화,드라마,미니시리즈,0,0.03756,0.00283,0.32693,0.02655,0.34294,0.04293,0,0.14544,0.19154,0.11099,0.12337,0.40471,0.0308,"장만월역:이지은,구찬성역:여진구,산체스역:조현철,이미라역:박유나,김선비역:신정근,최서희역:배해선,지현중역:표지훈,김유나역:강미나,노준석역:정동환,마고신역:서이숙,사신역:강홍석,고청명역:이도현,연우역:이태선,설지원역:이다윗,구현모역:오지호,왕지은역:설리,베로니카역:서은수,황문숙역:황영희,강만영역:이승준,이세영역:소희정,호텔블루문사장역:김수현"
20200624,tvN,041020,052642,호텔델루나,,4회,전국,011622,드라마&영화,드라마,미니시리즈,0,0,0.02624,0.24823,0.04586,0.00619,0.03979,0,0.19738,0.26472,0,0.41167,0.13783,0.04975,"장만월역:이지은,구찬성역:여진구,산체스역:조현철,이미라역:박유나,김선비역:신정근,최서희역:배해선,지현중역:표지훈,김유나역:강미나,노준석역:정동환,마고신역:서이숙,사신역:강홍석,고청명역:이도현,연우역:이태선,설지원역:이다윗,구현모역:오지호,왕지은역:설리,베로니카역:서은수,황문숙역:황영희,강만영역:이승준,이세영역:소희정,호텔블루문사장역:김수현"
20200624,tvN,070359,081843,미스터션샤인,,5회,전국,011444,드라마&영화,드라마,미니시리즈,0,0.11307,0.1286,0.12544,0.22187,0.44225,0.08977,0,0.0724,0.07239,0.15538,0.45073,0.23605,0.19121,"유진초이역:이병헌,고애신역:김태리,구동매역:유연석,김희성역:변요한,쿠도히나역:김민정,황은산역:김갑수,장승구역:최무성,고사홍역:이호재,이완익역:김의성,모리타카시역:김남희,김안평역:김동균,윤호선역:김혜은,고애순역:박아인,일식이역:김병철,춘식이역:배정남,조씨부인역:김나운,행랑아범역:신정근,함안댁역:이정은,고종역:이승준,정문역:강신일,카일무어역:데이비드맥기니스,홍파역:서유정,임관수역:조우진,이세훈역:최진호,윤남종역:박보미,유죠역:윤주만,츠다역:이정현,소아역:오아연,도미역:고우림,유진엄마역:이시아,호타루역:김용지,스즈키역:정태야,준영역:장동윤,귀단역:김시은,유진초이어린시절역:김강훈,고상완역:진구,희진역:김지원,김판서역:김응수"
20200624,tvN,083607,094636,미스터션샤인,,6회,전국,011029,드라마&영화,드라마,미니시리즈,1.05986,0.04621,0.12246,0.34667,0.36717,0.56426,0.27478,0.05787,0.12132,0.20501,0.35521,0.66236,0.48045,0.58925,"유진초이역:이병헌,고애신역:김태리,구동매역:유연석,김희성역:변요한,쿠도히나역:김민정,황은산역:김갑수,장승구역:최무성,고사홍역:이호재,이완익역:김의성,모리타카시역:김남희,김안평역:김동균,윤호선역:김혜은,고애순역:박아인,일식이역:김병철,춘식이역:배정남,조씨부인역:김나운,행랑아범역:신정근,함안댁역:이정은,고종역:이승준,정문역:강신일,카일무어역:데이비드맥기니스,홍파역:서유정,임관수역:조우진,이세훈역:최진호,윤남종역:박보미,유죠역:윤주만,츠다역:이정현,소아역:오아연,도미역:고우림,유진엄마역:이시아,호타루역:김용지,스즈키역:정태야,준영역:장동윤,귀단역:김시은,유진초이어린시절역:김강훈,고상완역:진구,희진역:김지원,김판서역:김응수"
20200624,tvN,114728,125946,아는건별로없지만가족입니다,,7회,전국,011218,드라마&영화,드라마,미니시리즈,0.04176,0.07983,0.13133,0,0.31054,0.19384,0.255,0,0.05394,0.09217,0.62167,0.96824,0.81439,0.46892,"김은희역:한예리,박찬혁역:김지석,김은주역:추자현,김상식역:정진영,이진숙역:원미경,김지우역:신재하,임건주역:신동욱,윤태형역:김태훈,젊은상식역:한준우,젊은진숙역:조아영,유선일역:서상원,안효석역:이종원,서경옥역:가득희,윤서영역:혜정,전하라역:배윤경,유민우역:권율"
20200624,tvN,131718,142912,아는건별로없지만가족입니다,,8회,전국,011154,드라마&영화,드라마,미니시리즈,0.01192,0.42647,0.18254,0.06219,0.76634,0.4828,0.44018,0.03259,0.15993,0.18696,0.8143,1.53167,0.74981,0.65271,"김은희역:한예리,박찬혁역:김지석,김은주역:추자현,김상식역:정진영,이진숙역:원미경,김지우역:신재하,임건주역:신동욱,윤태형역:김태훈,젊은상식역:한준우,젊은진숙역:조아영,유선일역:서상원,안효석역:이종원,서경옥역:가득희,윤서영역:혜정,전하라역:배윤경,유민우역:권율"
20200624,tvN,225120,240109,오마이베이비,,13회,전국,010949,드라마&영화,드라마,미니시리즈,0.12885,0.02774,0.4837,0.37508,0.5848,0.75099,0.36323,0,0.19323,0.20482,0.54404,1.42316,0.66942,0.89618,"장하리역:장나라,한이상역:고준,윤재영역:박병은,최강으뜸역:정건주,이옥란역:김혜옥,남수철역:조희봉,김은영역:이미도,김철중역:유승목,주승태역:전진기,박연호역:백승희,최효주역:박수영,주선생역:문현정,심정화역:김재화,이소윤역:정라엘,이옥희역:김예령,박재한역:이한위,김상희역:손화령,순남역:이주실,조회장역:장광,조아저씨역:최홍일,강효주역:전혜빈"
20200624,국방TV,210018,213003,바람은불어도,,119회,전국,002945,드라마&영화,드라마,미니시리즈,0,0,0.00614,0,0,0.00173,0,0,0,0.00194,0,0.00208,0.00385,0.01883,"최수종,유호정,윤손하,송나영,송기윤,나문희"
20200624,국방TV,213128,215701,바람은불어도,,120회,전국,002533,드라마&영화,드라마,미니시리즈,0,0,0,0,0,0,0.02392,0,0,0,0,0,0,0.03053,"최수종,유호정,윤손하,송나영,송기윤,나문희"
20200624,국방TV,250036,252455,바람은불어도,,121회,전국,002419,드라마&영화,드라마,미니시리즈,0,0,0,0,0,0,0.00808,0,0,0.02308,0,0,0,0.00517,"최수종,유호정,윤손하,송나영,송기윤,나문희"
20200624,국방TV,253019,255812,바람은불어도,,122회,전국,002753,드라마&영화,드라마,미니시리즈,0,0,0,0,0,0,0,0,0,0,0,0,0,0,"최수종,유호정,윤손하,송나영,송기윤,나문희"
20200624,AsiaUHD,030205,041509,삼총사,,9회,전국,011304,드라마&영화,드라마,주간연속극,0,0,0,0,0,0,0,0,0,0,0,0,0,0,"박달향역:정용화,소현세자역:이진욱,허승포역:양동근,안민서역:정해인,강빈역:서현진,미령역:유인영,김자점역:박영규,최명길역:전노민,용골대역:김성민,인조역:김명수,판쇠역:이켠,노수역:박성민,정명공주역:한민,마부대역:김서경,소현세자어린시절역:지은성"
20200624,AsiaUHD,043018,053936,삼총사,,10회,전국,010918,드라마&영화,드라마,주간연속극,0,0,0,0,0,0,0,0,0,0,0,0,0,0,"박달향역:정용화,소현세자역:이진욱,허승포역:양동근,안민서역:정해인,강빈역:서현진,미령역:유인영,김자점역:박영규,최명길역:전노민,용골대역:김성민,인조역:김명수,판쇠역:이켠,노수역:박성민,정명공주역:한민,마부대역:김서경,소현세자어린시절역:지은성"
20200624,CHING,020000,022158,이산,,25회,전국,002158,드라마&영화,드라마,주간연속극,0,0,0,0,0,0.00868,0,0,0,0,0,0,0.01063,0.07537,"정조이산역:이서진,성송연역:한지민,영조역:이순재,정순왕후역:김여진,화완옹주역:성현아,정후겸역:조연우,박대수역:이종수,효의왕후역:박은혜,혜경궁홍씨역:견미리,사도세자역:이창훈,홍국영역:한상진,최석주역:조경환,채제공역:한인수,정약용역:송창의,장태우역:이재용,민주식역:정호근,박제가역:정재곤,남사초역:맹상훈,박달호역:이희도,김정금상궁역:김소이,강미비상궁역:이숙,원빈홍씨역:지성원,화빈윤씨역:유연지,박영문역:신국,초비역:이도은,이천역:지상렬,탁지수역:유민혁,이산어린시절역:박지빈,성송연어린시절역:이한나,박대수어린시절역:권오민,정후겸어린시절역:이인성"
20200624,CHING,023450,033852,이산,,26회,전국,010402,드라마&영화,드라마,주간연속극,0,0,0,0,0,0,0,0,0,0,0,0,0,0,"정조이산역:이서진,성송연역:한지민,영조역:이순재,정순왕후역:김여진,화완옹주역:성현아,정후겸역:조연우,박대수역:이종수,효의왕후역:박은혜,혜경궁홍씨역:견미리,사도세자역:이창훈,홍국영역:한상진,최석주역:조경환,채제공역:한인수,정약용역:송창의,장태우역:이재용,민주식역:정호근,박제가역:정재곤,남사초역:맹상훈,박달호역:이희도,김정금상궁역:김소이,강미비상궁역:이숙,원빈홍씨역:지성원,화빈윤씨역:유연지,박영문역:신국,초비역:이도은,이천역:지상렬,탁지수역:유민혁,이산어린시절역:박지빈,성송연어린시절역:이한나,박대수어린시절역:권오민,정후겸어린시절역:이인성"
20200624,CHING,090015,092758,인어아가씨,,109회,전국,002743,드라마&영화,드라마,주간연속극,0,0,0,0.01401,0,0,0.07101,0,0,0,0,0,0,0,"은아리영역:장서희,한경혜역:정영숙,은진섭역:박근형,심수정역:한혜숙,은예영역:우희진,이주왕역:김성민,이성수역:김병기,금옥선역:사미자,금실라역:김용림,조수아역:고두심,마마준역:정보석,마마린역:이재은"
20200624,CHING,092907,095733,인어아가씨,,110회,전국,002826,드라마&영화,드라마,주간연속극,0,0,0,0,0,0,0,0,0,0,0.05625,0,0,0,"은아리영역:장서희,한경혜역:정영숙,은진섭역:박근형,심수정역:한혜숙,은예영역:우희진,이주왕역:김성민,이성수역:김병기,금옥선역:사미자,금실라역:김용림,조수아역:고두심,마마준역:정보석,마마린역:이재은"
20200624,CHING,101057,103815,인어아가씨,,111회,전국,002718,드라마&영화,드라마,주간연속극,0,0,0,0,0,0,0.01672,0,0,0,0,0,0,0.01895,"은아리영역:장서희,한경혜역:정영숙,은진섭역:박근형,심수정역:한혜숙,은예영역:우희진,이주왕역:김성민,이성수역:김병기,금옥선역:사미자,금실라역:김용림,조수아역:고두심,마마준역:정보석,마마린역:이재은"
20200624,CHING,103924,110645,인어아가씨,,112회,전국,002721,드라마&영화,드라마,주간연속극,0,0,0,0,0.01081,0,0,0,0,0,0.04661,0,0,0,"은아리영역:장서희,한경혜역:정영숙,은진섭역:박근형,심수정역:한혜숙,은예영역:우희진,이주왕역:김성민,이성수역:김병기,금옥선역:사미자,금실라역:김용림,조수아역:고두심,마마준역:정보석,마마린역:이재은"
20200624,CHING,144355,151133,인어아가씨,,109회,전국,002738,드라마&영화,드라마,주간연속극,0,0,0,0,0,0.023,0,0,0,0,0.15163,0,0.01416,0,"은아리영역:장서희,한경혜역:정영숙,은진섭역:박근형,심수정역:한혜숙,은예영역:우희진,이주왕역:김성민,이성수역:김병기,금옥선역:사미자,금실라역:김용림,조수아역:고두심,마마준역:정보석,마마린역:이재은"
20200624,CHING,151246,154111,인어아가씨,,110회,전국,002825,드라마&영화,드라마,주간연속극,0,0,0,0,0,0,0,0,0,0,0.1213,0,0,0,"은아리영역:장서희,한경혜역:정영숙,은진섭역:박근형,심수정역:한혜숙,은예영역:우희진,이주왕역:김성민,이성수역:김병기,금옥선역:사미자,금실라역:김용림,조수아역:고두심,마마준역:정보석,마마린역:이재은"
20200624,CHING,155633,162344,인어아가씨,,111회,전국,002711,드라마&영화,드라마,주간연속극,0,0,0,0.00589,0,0,0,0,0,0,0,0,0,0,"은아리영역:장서희,한경혜역:정영숙,은진섭역:박근형,심수정역:한혜숙,은예영역:우희진,이주왕역:김성민,이성수역:김병기,금옥선역:사미자,금실라역:김용림,조수아역:고두심,마마준역:정보석,마마린역:이재은"
20200624,CHING,162457,165216,인어아가씨,,112회,전국,002719,드라마&영화,드라마,주간연속극,0,0,0.02108,0,0,0.01537,0.00625,0,0.03003,0,0,0,0.01462,0.00827,"은아리영역:장서희,한경혜역:정영숙,은진섭역:박근형,심수정역:한혜숙,은예영역:우희진,이주왕역:김성민,이성수역:김병기,금옥선역:사미자,금실라역:김용림,조수아역:고두심,마마준역:정보석,마마린역:이재은"
20200624,CHING,170931,181601,이산,,27회,전국,010630,드라마&영화,드라마,주간연속극,0,0,0,0,0,0.07771,0.07996,0,0,0,0.0373,0,0.04724,0.00411,"정조이산역:이서진,성송연역:한지민,영조역:이순재,정순왕후역:김여진,화완옹주역:성현아,정후겸역:조연우,박대수역:이종수,효의왕후역:박은혜,혜경궁홍씨역:견미리,사도세자역:이창훈,홍국영역:한상진,최석주역:조경환,채제공역:한인수,정약용역:송창의,장태우역:이재용,민주식역:정호근,박제가역:정재곤,남사초역:맹상훈,박달호역:이희도,김정금상궁역:김소이,강미비상궁역:이숙,원빈홍씨역:지성원,화빈윤씨역:유연지,박영문역:신국,초비역:이도은,이천역:지상렬,탁지수역:유민혁,이산어린시절역:박지빈,성송연어린시절역:이한나,박대수어린시절역:권오민,정후겸어린시절역:이인성"
20200624,CHING,182744,193458,이산,,28회,전국,010714,드라마&영화,드라마,주간연속극,0,0.30788,0,0,0,0,0.10452,0,0,0.13806,0.07914,0.02028,0,0.08426,"정조이산역:이서진,성송연역:한지민,영조역:이순재,정순왕후역:김여진,화완옹주역:성현아,정후겸역:조연우,박대수역:이종수,효의왕후역:박은혜,혜경궁홍씨역:견미리,사도세자역:이창훈,홍국영역:한상진,최석주역:조경환,채제공역:한인수,정약용역:송창의,장태우역:이재용,민주식역:정호근,박제가역:정재곤,남사초역:맹상훈,박달호역:이희도,김정금상궁역:김소이,강미비상궁역:이숙,원빈홍씨역:지성원,화빈윤씨역:유연지,박영문역:신국,초비역:이도은,이천역:지상렬,탁지수역:유민혁,이산어린시절역:박지빈,성송연어린시절역:이한나,박대수어린시절역:권오민,정후겸어린시절역:이인성"
20200624,CHING,230926,233703,인어아가씨,,109회,전국,002737,드라마&영화,드라마,주간연속극,0,0,0,0.01669,0,0,0,0,0,0,0,0,0,0,"은아리영역:장서희,한경혜역:정영숙,은진섭역:박근형,심수정역:한혜숙,은예영역:우희진,이주왕역:김성민,이성수역:김병기,금옥선역:사미자,금실라역:김용림,조수아역:고두심,마마준역:정보석,마마린역:이재은"
20200624,CHING,233816,240638,인어아가씨,,110회,전국,002822,드라마&영화,드라마,주간연속극,0,0,0,0,0.0167,0,0.07396,0,0,0,0,0,0,0,"은아리영역:장서희,한경혜역:정영숙,은진섭역:박근형,심수정역:한혜숙,은예영역:우희진,이주왕역:김성민,이성수역:김병기,금옥선역:사미자,금실라역:김용림,조수아역:고두심,마마준역:정보석,마마린역:이재은"
20200624,CHING,241626,244337,인어아가씨,,111회,전국,002711,드라마&영화,드라마,주간연속극,0,0,0,0,0.03327,0,0.00128,0,0,0,0,0,0,0.00626,"은아리영역:장서희,한경혜역:정영숙,은진섭역:박근형,심수정역:한혜숙,은예영역:우희진,이주왕역:김성민,이성수역:김병기,금옥선역:사미자,금실라역:김용림,조수아역:고두심,마마준역:정보석,마마린역:이재은"
20200624,CHING,244451,251208,인어아가씨,,112회,전국,002717,드라마&영화,드라마,주간연속극,0,0,0,0,0,0,0.00397,0,0,0,0,0,0,0,"은아리영역:장서희,한경혜역:정영숙,은진섭역:박근형,심수정역:한혜숙,은예영역:우희진,이주왕역:김성민,이성수역:김병기,금옥선역:사미자,금실라역:김용림,조수아역:고두심,마마준역:정보석,마마린역:이재은"
20200624,CHING,252526,255959,이산,,27회,전국,003433,드라마&영화,드라마,주간연속극,0,0,0,0.05635,0.08303,0.17102,0.00901,0,0.0283,0,0,0.08179,0.01569,0.01659,"정조이산역:이서진,성송연역:한지민,영조역:이순재,정순왕후역:김여진,화완옹주역:성현아,정후겸역:조연우,박대수역:이종수,효의왕후역:박은혜,혜경궁홍씨역:견미리,사도세자역:이창훈,홍국영역:한상진,최석주역:조경환,채제공역:한인수,정약용역:송창의,장태우역:이재용,민주식역:정호근,박제가역:정재곤,남사초역:맹상훈,박달호역:이희도,김정금상궁역:김소이,강미비상궁역:이숙,원빈홍씨역:지성원,화빈윤씨역:유연지,박영문역:신국,초비역:이도은,이천역:지상렬,탁지수역:유민혁,이산어린시절역:박지빈,성송연어린시절역:이한나,박대수어린시절역:권오민,정후겸어린시절역:이인성"
20200624,CNTV,032645,035629,녹두꽃,,23회,전국,002944,드라마&영화,드라마,미니시리즈,0,0,0,0,0,0,0.14839,0,0,0,0,0,0,0.00451,"백이강역:조정석,백이현역:윤시윤,송자인역:한예리,전봉준역:최무성,백가역:박혁권,최덕기역:김상호,황석주역:최원영,채씨역:황영희,백이화역:백은혜,유월이역:서영희,남서방역:정선철,최경선역:민성욱,해승역:안길강,버들이역:노행하,번개역:병헌,동록개역:정규수,김가역:박지환,김개남역:김정호,손화중역:홍우진,송희옥역:이태검,황명심역:박규영,홍가역:조희봉,억쇠역:조현식,철두역:김도연,박원명역:김하균,송봉길역:박지일,김당손역:문원주,김문현역:이순원,김학진역:남문철,홍계훈역:윤서현,이규태역:손우현,이두황역:서종봉,대원군역:전국환,민비역:김지현,고종역:이윤건,조병갑역:장광,이용태역:이정헌,최시형역:전무송,다케다요스케역:이기찬,김홍집역:황만익"
20200624,CNTV,035654,042550,녹두꽃,,24회,전국,002856,드라마&영화,드라마,미니시리즈,0,0,0,0,0,0,0.19917,0,0,0,0,0,0,0,"백이강역:조정석,백이현역:윤시윤,송자인역:한예리,전봉준역:최무성,백가역:박혁권,최덕기역:김상호,황석주역:최원영,채씨역:황영희,백이화역:백은혜,유월이역:서영희,남서방역:정선철,최경선역:민성욱,해승역:안길강,버들이역:노행하,번개역:병헌,동록개역:정규수,김가역:박지환,김개남역:김정호,손화중역:홍우진,송희옥역:이태검,황명심역:박규영,홍가역:조희봉,억쇠역:조현식,철두역:김도연,박원명역:김하균,송봉길역:박지일,김당손역:문원주,김문현역:이순원,김학진역:남문철,홍계훈역:윤서현,이규태역:손우현,이두황역:서종봉,대원군역:전국환,민비역:김지현,고종역:이윤건,조병갑역:장광,이용태역:이정헌,최시형역:전무송,다케다요스케역:이기찬,김홍집역:황만익"
20200624,CNTV,060548,070109,용의눈물,,89회,전국,005521,드라마&영화,드라마,주간연속극,0,0,0,0,0,0.06703,0.05561,0,0,0,0,0.08037,0.00324,0.01207,"유동근,최명길,이민우,안재모,김무생,김혜리"
20200624,CNTV,071441,080052,용의눈물,,90회,전국,004611,드라마&영화,드라마,주간연속극,0,0,0,0,0.01096,0.12312,0.10015,0,0.03336,0.00803,0,0.14635,0.01436,0.17312,"유동근,최명길,이민우,안재모,김무생,김혜리"
20200624,CNTV,092520,102916,자이언트,,47회,전국,010356,드라마&영화,드라마,주간연속극,0,0,0,0.00548,0,0.03201,0.31267,0,0,0,0,0,0.01036,0.27953,"이강모역:이범수,황정연역:박진희,조민우역:주상욱,이성모역:박상민,이미주역:황정음,조필연역:정보석,황태섭역:이덕화,박소태역:이문식,유경옥역:김서형,염재수역:유형관,황정식역:김정현,한명석역:이효정,오병탁역:김학철,이성모어린시절역:김수현,조민우어린시절역:노영학,이미주어린시절역:박하영,황정연어린시절역:남지현,이강모어린시절역:여진구,민홍기역:이기영,백파역:임혁,말죽거리파두목역:최민,홍기표역:손병호,염시덕역:신승환,이복자역:한경선,염경자역:최하나,남영출역:송경철,오남숙역:문희경,주영국역:장순국,문성중역:이승형,양명자역:홍여진,고재춘역:윤용현,유찬성역:황택하,윤기훈역:임종윤,지연수역:유호린,천수연역:한다민,차부철역:김성오"
20200624,CNTV,104852,115043,야인시대,,52회,전국,010151,드라마&영화,드라마,주간연속극,0.00809,0,0.06066,0,0.05316,0.06103,0.44839,0,0,0.00396,0.03164,0.03165,0.03183,0.34846,"청년김두한역:안재모,소년김두한역:곽정욱,장년김두한역:김영철,장년정진영역:차광수,구마적역:이원종,쌍칼역:박준규,김무옥역:이혁재,문영철역:장세진,장년개코역:성동일,신마적역:최철호,하야시역:이창훈,가미소리역:이상인,시바루역:이세창,나미꼬역:이세은,시라소니역:조상구,최동열역:정동환,미와역:이재용,마루오까역:최재성,설향역:허영란,애란역:조여정,정운경역:심형탁,김좌진역:최동준,오숙근역:이덕희,박계숙역:전미선,원노인역:이순재,유진산역:이효정,이정재역:김영호,조병옥역:김학철,이화룡역:안승훈,청년개코역:이동훈,신영균역:윤용현,청년정진영역:김정민,김영태역:박영록,박인애역:정소영,이영숙역:이일화,김두한어린시절역:곽정욱"
20200624,CNTV,120956,130037,광개토태왕,,85회,전국,005041,드라마&영화,드라마,주말연속극,0.05848,0.00573,0,0.04816,0.68807,0.16492,0.71505,0.07244,0,0,0.08225,0.00328,0.19908,0.48021,"담덕역:이태곤,고운역:김승수,모용보역:임호,도영역:오지은,연살타역:홍경인,약연역:이인혜,고무역:김진태,고창역:남성진,모두영역:이원발,모두루역:임대호,모용수역:김동현,풍발역:정호근,개연수역:최동준,가라지역:오욱철,연도부역:반석진,계필역:선동혁,이영역:최상훈,담망역:정태우,이련역:송용태,고야역:이보희,담주역:조안,설도안역:김규철,설지역:김정화,마수역:고인범,여소이역:임병기,돌비수역:김정현,갈사무역:강신조,도광역:박승호,소모역:강지후,여문역:나주석,모용희역:조인표,거보역:김덕현,무갑역:유종근,여석개역:방형주,황회역:김명수,원봉역:박유승,하무지역:윤승원,사갈현역:김철기,아신역:박정철"
20200624,CNTV,131957,141557,용의눈물,,89회,전국,005600,드라마&영화,드라마,주간연속극,0,0.01375,0.0394,0.03185,0.22679,0.05637,0.37602,0,0,0.04608,0.01068,0.09599,0.05175,0.35155,"유동근,최명길,이민우,안재모,김무생,김혜리"
20200624,CNTV,143629,152255,용의눈물,,90회,전국,004626,드라마&영화,드라마,주간연속극,0,0,0,0.02526,0,0.10374,0.24419,0,0,0,0.13771,0.30833,0.22685,0.20928,"유동근,최명길,이민우,안재모,김무생,김혜리"
20200624,CNTV,154529,164940,자이언트,,47회,전국,010411,드라마&영화,드라마,주간연속극,0.01148,0,0.00827,0.04517,0.13643,0.04693,0.55375,0.14853,0.01565,0.08611,0.06567,0.30842,0.06857,0.08426,"이강모역:이범수,황정연역:박진희,조민우역:주상욱,이성모역:박상민,이미주역:황정음,조필연역:정보석,황태섭역:이덕화,박소태역:이문식,유경옥역:김서형,염재수역:유형관,황정식역:김정현,한명석역:이효정,오병탁역:김학철,이성모어린시절역:김수현,조민우어린시절역:노영학,이미주어린시절역:박하영,황정연어린시절역:남지현,이강모어린시절역:여진구,민홍기역:이기영,백파역:임혁,말죽거리파두목역:최민,홍기표역:손병호,염시덕역:신승환,이복자역:한경선,염경자역:최하나,남영출역:송경철,오남숙역:문희경,주영국역:장순국,문성중역:이승형,양명자역:홍여진,고재춘역:윤용현,유찬성역:황택하,윤기훈역:임종윤,지연수역:유호린,천수연역:한다민,차부철역:김성오"
20200624,CNTV,170915,181105,야인시대,,52회,전국,010150,드라마&영화,드라마,주간연속극,0,0,0.11695,0.00657,0.00288,0.18912,0.34584,0,0,0.02909,0,0.00282,0.30127,0.02407,"청년김두한역:안재모,소년김두한역:곽정욱,장년김두한역:김영철,장년정진영역:차광수,구마적역:이원종,쌍칼역:박준규,김무옥역:이혁재,문영철역:장세진,장년개코역:성동일,신마적역:최철호,하야시역:이창훈,가미소리역:이상인,시바루역:이세창,나미꼬역:이세은,시라소니역:조상구,최동열역:정동환,미와역:이재용,마루오까역:최재성,설향역:허영란,애란역:조여정,정운경역:심형탁,김좌진역:최동준,오숙근역:이덕희,박계숙역:전미선,원노인역:이순재,유진산역:이효정,이정재역:김영호,조병옥역:김학철,이화룡역:안승훈,청년개코역:이동훈,신영균역:윤용현,청년정진영역:김정민,김영태역:박영록,박인애역:정소영,이영숙역:이일화,김두한어린시절역:곽정욱"
20200624,CNTV,182834,191915,광개토태왕,,85회,전국,005041,드라마&영화,드라마,주말연속극,0.02615,0,0.21467,0.09924,0.14659,0.47355,0.7275,0,0.04549,0.00654,0.07394,0.07684,0.51533,0.13074,"담덕역:이태곤,고운역:김승수,모용보역:임호,도영역:오지은,연살타역:홍경인,약연역:이인혜,고무역:김진태,고창역:남성진,모두영역:이원발,모두루역:임대호,모용수역:김동현,풍발역:정호근,개연수역:최동준,가라지역:오욱철,연도부역:반석진,계필역:선동혁,이영역:최상훈,담망역:정태우,이련역:송용태,고야역:이보희,담주역:조안,설도안역:김규철,설지역:김정화,마수역:고인범,여소이역:임병기,돌비수역:김정현,갈사무역:강신조,도광역:박승호,소모역:강지후,여문역:나주석,모용희역:조인표,거보역:김덕현,무갑역:유종근,여석개역:방형주,황회역:김명수,원봉역:박유승,하무지역:윤승원,사갈현역:김철기,아신역:박정철"
20200624,CNTV,193849,203434,용의눈물,,89회,전국,005545,드라마&영화,드라마,주간연속극,0,0,0,0,0.00428,0.02453,0.21304,0,0,0,0,0.00305,0.06488,0.08191,"유동근,최명길,이민우,안재모,김무생,김혜리"
20200624,CNTV,205300,213939,용의눈물,,90회,전국,004639,드라마&영화,드라마,주간연속극,0,0,0.00493,0,0.00715,0.00369,0.05813,0,0.01897,0,0.09447,0.01672,0.03119,0.03186,"유동근,최명길,이민우,안재모,김무생,김혜리"
20200624,CNTV,215656,230107,자이언트,,47회,전국,010411,드라마&영화,드라마,주간연속극,0.04086,0.00914,0,0.00138,0.17386,0.11413,0.06537,0.51142,0.23717,0,0.01096,0.35217,0.02,0.09127,"이강모역:이범수,황정연역:박진희,조민우역:주상욱,이성모역:박상민,이미주역:황정음,조필연역:정보석,황태섭역:이덕화,박소태역:이문식,유경옥역:김서형,염재수역:유형관,황정식역:김정현,한명석역:이효정,오병탁역:김학철,이성모어린시절역:김수현,조민우어린시절역:노영학,이미주어린시절역:박하영,황정연어린시절역:남지현,이강모어린시절역:여진구,민홍기역:이기영,백파역:임혁,말죽거리파두목역:최민,홍기표역:손병호,염시덕역:신승환,이복자역:한경선,염경자역:최하나,남영출역:송경철,오남숙역:문희경,주영국역:장순국,문성중역:이승형,양명자역:홍여진,고재춘역:윤용현,유찬성역:황택하,윤기훈역:임종윤,지연수역:유호린,천수연역:한다민,차부철역:김성오"
20200624,CNTV,231725,241915,야인시대,,52회,전국,010150,드라마&영화,드라마,주간연속극,0,0,0,0.0131,0,0.00363,0.01499,0,0,0,0,0.00581,0.00233,0.01848,"청년김두한역:안재모,소년김두한역:곽정욱,장년김두한역:김영철,장년정진영역:차광수,구마적역:이원종,쌍칼역:박준규,김무옥역:이혁재,문영철역:장세진,장년개코역:성동일,신마적역:최철호,하야시역:이창훈,가미소리역:이상인,시바루역:이세창,나미꼬역:이세은,시라소니역:조상구,최동열역:정동환,미와역:이재용,마루오까역:최재성,설향역:허영란,애란역:조여정,정운경역:심형탁,김좌진역:최동준,오숙근역:이덕희,박계숙역:전미선,원노인역:이순재,유진산역:이효정,이정재역:김영호,조병옥역:김학철,이화룡역:안승훈,청년개코역:이동훈,신영균역:윤용현,청년정진영역:김정민,김영태역:박영록,박인애역:정소영,이영숙역:이일화,김두한어린시절역:곽정욱"
20200624,CNTV,243403,252445,광개토태왕,,85회,전국,005042,드라마&영화,드라마,주말연속극,0,0,0.01285,0.00954,0.00659,0,0.32251,0,0.19867,0.02943,0.00743,0.08486,0,0.2335,"담덕역:이태곤,고운역:김승수,모용보역:임호,도영역:오지은,연살타역:홍경인,약연역:이인혜,고무역:김진태,고창역:남성진,모두영역:이원발,모두루역:임대호,모용수역:김동현,풍발역:정호근,개연수역:최동준,가라지역:오욱철,연도부역:반석진,계필역:선동혁,이영역:최상훈,담망역:정태우,이련역:송용태,고야역:이보희,담주역:조안,설도안역:김규철,설지역:김정화,마수역:고인범,여소이역:임병기,돌비수역:김정현,갈사무역:강신조,도광역:박승호,소모역:강지후,여문역:나주석,모용희역:조인표,거보역:김덕현,무갑역:유종근,여석개역:방형주,황회역:김명수,원봉역:박유승,하무지역:윤승원,사갈현역:김철기,아신역:박정철"
20200624,DRAMAcube,050549,053410,아이템,,7회,전국,002821,드라마&영화,드라마,미니시리즈,0,0,0,0,0,0,0.00753,0,0,0,0,0,0.13119,0.00683,"강곤역:주지훈,신소영역:진세연,조세황역:김강우,한유나역:김유리,구동영역:박원상,신구철역:이대연,방학재역:김민교,하승목역:황동주,서요한역:오승훈,이한길역:최진호,최호준역:김도현,유철조역:정인겸,김대흥역:최권,정진만역:임영식,강다인역:신린아"
20200624,DRAMAcube,053419,060553,아이템,,8회,전국,003134,드라마&영화,드라마,미니시리즈,0,0,0,0,0,0,0,0,0,0,0,0,0,0,"강곤역:주지훈,신소영역:진세연,조세황역:김강우,한유나역:김유리,구동영역:박원상,신구철역:이대연,방학재역:김민교,하승목역:황동주,서요한역:오승훈,이한길역:최진호,최호준역:김도현,유철조역:정인겸,김대흥역:최권,정진만역:임영식,강다인역:신린아"
20200624,DRAMAcube,060952,071551,배가본드,,13회,전국,010559,드라마&영화,드라마,미니시리즈,0,0,0.00496,0.02113,0,0.00309,0,0,0,0,0.01473,0.00803,0,0.00179,"차달건역:이승기,고해리역:배수지,기태웅역:신성록,제시카리역:문정희,정국표역:백윤식,홍순조역:문성근,에드워드박역:이경영,강주철역:이기영,윤한기역:김민종,민재식역:정만식,공화숙역:황보라,박만영역:최광일,안기동역:김종수,김세훈역:신승환,한기수역:김민서,미키역:류원,홍승범역:김정현,릴리역:박아인,박광덕역:고규필,제롬역:유태오,김우기역:장혁진,오상미역:강경헌,김도수역:최대철"
20200624,DRAMAcube,082920,093706,야식남녀,,8회,전국,010746,드라마&영화,드라마,미니시리즈,0,0,0.0022,0.00421,0.00712,0.01675,0.00632,0,0,0.00165,0,0.11544,0.00624,0.01016,"박진성역:정일우,김아진역:강지영,강태완역:이학주,이상영역:김승수,차주희역:김수진,남규장역:양대혁,유성은역:공민정,노재수역:박성준,박진우역:최재현"
20200624,DRAMAcube,112740,123155,편의점샛별이,,1회,전국,010415,드라마&영화,드라마,미니시리즈,0,0.24557,0.04584,0.00423,0.15681,0.03881,0.15828,0,0.01741,0.03442,0.03765,0.21528,0.13926,0.08567,"최대현역:지창욱,정샛별역:김유정,유연주역:한선화,조승준역:도상우,정은별역:솔빈,공분희역:김선영,최용필역:이병준,한달식역:음문석,권의추역:우현,차기복역:이윤희,고광태역:배기범,김혜자역:견미리,최대순역:김지현,황금비역:서예화,차은조역:윤수,배부장역:허재호,강성태역:지찬,김정하역:신윤정,오현지역:한류은,강지욱역:김민규,유명기역:길용우"
20200624,DRAMAcube,124827,135031,편의점샛별이,,2회,전국,010204,드라마&영화,드라마,미니시리즈,0,0,0,0.00773,0.00774,0,0.10258,0,0,0,0,0.00935,0.13267,0.00808,"최대현역:지창욱,정샛별역:김유정,유연주역:한선화,조승준역:도상우,정은별역:솔빈,공분희역:김선영,최용필역:이병준,한달식역:음문석,권의추역:우현,차기복역:이윤희,고광태역:배기범,김혜자역:견미리,최대순역:김지현,황금비역:서예화,차은조역:윤수,배부장역:허재호,강성태역:지찬,김정하역:신윤정,오현지역:한류은,강지욱역:김민규,유명기역:길용우"
20200624,DRAMAcube,192519,202936,편의점샛별이,,1회,전국,010417,드라마&영화,드라마,미니시리즈,0,0.02699,0.3233,0.02052,0.24879,0.04786,0.01247,0,0.09275,0.00755,0.0165,0.40097,0.19836,0.04129,"최대현역:지창욱,정샛별역:김유정,유연주역:한선화,조승준역:도상우,정은별역:솔빈,공분희역:김선영,최용필역:이병준,한달식역:음문석,권의추역:우현,차기복역:이윤희,고광태역:배기범,김혜자역:견미리,최대순역:김지현,황금비역:서예화,차은조역:윤수,배부장역:허재호,강성태역:지찬,김정하역:신윤정,오현지역:한류은,강지욱역:김민규,유명기역:길용우"
20200624,DRAMAcube,204342,214547,편의점샛별이,,2회,전국,010205,드라마&영화,드라마,미니시리즈,0,0,0,0.05763,0.26104,0.0766,0.07149,0,0,0.02075,0.22165,0.29593,0.25665,0.08526,"최대현역:지창욱,정샛별역:김유정,유연주역:한선화,조승준역:도상우,정은별역:솔빈,공분희역:김선영,최용필역:이병준,한달식역:음문석,권의추역:우현,차기복역:이윤희,고광태역:배기범,김혜자역:견미리,최대순역:김지현,황금비역:서예화,차은조역:윤수,배부장역:허재호,강성태역:지찬,김정하역:신윤정,오현지역:한류은,강지욱역:김민규,유명기역:길용우"
20200624,DramaH,100932,111332,바람과구름과비,,10회,전국,010400,드라마&영화,드라마,미니시리즈,0,0,0.01995,0.03388,0,0.2546,0.06679,0,0,0.02623,0,0.11056,0.03165,0.09975,"최천중역:박시후,봉련역:고성희,흥선대원군이하응역:전광렬,채인규역:성혁,김병운역:김승수,김좌근역:차광수,나합역:윤아정,김병학역:한재영,조대비역:김보연,철종역:정욱,이하전역:이루,명성황후민자영역:박정연,고종이재황역:박상훈,용팔룡역:조복래,주모역:김주령,적도사진상역:한동규,팽구철역:노형욱,만석역:박노식,연치성역:임현수,반달역:왕빛나,임종사관역:허태희,최천중어린시절역:강태우,봉련어린시절역:홍승희,채인규어린시절역:최정우,상복역:허성태,민승호역:이해우,저자이병주,출판그림같은세상2020.08.28.,e북무료판매처 1건"
20200624,DramaH,113527,123909,바람과구름과비,,11회,전국,010342,드라마&영화,드라마,미니시리즈,0.02463,0.01115,0.00335,0.11359,0.06808,0.23464,0.38462,0.00761,0.01211,0.00265,0.13704,0.12607,0.40818,0.50826,"최천중역:박시후,봉련역:고성희,흥선대원군이하응역:전광렬,채인규역:성혁,김병운역:김승수,김좌근역:차광수,나합역:윤아정,김병학역:한재영,조대비역:김보연,철종역:정욱,이하전역:이루,명성황후민자영역:박정연,고종이재황역:박상훈,용팔룡역:조복래,주모역:김주령,적도사진상역:한동규,팽구철역:노형욱,만석역:박노식,연치성역:임현수,반달역:왕빛나,임종사관역:허태희,최천중어린시절역:강태우,봉련어린시절역:홍승희,채인규어린시절역:최정우,상복역:허성태,민승호역:이해우,저자이병주,출판그림같은세상2020.08.28.,e북무료판매처 1건"
20200624,DramaH,160411,170810,바람과구름과비,,10회,전국,010359,드라마&영화,드라마,미니시리즈,0,0,0,0.01874,0,0,0.24966,0,0,0.04451,0,0.06009,0.31248,0.25842,"최천중역:박시후,봉련역:고성희,흥선대원군이하응역:전광렬,채인규역:성혁,김병운역:김승수,김좌근역:차광수,나합역:윤아정,김병학역:한재영,조대비역:김보연,철종역:정욱,이하전역:이루,명성황후민자영역:박정연,고종이재황역:박상훈,용팔룡역:조복래,주모역:김주령,적도사진상역:한동규,팽구철역:노형욱,만석역:박노식,연치성역:임현수,반달역:왕빛나,임종사관역:허태희,최천중어린시절역:강태우,봉련어린시절역:홍승희,채인규어린시절역:최정우,상복역:허성태,민승호역:이해우,저자이병주,출판그림같은세상2020.08.28.,e북무료판매처 1건"
20200624,DramaH,172737,183120,바람과구름과비,,11회,전국,010343,드라마&영화,드라마,미니시리즈,0,0,0.11503,0.04535,0.00428,0.1503,0.31427,0,0,0.08187,0.05624,0.21861,0.52907,0.30454,"최천중역:박시후,봉련역:고성희,흥선대원군이하응역:전광렬,채인규역:성혁,김병운역:김승수,김좌근역:차광수,나합역:윤아정,김병학역:한재영,조대비역:김보연,철종역:정욱,이하전역:이루,명성황후민자영역:박정연,고종이재황역:박상훈,용팔룡역:조복래,주모역:김주령,적도사진상역:한동규,팽구철역:노형욱,만석역:박노식,연치성역:임현수,반달역:왕빛나,임종사관역:허태희,최천중어린시절역:강태우,봉련어린시절역:홍승희,채인규어린시절역:최정우,상복역:허성태,민승호역:이해우,저자이병주,출판그림같은세상2020.08.28.,e북무료판매처 1건"
20200624,DramaH,225347,235746,바람과구름과비,,10회,전국,010359,드라마&영화,드라마,미니시리즈,0.00607,0,0,0.01334,0.00279,0.01248,0.11922,0.01836,0.07657,0,0.01393,0.10916,0.44214,0.0168,"최천중역:박시후,봉련역:고성희,흥선대원군이하응역:전광렬,채인규역:성혁,김병운역:김승수,김좌근역:차광수,나합역:윤아정,김병학역:한재영,조대비역:김보연,철종역:정욱,이하전역:이루,명성황후민자영역:박정연,고종이재황역:박상훈,용팔룡역:조복래,주모역:김주령,적도사진상역:한동규,팽구철역:노형욱,만석역:박노식,연치성역:임현수,반달역:왕빛나,임종사관역:허태희,최천중어린시절역:강태우,봉련어린시절역:홍승희,채인규어린시절역:최정우,상복역:허성태,민승호역:이해우,저자이병주,출판그림같은세상2020.08.28.,e북무료판매처 1건"
20200624,DramaH,241304,251646,바람과구름과비,,11회,전국,010342,드라마&영화,드라마,미니시리즈,0,0,0,0,0.00179,0.03145,0.12859,0,0.06016,0.02214,0,0.02707,0.45393,0.00751,"최천중역:박시후,봉련역:고성희,흥선대원군이하응역:전광렬,채인규역:성혁,김병운역:김승수,김좌근역:차광수,나합역:윤아정,김병학역:한재영,조대비역:김보연,철종역:정욱,이하전역:이루,명성황후민자영역:박정연,고종이재황역:박상훈,용팔룡역:조복래,주모역:김주령,적도사진상역:한동규,팽구철역:노형욱,만석역:박노식,연치성역:임현수,반달역:왕빛나,임종사관역:허태희,최천중어린시절역:강태우,봉련어린시절역:홍승희,채인규어린시절역:최정우,상복역:허성태,민승호역:이해우,저자이병주,출판그림같은세상2020.08.28.,e북무료판매처 1건"
20200624,DramaH,253121,255959,바람과구름과비,,10회,전국,002838,드라마&영화,드라마,미니시리즈,0,0,0.06027,0,0,0.05052,0.1096,0,0,0,0,0,0.19317,0,"최천중역:박시후,봉련역:고성희,흥선대원군이하응역:전광렬,채인규역:성혁,김병운역:김승수,김좌근역:차광수,나합역:윤아정,김병학역:한재영,조대비역:김보연,철종역:정욱,이하전역:이루,명성황후민자영역:박정연,고종이재황역:박상훈,용팔룡역:조복래,주모역:김주령,적도사진상역:한동규,팽구철역:노형욱,만석역:박노식,연치성역:임현수,반달역:왕빛나,임종사관역:허태희,최천중어린시절역:강태우,봉련어린시절역:홍승희,채인규어린시절역:최정우,상복역:허성태,민승호역:이해우,저자이병주,출판그림같은세상2020.08.28.,e북무료판매처 1건"
20200624,Dramax,062036,065152,당신의하우스헬퍼,,5회,전국,003116,드라마&영화,드라마,미니시리즈,0,0,0.11601,0,0,0.00868,0.02584,0,0,0,0,0.01983,0,0.03783,"김지운역:하석진,임다영역:보나,권진국역:이지훈,윤상아역:고원희,한소미역:서은아,강혜주역:전수진,고태수역:조희봉,박가람역:연준석,장용건역:윤주상,조팀장역:정석용,안진홍역:이민영,오윤기역:임지규,서호기역:김민석,백장미역:송상은,최나리역:이노아,방철수역:이도겸,이소희역:심이영"
20200624,Dramax,065303,072213,당신의하우스헬퍼,,6회,전국,002910,드라마&영화,드라마,미니시리즈,0,0,0,0,0,0,0,0,0,0,0,0,0.01993,0.00335,"김지운역:하석진,임다영역:보나,권진국역:이지훈,윤상아역:고원희,한소미역:서은아,강혜주역:전수진,고태수역:조희봉,박가람역:연준석,장용건역:윤주상,조팀장역:정석용,안진홍역:이민영,오윤기역:임지규,서호기역:김민석,백장미역:송상은,최나리역:이노아,방철수역:이도겸,이소희역:심이영"
20200624,Dramax,122541,133240,낭만닥터김사부2,,5회,전국,010659,드라마&영화,드라마,미니시리즈,0,0.02199,0.08513,0.03701,0.20821,0.13215,0.052,0,0.22482,0.11881,0.12379,0.37396,0.1602,0.02095,"김사부역:한석규,서우진역:안효섭,차은재역:이성경,박민국역:김주헌,배문정역:신동욱,윤아름역:소주연,정인수역:윤나무,여운영역:김홍파,오명심역:진경,장기태역:임원희,남도일역:변우민,박은탁역:김민재,양호준역:고상호,심혜진역:박효주,허영규역:배명진,도윤완역:최진호,엄현정역:정지안,주영미역:윤보라,주지배인역:서영"
20200624,Dramax,134737,145545,낭만닥터김사부2,,6회,전국,010808,드라마&영화,드라마,미니시리즈,0,0,0.0363,0.01773,0.03452,0.25989,0.0646,0,0.03164,0.04248,0,0.09542,0.07642,0.02243,"김사부역:한석규,서우진역:안효섭,차은재역:이성경,박민국역:김주헌,배문정역:신동욱,윤아름역:소주연,정인수역:윤나무,여운영역:김홍파,오명심역:진경,장기태역:임원희,남도일역:변우민,박은탁역:김민재,양호준역:고상호,심혜진역:박효주,허영규역:배명진,도윤완역:최진호,엄현정역:정지안,주영미역:윤보라,주지배인역:서영"
20200624,E채널,080237,090332,닥터스,,5회,전국,010055,드라마&영화,드라마,주간연속극,0,0.0134,0.0148,0,0.23379,0.06416,0.04686,0,0.1789,0.01111,0.11846,0.19242,0.06104,0.00538,"홍지홍역:김래원,유혜정역:박신혜,정윤도역:윤균상,진서우역:이성경,강말순역:김영애,유민호역:정해균,이가진역:박지아,유유나역:한보배,김수철역:지수,천순희역:문지인,홍두식역:이호재,조인주역:유다인,진성종역:전국환,진명훈역:엄효섭,윤지영역:윤해영,김태호역:장현성,강경준역:김강현,피영국역:백성현,안중대역:조현식,최강수역:김민석,백호민역:정진,정파란역:이선호,황보태양역:최성재,현수진간호사역:표예진,유별간호사역:지이수,조직보스역:이기우,오영미역:정경순,이수정역:임지연,조수지역:한혜진,안성수역:조달환,남바람역:남궁민,예비신랑역:이상엽"
20200624,E채널,091821,101951,닥터스,,6회,전국,010130,드라마&영화,드라마,주간연속극,0.03192,0,0.00549,0.01218,0.46379,0.01303,0.06527,0,0.00962,0.00903,0.23297,0.02228,0.01422,0.00913,"홍지홍역:김래원,유혜정역:박신혜,정윤도역:윤균상,진서우역:이성경,강말순역:김영애,유민호역:정해균,이가진역:박지아,유유나역:한보배,김수철역:지수,천순희역:문지인,홍두식역:이호재,조인주역:유다인,진성종역:전국환,진명훈역:엄효섭,윤지영역:윤해영,김태호역:장현성,강경준역:김강현,피영국역:백성현,안중대역:조현식,최강수역:김민석,백호민역:정진,정파란역:이선호,황보태양역:최성재,현수진간호사역:표예진,유별간호사역:지이수,조직보스역:이기우,오영미역:정경순,이수정역:임지연,조수지역:한혜진,안성수역:조달환,남바람역:남궁민,예비신랑역:이상엽"
20200624,FX,041033,051340,야인시대,,107회,전국,010307,드라마&영화,드라마,주간연속극,0,0.01381,0,0,0,0.0099,0.00213,0,0,0.00454,0,0.01556,0.00918,0.00364,"청년김두한역:안재모,소년김두한역:곽정욱,장년김두한역:김영철,장년정진영역:차광수,구마적역:이원종,쌍칼역:박준규,김무옥역:이혁재,문영철역:장세진,장년개코역:성동일,신마적역:최철호,하야시역:이창훈,가미소리역:이상인,시바루역:이세창,나미꼬역:이세은,시라소니역:조상구,최동열역:정동환,미와역:이재용,마루오까역:최재성,설향역:허영란,애란역:조여정,정운경역:심형탁,김좌진역:최동준,오숙근역:이덕희,박계숙역:전미선,원노인역:이순재,유진산역:이효정,이정재역:김영호,조병옥역:김학철,이화룡역:안승훈,청년개코역:이동훈,신영균역:윤용현,청년정진영역:김정민,김영태역:박영록,박인애역:정소영,이영숙역:이일화,김두한어린시절역:곽정욱"
20200624,FX,084506,093714,허준,,45회,전국,005208,드라마&영화,드라마,주간연속극,0,0.00541,0,0,0,0.04409,0.13984,0,0,0,0.00538,0,0.00284,0.15766,"허준역:전광렬,유의태역:이순재,유도지역:김병세,예진역:황수정,임오근역:임현식,구일서역:이희도"
20200624,FX,095106,104010,허준,,46회,전국,004904,드라마&영화,드라마,주간연속극,0,0,0,0,0,0,0,0,0,0,0,0,0,0,"허준역:전광렬,유의태역:이순재,유도지역:김병세,예진역:황수정,임오근역:임현식,구일서역:이희도"
20200624,FX,163754,174417,간택여인들의전쟁,,15회,전국,010623,드라마&영화,드라마,미니시리즈,0,0,0,0,0.00554,0,0.02227,0,0.00296,0,0.0012,0.00546,0.01957,0.10745,"강은보역:진세연,이경역:김민규,이재화역:도상우,조영지역:이열음,왈역:이시언,김송이역:이화겸,대왕대비역:정애리,대비역:조은숙,조흥견역:이재용,김만찬역:손병호,용호역:이주진"
20200624,FX,175449,185952,야인시대,,107회,전국,010503,드라마&영화,드라마,주간연속극,0,0,0.00969,0,0,0.01435,0.02481,0,0,0,0,0,0.01158,0.05854,"청년김두한역:안재모,소년김두한역:곽정욱,장년김두한역:김영철,장년정진영역:차광수,구마적역:이원종,쌍칼역:박준규,김무옥역:이혁재,문영철역:장세진,장년개코역:성동일,신마적역:최철호,하야시역:이창훈,가미소리역:이상인,시바루역:이세창,나미꼬역:이세은,시라소니역:조상구,최동열역:정동환,미와역:이재용,마루오까역:최재성,설향역:허영란,애란역:조여정,정운경역:심형탁,김좌진역:최동준,오숙근역:이덕희,박계숙역:전미선,원노인역:이순재,유진산역:이효정,이정재역:김영호,조병옥역:김학철,이화룡역:안승훈,청년개코역:이동훈,신영균역:윤용현,청년정진영역:김정민,김영태역:박영록,박인애역:정소영,이영숙역:이일화,김두한어린시절역:곽정욱"
20200624,FX,202436,213059,간택여인들의전쟁,,15회,전국,010623,드라마&영화,드라마,미니시리즈,0,0.08414,0,0,0,0.0443,0.00246,0,0,0.01847,0,0.00382,0.03482,0.08398,"강은보역:진세연,이경역:김민규,이재화역:도상우,조영지역:이열음,왈역:이시언,김송이역:이화겸,대왕대비역:정애리,대비역:조은숙,조흥견역:이재용,김만찬역:손병호,용호역:이주진"
20200624,FX,214851,225928,간택여인들의전쟁,,16회,전국,011037,드라마&영화,드라마,미니시리즈,0,0,0,0,0,0.18353,0.0083,0,0,0.06075,0,0.11943,0,0.15757,"강은보역:진세연,이경역:김민규,이재화역:도상우,조영지역:이열음,왈역:이시언,김송이역:이화겸,대왕대비역:정애리,대비역:조은숙,조흥견역:이재용,김만찬역:손병호,용호역:이주진"
20200624,FX,243316,253819,야인시대,,107회,전국,010503,드라마&영화,드라마,주간연속극,0,0,0,0.01011,0,0.03834,0.04706,0,0,0,0.00428,0,0.00253,0.03803,"청년김두한역:안재모,소년김두한역:곽정욱,장년김두한역:김영철,장년정진영역:차광수,구마적역:이원종,쌍칼역:박준규,김무옥역:이혁재,문영철역:장세진,장년개코역:성동일,신마적역:최철호,하야시역:이창훈,가미소리역:이상인,시바루역:이세창,나미꼬역:이세은,시라소니역:조상구,최동열역:정동환,미와역:이재용,마루오까역:최재성,설향역:허영란,애란역:조여정,정운경역:심형탁,김좌진역:최동준,오숙근역:이덕희,박계숙역:전미선,원노인역:이순재,유진산역:이효정,이정재역:김영호,조병옥역:김학철,이화룡역:안승훈,청년개코역:이동훈,신영균역:윤용현,청년정진영역:김정민,김영태역:박영록,박인애역:정소영,이영숙역:이일화,김두한어린시절역:곽정욱"
20200624,JTBC2,033104,043447,야식남녀,,9회,전국,010343,드라마&영화,드라마,미니시리즈,0,0,0.14773,0,0,0.01123,0.01473,0,0,0.00741,0,0,0.01341,0,"박진성역:정일우,김아진역:강지영,강태완역:이학주,이상영역:김승수,차주희역:김수진,남규장역:양대혁,유성은역:공민정,노재수역:박성준,박진우역:최재현"
20200624,JTBC2,044407,054753,야식남녀,,10회,전국,010346,드라마&영화,드라마,미니시리즈,0,0,0.00395,0.01356,0.01716,0.01865,0.03883,0,0,0.02519,0.0191,0.00331,0.02098,0.07051,"박진성역:정일우,김아진역:강지영,강태완역:이학주,이상영역:김승수,차주희역:김수진,남규장역:양대혁,유성은역:공민정,노재수역:박성준,박진우역:최재현"
20200624,JTBC2,230440,240913,쌍갑포차,,10회,전국,010433,드라마&영화,드라마,미니시리즈,0,0,0.00672,0.20419,0.32961,0.21939,0.15647,0.11408,0.05559,0.06571,0.1807,0.04525,0.04202,0.07302,"월주역:황정음,한강배역:육성재,귀반장역:최원영,염부장역:이준혁,강여린역:정다은,최진동역:안태환,송미란역:박하나,박대리역:박주형,김원형역:나인우"
20200624,JTBC2,242000,252816,쌍갑포차,,11회,전국,010816,드라마&영화,드라마,미니시리즈,0,0,0.0521,0.08412,0.1185,0.30408,0.08953,0,0,0.12799,0.41778,0.46644,0.32924,0.05124,"월주역:황정음,한강배역:육성재,귀반장역:최원영,염부장역:이준혁,강여린역:정다은,최진동역:안태환,송미란역:박하나,박대리역:박주형,김원형역:나인우"
20200624,JTBC2,254139,255959,부부의세계,,1회,전국,001820,드라마&영화,드라마,미니시리즈,0,0,0.3996,0.40849,0.1552,0.10464,0.12084,0,0,0,0.53719,0.06475,0.03966,0.16136,"지선우역:김희애,이태오역:박해준,여다경역:한소희,고예림역:박선영,손제혁역:김영민,설명숙역:채국희,여병규역:이경영,엄효정역:김선경,이준영역:전진서,민현서역:심은우,박인규역:이학주,마강석역:박충선,공지철역:정재성,김윤기역:이무생,하동식역:김종태,윤노을역:신수연,차해강역:정준원,최회장아내역:서이숙,공지철아내역:박미현,차도철아내역:윤인조"
20200624,KBS DRAMA,044416,051219,기막힌유산,,46회,전국,002803,드라마&영화,드라마,일일연속극,0,0.03428,0,0,0,0.02266,0.51556,0,0,0,0.43815,0.01963,0.49166,0.12425,"부영배역:박인환,공계옥역:강세정,부설악역:신정윤,부백두역:강신조,윤민주역:이아현,부금강역:남성진,신애리역:김가연,정미희역:박순천,김용미역:이응경,부한라역:박신우,성판금역:조양자,부가온역:김비주,부태희역:김연지,부혜교역:김효경,부지현역:강유라,공소영역:김난주,이장원역:이일준,김수민역:조서후,김종두역:이춘식,차정건역:조순창,이청아역:정서하,손보미역:박민지,김영지역:주민하,강선희역:박현정,천호식역:백신,이정태역:노상보,고향숙역:박소정"
20200624,KBS DRAMA,051226,053956,기막힌유산,,47회,전국,002730,드라마&영화,드라마,일일연속극,0,0,0,0,0,0,0.65612,0,0,0,0.24879,0,0.49166,0.3811,"부영배역:박인환,공계옥역:강세정,부설악역:신정윤,부백두역:강신조,윤민주역:이아현,부금강역:남성진,신애리역:김가연,정미희역:박순천,김용미역:이응경,부한라역:박신우,성판금역:조양자,부가온역:김비주,부태희역:김연지,부혜교역:김효경,부지현역:강유라,공소영역:김난주,이장원역:이일준,김수민역:조서후,김종두역:이춘식,차정건역:조순창,이청아역:정서하,손보미역:박민지,김영지역:주민하,강선희역:박현정,천호식역:백신,이정태역:노상보,고향숙역:박소정"
20200624,KBS DRAMA,054344,061748,위험한약속,,54회,전국,003404,드라마&영화,드라마,일일연속극,0,0.30926,0,0.12754,0,0,0.67651,0,0,0,0.11559,0,0.59182,0.45427,"차은동역:박하나,강태인역:고세원,최준혁역:강성민,오혜원역:박영린,한지훈역:이창욱,차만종역:이대연,차은찬역:유준서,공영심역:유지연,봉석구역:현우섭,강일섭역:강신일,연두심역:이칸희,한광훈역:길용우,한서주역:김혜지,최명희역:김나운,고재숙역:윤복인,최영국역:송민형,민주란역:오영실,최준경역:이효나,이창욱역:김정운"
20200624,KBS DRAMA,061755,065153,위험한약속,,55회,전국,003358,드라마&영화,드라마,일일연속극,0,0.54318,0.02348,0.16776,0.07122,0.19316,0.72283,0,0.02013,0.16044,0.11559,0.12341,0.43548,0.80539,"차은동역:박하나,강태인역:고세원,최준혁역:강성민,오혜원역:박영린,한지훈역:이창욱,차만종역:이대연,차은찬역:유준서,공영심역:유지연,봉석구역:현우섭,강일섭역:강신일,연두심역:이칸희,한광훈역:길용우,한서주역:김혜지,최명희역:김나운,고재숙역:윤복인,최영국역:송민형,민주란역:오영실,최준경역:이효나,이창욱역:김정운"
20200624,KBS DRAMA,070241,073643,위험한약속,,56회,전국,003402,드라마&영화,드라마,일일연속극,0,0.45717,0,0.19159,0.01864,0.76307,0.4994,0.06043,0.01475,0.4411,0.11559,0.32441,0.5443,0.98781,"차은동역:박하나,강태인역:고세원,최준혁역:강성민,오혜원역:박영린,한지훈역:이창욱,차만종역:이대연,차은찬역:유준서,공영심역:유지연,봉석구역:현우섭,강일섭역:강신일,연두심역:이칸희,한광훈역:길용우,한서주역:김혜지,최명희역:김나운,고재숙역:윤복인,최영국역:송민형,민주란역:오영실,최준경역:이효나,이창욱역:김정운"
20200624,KBS DRAMA,073650,081051,위험한약속,,57회,전국,003401,드라마&영화,드라마,일일연속극,0,0.45717,0.08397,0.20783,0,0.72324,1.06251,0,0.07965,0.36789,0.21691,0.58826,1.2678,1.47299,"차은동역:박하나,강태인역:고세원,최준혁역:강성민,오혜원역:박영린,한지훈역:이창욱,차만종역:이대연,차은찬역:유준서,공영심역:유지연,봉석구역:현우섭,강일섭역:강신일,연두심역:이칸희,한광훈역:길용우,한서주역:김혜지,최명희역:김나운,고재숙역:윤복인,최영국역:송민형,민주란역:오영실,최준경역:이효나,이창욱역:김정운"
20200624,KBS DRAMA,081058,084459,위험한약속,,58회,전국,003401,드라마&영화,드라마,일일연속극,0,0.93225,0.2564,0.26215,0.37863,1.26932,1.53497,0,0.10481,0.17033,0.33722,1.17622,1.28524,1.62621,"차은동역:박하나,강태인역:고세원,최준혁역:강성민,오혜원역:박영린,한지훈역:이창욱,차만종역:이대연,차은찬역:유준서,공영심역:유지연,봉석구역:현우섭,강일섭역:강신일,연두심역:이칸희,한광훈역:길용우,한서주역:김혜지,최명희역:김나운,고재숙역:윤복인,최영국역:송민형,민주란역:오영실,최준경역:이효나,이창욱역:김정운"
20200624,KBS DRAMA,085855,093601,한번다녀왔습니다,,49회,전국,003706,드라마&영화,드라마,주말연속극,0,0,0,0.06898,0.04292,0.13138,0.14344,0,0.04058,0.03445,0.07034,0.5077,0.14828,0.68582,"송영달역:천호진,장옥분역:차화연,최윤정역:김보연,강초연역:이정은,송나희역:이민정,윤규진역:이상엽,송준선역:오대환,송가희역:오윤아,송다희역:이초희,양치수역:안길강,장옥자역:백지원,성현경역:임정은,윤재석역:이상이,박효신역:기도훈,김지훈역:문우진,이주리역:김소라,김가연역:송다은,건어물역:신미영,꽈배기역:김가영,송서영역:이가연,송서진역:안서연,이정록역:알렉스,유보영역:손성윤,유시후역:송민재,박지연역:신수정,한기영역:강유석,홍성우역:김현목,신혜정역:김미은,심정희역:이상경,오연지역:한봄,오정봉역:오의식,이종수역:장원혁,김승현역:배호근,송이역:김주영,지원역:찬희,이현역:이필모"
20200624,KBS DRAMA,093712,100823,한번다녀왔습니다,,50회,전국,003111,드라마&영화,드라마,주말연속극,0.07109,0,0.00867,0.2745,0.15607,0.18401,0.25259,0,0.23187,0,0.48217,0.56273,0.4226,0.79896,"송영달역:천호진,장옥분역:차화연,최윤정역:김보연,강초연역:이정은,송나희역:이민정,윤규진역:이상엽,송준선역:오대환,송가희역:오윤아,송다희역:이초희,양치수역:안길강,장옥자역:백지원,성현경역:임정은,윤재석역:이상이,박효신역:기도훈,김지훈역:문우진,이주리역:김소라,김가연역:송다은,건어물역:신미영,꽈배기역:김가영,송서영역:이가연,송서진역:안서연,이정록역:알렉스,유보영역:손성윤,유시후역:송민재,박지연역:신수정,한기영역:강유석,홍성우역:김현목,신혜정역:김미은,심정희역:이상경,오연지역:한봄,오정봉역:오의식,이종수역:장원혁,김승현역:배호근,송이역:김주영,지원역:찬희,이현역:이필모"
20200624,KBS DRAMA,102219,110026,한번다녀왔습니다,,51회,전국,003807,드라마&영화,드라마,주말연속극,0.27402,0,0,0.0064,0.03531,0.2395,0.00629,0.1622,0.03958,0.08535,0.55713,0.43032,0.25551,0.62721,"송영달역:천호진,장옥분역:차화연,최윤정역:김보연,강초연역:이정은,송나희역:이민정,윤규진역:이상엽,송준선역:오대환,송가희역:오윤아,송다희역:이초희,양치수역:안길강,장옥자역:백지원,성현경역:임정은,윤재석역:이상이,박효신역:기도훈,김지훈역:문우진,이주리역:김소라,김가연역:송다은,건어물역:신미영,꽈배기역:김가영,송서영역:이가연,송서진역:안서연,이정록역:알렉스,유보영역:손성윤,유시후역:송민재,박지연역:신수정,한기영역:강유석,홍성우역:김현목,신혜정역:김미은,심정희역:이상경,오연지역:한봄,오정봉역:오의식,이종수역:장원혁,김승현역:배호근,송이역:김주영,지원역:찬희,이현역:이필모"
20200624,KBS DRAMA,110137,113224,한번다녀왔습니다,,52회,전국,003047,드라마&영화,드라마,주말연속극,0.44351,0,0.03738,0.30016,0.24031,0.43783,0.27976,0.10273,0.27532,0.34644,0.56491,0.69338,0.70096,0.8486,"송영달역:천호진,장옥분역:차화연,최윤정역:김보연,강초연역:이정은,송나희역:이민정,윤규진역:이상엽,송준선역:오대환,송가희역:오윤아,송다희역:이초희,양치수역:안길강,장옥자역:백지원,성현경역:임정은,윤재석역:이상이,박효신역:기도훈,김지훈역:문우진,이주리역:김소라,김가연역:송다은,건어물역:신미영,꽈배기역:김가영,송서영역:이가연,송서진역:안서연,이정록역:알렉스,유보영역:손성윤,유시후역:송민재,박지연역:신수정,한기영역:강유석,홍성우역:김현목,신혜정역:김미은,심정희역:이상경,오연지역:한봄,오정봉역:오의식,이종수역:장원혁,김승현역:배호근,송이역:김주영,지원역:찬희,이현역:이필모"
20200624,KBS DRAMA,243654,250608,영혼수선공,,29회,전국,002914,드라마&영화,드라마,미니시리즈,0,0,0.13325,0,0,0.02405,0.03077,0,0,0.09032,0.0653,0.13533,0.08814,0.02977,"이시준역:신하균,한우주역:정소민,인동혁역:태인호,지영원역:박예진,공지선역:주민경,조인혜역:조경숙,오기태역:박수영,박대하역:정해균,이택경역:최정우,노우정역:안동구,강누리역:하영,임세찬역:장유상,공지희역:박한솔,장유미역:김가란,김영석역:김강민,송민수역:류시원"
20200624,KBS DRAMA,250718,254019,영혼수선공,,30회,전국,003301,드라마&영화,드라마,미니시리즈,0,0,0.21468,0.03688,0.19328,0.007,0.01082,0,0,0.15785,0.15315,0.12397,0.34815,0.04631,"이시준역:신하균,한우주역:정소민,인동혁역:태인호,지영원역:박예진,공지선역:주민경,조인혜역:조경숙,오기태역:박수영,박대하역:정해균,이택경역:최정우,노우정역:안동구,강누리역:하영,임세찬역:장유상,공지희역:박한솔,장유미역:김가란,김영석역:김강민,송민수역:류시원"
20200624,KBS W,020000,022748,위험한약속,,56회,전국,002748,드라마&영화,드라마,일일연속극,0,0,0,0,0,0.03189,0.19512,0,0.01375,0,0.02978,0.00597,0.0124,0.14474,"차은동역:박하나,강태인역:고세원,최준혁역:강성민,오혜원역:박영린,한지훈역:이창욱,차만종역:이대연,차은찬역:유준서,공영심역:유지연,봉석구역:현우섭,강일섭역:강신일,연두심역:이칸희,한광훈역:길용우,한서주역:김혜지,최명희역:김나운,고재숙역:윤복인,최영국역:송민형,민주란역:오영실,최준경역:이효나,이창욱역:김정운"
20200624,KBS W,022755,030155,위험한약속,,57회,전국,003400,드라마&영화,드라마,일일연속극,0,0,0,0,0.03506,0.12265,0.13572,0,0.05662,0.01002,0,0.02636,0.01048,0.17303,"차은동역:박하나,강태인역:고세원,최준혁역:강성민,오혜원역:박영린,한지훈역:이창욱,차만종역:이대연,차은찬역:유준서,공영심역:유지연,봉석구역:현우섭,강일섭역:강신일,연두심역:이칸희,한광훈역:길용우,한서주역:김혜지,최명희역:김나운,고재숙역:윤복인,최영국역:송민형,민주란역:오영실,최준경역:이효나,이창욱역:김정운"
20200624,KBS W,094830,105205,부부클리닉사랑과전쟁,,419회,전국,010335,드라마&영화,드라마,단막극,0.21164,0,0.01069,0.02223,0,0.00367,0.06624,0,0,0.06864,0.00917,0.00531,0.00745,0.08577,"이재만,민지영,최영완,이정수,장가현,손유경,이준우"
20200624,KBS W,110303,120524,부부클리닉사랑과전쟁,,420회,전국,010221,드라마&영화,드라마,단막극,0.58407,0,0,0.16578,0.02071,0,0.04286,0.05676,0,0,0.11559,0,0.01645,0.07566,"이재만,민지영,최영완,이정수,장가현,손유경,이준우"
20200624,KBS W,121942,132312,넝쿨째굴러온당신,,25회,전국,010330,드라마&영화,드라마,주말연속극,0.77649,0,0,0.31212,0,0.011,0.09543,0,0,0.01475,0.19185,0.04923,0.00921,0.12412,"차윤희역:김남주,방귀남역:유준상,엄청애역:윤여정,방장수역:장용,전막례역:강부자,한만희역:김영란,차세중역:김용희,민지영역:진경,차세광역:강민혁,엄보애역:유지인,엄순애역:양희경,방일숙역:양정아,방이숙역:조윤희,방말숙역:오연서,장양실역:나영희,방정배역:김상호,고옥역:심이영,방장군역:곽동연,천재용역:이희준,윤빈역:김원준,남남구역:김형범,고시생역:김승우,예능국PD역:김준현,라디오DJ역:양희은,홍은희역:홍은희,송수지역:박수진,매니저역:이수근,목사역:지진희,차태봉역:차태현,성시갱역:성시경,노래강사역:이종박,한규현역:강동호,태영역:김형진,지피디역:곽민석,강혜수역:최윤소,동대문옷가게상인역:탁재훈,소개팅남역:이정신,유신혜역:유인영,지환역:이도현,김장훈역:김장훈,뚱보아버지역:유민상,뚱보아들역:김수영,인기여배우역:이혜영,인기남배우역:송준근,심사위원역:김종민,막장모녀엄마역:정경미,막장모녀딸역:박소영,신세경역:신세경,재용첫째누나역:김서형,재용둘째누나역:조민아,재용막내누나역:이제인,호들갑남역:공형진,라디오DJ역:박소현,귀남의양아버지역:길용우,귀남의양어머니역:김창숙,천재용아버지역:이재용,배PD역:이지영,방귀남어린시절역:홍현택"
20200624,KBS W,133410,143505,넝쿨째굴러온당신,,26회,전국,010055,드라마&영화,드라마,주말연속극,0.58407,0,0,0.16578,0.03224,0.01747,0.11842,0,0,0,0.12086,0.09347,0.00223,0.18446,"차윤희역:김남주,방귀남역:유준상,엄청애역:윤여정,방장수역:장용,전막례역:강부자,한만희역:김영란,차세중역:김용희,민지영역:진경,차세광역:강민혁,엄보애역:유지인,엄순애역:양희경,방일숙역:양정아,방이숙역:조윤희,방말숙역:오연서,장양실역:나영희,방정배역:김상호,고옥역:심이영,방장군역:곽동연,천재용역:이희준,윤빈역:김원준,남남구역:김형범,고시생역:김승우,예능국PD역:김준현,라디오DJ역:양희은,홍은희역:홍은희,송수지역:박수진,매니저역:이수근,목사역:지진희,차태봉역:차태현,성시갱역:성시경,노래강사역:이종박,한규현역:강동호,태영역:김형진,지피디역:곽민석,강혜수역:최윤소,동대문옷가게상인역:탁재훈,소개팅남역:이정신,유신혜역:유인영,지환역:이도현,김장훈역:김장훈,뚱보아버지역:유민상,뚱보아들역:김수영,인기여배우역:이혜영,인기남배우역:송준근,심사위원역:김종민,막장모녀엄마역:정경미,막장모녀딸역:박소영,신세경역:신세경,재용첫째누나역:김서형,재용둘째누나역:조민아,재용막내누나역:이제인,호들갑남역:공형진,라디오DJ역:박소현,귀남의양아버지역:길용우,귀남의양어머니역:김창숙,천재용아버지역:이재용,배PD역:이지영,방귀남어린시절역:홍현택"
20200624,KBS W,144845,151646,기막힌유산,,44회,전국,002801,드라마&영화,드라마,일일연속극,0.32686,0,0,0.14855,0.107,0,0.11288,0,0,0,0.15679,0.07666,0.07788,0.36543,"부영배역:박인환,공계옥역:강세정,부설악역:신정윤,부백두역:강신조,윤민주역:이아현,부금강역:남성진,신애리역:김가연,정미희역:박순천,김용미역:이응경,부한라역:박신우,성판금역:조양자,부가온역:김비주,부태희역:김연지,부혜교역:김효경,부지현역:강유라,공소영역:김난주,이장원역:이일준,김수민역:조서후,김종두역:이춘식,차정건역:조순창,이청아역:정서하,손보미역:박민지,김영지역:주민하,강선희역:박현정,천호식역:백신,이정태역:노상보,고향숙역:박소정"
20200624,KBS W,151653,154445,기막힌유산,,45회,전국,002752,드라마&영화,드라마,일일연속극,0,0,0,0,0,0,0.01153,0,0,0,0,0.1208,0.05727,0.0663,"부영배역:박인환,공계옥역:강세정,부설악역:신정윤,부백두역:강신조,윤민주역:이아현,부금강역:남성진,신애리역:김가연,정미희역:박순천,김용미역:이응경,부한라역:박신우,성판금역:조양자,부가온역:김비주,부태희역:김연지,부혜교역:김효경,부지현역:강유라,공소영역:김난주,이장원역:이일준,김수민역:조서후,김종두역:이춘식,차정건역:조순창,이청아역:정서하,손보미역:박민지,김영지역:주민하,강선희역:박현정,천호식역:백신,이정태역:노상보,고향숙역:박소정"
20200624,KBS W,155623,162424,기막힌유산,,46회,전국,002801,드라마&영화,드라마,일일연속극,0,0.07311,0.07019,0,0,0,0.16212,0,0,0,0,0.25726,0.22421,0.09541,"부영배역:박인환,공계옥역:강세정,부설악역:신정윤,부백두역:강신조,윤민주역:이아현,부금강역:남성진,신애리역:김가연,정미희역:박순천,김용미역:이응경,부한라역:박신우,성판금역:조양자,부가온역:김비주,부태희역:김연지,부혜교역:김효경,부지현역:강유라,공소영역:김난주,이장원역:이일준,김수민역:조서후,김종두역:이춘식,차정건역:조순창,이청아역:정서하,손보미역:박민지,김영지역:주민하,강선희역:박현정,천호식역:백신,이정태역:노상보,고향숙역:박소정"
20200624,KBS W,162431,165202,기막힌유산,,47회,전국,002731,드라마&영화,드라마,일일연속극,0,0.05287,0.13102,0,0.01777,0.23443,0.22866,0,0,0.07947,0,0.41803,0.46712,0.12711,"부영배역:박인환,공계옥역:강세정,부설악역:신정윤,부백두역:강신조,윤민주역:이아현,부금강역:남성진,신애리역:김가연,정미희역:박순천,김용미역:이응경,부한라역:박신우,성판금역:조양자,부가온역:김비주,부태희역:김연지,부혜교역:김효경,부지현역:강유라,공소영역:김난주,이장원역:이일준,김수민역:조서후,김종두역:이춘식,차정건역:조순창,이청아역:정서하,손보미역:박민지,김영지역:주민하,강선희역:박현정,천호식역:백신,이정태역:노상보,고향숙역:박소정"
20200624,KBS W,170500,173907,위험한약속,,55회,전국,003407,드라마&영화,드라마,일일연속극,0.41139,0,0.02901,0.32282,0.02091,0.01726,0.11883,0,0,0,0.15362,0.26373,0.19045,0.14794,"차은동역:박하나,강태인역:고세원,최준혁역:강성민,오혜원역:박영린,한지훈역:이창욱,차만종역:이대연,차은찬역:유준서,공영심역:유지연,봉석구역:현우섭,강일섭역:강신일,연두심역:이칸희,한광훈역:길용우,한서주역:김혜지,최명희역:김나운,고재숙역:윤복인,최영국역:송민형,민주란역:오영실,최준경역:이효나,이창욱역:김정운"
20200624,KBS W,173914,181308,위험한약속,,56회,전국,003354,드라마&영화,드라마,일일연속극,0.46625,0.21514,0.34258,0.67382,0.01743,0,0.34266,0,0,0.07448,0.17411,0.21707,0.31726,0.28101,"차은동역:박하나,강태인역:고세원,최준혁역:강성민,오혜원역:박영린,한지훈역:이창욱,차만종역:이대연,차은찬역:유준서,공영심역:유지연,봉석구역:현우섭,강일섭역:강신일,연두심역:이칸희,한광훈역:길용우,한서주역:김혜지,최명희역:김나운,고재숙역:윤복인,최영국역:송민형,민주란역:오영실,최준경역:이효나,이창욱역:김정운"
20200624,KBS W,182403,185812,위험한약속,,57회,전국,003409,드라마&영화,드라마,일일연속극,0.46625,0.45717,0,0.35458,0,0,0.30751,0,0,0.08276,0.17411,0.07666,0.28833,0.29924,"차은동역:박하나,강태인역:고세원,최준혁역:강성민,오혜원역:박영린,한지훈역:이창욱,차만종역:이대연,차은찬역:유준서,공영심역:유지연,봉석구역:현우섭,강일섭역:강신일,연두심역:이칸희,한광훈역:길용우,한서주역:김혜지,최명희역:김나운,고재숙역:윤복인,최영국역:송민형,민주란역:오영실,최준경역:이효나,이창욱역:김정운"
20200624,KBS W,185819,193221,위험한약속,,58회,전국,003402,드라마&영화,드라마,일일연속극,0.26055,0.45717,0,0.26454,0.21405,0,0.23923,0,0,0,0.0973,0.0889,0.16996,0.24418,"차은동역:박하나,강태인역:고세원,최준혁역:강성민,오혜원역:박영린,한지훈역:이창욱,차만종역:이대연,차은찬역:유준서,공영심역:유지연,봉석구역:현우섭,강일섭역:강신일,연두심역:이칸희,한광훈역:길용우,한서주역:김혜지,최명희역:김나운,고재숙역:윤복인,최영국역:송민형,민주란역:오영실,최준경역:이효나,이창욱역:김정운"
20200624,KBS W,222854,232755,부부클리닉사랑과전쟁,,402회,전국,005901,드라마&영화,드라마,단막극,0,0,0,0,0.15186,0.11153,0.04913,0,0,0,0,0.20853,0.07911,0.12308,"이재만,민지영,최영완,이정수,장가현,손유경,이준우"
20200624,KBS W,233854,243833,부부클리닉사랑과전쟁,,403회,전국,005939,드라마&영화,드라마,단막극,0.01924,0.00646,0.05462,0.00989,0,0.03595,0.10976,0,0.00851,0.06138,0.00667,0,0.10938,0.16831,"이재만,민지영,최영완,이정수,장가현,손유경,이준우"
20200624,KBS W,245213,251953,기막힌유산,,47회,전국,002740,드라마&영화,드라마,일일연속극,0,0,0,0,0,0.0366,0.24699,0,0,0,0,0.00281,0,0.09718,"부영배역:박인환,공계옥역:강세정,부설악역:신정윤,부백두역:강신조,윤민주역:이아현,부금강역:남성진,신애리역:김가연,정미희역:박순천,김용미역:이응경,부한라역:박신우,성판금역:조양자,부가온역:김비주,부태희역:김연지,부혜교역:김효경,부지현역:강유라,공소영역:김난주,이장원역:이일준,김수민역:조서후,김종두역:이춘식,차정건역:조순창,이청아역:정서하,손보미역:박민지,김영지역:주민하,강선희역:박현정,천호식역:백신,이정태역:노상보,고향숙역:박소정"
20200624,KBS W,252000,254748,기막힌유산,,48회,전국,002748,드라마&영화,드라마,일일연속극,0,0,0,0.06961,0,0.00629,0.22347,0,0,0,0,0,0.01594,0.00398,"부영배역:박인환,공계옥역:강세정,부설악역:신정윤,부백두역:강신조,윤민주역:이아현,부금강역:남성진,신애리역:김가연,정미희역:박순천,김용미역:이응경,부한라역:박신우,성판금역:조양자,부가온역:김비주,부태희역:김연지,부혜교역:김효경,부지현역:강유라,공소영역:김난주,이장원역:이일준,김수민역:조서후,김종두역:이춘식,차정건역:조순창,이청아역:정서하,손보미역:박민지,김영지역:주민하,강선희역:박현정,천호식역:백신,이정태역:노상보,고향숙역:박소정"
20200624,KBS W,255842,255959,위험한약속,,57회,전국,000117,드라마&영화,드라마,일일연속극,0,0,0,0,0,0,0.22012,0,0,0,0,0,0,0,"차은동역:박하나,강태인역:고세원,최준혁역:강성민,오혜원역:박영린,한지훈역:이창욱,차만종역:이대연,차은찬역:유준서,공영심역:유지연,봉석구역:현우섭,강일섭역:강신일,연두심역:이칸희,한광훈역:길용우,한서주역:김혜지,최명희역:김나운,고재숙역:윤복인,최영국역:송민형,민주란역:오영실,최준경역:이효나,이창욱역:김정운"
20200624,K-STAR,100549,110922,부부클리닉사랑과전쟁,,427회,전국,010333,드라마&영화,드라마,주간연속극,0.55266,0,0.01337,0,0.10909,0.01506,0.03942,0,0.13372,0.00753,0.10434,0,0.09594,0.00407,"이재만,민지영,최영완,이정수,장가현,손유경,이준우"
20200624,K-STAR,112216,122540,부부클리닉사랑과전쟁,,428회,전국,010324,드라마&영화,드라마,주간연속극,0.04519,0.01371,0,0.03736,0,0.01725,0.09813,0,0,0.01408,0,0.04792,0.23342,0.20341,"이재만,민지영,최영완,이정수,장가현,손유경,이준우"
20200624,K-STAR,123940,140209,부부의세계,,14회,전국,012229,드라마&영화,드라마,미니시리즈,0,0.00558,0.00319,0.02078,0.06312,0.03388,0.06992,0,0,0.0248,0.03233,0.047,0.0984,0.0951,"지선우역:김희애,이태오역:박해준,여다경역:한소희,고예림역:박선영,손제혁역:김영민,설명숙역:채국희,여병규역:이경영,엄효정역:김선경,이준영역:전진서,민현서역:심은우,박인규역:이학주,마강석역:박충선,공지철역:정재성,김윤기역:이무생,하동식역:김종태,윤노을역:신수연,차해강역:정준원,최회장아내역:서이숙,공지철아내역:박미현,차도철아내역:윤인조"
20200624,K-STAR,141748,155136,부부의세계,,15회,전국,013348,드라마&영화,드라마,미니시리즈,0,0,0.00323,0,0.0073,0.00924,0.08323,0,0,0,0.00484,0.00075,0.02727,0.1941,"지선우역:김희애,이태오역:박해준,여다경역:한소희,고예림역:박선영,손제혁역:김영민,설명숙역:채국희,여병규역:이경영,엄효정역:김선경,이준영역:전진서,민현서역:심은우,박인규역:이학주,마강석역:박충선,공지철역:정재성,김윤기역:이무생,하동식역:김종태,윤노을역:신수연,차해강역:정준원,최회장아내역:서이숙,공지철아내역:박미현,차도철아내역:윤인조"
20200624,K-STAR,222855,233220,부부클리닉사랑과전쟁,,428회,전국,010325,드라마&영화,드라마,주간연속극,0,0.12059,0,0.01075,0.04697,0.10256,0,0,0,0.07753,0,0.1862,0.17044,0.01927,"이재만,민지영,최영완,이정수,장가현,손유경,이준우"
20200624,KTV,020000,023140,전원일기,,404회,전국,003140,드라마&영화,드라마,주말연속극,0,0,0,0,0,0,0,0,0,0,0,0,0,0,"최불암,김혜자,김용건,김수미,고두심,유인촌,정대홍"
20200624,KTV,061110,065915,전원일기,,781회,전국,004805,드라마&영화,드라마,주말연속극,0,0,0,0,0,0,0.07893,0,0,0,0,0,0,0.00116,"최불암,김혜자,김용건,김수미,고두심,유인촌,정대홍"
20200624,KTV,210034,212555,파랑새는있다,<1부>,37회,전국,002521,드라마&영화,드라마,주간연속극,0,0,0,0,0,0.01831,0.06824,0,0,0.05864,0,0,0,0.05254,"이상인,정선경,백윤식,송경철,박남현,한진희,동방우,양금석"
20200624,KTV,212945,215326,파랑새는있다,<2부>,37회,전국,002341,드라마&영화,드라마,주간연속극,0,0,0,0,0,0,0.35471,0,0,0.18325,0,0,0.0034,0.2525,"이상인,정선경,백윤식,송경철,박남현,한진희,동방우,양금석"
20200624,KTV,215506,221441,전원일기,<1부>,405회,전국,001935,드라마&영화,드라마,주말연속극,0,0,0,0,0,0,0.35992,0,0,0.18325,0,0,0.0308,0.27254,"최불암,김혜자,김용건,김수미,고두심,유인촌,정대홍"
20200624,KTV,221846,224358,전원일기,<2부>,405회,전국,002512,드라마&영화,드라마,주말연속극,0,0,0.2154,0,0.05836,0.1045,0.1177,0,0,0.18325,0,0.04344,0.17915,0.36115,"최불암,김혜자,김용건,김수미,고두심,유인촌,정대홍"
20200624,KTV,224439,231131,바람은불어도,,143회,전국,002652,드라마&영화,드라마,주간연속극,0,0,0.2154,0,0,0.1045,0.05435,0,0,0.18325,0,0,0.04188,0.15187,"최수종,유호정,윤손하,송나영,송기윤,나문희"
20200624,KTV,231617,234343,바람은불어도,,144회,전국,002726,드라마&영화,드라마,주간연속극,0,0.0201,0.2154,0,0,0.1045,0.01761,0,0,0.18325,0,0,0.05244,0.14363,"최수종,유호정,윤손하,송나영,송기윤,나문희"
20200624,KTV,243540,252436,파랑새는있다,,37회,전국,004856,드라마&영화,드라마,주간연속극,0,0,0,0,0,0,0.00971,0,0,0.08228,0,0,0,0.16671,"이상인,정선경,백윤식,송경철,박남현,한진희,동방우,양금석"
20200624,KTV,255842,255959,전원일기,,405회,전국,000117,드라마&영화,드라마,주말연속극,0,0,0,0,0,0,0,0,0,0,0,0,0,0.07537,"최불암,김혜자,김용건,김수미,고두심,유인촌,정대홍"
20200624,MBC every1,025226,032152,그남자의기억법,,25회,전국,002926,드라마&영화,드라마,미니시리즈,0,0,0,0,0,0,0.00219,0,0,0,0,0.03617,0,0.02712,"이정훈역:김동욱,여하진역:문가영,유태은역:윤종훈,여하경역:김슬기,정서연역:이주빈,유성혁역:김창완,서미현역:길해연,최희상역:장영남,김철웅역:이승준,이동영역:차광수,박경애역:이수미,문성호역:주석태,진소영역:유담연,지현근역:지일주,박수창역:장인섭,조일권역:이진혁,문철역:신주협,유지원역:장이정,김수현역:박지원,고유라역:유라,주여민역:로운,서광진역:김선호,황작가역:신동미,양파역:양파"
20200624,MBC every1,032201,035303,그남자의기억법,,26회,전국,003102,드라마&영화,드라마,미니시리즈,0.0293,0,0,0,0.00542,0,0,0,0,0.00463,0,0.00508,0,0.00115,"이정훈역:김동욱,여하진역:문가영,유태은역:윤종훈,여하경역:김슬기,정서연역:이주빈,유성혁역:김창완,서미현역:길해연,최희상역:장영남,김철웅역:이승준,이동영역:차광수,박경애역:이수미,문성호역:주석태,진소영역:유담연,지현근역:지일주,박수창역:장인섭,조일권역:이진혁,문철역:신주협,유지원역:장이정,김수현역:박지원,고유라역:유라,주여민역:로운,서광진역:김선호,황작가역:신동미,양파역:양파"
20200624,MBC every1,035644,042635,그남자의기억법,,27회,전국,002951,드라마&영화,드라마,미니시리즈,0,0,0,0,0,0,0,0,0,0,0,0.00804,0,0.02206,"이정훈역:김동욱,여하진역:문가영,유태은역:윤종훈,여하경역:김슬기,정서연역:이주빈,유성혁역:김창완,서미현역:길해연,최희상역:장영남,김철웅역:이승준,이동영역:차광수,박경애역:이수미,문성호역:주석태,진소영역:유담연,지현근역:지일주,박수창역:장인섭,조일권역:이진혁,문철역:신주협,유지원역:장이정,김수현역:박지원,고유라역:유라,주여민역:로운,서광진역:김선호,황작가역:신동미,양파역:양파"
20200624,MBC every1,042643,045925,그남자의기억법,,28회,전국,003242,드라마&영화,드라마,미니시리즈,0,0,0,0,0,0,0.01412,0,0,0,0,0.02394,0.02368,0.16985,"이정훈역:김동욱,여하진역:문가영,유태은역:윤종훈,여하경역:김슬기,정서연역:이주빈,유성혁역:김창완,서미현역:길해연,최희상역:장영남,김철웅역:이승준,이동영역:차광수,박경애역:이수미,문성호역:주석태,진소영역:유담연,지현근역:지일주,박수창역:장인섭,조일권역:이진혁,문철역:신주협,유지원역:장이정,김수현역:박지원,고유라역:유라,주여민역:로운,서광진역:김선호,황작가역:신동미,양파역:양파"
20200624,MBC M,100029,105933,쇼핑왕루이,,13회,전국,005904,드라마&영화,드라마,미니시리즈,0,0,0,0.06354,0.09244,0.03716,0,0,0,0.01207,0.06157,0.02907,0.05064,0.02419,"루이역:서인국,고복실역:남지현,차중원역:윤상현,백마리역:임세미,조인성역:오대환,남준혁역:강지섭,최일순역:김영옥,김호준역:엄효섭,허정란역:김선영,백선구역:김규철,홍재숙역:윤유선,신영애역:김보연,황금자역:황영희,박혜주역:미람,고복남역:류의현,차수일역:남명렬,이경국역:김병철,변도진역:이재균,권미영역:차청화"
20200624,MBC M,111411,121340,쇼핑왕루이,,14회,전국,005929,드라마&영화,드라마,미니시리즈,0,0.00781,0.00429,0,0,0.00555,0.01111,0,0.00834,0,0,0.02696,0.00128,0.01412,"루이역:서인국,고복실역:남지현,차중원역:윤상현,백마리역:임세미,조인성역:오대환,남준혁역:강지섭,최일순역:김영옥,김호준역:엄효섭,허정란역:김선영,백선구역:김규철,홍재숙역:윤유선,신영애역:김보연,황금자역:황영희,박혜주역:미람,고복남역:류의현,차수일역:남명렬,이경국역:김병철,변도진역:이재균,권미영역:차청화"
20200624,O tvN,021550,031636,아홉수소년,,8회,전국,010046,드라마&영화,드라마,주간연속극,0,0.07034,0,0.24338,0.00234,0.05358,0.00429,0,0,0,0.00918,0.00349,0.27811,0.01473,"강동구역:최로운,강민구역:육성재,강진구역:김영광,구광수역:오정세,장백지역:이채미,구복자역:김미경,한수아역:박초롱,마세영역:경수진,주다인역:유다인,도민준역:박하준,남창희역:오희준,왕기찬,박재범역:김현준,이고은역:박민하,한구역:이진호,조부장역:김원해,김차장역:황태광,영훈역:김강현,은서,출장보살역:박혁권,정연역:김민영,후배역:김종민,강민경역:이국주,유혹녀역:수빈,선아역:이세영,전현무역:전현무,맞선녀역:박은지,심사위원역:존박,라디오DJ역:윤상"
20200624,O tvN,032747,043030,아홉수소년,,9회,전국,010243,드라마&영화,드라마,주간연속극,0,0,0,0.2376,0,0,0.0167,0,0,0.00584,0,0,0.17635,0.00217,"강동구역:최로운,강민구역:육성재,강진구역:김영광,구광수역:오정세,장백지역:이채미,구복자역:김미경,한수아역:박초롱,마세영역:경수진,주다인역:유다인,도민준역:박하준,남창희역:오희준,왕기찬,박재범역:김현준,이고은역:박민하,한구역:이진호,조부장역:김원해,김차장역:황태광,영훈역:김강현,은서,출장보살역:박혁권,정연역:김민영,후배역:김종민,강민경역:이국주,유혹녀역:수빈,선아역:이세영,전현무역:전현무,맞선녀역:박은지,심사위원역:존박,라디오DJ역:윤상"
20200624,O tvN,044411,054551,아홉수소년,,10회,전국,010140,드라마&영화,드라마,주간연속극,0,0.06838,0,0.0763,0,0.01397,0.0119,0,0.03948,0,0,0.01922,0,0.0047,"강동구역:최로운,강민구역:육성재,강진구역:김영광,구광수역:오정세,장백지역:이채미,구복자역:김미경,한수아역:박초롱,마세영역:경수진,주다인역:유다인,도민준역:박하준,남창희역:오희준,왕기찬,박재범역:김현준,이고은역:박민하,한구역:이진호,조부장역:김원해,김차장역:황태광,영훈역:김강현,은서,출장보살역:박혁권,정연역:김민영,후배역:김종민,강민경역:이국주,유혹녀역:수빈,선아역:이세영,전현무역:전현무,맞선녀역:박은지,심사위원역:존박,라디오DJ역:윤상"
20200624,O tvN,094441,110550,아스달연대기,,14회,전국,012109,드라마&영화,드라마,주간연속극,0,0,0.0095,0,0.0291,0.00364,0.16111,0,0.13772,0.03386,0.09139,0.10743,0.02107,0.30533,"타곤역:장동건,은섬역:송중기,사야역:송중기,탄야역:김지원,태알하역:김옥빈,산웅역:김의성,해미홀역:조성하,아사론역:이도경,무백역:박해준,단벽역:박병은,달새역:신주환,라가즈역:유태오,아사혼역:추자현,아사사칸역:손숙,무광역:황희,아사욘역:장률,채은역:고보결,길선역:박형수,연발역:최영준,기토하역:이호철,양차역:기도훈,박량풍역:송유택,대대역:이황의,소당역:황민호,아사못역:서은아,해투악역:윤사봉,해여비역:박성연,해흘립역:배기범,하림역:조승연,스천역:윤여진,모명진역:류시현,열손역:정석용,초설역:김호정,뭉태역:박진,터대역:양경원,북쇠역:김충길,도티역:고나희,검불역:송재룡,우루미역:김비비,이쓰루브역:송종호,눈별역:안혜원,로띱역:닉쿤,잎생역:김성철,바도루역:태원석,사트닉역:조병규,골두역:류성현,쇼르자긴역:김도현,카리카역:카라타에리카,타피엔역:심은우,타추간역:하준,미루솔역:배다빈,태압독역:고창석,수하나역:김정영,태다치역:고상호,태니마역:정동훈"
20200624,O tvN,112212,124415,아스달연대기,,15회,전국,012203,드라마&영화,드라마,주간연속극,0,0,0,0,0,0.03742,0.23583,0,0.50088,0.00666,0.09549,0.36161,0.10061,0.30652,"타곤역:장동건,은섬역:송중기,사야역:송중기,탄야역:김지원,태알하역:김옥빈,산웅역:김의성,해미홀역:조성하,아사론역:이도경,무백역:박해준,단벽역:박병은,달새역:신주환,라가즈역:유태오,아사혼역:추자현,아사사칸역:손숙,무광역:황희,아사욘역:장률,채은역:고보결,길선역:박형수,연발역:최영준,기토하역:이호철,양차역:기도훈,박량풍역:송유택,대대역:이황의,소당역:황민호,아사못역:서은아,해투악역:윤사봉,해여비역:박성연,해흘립역:배기범,하림역:조승연,스천역:윤여진,모명진역:류시현,열손역:정석용,초설역:김호정,뭉태역:박진,터대역:양경원,북쇠역:김충길,도티역:고나희,검불역:송재룡,우루미역:김비비,이쓰루브역:송종호,눈별역:안혜원,로띱역:닉쿤,잎생역:김성철,바도루역:태원석,사트닉역:조병규,골두역:류성현,쇼르자긴역:김도현,카리카역:카라타에리카,타피엔역:심은우,타추간역:하준,미루솔역:배다빈,태압독역:고창석,수하나역:김정영,태다치역:고상호,태니마역:정동훈"
20200624,O tvN,125922,142350,아스달연대기,,16회,전국,012428,드라마&영화,드라마,주간연속극,0,0.29243,0,0.01334,0,0.04145,0.22366,0,0,0,0.13406,0.21598,0.25683,0.3367,"타곤역:장동건,은섬역:송중기,사야역:송중기,탄야역:김지원,태알하역:김옥빈,산웅역:김의성,해미홀역:조성하,아사론역:이도경,무백역:박해준,단벽역:박병은,달새역:신주환,라가즈역:유태오,아사혼역:추자현,아사사칸역:손숙,무광역:황희,아사욘역:장률,채은역:고보결,길선역:박형수,연발역:최영준,기토하역:이호철,양차역:기도훈,박량풍역:송유택,대대역:이황의,소당역:황민호,아사못역:서은아,해투악역:윤사봉,해여비역:박성연,해흘립역:배기범,하림역:조승연,스천역:윤여진,모명진역:류시현,열손역:정석용,초설역:김호정,뭉태역:박진,터대역:양경원,북쇠역:김충길,도티역:고나희,검불역:송재룡,우루미역:김비비,이쓰루브역:송종호,눈별역:안혜원,로띱역:닉쿤,잎생역:김성철,바도루역:태원석,사트닉역:조병규,골두역:류성현,쇼르자긴역:김도현,카리카역:카라타에리카,타피엔역:심은우,타추간역:하준,미루솔역:배다빈,태압독역:고창석,수하나역:김정영,태다치역:고상호,태니마역:정동훈"
20200624,O tvN,144002,160358,아스달연대기,,17회,전국,012356,드라마&영화,드라마,주간연속극,0,0.29243,0.00101,0.00224,0.01714,0.0242,0.2989,0,0,0.01167,0.19828,0.20859,0.19297,0.46022,"타곤역:장동건,은섬역:송중기,사야역:송중기,탄야역:김지원,태알하역:김옥빈,산웅역:김의성,해미홀역:조성하,아사론역:이도경,무백역:박해준,단벽역:박병은,달새역:신주환,라가즈역:유태오,아사혼역:추자현,아사사칸역:손숙,무광역:황희,아사욘역:장률,채은역:고보결,길선역:박형수,연발역:최영준,기토하역:이호철,양차역:기도훈,박량풍역:송유택,대대역:이황의,소당역:황민호,아사못역:서은아,해투악역:윤사봉,해여비역:박성연,해흘립역:배기범,하림역:조승연,스천역:윤여진,모명진역:류시현,열손역:정석용,초설역:김호정,뭉태역:박진,터대역:양경원,북쇠역:김충길,도티역:고나희,검불역:송재룡,우루미역:김비비,이쓰루브역:송종호,눈별역:안혜원,로띱역:닉쿤,잎생역:김성철,바도루역:태원석,사트닉역:조병규,골두역:류성현,쇼르자긴역:김도현,카리카역:카라타에리카,타피엔역:심은우,타추간역:하준,미루솔역:배다빈,태압독역:고창석,수하나역:김정영,태다치역:고상호,태니마역:정동훈"
20200624,O tvN,161930,174543,아스달연대기,,18회,전국,012613,드라마&영화,드라마,주간연속극,0,0.29243,0,0,0,0.06177,0.38204,0,0.27122,0,0.21652,0.56084,0.43917,0.48256,"타곤역:장동건,은섬역:송중기,사야역:송중기,탄야역:김지원,태알하역:김옥빈,산웅역:김의성,해미홀역:조성하,아사론역:이도경,무백역:박해준,단벽역:박병은,달새역:신주환,라가즈역:유태오,아사혼역:추자현,아사사칸역:손숙,무광역:황희,아사욘역:장률,채은역:고보결,길선역:박형수,연발역:최영준,기토하역:이호철,양차역:기도훈,박량풍역:송유택,대대역:이황의,소당역:황민호,아사못역:서은아,해투악역:윤사봉,해여비역:박성연,해흘립역:배기범,하림역:조승연,스천역:윤여진,모명진역:류시현,열손역:정석용,초설역:김호정,뭉태역:박진,터대역:양경원,북쇠역:김충길,도티역:고나희,검불역:송재룡,우루미역:김비비,이쓰루브역:송종호,눈별역:안혜원,로띱역:닉쿤,잎생역:김성철,바도루역:태원석,사트닉역:조병규,골두역:류성현,쇼르자긴역:김도현,카리카역:카라타에리카,타피엔역:심은우,타추간역:하준,미루솔역:배다빈,태압독역:고창석,수하나역:김정영,태다치역:고상호,태니마역:정동훈"
20200624,O tvN,180035,191620,사이코지만괜찮아,,1회,전국,011545,드라마&영화,드라마,미니시리즈,0,0.26124,0,0.0409,0.12168,0.17643,0.17197,0,0.06761,0.12812,0.07105,0.49728,0.12222,0.32611,"문강태역:김수현,고문영역:서예지,문상태역:오정세,남주리역:박규영,이상인역:김주헌,조재수역:강기둥,오지왕역:김창완,강순덕역:김미경,박행자역:장영남,선별역:장규리,권민석역:서준,오차용역:최우성,고대환역:이얼,간필옹역:김기천,주정태역:정재광,이아름역:지혜원,박옥란역:강지은,유선해역:주인영,강은자역:배해선,유승재역:박진주,문강태어린시절역:문우진,고문영어린시절역:김수인,권기도역:곽동연,훈남CEO역:최다니엘"
20200624,O tvN,193036,204508,사이코지만괜찮아,,2회,전국,011432,드라마&영화,드라마,미니시리즈,0,0,0,0,0.30959,0.53204,0.29849,0.22906,0,0.47154,0.15593,0.63767,0.22637,0.32862,"문강태역:김수현,고문영역:서예지,문상태역:오정세,남주리역:박규영,이상인역:김주헌,조재수역:강기둥,오지왕역:김창완,강순덕역:김미경,박행자역:장영남,선별역:장규리,권민석역:서준,오차용역:최우성,고대환역:이얼,간필옹역:김기천,주정태역:정재광,이아름역:지혜원,박옥란역:강지은,유선해역:주인영,강은자역:배해선,유승재역:박진주,문강태어린시절역:문우진,고문영어린시절역:김수인,권기도역:곽동연,훈남CEO역:최다니엘"
20200624,O tvN,210128,223158,슬기로운의사생활,,3회,전국,013030,드라마&영화,드라마,미니시리즈,0.06555,0.89209,0.0965,0.12134,0.49068,0.08646,0.00156,0.64108,0.33682,0.01193,0.71583,1.14505,0.20375,0.01225,"이익준역:조정석,안정원역:유연석,김준완역:정경호,양석형역:김대명,채송화역:전미도,정로사역:김해숙,주종수역:김갑수,도재학역:정문성,용석민역:문태유,장겨울역:신현빈,안치홍역:김준한,봉광현역:최영준,추민하역:안은진,허선빈역:하윤경,명은원역:김혜인,장윤복역:조이현,장홍도역:배현성,송수빈역:김수진,소이현역:윤혜리,배준희역:신도현,주전역:조승연,황재신역:양조아,이우주역:김준,민기준역:서진원,종세혁역:전광진,이영하역:이노아,김재환역:이달,국해성역:이혜은,함덕주역:김비비,한현희역:이지원,한승주역:김지성,은선진역:설유진,이익순역:곽선영,조영혜역:문희경,양태양역:남명렬,김태연역:이소윤,천명태역:최영우,선우희수역:박한솔,장겨울남동생역:박정우,고아라역:고아라"
20200624,O tvN,225511,241651,슬기로운의사생활,,4회,전국,012140,드라마&영화,드라마,미니시리즈,0.05125,0.24136,0.13305,0.16607,0.38648,0.13071,0.27021,0.48176,0.55142,0,0.29459,0.76479,0.20402,0.00082,"이익준역:조정석,안정원역:유연석,김준완역:정경호,양석형역:김대명,채송화역:전미도,정로사역:김해숙,주종수역:김갑수,도재학역:정문성,용석민역:문태유,장겨울역:신현빈,안치홍역:김준한,봉광현역:최영준,추민하역:안은진,허선빈역:하윤경,명은원역:김혜인,장윤복역:조이현,장홍도역:배현성,송수빈역:김수진,소이현역:윤혜리,배준희역:신도현,주전역:조승연,황재신역:양조아,이우주역:김준,민기준역:서진원,종세혁역:전광진,이영하역:이노아,김재환역:이달,국해성역:이혜은,함덕주역:김비비,한현희역:이지원,한승주역:김지성,은선진역:설유진,이익순역:곽선영,조영혜역:문희경,양태양역:남명렬,김태연역:이소윤,천명태역:최영우,선우희수역:박한솔,장겨울남동생역:박정우,고아라역:고아라"
20200624,O tvN,243656,255116,슬기로운의사생활,,5회,전국,011420,드라마&영화,드라마,미니시리즈,0,0,0.08251,0.02166,0.12576,0.19625,0.07724,0,0.00925,0.09095,0.03437,0.37725,0.17438,0.05485,"이익준역:조정석,안정원역:유연석,김준완역:정경호,양석형역:김대명,채송화역:전미도,정로사역:김해숙,주종수역:김갑수,도재학역:정문성,용석민역:문태유,장겨울역:신현빈,안치홍역:김준한,봉광현역:최영준,추민하역:안은진,허선빈역:하윤경,명은원역:김혜인,장윤복역:조이현,장홍도역:배현성,송수빈역:김수진,소이현역:윤혜리,배준희역:신도현,주전역:조승연,황재신역:양조아,이우주역:김준,민기준역:서진원,종세혁역:전광진,이영하역:이노아,김재환역:이달,국해성역:이혜은,함덕주역:김비비,한현희역:이지원,한승주역:김지성,은선진역:설유진,이익순역:곽선영,조영혜역:문희경,양태양역:남명렬,김태연역:이소윤,천명태역:최영우,선우희수역:박한솔,장겨울남동생역:박정우,고아라역:고아라"
20200624,OCN,134415,144549,번외수사,,9회,전국,010134,드라마&영화,드라마,미니시리즈,0.25429,0.10475,0,0.05742,0.19623,0.82263,0.2945,0.20391,0.4395,0.03615,0.06951,1.36178,0.15513,0.3457,"진강호역:차태현,강무영역:이선빈,이반석역:정상훈,테디정역:윤경호,탁원역:지승현,민대진역:박정우,맨손역:박태산,연장역:장진희,지수철역:이영석,노순이역:민경옥"
20200624,OCN,150355,160544,번외수사,,10회,전국,010149,드라마&영화,드라마,미니시리즈,0,0.08695,0.66522,0.16305,0.4107,0.96501,0.65741,0.2294,0.18099,0.02126,0.00188,0.88937,0.58408,0.6249,"진강호역:차태현,강무영역:이선빈,이반석역:정상훈,테디정역:윤경호,탁원역:지승현,민대진역:박정우,맨손역:박태산,연장역:장진희,지수철역:이영석,노순이역:민경옥"
20200624,On Style,020000,021812,고양이띠요리사,,5회,전국,001812,드라마&영화,드라마,미니시리즈,0,0,0,0,0.02691,0,0.02182,0,0,0,0,0.03165,0.01293,0.04102,"여문준역:이기우,이수지역:김소라,강민경역:조혜진,여은항역:민주"
20200624,On Style,022104,025419,고양이띠요리사,,6회,전국,003315,드라마&영화,드라마,미니시리즈,0,0,0,0.0093,0,0,0.01065,0,0,0,0,0,0.0141,0.08401,"여문준역:이기우,이수지역:김소라,강민경역:조혜진,여은항역:민주"
20200624,On Style,121043,131314,로맨스는별책부록,,7회,전국,010231,드라마&영화,드라마,미니시리즈,0,0.0283,0.01862,0.00256,0.02343,0.01101,0.0106,0.07647,0.00621,0.01182,0.00305,0.02697,0.01463,0.00911,"강단이역:이나영,차은호역:이종석,송해린역:정유진,지서준역:위하준,홍동민역:오의식,김재민역:김태우,고유선역:김유미,봉지홍역:조한철,서영아역:김선영,박훈역:강기둥,오지율역:박규영,이승진역:이관훈,배광수역:최승윤,채송이역:이하은"
20200624,On Style,131505,142125,로맨스는별책부록,,8회,전국,010620,드라마&영화,드라마,미니시리즈,0,0.02771,0.01948,0.00377,0,0.02066,0.03167,0,0.01541,0,0.00128,0.00667,0.02467,0.03333,"강단이역:이나영,차은호역:이종석,송해린역:정유진,지서준역:위하준,홍동민역:오의식,김재민역:김태우,고유선역:김유미,봉지홍역:조한철,서영아역:김선영,박훈역:강기둥,오지율역:박규영,이승진역:이관훈,배광수역:최승윤,채송이역:이하은"
20200624,On Style,142459,152655,로맨스는별책부록,,9회,전국,010156,드라마&영화,드라마,미니시리즈,0,0.00737,0,0.00107,0,0.01849,0.03785,0,0,0,0.01621,0,0.00841,0.03088,"강단이역:이나영,차은호역:이종석,송해린역:정유진,지서준역:위하준,홍동민역:오의식,김재민역:김태우,고유선역:김유미,봉지홍역:조한철,서영아역:김선영,박훈역:강기둥,오지율역:박규영,이승진역:이관훈,배광수역:최승윤,채송이역:이하은"
20200624,On Style,252150,255303,고양이띠요리사,,7회,전국,003113,드라마&영화,드라마,미니시리즈,0,0,0,0,0,0,0.00983,0,0.0573,0.07547,0,0.06029,0.03497,0.01043,"여문준역:이기우,이수지역:김소라,강민경역:조혜진,여은항역:민주"
20200624,On Style,255554,255959,고양이띠요리사,,8회,전국,000405,드라마&영화,드라마,미니시리즈,0,0,0,0,0,0,0,0,0,0,0,0.06029,0,0,"여문준역:이기우,이수지역:김소라,강민경역:조혜진,여은항역:민주"
20200624,SBS플러스,070301,073459,엄마가바람났다,,36회,전국,003158,드라마&영화,드라마,아침드라마,0.00607,0,0.08046,0.00514,0.05369,0.46769,0.51398,0,0,0.05754,0.14021,0.17243,0.7035,0.39653,"오필정역:현쥬니,강석준역:이재황,이은주역:문보령,강석환역:김형범,오순정역:남이안,김복순역:박순천,박민호역:길정우,박민지역:홍제이,김해정역:양금석,강태수역:이원재,이태우역:서현석,최동석역:김동균,최은자역:이진아,최유경역:이영은,최미영역:전은채,왕기범역:차승우,하열도역:김영훈,홍수경역:노정명,박태섭역:강서준,박혜진역:박지수"
20200624,SBS플러스,073610,080652,엄마가바람났다,,37회,전국,003042,드라마&영화,드라마,아침드라마,0,0,0.3434,0.06787,0.08498,0.59415,0.8329,0,0,0.12239,0.25091,0.16793,0.72417,0.59939,"오필정역:현쥬니,강석준역:이재황,이은주역:문보령,강석환역:김형범,오순정역:남이안,김복순역:박순천,박민호역:길정우,박민지역:홍제이,김해정역:양금석,강태수역:이원재,이태우역:서현석,최동석역:김동균,최은자역:이진아,최유경역:이영은,최미영역:전은채,왕기범역:차승우,하열도역:김영훈,홍수경역:노정명,박태섭역:강서준,박혜진역:박지수"
20200624,SBS플러스,081818,092340,주군의태양,,12회,전국,010522,드라마&영화,드라마,미니시리즈,0,0,0,0,0.08689,0.03651,0.075,0,0.00815,0,0.00152,0.13151,0.05287,0.03759,"주중원역:소지섭,태공실역:공효진,강우역:서인국,태이령역:김유리,김귀도역:최정우,주성란역:김미경,도석철역:이종원,태공리역:박희본,이한주역:이재원,안진주역:정가은,주중원어린시절역:김명수,TV프로그램자역:김상중,미경역:송채윤,하유진역:김보라,가영역:방민아,이은설역:이혜인,차희주역:한보름,주중원아버지역:김용건,이승모역:이도현,이승준역:홍은택,선영역:김보미,지우역:유민규,강길자역:김희정,루이장역:정찬,박서현역:서효림,이재석역:이종혁,이회장역:이재용,한나브라운역:황선희,유진우역:이천희,고여사역:이용녀,유혜성역:진이한"
20200624,SBS플러스,160346,170755,편의점샛별이,,1회,전국,010409,드라마&영화,드라마,미니시리즈,0.72353,0.01429,0.10516,0.25646,0.45213,0.24882,0.32532,0.79015,0.06459,0.17765,0.27792,0.38177,0.63726,0.40087,"최대현역:지창욱,정샛별역:김유정,유연주역:한선화,조승준역:도상우,정은별역:솔빈,공분희역:김선영,최용필역:이병준,한달식역:음문석,권의추역:우현,차기복역:이윤희,고광태역:배기범,김혜자역:견미리,최대순역:김지현,황금비역:서예화,차은조역:윤수,배부장역:허재호,강성태역:지찬,김정하역:신윤정,오현지역:한류은,강지욱역:김민규,유명기역:길용우"
20200624,SBS플러스,172311,182415,편의점샛별이,,2회,전국,010104,드라마&영화,드라마,미니시리즈,0.3795,0.079,0.03575,0.25001,0.15025,0.36849,0.20826,0.36269,0.113,0.08497,0.28989,0.2042,0.50895,0.35429,"최대현역:지창욱,정샛별역:김유정,유연주역:한선화,조승준역:도상우,정은별역:솔빈,공분희역:김선영,최용필역:이병준,한달식역:음문석,권의추역:우현,차기복역:이윤희,고광태역:배기범,김혜자역:견미리,최대순역:김지현,황금비역:서예화,차은조역:윤수,배부장역:허재호,강성태역:지찬,김정하역:신윤정,오현지역:한류은,강지욱역:김민규,유명기역:길용우"
20200624,SKY,033722,045934,화유기,,5회,전국,012212,드라마&영화,드라마,미니시리즈,0,0.0339,0,0.00318,0.36915,0.06759,0.02299,0,0,0,0.11799,0,0.01782,0.06847,"손오공역:이승기,우마왕역:차승원,진선미역:오연서,저팔계역:이홍기,사오정역:장광,마비서역:이엘,이한주역:김성오,앨리스역:윤보라,좀비소녀역:이세영,수보리조사역:성지루,동장군역:성혁,강대성역:송종호,조나단역:마이클리,진선미어린시절역:갈소원,공작역:장근석,나찰녀역:김지수"
20200624,SKY,084241,100134,화유기,,6회,전국,011853,드라마&영화,드라마,미니시리즈,0.04725,0,0.05669,0,0,0.04251,0.01794,0,0,0.01393,0.00754,0.18286,0.03595,0.00371,"손오공역:이승기,우마왕역:차승원,진선미역:오연서,저팔계역:이홍기,사오정역:장광,마비서역:이엘,이한주역:김성오,앨리스역:윤보라,좀비소녀역:이세영,수보리조사역:성지루,동장군역:성혁,강대성역:송종호,조나단역:마이클리,진선미어린시절역:갈소원,공작역:장근석,나찰녀역:김지수"
20200624,SKY,101913,112508,편의점샛별이,,1회,전국,010555,드라마&영화,드라마,미니시리즈,0,0,0,0,0.01454,0.05975,0.00565,0,0,0.20413,0.00457,0.07413,0.12772,0,"최대현역:지창욱,정샛별역:김유정,유연주역:한선화,조승준역:도상우,정은별역:솔빈,공분희역:김선영,최용필역:이병준,한달식역:음문석,권의추역:우현,차기복역:이윤희,고광태역:배기범,김혜자역:견미리,최대순역:김지현,황금비역:서예화,차은조역:윤수,배부장역:허재호,강성태역:지찬,김정하역:신윤정,오현지역:한류은,강지욱역:김민규,유명기역:길용우"
20200624,SKY,114003,124111,편의점샛별이,,2회,전국,010108,드라마&영화,드라마,미니시리즈,0,0,0,0.01562,0.07079,0.03047,0.01831,0,0.03087,0.37809,0.06347,0.37048,0.00876,0.02302,"최대현역:지창욱,정샛별역:김유정,유연주역:한선화,조승준역:도상우,정은별역:솔빈,공분희역:김선영,최용필역:이병준,한달식역:음문석,권의추역:우현,차기복역:이윤희,고광태역:배기범,김혜자역:견미리,최대순역:김지현,황금비역:서예화,차은조역:윤수,배부장역:허재호,강성태역:지찬,김정하역:신윤정,오현지역:한류은,강지욱역:김민규,유명기역:길용우"
20200624,SKY,164605,175200,편의점샛별이,,1회,전국,010555,드라마&영화,드라마,미니시리즈,0,0.14622,0,0.00299,0.23516,0.01954,0.01682,0,0.05065,0.08551,0,0.0861,0.07321,0.06164,"최대현역:지창욱,정샛별역:김유정,유연주역:한선화,조승준역:도상우,정은별역:솔빈,공분희역:김선영,최용필역:이병준,한달식역:음문석,권의추역:우현,차기복역:이윤희,고광태역:배기범,김혜자역:견미리,최대순역:김지현,황금비역:서예화,차은조역:윤수,배부장역:허재호,강성태역:지찬,김정하역:신윤정,오현지역:한류은,강지욱역:김민규,유명기역:길용우"
20200624,SKY,180645,190753,편의점샛별이,,2회,전국,010108,드라마&영화,드라마,미니시리즈,0,0,0.04305,0,0,0.08112,0.01992,0,0.06893,0.00095,0.00122,0.14797,0.14845,0.0243,"최대현역:지창욱,정샛별역:김유정,유연주역:한선화,조승준역:도상우,정은별역:솔빈,공분희역:김선영,최용필역:이병준,한달식역:음문석,권의추역:우현,차기복역:이윤희,고광태역:배기범,김혜자역:견미리,최대순역:김지현,황금비역:서예화,차은조역:윤수,배부장역:허재호,강성태역:지찬,김정하역:신윤정,오현지역:한류은,강지욱역:김민규,유명기역:길용우"
20200624,ONCE,020000,023738,전원일기,,434회,전국,003738,드라마&영화,드라마,주말연속극,0,0,0.21846,0,0.45083,0.18315,0.24333,0,0,0.05351,0.02194,0.132,0.34812,0.0584,"최불암,김혜자,김용건,김수미,고두심,유인촌,정대홍"
20200624,ONCE,024557,032755,전원일기,,435회,전국,004158,드라마&영화,드라마,주말연속극,0,0,0.14044,0.00495,0.45083,0.12683,0.20142,0,0,0,0,0,0.21743,0.06009,"최불암,김혜자,김용건,김수미,고두심,유인촌,정대홍"
20200624,ONCE,061705,072150,동이,,57회,전국,010445,드라마&영화,드라마,주간연속극,0,0,0,0,0,0.07215,0.38497,0,0,0,0,0.08923,0.0997,0.15315,"동이역:한효주,숙종역:지진희,희빈장씨역:이소연,차천수역:배수빈,서용기역:정진영,인현왕후역:박하선,오태석역:정동환,이종욱역:이정훈,홍태윤역:손일권,박도식역:최재호,도승지역:신국,오호양역:여호민,황주식역:이희도,정인국역:나성균,최효원역:천호진,장익헌역:이재용,김환역:정인기,은금역:한다민,오태풍역:이계인,태풍처역:이숙,장희재역:김유석,설희역:김혜진,게둬라부역:정은표,오윤역:최철호,게둬라역:최수한,심운택역:김동윤,동이어린시절역:김유정,봉상궁역:김소이,조상궁역:안여진,유상궁역:임성민,정임역:정유미,애종역:강유미,시비역:오은호,미지역:최하나,대전내관역:정선일,명성대비역:박정수,정상궁역:김혜선,영달역:이광수,최동주역:정성운,장무열역:최종환,이금역:이형석,경종역:윤찬,김구선역:맹상훈,인원왕후역:오연서"
20200624,ONCE,073601,083429,동이,,58회,전국,005828,드라마&영화,드라마,주간연속극,0,0,0.11528,0,0.12437,0.23516,0.40749,0,0,0.14451,0,0.30074,0.26016,0.31284,"동이역:한효주,숙종역:지진희,희빈장씨역:이소연,차천수역:배수빈,서용기역:정진영,인현왕후역:박하선,오태석역:정동환,이종욱역:이정훈,홍태윤역:손일권,박도식역:최재호,도승지역:신국,오호양역:여호민,황주식역:이희도,정인국역:나성균,최효원역:천호진,장익헌역:이재용,김환역:정인기,은금역:한다민,오태풍역:이계인,태풍처역:이숙,장희재역:김유석,설희역:김혜진,게둬라부역:정은표,오윤역:최철호,게둬라역:최수한,심운택역:김동윤,동이어린시절역:김유정,봉상궁역:김소이,조상궁역:안여진,유상궁역:임성민,정임역:정유미,애종역:강유미,시비역:오은호,미지역:최하나,대전내관역:정선일,명성대비역:박정수,정상궁역:김혜선,영달역:이광수,최동주역:정성운,장무열역:최종환,이금역:이형석,경종역:윤찬,김구선역:맹상훈,인원왕후역:오연서"
20200624,ONCE,084333,092833,전원일기,,434회,전국,004500,드라마&영화,드라마,주말연속극,0,0.05857,0.14529,0,0.0809,0,0.12445,0,0,0,0,0.0483,0.08575,0.02911,"최불암,김혜자,김용건,김수미,고두심,유인촌,정대홍"
20200624,ONCE,093832,102030,전원일기,,435회,전국,004158,드라마&영화,드라마,주말연속극,0.12516,0.16473,0.02595,0,0.21889,0.03862,0.12769,0,0,0,0,0.16958,0.02307,0.06883,"최불암,김혜자,김용건,김수미,고두심,유인촌,정대홍"
20200624,ONCE,103229,111319,전원일기,,432회,전국,004050,드라마&영화,드라마,주말연속극,0,0.03616,0,0,0.43592,0.0233,0.10058,0,0,0,0,0.05536,0,0.09331,"최불암,김혜자,김용건,김수미,고두심,유인촌,정대홍"
20200624,ONCE,112148,120055,전원일기,,433회,전국,003907,드라마&영화,드라마,주말연속극,0,0.02957,0,0,0.33332,0.00268,0.05301,0,0,0.03668,0,0.02438,0.0053,0.07819,"최불암,김혜자,김용건,김수미,고두심,유인촌,정대홍"
20200624,ONCE,121429,131145,대조영,,57회,전국,005716,드라마&영화,드라마,주말연속극,0,0,0.02782,0,0,0.01177,0.04887,0,0,0.00316,0,0.00903,0.00878,0.01205,"대조영역:최수종,이해고역:정보석,설인귀역:이덕화,초린역:박예진,검이역:정태우,숙영역:홍수현,양만춘역:임동진,흑수돌역:김학철,연남생역:임호,대중상역:임혁,걸사비우역:최철호,검모잠역:김명수,당태종역:송용태,부지광역:박지일,미모사역:김정현,금란역:심은진,부기원역:김하균,보장왕역:길용우,이진충역:김동현,손만영역:조인표,신홍역:김규철,계필사문역:윤용현,퉁소역:방형주,홍패역:유태술,이문역:남성진,팔보역:우봉식"
20200624,ONCE,170450,180205,대조영,,57회,전국,005715,드라마&영화,드라마,주말연속극,0,0,0.21846,0,0.01196,0.1848,0.04154,0,0,0,0.04984,0,0.26135,0.14118,"대조영역:최수종,이해고역:정보석,설인귀역:이덕화,초린역:박예진,검이역:정태우,숙영역:홍수현,양만춘역:임동진,흑수돌역:김학철,연남생역:임호,대중상역:임혁,걸사비우역:최철호,검모잠역:김명수,당태종역:송용태,부지광역:박지일,미모사역:김정현,금란역:심은진,부기원역:김하균,보장왕역:길용우,이진충역:김동현,손만영역:조인표,신홍역:김규철,계필사문역:윤용현,퉁소역:방형주,홍패역:유태술,이문역:남성진,팔보역:우봉식"
20200624,ONCE,181615,191859,동이,,55회,전국,010244,드라마&영화,드라마,주간연속극,0.22828,0,0.00408,0.34201,0.08186,0.0968,0.23977,0,0,0.00512,0.51557,0.10684,0.01644,0.2841,"동이역:한효주,숙종역:지진희,희빈장씨역:이소연,차천수역:배수빈,서용기역:정진영,인현왕후역:박하선,오태석역:정동환,이종욱역:이정훈,홍태윤역:손일권,박도식역:최재호,도승지역:신국,오호양역:여호민,황주식역:이희도,정인국역:나성균,최효원역:천호진,장익헌역:이재용,김환역:정인기,은금역:한다민,오태풍역:이계인,태풍처역:이숙,장희재역:김유석,설희역:김혜진,게둬라부역:정은표,오윤역:최철호,게둬라역:최수한,심운택역:김동윤,동이어린시절역:김유정,봉상궁역:김소이,조상궁역:안여진,유상궁역:임성민,정임역:정유미,애종역:강유미,시비역:오은호,미지역:최하나,대전내관역:정선일,명성대비역:박정수,정상궁역:김혜선,영달역:이광수,최동주역:정성운,장무열역:최종환,이금역:이형석,경종역:윤찬,김구선역:맹상훈,인원왕후역:오연서"
20200624,ONCE,193239,203329,동이,,56회,전국,010050,드라마&영화,드라마,주간연속극,0,0,0.08572,0.0188,0.38713,0.26849,0.19081,0,0.27175,0.10745,0.08338,0.33948,0.06216,0.17845,"동이역:한효주,숙종역:지진희,희빈장씨역:이소연,차천수역:배수빈,서용기역:정진영,인현왕후역:박하선,오태석역:정동환,이종욱역:이정훈,홍태윤역:손일권,박도식역:최재호,도승지역:신국,오호양역:여호민,황주식역:이희도,정인국역:나성균,최효원역:천호진,장익헌역:이재용,김환역:정인기,은금역:한다민,오태풍역:이계인,태풍처역:이숙,장희재역:김유석,설희역:김혜진,게둬라부역:정은표,오윤역:최철호,게둬라역:최수한,심운택역:김동윤,동이어린시절역:김유정,봉상궁역:김소이,조상궁역:안여진,유상궁역:임성민,정임역:정유미,애종역:강유미,시비역:오은호,미지역:최하나,대전내관역:정선일,명성대비역:박정수,정상궁역:김혜선,영달역:이광수,최동주역:정성운,장무열역:최종환,이금역:이형석,경종역:윤찬,김구선역:맹상훈,인원왕후역:오연서"
20200624,ONCE,223939,232029,전원일기,,432회,전국,004050,드라마&영화,드라마,주말연속극,0,0,0.21846,0,0.25329,0.19036,0.01101,0,0,0,0.02426,0.05429,0.23008,0.14459,"최불암,김혜자,김용건,김수미,고두심,유인촌,정대홍"
20200624,ONCE,233028,240935,전원일기,,433회,전국,003907,드라마&영화,드라마,주말연속극,0,0,0.21846,0,0.07113,0.18315,0.03666,0,0,0,0,0.05294,0.22117,0.06766,"최불암,김혜자,김용건,김수미,고두심,유인촌,정대홍"
20200624,ONCE,242239,251955,대조영,,57회,전국,005716,드라마&영화,드라마,주말연속극,0,0,0.09965,0,0.01119,0.22432,0.02474,0,0,0,0.00754,0,0.10089,0.02526,"대조영역:최수종,이해고역:정보석,설인귀역:이덕화,초린역:박예진,검이역:정태우,숙영역:홍수현,양만춘역:임동진,흑수돌역:김학철,연남생역:임호,대중상역:임혁,걸사비우역:최철호,검모잠역:김명수,당태종역:송용태,부지광역:박지일,미모사역:김정현,금란역:심은진,부기원역:김하균,보장왕역:길용우,이진충역:김동현,손만영역:조인표,신홍역:김규철,계필사문역:윤용현,퉁소역:방형주,홍패역:유태술,이문역:남성진,팔보역:우봉식"
20200624,ONCE,253055,255959,동이,,55회,전국,002904,드라마&영화,드라마,주간연속극,0,0,0,0,0,0.19106,0,0,0,0,0,0.02024,0,0,"동이역:한효주,숙종역:지진희,희빈장씨역:이소연,차천수역:배수빈,서용기역:정진영,인현왕후역:박하선,오태석역:정동환,이종욱역:이정훈,홍태윤역:손일권,박도식역:최재호,도승지역:신국,오호양역:여호민,황주식역:이희도,정인국역:나성균,최효원역:천호진,장익헌역:이재용,김환역:정인기,은금역:한다민,오태풍역:이계인,태풍처역:이숙,장희재역:김유석,설희역:김혜진,게둬라부역:정은표,오윤역:최철호,게둬라역:최수한,심운택역:김동윤,동이어린시절역:김유정,봉상궁역:김소이,조상궁역:안여진,유상궁역:임성민,정임역:정유미,애종역:강유미,시비역:오은호,미지역:최하나,대전내관역:정선일,명성대비역:박정수,정상궁역:김혜선,영달역:이광수,최동주역:정성운,장무열역:최종환,이금역:이형석,경종역:윤찬,김구선역:맹상훈,인원왕후역:오연서"
20200624,SKYUHD,204956,215537,야식남녀,,7회,전국,010541,드라마&영화,드라마,미니시리즈,0,0,0,0,0,0,0,0,0,0,0,0,0,0,"박진성역:정일우,김아진역:강지영,강태완역:이학주,이상영역:김승수,차주희역:김수진,남규장역:양대혁,유성은역:공민정,노재수역:박성준,박진우역:최재현"
20200624,SKYUHD,233354,245923,화유기,,1회,전국,012529,드라마&영화,드라마,미니시리즈,0,0,0,0,0,0,0,0,0,0,0,0,0,0,"손오공역:이승기,우마왕역:차승원,진선미역:오연서,저팔계역:이홍기,사오정역:장광,마비서역:이엘,이한주역:김성오,앨리스역:윤보라,좀비소녀역:이세영,수보리조사역:성지루,동장군역:성혁,강대성역:송종호,조나단역:마이클리,진선미어린시절역:갈소원,공작역:장근석,나찰녀역:김지수"
20200624,SKYUHD,254936,255959,화유기,,1회,전국,001023,드라마&영화,드라마,미니시리즈,0,0,0,0,0,0,0,0,0,0,0,0,0,0,"손오공역:이승기,우마왕역:차승원,진선미역:오연서,저팔계역:이홍기,사오정역:장광,마비서역:이엘,이한주역:김성오,앨리스역:윤보라,좀비소녀역:이세영,수보리조사역:성지루,동장군역:성혁,강대성역:송종호,조나단역:마이클리,진선미어린시절역:갈소원,공작역:장근석,나찰녀역:김지수"
20200624,OCN Thrills,094037,105819,블랙,,13회,전국,011742,드라마&영화,드라마,미니시리즈,0,0,0,0,0.05898,0.07193,0.00411,0,0.14744,0.00311,0,0.19793,0.12695,0.00573,"블랙역:송승헌,강하람역:고아라,윤수완역:이엘,오만수역:김동준,오십견,저승사자No.007역:조재윤,저승사자No.416역:이규복,나광견역:김원해,봉만식역:정석용,오소태역:이철민,박귀남역:허재호,김선영역:송수현,저승사자블랙역:김태우"
20200624,OCN Thrills,111236,122917,블랙,,14회,전국,011641,드라마&영화,드라마,미니시리즈,0.02074,0.00939,0.00282,0,0.05366,0.17498,0.00836,0,0,0.00624,0,0.01286,0.05549,0.02401,"블랙역:송승헌,강하람역:고아라,윤수완역:이엘,오만수역:김동준,오십견,저승사자No.007역:조재윤,저승사자No.416역:이규복,나광견역:김원해,봉만식역:정석용,오소태역:이철민,박귀남역:허재호,김선영역:송수현,저승사자블랙역:김태우"
20200624,OCN Thrills,123951,140540,블랙,,15회,전국,012549,드라마&영화,드라마,미니시리즈,0.0372,0.16951,0.00262,0.02185,0.03133,0.45216,0.03402,0,0,0.04115,0.03526,0.01,0.30757,0.0434,"블랙역:송승헌,강하람역:고아라,윤수완역:이엘,오만수역:김동준,오십견,저승사자No.007역:조재윤,저승사자No.416역:이규복,나광견역:김원해,봉만식역:정석용,오소태역:이철민,박귀남역:허재호,김선영역:송수현,저승사자블랙역:김태우"
20200624,OCN Thrills,182736,192909,번외수사,,9회,전국,010133,드라마&영화,드라마,미니시리즈,0.03998,0.03411,0,0,0.0353,0.43857,0.07189,0,0.13786,0,0.02348,0.18594,0.10014,0.0984,"진강호역:차태현,강무영역:이선빈,이반석역:정상훈,테디정역:윤경호,탁원역:지승현,민대진역:박정우,맨손역:박태산,연장역:장진희,지수철역:이영석,노순이역:민경옥"
20200624,OCN Thrills,194128,204315,번외수사,,10회,전국,010147,드라마&영화,드라마,미니시리즈,0,0.06132,0,0.06673,0.07732,0.65127,0.14634,0,0,0,0.00667,0.4684,0.40266,0.08686,"진강호역:차태현,강무영역:이선빈,이반석역:정상훈,테디정역:윤경호,탁원역:지승현,민대진역:박정우,맨손역:박태산,연장역:장진희,지수철역:이영석,노순이역:민경옥"
20200624,TRENDY,065746,080324,부부클리닉사랑과전쟁2,,41회,전국,010538,드라마&영화,드라마,단막극,0,0,0.00698,0.29742,0.30824,0.01808,0.01694,0,0,0,0,0.14876,0.0932,0.27438,"이재만,민지영,최영완,이정수,장가현,손유경,이준우"
20200624,TRENDY,081614,091207,부부클리닉사랑과전쟁2,,53회,전국,005553,드라마&영화,드라마,단막극,0,0,0,0.06414,0.21648,0,0.02982,0,0.00705,0,0.03122,0.03583,0.00402,0.09654,"이재만,민지영,최영완,이정수,장가현,손유경,이준우"
20200624,TRENDY,135850,150432,부부클리닉사랑과전쟁2,,41회,전국,010542,드라마&영화,드라마,단막극,0.01096,0,0,0.00569,0.03695,0.08421,0.0341,0.01197,0,0,0.02527,0.02326,0.10336,0.02186,"이재만,민지영,최영완,이정수,장가현,손유경,이준우"
20200624,TRENDY,151905,161500,부부클리닉사랑과전쟁2,,53회,전국,005555,드라마&영화,드라마,단막극,0,0.01044,0.00563,0.08183,0.02191,0.04216,0.00179,0.02822,0,0.06426,0,0.00597,0.06606,0.12871,"이재만,민지영,최영완,이정수,장가현,손유경,이준우"
20200624,TRENDY,230521,241103,부부클리닉사랑과전쟁2,,41회,전국,010542,드라마&영화,드라마,단막극,0.01096,0,0.07481,0.02179,0.00808,0.07472,0.0036,0.0431,0.0076,0.01648,0.08682,0.00647,0.0513,0.10214,"이재만,민지영,최영완,이정수,장가현,손유경,이준우"
20200624,TRENDY,242120,251716,부부클리닉사랑과전쟁2,,53회,전국,005556,드라마&영화,드라마,단막극,0.01072,0,0,0.20589,0.01105,0.05574,0.06866,0,0.00259,0,0,0.00156,0.0283,0.43552,"이재만,민지영,최영완,이정수,장가현,손유경,이준우"
20200624,WeLike,095522,105605,아테나:전쟁의여신,,7회,전국,010043,드라마&영화,드라마,미니시리즈,0,0,0,0,0,0,0,0,0,0.00605,0,0,0,0,"이정우역:정우성,손혁역:차승원,윤혜인역:수애,한재희역:이지아,김기수역:김민종,김준호역:시원,조명호역:이정길,최진희역:김영애,권용관역:유동근,박철영역:김승우,조수영역:이보영,오숙경역:오윤아,한정필역:전국환,제시카역:연민지,앤디역:션리차드,철규역:정찬우,최태현역:최강창민,김선화역:김소연,박성철역:이한위"
20200624,WeLike,111111,121200,아테나:전쟁의여신,,8회,전국,010049,드라마&영화,드라마,미니시리즈,0,0,0,0,0,0,0,0,0,0,0,0,0,0,"이정우역:정우성,손혁역:차승원,윤혜인역:수애,한재희역:이지아,김기수역:김민종,김준호역:시원,조명호역:이정길,최진희역:김영애,권용관역:유동근,박철영역:김승우,조수영역:이보영,오숙경역:오윤아,한정필역:전국환,제시카역:연민지,앤디역:션리차드,철규역:정찬우,최태현역:최강창민,김선화역:김소연,박성철역:이한위"
20200624,WeLike,200108,210300,아테나:전쟁의여신,,9회,전국,010152,드라마&영화,드라마,미니시리즈,0,0.00621,0.04708,0.03882,0,0,0,0,0,0.03944,0,0.00605,0,0.02596,"이정우역:정우성,손혁역:차승원,윤혜인역:수애,한재희역:이지아,김기수역:김민종,김준호역:시원,조명호역:이정길,최진희역:김영애,권용관역:유동근,박철영역:김승우,조수영역:이보영,오숙경역:오윤아,한정필역:전국환,제시카역:연민지,앤디역:션리차드,철규역:정찬우,최태현역:최강창민,김선화역:김소연,박성철역:이한위"
20200624,WeLike,211611,221922,아테나:전쟁의여신,,10회,전국,010311,드라마&영화,드라마,미니시리즈,0,0.01381,0,0,0.01431,0,0,0,0,0,0,0.01556,0,0,"이정우역:정우성,손혁역:차승원,윤혜인역:수애,한재희역:이지아,김기수역:김민종,김준호역:시원,조명호역:이정길,최진희역:김영애,권용관역:유동근,박철영역:김승우,조수영역:이보영,오숙경역:오윤아,한정필역:전국환,제시카역:연민지,앤디역:션리차드,철규역:정찬우,최태현역:최강창민,김선화역:김소연,박성철역:이한위"
20200625,KBS2,090623,093419,기막힌유산,,48회,전국,002756,드라마&영화,드라마,일일연속극,0,1.27208,1.22421,0.61687,1.00429,2.32431,2.99028,0.12815,0.72124,0.30735,0.29556,1.78204,3.29795,3.46945,"부영배역:박인환,공계옥역:강세정,부설악역:신정윤,부백두역:강신조,윤민주역:이아현,부금강역:남성진,신애리역:김가연,정미희역:박순천,김용미역:이응경,부한라역:박신우,성판금역:조양자,부가온역:김비주,부태희역:김연지,부혜교역:김효경,부지현역:강유라,공소영역:김난주,이장원역:이일준,김수민역:조서후,김종두역:이춘식,차정건역:조순창,이청아역:정서하,손보미역:박민지,김영지역:주민하,강선희역:박현정,천호식역:백신,이정태역:노상보,고향숙역:박소정"
20200625,KBS2,110447,120446,영혼수선공,,29회/30회,전국,005959,드라마&영화,드라마,미니시리즈,0,0.00925,0.02799,0.01572,0.20555,0.40133,0.47952,0,0,0.05879,0,0.32853,0.36162,0.67368,"이시준역:신하균,한우주역:정소민,인동혁역:태인호,지영원역:박예진,공지선역:주민경,조인혜역:조경숙,오기태역:박수영,박대하역:정해균,이택경역:최정우,노우정역:안동구,강누리역:하영,임세찬역:장유상,공지희역:박한솔,장유미역:김가란,김영석역:김강민,송민수역:류시원"
20200625,KBS2,194917,202403,위험한약속,,60회,전국,003446,드라마&영화,드라마,일일연속극,0.64471,2.50317,3.87097,5.00442,3.87242,7.57137,18.90355,0.86474,2.15277,2.39853,6.78799,7.5417,12.28233,25.75365,"차은동역:박하나,강태인역:고세원,최준혁역:강성민,오혜원역:박영린,한지훈역:이창욱,차만종역:이대연,차은찬역:유준서,공영심역:유지연,봉석구역:현우섭,강일섭역:강신일,연두심역:이칸희,한광훈역:길용우,한서주역:김혜지,최명희역:김나운,고재숙역:윤복인,최영국역:송민형,민주란역:오영실,최준경역:이효나,이창욱역:김정운"
20200625,KBS2,220147,223402,영혼수선공,<31회>,31회,전국,003215,드라마&영화,드라마,미니시리즈,0,0,0.19364,0.6358,0.3939,1.48978,2.34524,0,0.02698,0.10836,1.49707,0.52319,3.61599,2.52604,"이시준역:신하균,한우주역:정소민,인동혁역:태인호,지영원역:박예진,공지선역:주민경,조인혜역:조경숙,오기태역:박수영,박대하역:정해균,이택경역:최정우,노우정역:안동구,강누리역:하영,임세찬역:장유상,공지희역:박한솔,장유미역:김가란,김영석역:김강민,송민수역:류시원"
20200625,KBS2,223515,230525,영혼수선공,<32회>,32회,전국,003010,드라마&영화,드라마,미니시리즈,0.18034,0.06636,0.25175,0.50232,0.8131,1.47371,2.52197,0,0.02063,0.1672,1.79943,1.09578,3.42796,2.74215,"이시준역:신하균,한우주역:정소민,인동혁역:태인호,지영원역:박예진,공지선역:주민경,조인혜역:조경숙,오기태역:박수영,박대하역:정해균,이택경역:최정우,노우정역:안동구,강누리역:하영,임세찬역:장유상,공지희역:박한솔,장유미역:김가란,김영석역:김강민,송민수역:류시원"
20200625,MBC,104915,111806,꼰대인턴,<21회>,21회,서울/경기/부산/대전/대구/광주/울산/강원/충북/충남/전북/전남/경북/경남,002851,드라마&영화,드라마,미니시리즈,0,0.16353,0.03345,0.27744,0.58778,1.41318,1.03681,0,0.0089,0.45793,0.33603,1.04053,1.22047,1.77519,"가열찬역:박해진,이만식역:김응수,이태리역:한지은,남궁준수역:박기웅,탁정은역:박아인,주윤수역:노종현,오동근역:고건한,김승진역:홍승범,구자숙역:김선영,안상종역:손종학,남궁표역:고인범,엄한길역:김기천,옥경이역:문숙,고선녀역:정경순,열찬모역:전국향,박범준역:장성규,백범역:정성호,은혜수역:정영주,가열찬친구역:권수현,차형석역:영탁"
20200625,MBC,111920,115203,꼰대인턴,<22회>,22회,서울/경기/부산/대전/대구/광주/울산/강원/충북/충남/전북/전남/경북/경남,003243,드라마&영화,드라마,미니시리즈,0,0.05529,0,0.08543,0.49993,1.77484,0.80842,0.04677,0,0.46675,0.57948,1.14314,1.53539,1.40259,"가열찬역:박해진,이만식역:김응수,이태리역:한지은,남궁준수역:박기웅,탁정은역:박아인,주윤수역:노종현,오동근역:고건한,김승진역:홍승범,구자숙역:김선영,안상종역:손종학,남궁표역:고인범,엄한길역:김기천,옥경이역:문숙,고선녀역:정경순,열찬모역:전국향,박범준역:장성규,백범역:정성호,은혜수역:정영주,가열찬친구역:권수현,차형석역:영탁"
20200625,MBC,173052,180336,꼰대인턴,,22회,서울/경기/대전/대구/광주/강원/충남/전북/전남/경북/경남/제주,003244,드라마&영화,드라마,미니시리즈,0.85327,0,0.01713,0.38805,0.21613,0.0996,0.40212,0.04677,0.15693,0.02515,0.36133,0.23545,0.42334,0.77397,"가열찬역:박해진,이만식역:김응수,이태리역:한지은,남궁준수역:박기웅,탁정은역:박아인,주윤수역:노종현,오동근역:고건한,김승진역:홍승범,구자숙역:김선영,안상종역:손종학,남궁표역:고인범,엄한길역:김기천,옥경이역:문숙,고선녀역:정경순,열찬모역:전국향,박범준역:장성규,백범역:정성호,은혜수역:정영주,가열찬친구역:권수현,차형석역:영탁"
20200625,SBS,083652,090832,엄마가바람났다,,39회,전국,003140,드라마&영화,드라마,아침드라마,1.71235,2.57291,1.90395,1.72011,3.44421,3.57797,5.1451,0.06426,1.34195,0.63667,2.64511,2.80313,5.24716,8.06763,"오필정역:현쥬니,강석준역:이재황,이은주역:문보령,강석환역:김형범,오순정역:남이안,김복순역:박순천,박민호역:길정우,박민지역:홍제이,김해정역:양금석,강태수역:이원재,이태우역:서현석,최동석역:김동균,최은자역:이진아,최유경역:이영은,최미영역:전은채,왕기범역:차승우,하열도역:김영훈,홍수경역:노정명,박태섭역:강서준,박혜진역:박지수"
20200625,SBS,124712,131852,편의점샛별이,<1부>,1회,서울/경기/부산/대전/대구/광주/울산/강원/충남/전북/전남/경북/경남/제주,003140,드라마&영화,드라마,미니시리즈,0.08511,0.08742,0.01686,0.06366,0.64918,0.58056,0.69601,0,0,0.12633,0.56945,0.8086,0.60433,1.15402,"최대현역:지창욱,정샛별역:김유정,유연주역:한선화,조승준역:도상우,정은별역:솔빈,공분희역:김선영,최용필역:이병준,한달식역:음문석,권의추역:우현,차기복역:이윤희,고광태역:배기범,김혜자역:견미리,최대순역:김지현,황금비역:서예화,차은조역:윤수,배부장역:허재호,강성태역:지찬,김정하역:신윤정,오현지역:한류은,강지욱역:김민규,유명기역:길용우"
20200625,SBS,131900,135006,편의점샛별이,<2부>,1회,서울/경기/부산/대전/대구/광주/울산/강원/충남/전북/전남/경북/경남/제주,003106,드라마&영화,드라마,미니시리즈,0,0.32165,0.05522,0.0804,0.5983,0.81747,0.69868,0,0,0.16482,0.29672,0.94847,0.76156,1.14413,"최대현역:지창욱,정샛별역:김유정,유연주역:한선화,조승준역:도상우,정은별역:솔빈,공분희역:김선영,최용필역:이병준,한달식역:음문석,권의추역:우현,차기복역:이윤희,고광태역:배기범,김혜자역:견미리,최대순역:김지현,황금비역:서예화,차은조역:윤수,배부장역:허재호,강성태역:지찬,김정하역:신윤정,오현지역:한류은,강지욱역:김민규,유명기역:길용우"
20200625,SBS,235844,243101,편의점샛별이,<1부>,2회,서울/경기/부산/대전/광주/울산/강원/충북/충남/전북/전남/경남/제주,003217,드라마&영화,드라마,미니시리즈,0.11769,1.09361,0.32815,0.70755,1.22403,1.5646,1.16567,0,0.42334,0.48698,0.58627,1.44167,1.29158,1.55506,"최대현역:지창욱,정샛별역:김유정,유연주역:한선화,조승준역:도상우,정은별역:솔빈,공분희역:김선영,최용필역:이병준,한달식역:음문석,권의추역:우현,차기복역:이윤희,고광태역:배기범,김혜자역:견미리,최대순역:김지현,황금비역:서예화,차은조역:윤수,배부장역:허재호,강성태역:지찬,김정하역:신윤정,오현지역:한류은,강지욱역:김민규,유명기역:길용우"
20200625,SBS,243141,245906,편의점샛별이,<2부>,2회,서울/경기/부산/대전/광주/울산/강원/충북/충남/전북/전남/경남/제주,002725,드라마&영화,드라마,미니시리즈,0.04476,0.35559,0.08683,0.87246,1.05149,1.27434,0.9789,0,0.14124,0.45522,0.30345,1.15197,1.13664,1.59204,"최대현역:지창욱,정샛별역:김유정,유연주역:한선화,조승준역:도상우,정은별역:솔빈,공분희역:김선영,최용필역:이병준,한달식역:음문석,권의추역:우현,차기복역:이윤희,고광태역:배기범,김혜자역:견미리,최대순역:김지현,황금비역:서예화,차은조역:윤수,배부장역:허재호,강성태역:지찬,김정하역:신윤정,오현지역:한류은,강지욱역:김민규,유명기역:길용우"
20200625,OBS,094917,105207,구가의서,,18회,전국,010250,드라마&영화,드라마,주간연속극,0,0,0,0,0.01509,0.12737,0.03898,0,0,0,0,0.05146,0.09561,0.12369,"최강치역:이승기,담여울역:수지,조관웅역:이성재,담평준역:조성하,박태서역:유연석,박청조역:이유비,곤역:성준,구월령역:최진혁,윤서화역:이연희,소정법사역:김희원,천수련역:정혜영,자홍명역:윤세아,박무솔역:엄효섭,월선역:손승우,이순신역:유동근,마봉출역:조재윤,카게시마역:데이비드맥기니스,한노역:박주형,윤씨역:김희정,억만역:김기방,윤정윤역:이다윗,담이역:김보미,필목역:송영규,공달선생역:이도경"
20200625,OBS,181852,192123,구가의서,,19회,전국,010231,드라마&영화,드라마,주간연속극,0,0.05521,0,0,0.0345,0.24336,0.47363,0,0.15584,0,0,0.16014,0.35608,0.33465,"최강치역:이승기,담여울역:수지,조관웅역:이성재,담평준역:조성하,박태서역:유연석,박청조역:이유비,곤역:성준,구월령역:최진혁,윤서화역:이연희,소정법사역:김희원,천수련역:정혜영,자홍명역:윤세아,박무솔역:엄효섭,월선역:손승우,이순신역:유동근,마봉출역:조재윤,카게시마역:데이비드맥기니스,한노역:박주형,윤씨역:김희정,억만역:김기방,윤정윤역:이다윗,담이역:김보미,필목역:송영규,공달선생역:이도경"
20200625,JTBC,215323,230220,쌍갑포차,,12회,전국,010857,드라마&영화,드라마,미니시리즈,1.75319,2.18601,0.46647,1.27816,3.74838,3.23652,1.12959,0.08823,2.30461,1.2781,2.83066,6.4053,3.84084,1.60098,"월주역:황정음,한강배역:육성재,귀반장역:최원영,염부장역:이준혁,강여린역:정다은,최진동역:안태환,송미란역:박하나,박대리역:박주형,김원형역:나인우"
20200625,TV CHOSUN,025151,033719,운명과분노,,8회,전국,004528,드라마&영화,드라마,주말연속극,0,0.00909,0,0.05038,0,0.0984,0.4025,0,0.01457,0.11774,0.33347,0.00953,0.25112,0.38962,"태인준역:주상욱,구해라역:이민정,차수현역:소이현,진태오역:이기우,태필운역:고인범,한성숙역:송옥숙,태정호역:공정환,고아정역:심이영,태정민역:박수아,현정수역:조승연,구현주역:차수연,강선영역:정수영,강의건역:윤학,김창수역:허준석,차동규역:권태원,이은숙역:하민,김비서역:임지규,이현정역:한은선,김석진역:조완기,이정혜역:전현아,제니진역:김단우"
20200625,tvN,021750,033709,호텔델루나,,5회,전국,011919,드라마&영화,드라마,미니시리즈,0,0,0,0.20172,0.10382,0,0.20313,0,0,0.1246,0.18334,0.12617,0.22097,0.26894,"장만월역:이지은,구찬성역:여진구,산체스역:조현철,이미라역:박유나,김선비역:신정근,최서희역:배해선,지현중역:표지훈,김유나역:강미나,노준석역:정동환,마고신역:서이숙,사신역:강홍석,고청명역:이도현,연우역:이태선,설지원역:이다윗,구현모역:오지호,왕지은역:설리,베로니카역:서은수,황문숙역:황영희,강만영역:이승준,이세영역:소희정,호텔블루문사장역:김수현"
20200625,tvN,035344,051054,호텔델루나,,6회,전국,011710,드라마&영화,드라마,미니시리즈,0,0,0.00873,0.13788,0.17522,0.01284,0.17978,0,0,0.21875,0.41265,0.11446,0.13794,0.19272,"장만월역:이지은,구찬성역:여진구,산체스역:조현철,이미라역:박유나,김선비역:신정근,최서희역:배해선,지현중역:표지훈,김유나역:강미나,노준석역:정동환,마고신역:서이숙,사신역:강홍석,고청명역:이도현,연우역:이태선,설지원역:이다윗,구현모역:오지호,왕지은역:설리,베로니카역:서은수,황문숙역:황영희,강만영역:이승준,이세영역:소희정,호텔블루문사장역:김수현"
20200625,tvN,073729,085151,미스터션샤인,,7회,전국,011422,드라마&영화,드라마,미니시리즈,0.23929,0.1701,0.01438,0.06241,0.22769,0.35625,0.10181,0.4738,0.23816,0.12523,0.28196,0.5807,0.42615,0.31911,"유진초이역:이병헌,고애신역:김태리,구동매역:유연석,김희성역:변요한,쿠도히나역:김민정,황은산역:김갑수,장승구역:최무성,고사홍역:이호재,이완익역:김의성,모리타카시역:김남희,김안평역:김동균,윤호선역:김혜은,고애순역:박아인,일식이역:김병철,춘식이역:배정남,조씨부인역:김나운,행랑아범역:신정근,함안댁역:이정은,고종역:이승준,정문역:강신일,카일무어역:데이비드맥기니스,홍파역:서유정,임관수역:조우진,이세훈역:최진호,윤남종역:박보미,유죠역:윤주만,츠다역:이정현,소아역:오아연,도미역:고우림,유진엄마역:이시아,호타루역:김용지,스즈키역:정태야,준영역:장동윤,귀단역:김시은,유진초이어린시절역:김강훈,고상완역:진구,희진역:김지원,김판서역:김응수"
20200625,tvN,091110,102026,미스터션샤인,,8회,전국,010916,드라마&영화,드라마,미니시리즈,0.78547,0.23209,0.06985,0.34427,0.54915,0.52357,0.42948,0.04514,0.00449,0.26206,0.66222,1.74079,0.66722,0.47332,"유진초이역:이병헌,고애신역:김태리,구동매역:유연석,김희성역:변요한,쿠도히나역:김민정,황은산역:김갑수,장승구역:최무성,고사홍역:이호재,이완익역:김의성,모리타카시역:김남희,김안평역:김동균,윤호선역:김혜은,고애순역:박아인,일식이역:김병철,춘식이역:배정남,조씨부인역:김나운,행랑아범역:신정근,함안댁역:이정은,고종역:이승준,정문역:강신일,카일무어역:데이비드맥기니스,홍파역:서유정,임관수역:조우진,이세훈역:최진호,윤남종역:박보미,유죠역:윤주만,츠다역:이정현,소아역:오아연,도미역:고우림,유진엄마역:이시아,호타루역:김용지,스즈키역:정태야,준영역:장동윤,귀단역:김시은,유진초이어린시절역:김강훈,고상완역:진구,희진역:김지원,김판서역:김응수"
20200625,tvN,115011,125941,오마이베이비,,13회,전국,010930,드라마&영화,드라마,미니시리즈,0,0.32252,0.05899,0.08338,0.18023,0.14366,0.17058,0.03417,0.06932,0.03135,0.67793,0.72509,0.19913,0.17089,"장하리역:장나라,한이상역:고준,윤재영역:박병은,최강으뜸역:정건주,이옥란역:김혜옥,남수철역:조희봉,김은영역:이미도,김철중역:유승목,주승태역:전진기,박연호역:백승희,최효주역:박수영,주선생역:문현정,심정화역:김재화,이소윤역:정라엘,이옥희역:김예령,박재한역:이한위,김상희역:손화령,순남역:이주실,조회장역:장광,조아저씨역:최홍일,강효주역:전혜빈"
20200625,tvN,131958,143611,사이코지만괜찮아,,1회,전국,011613,드라마&영화,드라마,미니시리즈,0,0.75628,0.05125,0.00252,0.59152,0.13304,0.54646,0.73628,0.2741,0.03736,0.89476,0.37565,0.16607,0.4832,"문강태역:김수현,고문영역:서예지,문상태역:오정세,남주리역:박규영,이상인역:김주헌,조재수역:강기둥,오지왕역:김창완,강순덕역:김미경,박행자역:장영남,선별역:장규리,권민석역:서준,오차용역:최우성,고대환역:이얼,간필옹역:김기천,주정태역:정재광,이아름역:지혜원,박옥란역:강지은,유선해역:주인영,강은자역:배해선,유승재역:박진주,문강태어린시절역:문우진,고문영어린시절역:김수인,권기도역:곽동연,훈남CEO역:최다니엘"
20200625,tvN,145823,161325,사이코지만괜찮아,,2회,전국,011502,드라마&영화,드라마,미니시리즈,0.39103,0.85302,0.1865,0.2378,0.54459,0.12044,0.5519,0.25475,0.30035,0.01992,0.70261,0.70746,0.23247,0.39792,"문강태역:김수현,고문영역:서예지,문상태역:오정세,남주리역:박규영,이상인역:김주헌,조재수역:강기둥,오지왕역:김창완,강순덕역:김미경,박행자역:장영남,선별역:장규리,권민석역:서준,오차용역:최우성,고대환역:이얼,간필옹역:김기천,주정태역:정재광,이아름역:지혜원,박옥란역:강지은,유선해역:주인영,강은자역:배해선,유승재역:박진주,문강태어린시절역:문우진,고문영어린시절역:김수인,권기도역:곽동연,훈남CEO역:최다니엘"
20200625,tvN,225012,240023,오마이베이비,,14회,전국,011011,드라마&영화,드라마,미니시리즈,0.00893,0.08253,0.35143,0.42739,0.6867,0.79072,0.4494,1.36213,0.09027,0.23802,1.2279,2.35424,1.01342,0.77388,"장하리역:장나라,한이상역:고준,윤재영역:박병은,최강으뜸역:정건주,이옥란역:김혜옥,남수철역:조희봉,김은영역:이미도,김철중역:유승목,주승태역:전진기,박연호역:백승희,최효주역:박수영,주선생역:문현정,심정화역:김재화,이소윤역:정라엘,이옥희역:김예령,박재한역:이한위,김상희역:손화령,순남역:이주실,조회장역:장광,조아저씨역:최홍일,강효주역:전혜빈"
20200625,tvN,255715,255959,호텔델루나,,7회,전국,000244,드라마&영화,드라마,미니시리즈,0,0,0,0.09917,0.9863,0.43186,0.2762,0,0.28936,0.18581,0.69735,0.36795,1.10992,0.28703,"장만월역:이지은,구찬성역:여진구,산체스역:조현철,이미라역:박유나,김선비역:신정근,최서희역:배해선,지현중역:표지훈,김유나역:강미나,노준석역:정동환,마고신역:서이숙,사신역:강홍석,고청명역:이도현,연우역:이태선,설지원역:이다윗,구현모역:오지호,왕지은역:설리,베로니카역:서은수,황문숙역:황영희,강만영역:이승준,이세영역:소희정,호텔블루문사장역:김수현"
20200625,국방TV,240035,242453,바람은불어도,,121회,전국,002418,드라마&영화,드라마,미니시리즈,0,0,0,0,0,0,0,0,0,0,0,0,0,0,"최수종,유호정,윤손하,송나영,송기윤,나문희"
20200625,국방TV,243018,245812,바람은불어도,,122회,전국,002754,드라마&영화,드라마,미니시리즈,0,0,0,0,0.00621,0.03359,0,0,0,0,0,0.00762,0,0.0033,"최수종,유호정,윤손하,송나영,송기윤,나문희"
20200625,국방TV,250035,252627,바람은불어도,,123회,전국,002552,드라마&영화,드라마,미니시리즈,0,0,0,0.01127,0,0,0,0,0,0,0,0,0,0.00352,"최수종,유호정,윤손하,송나영,송기윤,나문희"
20200625,국방TV,253033,255703,바람은불어도,,124회,전국,002630,드라마&영화,드라마,미니시리즈,0,0.02324,0,0,0.01915,0.00979,0,0,0,0,0,0.03399,0,0,"최수종,유호정,윤손하,송나영,송기윤,나문희"
20200625,AsiaUHD,030205,041255,삼총사,,11회,전국,011050,드라마&영화,드라마,주간연속극,0,0,0,0,0,0,0,0,0,0,0,0,0,0,"박달향역:정용화,소현세자역:이진욱,허승포역:양동근,안민서역:정해인,강빈역:서현진,미령역:유인영,김자점역:박영규,최명길역:전노민,용골대역:김성민,인조역:김명수,판쇠역:이켠,노수역:박성민,정명공주역:한민,마부대역:김서경,소현세자어린시절역:지은성"
20200625,AsiaUHD,043009,054844,삼총사,,12회,전국,011835,드라마&영화,드라마,주간연속극,0,0,0,0,0,0,0,0,0,0,0,0,0,0,"박달향역:정용화,소현세자역:이진욱,허승포역:양동근,안민서역:정해인,강빈역:서현진,미령역:유인영,김자점역:박영규,최명길역:전노민,용골대역:김성민,인조역:김명수,판쇠역:이켠,노수역:박성민,정명공주역:한민,마부대역:김서경,소현세자어린시절역:지은성"
20200625,AXN,074036,084139,넝쿨째굴러온당신,,1회,전국,010103,드라마&영화,드라마,주말연속극,0,0,0,0,0,0.02138,0.06227,0,0.13031,0,0,0.0231,0.01833,0.03919,"차윤희역:김남주,방귀남역:유준상,엄청애역:윤여정,방장수역:장용,전막례역:강부자,한만희역:김영란,차세중역:김용희,민지영역:진경,차세광역:강민혁,엄보애역:유지인,엄순애역:양희경,방일숙역:양정아,방이숙역:조윤희,방말숙역:오연서,장양실역:나영희,방정배역:김상호,고옥역:심이영,방장군역:곽동연,천재용역:이희준,윤빈역:김원준,남남구역:김형범,고시생역:김승우,예능국PD역:김준현,라디오DJ역:양희은,홍은희역:홍은희,송수지역:박수진,매니저역:이수근,목사역:지진희,차태봉역:차태현,성시갱역:성시경,노래강사역:이종박,한규현역:강동호,태영역:김형진,지피디역:곽민석,강혜수역:최윤소,동대문옷가게상인역:탁재훈,소개팅남역:이정신,유신혜역:유인영,지환역:이도현,김장훈역:김장훈,뚱보아버지역:유민상,뚱보아들역:김수영,인기여배우역:이혜영,인기남배우역:송준근,심사위원역:김종민,막장모녀엄마역:정경미,막장모녀딸역:박소영,신세경역:신세경,재용첫째누나역:김서형,재용둘째누나역:조민아,재용막내누나역:이제인,호들갑남역:공형진,라디오DJ역:박소현,귀남의양아버지역:길용우,귀남의양어머니역:김창숙,천재용아버지역:이재용,배PD역:이지영,방귀남어린시절역:홍현택"
20200625,AXN,090147,100330,넝쿨째굴러온당신,,2회,전국,010143,드라마&영화,드라마,주말연속극,0,0.01287,0.03616,0,0.01365,0,0.08614,0,0.05828,0,0.00529,0.26395,0.03673,0.14419,"차윤희역:김남주,방귀남역:유준상,엄청애역:윤여정,방장수역:장용,전막례역:강부자,한만희역:김영란,차세중역:김용희,민지영역:진경,차세광역:강민혁,엄보애역:유지인,엄순애역:양희경,방일숙역:양정아,방이숙역:조윤희,방말숙역:오연서,장양실역:나영희,방정배역:김상호,고옥역:심이영,방장군역:곽동연,천재용역:이희준,윤빈역:김원준,남남구역:김형범,고시생역:김승우,예능국PD역:김준현,라디오DJ역:양희은,홍은희역:홍은희,송수지역:박수진,매니저역:이수근,목사역:지진희,차태봉역:차태현,성시갱역:성시경,노래강사역:이종박,한규현역:강동호,태영역:김형진,지피디역:곽민석,강혜수역:최윤소,동대문옷가게상인역:탁재훈,소개팅남역:이정신,유신혜역:유인영,지환역:이도현,김장훈역:김장훈,뚱보아버지역:유민상,뚱보아들역:김수영,인기여배우역:이혜영,인기남배우역:송준근,심사위원역:김종민,막장모녀엄마역:정경미,막장모녀딸역:박소영,신세경역:신세경,재용첫째누나역:김서형,재용둘째누나역:조민아,재용막내누나역:이제인,호들갑남역:공형진,라디오DJ역:박소현,귀남의양아버지역:길용우,귀남의양어머니역:김창숙,천재용아버지역:이재용,배PD역:이지영,방귀남어린시절역:홍현택"
20200625,AXN,132730,142917,넝쿨째굴러온당신,,1회,전국,010147,드라마&영화,드라마,주말연속극,0,0,0,0,0,0.03761,0.03437,0,0,0,0.02957,0.0039,0.04405,0.01845,"차윤희역:김남주,방귀남역:유준상,엄청애역:윤여정,방장수역:장용,전막례역:강부자,한만희역:김영란,차세중역:김용희,민지영역:진경,차세광역:강민혁,엄보애역:유지인,엄순애역:양희경,방일숙역:양정아,방이숙역:조윤희,방말숙역:오연서,장양실역:나영희,방정배역:김상호,고옥역:심이영,방장군역:곽동연,천재용역:이희준,윤빈역:김원준,남남구역:김형범,고시생역:김승우,예능국PD역:김준현,라디오DJ역:양희은,홍은희역:홍은희,송수지역:박수진,매니저역:이수근,목사역:지진희,차태봉역:차태현,성시갱역:성시경,노래강사역:이종박,한규현역:강동호,태영역:김형진,지피디역:곽민석,강혜수역:최윤소,동대문옷가게상인역:탁재훈,소개팅남역:이정신,유신혜역:유인영,지환역:이도현,김장훈역:김장훈,뚱보아버지역:유민상,뚱보아들역:김수영,인기여배우역:이혜영,인기남배우역:송준근,심사위원역:김종민,막장모녀엄마역:정경미,막장모녀딸역:박소영,신세경역:신세경,재용첫째누나역:김서형,재용둘째누나역:조민아,재용막내누나역:이제인,호들갑남역:공형진,라디오DJ역:박소현,귀남의양아버지역:길용우,귀남의양어머니역:김창숙,천재용아버지역:이재용,배PD역:이지영,방귀남어린시절역:홍현택"
20200625,AXN,144531,154759,넝쿨째굴러온당신,,2회,전국,010228,드라마&영화,드라마,주말연속극,0,0.0165,0,0.00209,0,0.01294,0,0,0.02082,0,0.0014,0.00759,0.07505,0.07521,"차윤희역:김남주,방귀남역:유준상,엄청애역:윤여정,방장수역:장용,전막례역:강부자,한만희역:김영란,차세중역:김용희,민지영역:진경,차세광역:강민혁,엄보애역:유지인,엄순애역:양희경,방일숙역:양정아,방이숙역:조윤희,방말숙역:오연서,장양실역:나영희,방정배역:김상호,고옥역:심이영,방장군역:곽동연,천재용역:이희준,윤빈역:김원준,남남구역:김형범,고시생역:김승우,예능국PD역:김준현,라디오DJ역:양희은,홍은희역:홍은희,송수지역:박수진,매니저역:이수근,목사역:지진희,차태봉역:차태현,성시갱역:성시경,노래강사역:이종박,한규현역:강동호,태영역:김형진,지피디역:곽민석,강혜수역:최윤소,동대문옷가게상인역:탁재훈,소개팅남역:이정신,유신혜역:유인영,지환역:이도현,김장훈역:김장훈,뚱보아버지역:유민상,뚱보아들역:김수영,인기여배우역:이혜영,인기남배우역:송준근,심사위원역:김종민,막장모녀엄마역:정경미,막장모녀딸역:박소영,신세경역:신세경,재용첫째누나역:김서형,재용둘째누나역:조민아,재용막내누나역:이제인,호들갑남역:공형진,라디오DJ역:박소현,귀남의양아버지역:길용우,귀남의양어머니역:김창숙,천재용아버지역:이재용,배PD역:이지영,방귀남어린시절역:홍현택"
20200625,AXN,211355,221557,넝쿨째굴러온당신,,1회,전국,010202,드라마&영화,드라마,주말연속극,0,0,0,0,0.00495,0,0.06243,0,0,0.00827,0,0.02579,0.01733,0.02489,"차윤희역:김남주,방귀남역:유준상,엄청애역:윤여정,방장수역:장용,전막례역:강부자,한만희역:김영란,차세중역:김용희,민지영역:진경,차세광역:강민혁,엄보애역:유지인,엄순애역:양희경,방일숙역:양정아,방이숙역:조윤희,방말숙역:오연서,장양실역:나영희,방정배역:김상호,고옥역:심이영,방장군역:곽동연,천재용역:이희준,윤빈역:김원준,남남구역:김형범,고시생역:김승우,예능국PD역:김준현,라디오DJ역:양희은,홍은희역:홍은희,송수지역:박수진,매니저역:이수근,목사역:지진희,차태봉역:차태현,성시갱역:성시경,노래강사역:이종박,한규현역:강동호,태영역:김형진,지피디역:곽민석,강혜수역:최윤소,동대문옷가게상인역:탁재훈,소개팅남역:이정신,유신혜역:유인영,지환역:이도현,김장훈역:김장훈,뚱보아버지역:유민상,뚱보아들역:김수영,인기여배우역:이혜영,인기남배우역:송준근,심사위원역:김종민,막장모녀엄마역:정경미,막장모녀딸역:박소영,신세경역:신세경,재용첫째누나역:김서형,재용둘째누나역:조민아,재용막내누나역:이제인,호들갑남역:공형진,라디오DJ역:박소현,귀남의양아버지역:길용우,귀남의양어머니역:김창숙,천재용아버지역:이재용,배PD역:이지영,방귀남어린시절역:홍현택"
20200625,AXN,223406,233649,넝쿨째굴러온당신,,2회,전국,010243,드라마&영화,드라마,주말연속극,0,0,0,0,0.08102,0.00617,0.04254,0,0,0,0,0.02381,0.05006,0.04977,"차윤희역:김남주,방귀남역:유준상,엄청애역:윤여정,방장수역:장용,전막례역:강부자,한만희역:김영란,차세중역:김용희,민지영역:진경,차세광역:강민혁,엄보애역:유지인,엄순애역:양희경,방일숙역:양정아,방이숙역:조윤희,방말숙역:오연서,장양실역:나영희,방정배역:김상호,고옥역:심이영,방장군역:곽동연,천재용역:이희준,윤빈역:김원준,남남구역:김형범,고시생역:김승우,예능국PD역:김준현,라디오DJ역:양희은,홍은희역:홍은희,송수지역:박수진,매니저역:이수근,목사역:지진희,차태봉역:차태현,성시갱역:성시경,노래강사역:이종박,한규현역:강동호,태영역:김형진,지피디역:곽민석,강혜수역:최윤소,동대문옷가게상인역:탁재훈,소개팅남역:이정신,유신혜역:유인영,지환역:이도현,김장훈역:김장훈,뚱보아버지역:유민상,뚱보아들역:김수영,인기여배우역:이혜영,인기남배우역:송준근,심사위원역:김종민,막장모녀엄마역:정경미,막장모녀딸역:박소영,신세경역:신세경,재용첫째누나역:김서형,재용둘째누나역:조민아,재용막내누나역:이제인,호들갑남역:공형진,라디오DJ역:박소현,귀남의양아버지역:길용우,귀남의양어머니역:김창숙,천재용아버지역:이재용,배PD역:이지영,방귀남어린시절역:홍현택"
20200625,CHING,020000,023157,이산,,27회,전국,003157,드라마&영화,드라마,주간연속극,0.01791,0,0,0,0.00368,0,0.00108,0,0,0,0,0,0.00846,0.08471,"정조이산역:이서진,성송연역:한지민,영조역:이순재,정순왕후역:김여진,화완옹주역:성현아,정후겸역:조연우,박대수역:이종수,효의왕후역:박은혜,혜경궁홍씨역:견미리,사도세자역:이창훈,홍국영역:한상진,최석주역:조경환,채제공역:한인수,정약용역:송창의,장태우역:이재용,민주식역:정호근,박제가역:정재곤,남사초역:맹상훈,박달호역:이희도,김정금상궁역:김소이,강미비상궁역:이숙,원빈홍씨역:지성원,화빈윤씨역:유연지,박영문역:신국,초비역:이도은,이천역:지상렬,탁지수역:유민혁,이산어린시절역:박지빈,성송연어린시절역:이한나,박대수어린시절역:권오민,정후겸어린시절역:이인성"
20200625,CHING,024428,035146,이산,,28회,전국,010718,드라마&영화,드라마,주간연속극,0.04214,0,0.02126,0,0,0.0199,0.0287,0,0.01478,0,0.02664,0.01097,0.01226,0.10746,"정조이산역:이서진,성송연역:한지민,영조역:이순재,정순왕후역:김여진,화완옹주역:성현아,정후겸역:조연우,박대수역:이종수,효의왕후역:박은혜,혜경궁홍씨역:견미리,사도세자역:이창훈,홍국영역:한상진,최석주역:조경환,채제공역:한인수,정약용역:송창의,장태우역:이재용,민주식역:정호근,박제가역:정재곤,남사초역:맹상훈,박달호역:이희도,김정금상궁역:김소이,강미비상궁역:이숙,원빈홍씨역:지성원,화빈윤씨역:유연지,박영문역:신국,초비역:이도은,이천역:지상렬,탁지수역:유민혁,이산어린시절역:박지빈,성송연어린시절역:이한나,박대수어린시절역:권오민,정후겸어린시절역:이인성"
20200625,CHING,085805,092628,인어아가씨,,113회,전국,002823,드라마&영화,드라마,주간연속극,0,0,0,0,0.04991,0,0.10502,0,0,0,0,0.12928,0,0.19717,"은아리영역:장서희,한경혜역:정영숙,은진섭역:박근형,심수정역:한혜숙,은예영역:우희진,이주왕역:김성민,이성수역:김병기,금옥선역:사미자,금실라역:김용림,조수아역:고두심,마마준역:정보석,마마린역:이재은"
20200625,CHING,092738,095538,인어아가씨,,114회,전국,002800,드라마&영화,드라마,주간연속극,0,0,0,0,0,0.0254,0,0,0,0,0,0.01566,0.00136,0.00371,"은아리영역:장서희,한경혜역:정영숙,은진섭역:박근형,심수정역:한혜숙,은예영역:우희진,이주왕역:김성민,이성수역:김병기,금옥선역:사미자,금실라역:김용림,조수아역:고두심,마마준역:정보석,마마린역:이재은"
20200625,CHING,101202,104016,인어아가씨,,115회,전국,002814,드라마&영화,드라마,주간연속극,0,0,0,0,0,0,0.00493,0,0,0,0,0,0,0.00561,"은아리영역:장서희,한경혜역:정영숙,은진섭역:박근형,심수정역:한혜숙,은예영역:우희진,이주왕역:김성민,이성수역:김병기,금옥선역:사미자,금실라역:김용림,조수아역:고두심,마마준역:정보석,마마린역:이재은"
20200625,CHING,104126,110832,인어아가씨,,116회,전국,002706,드라마&영화,드라마,주간연속극,0,0,0,0,0.02982,0,0,0,0,0,0,0.03865,0,0,"은아리영역:장서희,한경혜역:정영숙,은진섭역:박근형,심수정역:한혜숙,은예영역:우희진,이주왕역:김성민,이성수역:김병기,금옥선역:사미자,금실라역:김용림,조수아역:고두심,마마준역:정보석,마마린역:이재은"
20200625,CHING,144223,151045,인어아가씨,,113회,전국,002822,드라마&영화,드라마,주간연속극,0,0.05064,0,0,0,0.03917,0.09798,0,0,0,0.2041,0,0,0,"은아리영역:장서희,한경혜역:정영숙,은진섭역:박근형,심수정역:한혜숙,은예영역:우희진,이주왕역:김성민,이성수역:김병기,금옥선역:사미자,금실라역:김용림,조수아역:고두심,마마준역:정보석,마마린역:이재은"
20200625,CHING,151156,153955,인어아가씨,,114회,전국,002759,드라마&영화,드라마,주간연속극,0,0,0,0,0,0,0.08933,0,0,0,0.15817,0,0,0,"은아리영역:장서희,한경혜역:정영숙,은진섭역:박근형,심수정역:한혜숙,은예영역:우희진,이주왕역:김성민,이성수역:김병기,금옥선역:사미자,금실라역:김용림,조수아역:고두심,마마준역:정보석,마마린역:이재은"
20200625,CHING,155950,162805,인어아가씨,,115회,전국,002815,드라마&영화,드라마,주간연속극,0,0,0,0,0,0.01729,0.00731,0,0,0,0,0.03963,0,0.00473,"은아리영역:장서희,한경혜역:정영숙,은진섭역:박근형,심수정역:한혜숙,은예영역:우희진,이주왕역:김성민,이성수역:김병기,금옥선역:사미자,금실라역:김용림,조수아역:고두심,마마준역:정보석,마마린역:이재은"
20200625,CHING,162916,165621,인어아가씨,,116회,전국,002705,드라마&영화,드라마,주간연속극,0,0.08159,0.03125,0.01043,0.00893,0.02823,0.0085,0,0,0.02706,0,0,0.01707,0.01487,"은아리영역:장서희,한경혜역:정영숙,은진섭역:박근형,심수정역:한혜숙,은예영역:우희진,이주왕역:김성민,이성수역:김병기,금옥선역:사미자,금실라역:김용림,조수아역:고두심,마마준역:정보석,마마린역:이재은"
20200625,CHING,170718,181500,이산,,29회,전국,010742,드라마&영화,드라마,주간연속극,0,0,0,0.1535,0,0.00253,0.03193,0,0,0.0028,0.15399,0,0,0.0035,"정조이산역:이서진,성송연역:한지민,영조역:이순재,정순왕후역:김여진,화완옹주역:성현아,정후겸역:조연우,박대수역:이종수,효의왕후역:박은혜,혜경궁홍씨역:견미리,사도세자역:이창훈,홍국영역:한상진,최석주역:조경환,채제공역:한인수,정약용역:송창의,장태우역:이재용,민주식역:정호근,박제가역:정재곤,남사초역:맹상훈,박달호역:이희도,김정금상궁역:김소이,강미비상궁역:이숙,원빈홍씨역:지성원,화빈윤씨역:유연지,박영문역:신국,초비역:이도은,이천역:지상렬,탁지수역:유민혁,이산어린시절역:박지빈,성송연어린시절역:이한나,박대수어린시절역:권오민,정후겸어린시절역:이인성"
20200625,CHING,182648,193409,이산,,30회,전국,010721,드라마&영화,드라마,주간연속극,0,0,0,0,0.22196,0.03909,0.01109,0,0,0,0,0.00804,0,0.00178,"정조이산역:이서진,성송연역:한지민,영조역:이순재,정순왕후역:김여진,화완옹주역:성현아,정후겸역:조연우,박대수역:이종수,효의왕후역:박은혜,혜경궁홍씨역:견미리,사도세자역:이창훈,홍국영역:한상진,최석주역:조경환,채제공역:한인수,정약용역:송창의,장태우역:이재용,민주식역:정호근,박제가역:정재곤,남사초역:맹상훈,박달호역:이희도,김정금상궁역:김소이,강미비상궁역:이숙,원빈홍씨역:지성원,화빈윤씨역:유연지,박영문역:신국,초비역:이도은,이천역:지상렬,탁지수역:유민혁,이산어린시절역:박지빈,성송연어린시절역:이한나,박대수어린시절역:권오민,정후겸어린시절역:이인성"
20200625,CHING,230857,233719,인어아가씨,,113회,전국,002822,드라마&영화,드라마,주간연속극,0,0.05279,0,0,0.00514,0.01511,0.00134,0,0.00877,0.02303,0,0.00631,0,0.01231,"은아리영역:장서희,한경혜역:정영숙,은진섭역:박근형,심수정역:한혜숙,은예영역:우희진,이주왕역:김성민,이성수역:김병기,금옥선역:사미자,금실라역:김용림,조수아역:고두심,마마준역:정보석,마마린역:이재은"
20200625,CHING,233830,240629,인어아가씨,,114회,전국,002759,드라마&영화,드라마,주간연속극,0,0,0,0,0,0,0,0,0,0.00505,0,0,0,0,"은아리영역:장서희,한경혜역:정영숙,은진섭역:박근형,심수정역:한혜숙,은예영역:우희진,이주왕역:김성민,이성수역:김병기,금옥선역:사미자,금실라역:김용림,조수아역:고두심,마마준역:정보석,마마린역:이재은"
20200625,CHING,241809,244623,인어아가씨,,115회,전국,002814,드라마&영화,드라마,주간연속극,0,0,0,0,0,0.02266,0,0,0,0,0,0,0.02976,0.08471,"은아리영역:장서희,한경혜역:정영숙,은진섭역:박근형,심수정역:한혜숙,은예영역:우희진,이주왕역:김성민,이성수역:김병기,금옥선역:사미자,금실라역:김용림,조수아역:고두심,마마준역:정보석,마마린역:이재은"
20200625,CHING,244734,251439,인어아가씨,,116회,전국,002705,드라마&영화,드라마,주간연속극,0,0,0,0,0,0,0,0,0,0,0,0,0,0.08471,"은아리영역:장서희,한경혜역:정영숙,은진섭역:박근형,심수정역:한혜숙,은예영역:우희진,이주왕역:김성민,이성수역:김병기,금옥선역:사미자,금실라역:김용림,조수아역:고두심,마마준역:정보석,마마린역:이재은"
20200625,CHING,252826,255959,이산,,29회,전국,003133,드라마&영화,드라마,주간연속극,0,0.02295,0,0.00661,0.21769,0,0.01328,0,0,0,0,0,0.02259,0.08787,"정조이산역:이서진,성송연역:한지민,영조역:이순재,정순왕후역:김여진,화완옹주역:성현아,정후겸역:조연우,박대수역:이종수,효의왕후역:박은혜,혜경궁홍씨역:견미리,사도세자역:이창훈,홍국영역:한상진,최석주역:조경환,채제공역:한인수,정약용역:송창의,장태우역:이재용,민주식역:정호근,박제가역:정재곤,남사초역:맹상훈,박달호역:이희도,김정금상궁역:김소이,강미비상궁역:이숙,원빈홍씨역:지성원,화빈윤씨역:유연지,박영문역:신국,초비역:이도은,이천역:지상렬,탁지수역:유민혁,이산어린시절역:박지빈,성송연어린시절역:이한나,박대수어린시절역:권오민,정후겸어린시절역:이인성"
20200625,CNTV,032621,035614,녹두꽃,,25회,전국,002953,드라마&영화,드라마,미니시리즈,0,0,0,0,0,0,0.01706,0,0.06356,0,0,0.02824,0,0.01104,"백이강역:조정석,백이현역:윤시윤,송자인역:한예리,전봉준역:최무성,백가역:박혁권,최덕기역:김상호,황석주역:최원영,채씨역:황영희,백이화역:백은혜,유월이역:서영희,남서방역:정선철,최경선역:민성욱,해승역:안길강,버들이역:노행하,번개역:병헌,동록개역:정규수,김가역:박지환,김개남역:김정호,손화중역:홍우진,송희옥역:이태검,황명심역:박규영,홍가역:조희봉,억쇠역:조현식,철두역:김도연,박원명역:김하균,송봉길역:박지일,김당손역:문원주,김문현역:이순원,김학진역:남문철,홍계훈역:윤서현,이규태역:손우현,이두황역:서종봉,대원군역:전국환,민비역:김지현,고종역:이윤건,조병갑역:장광,이용태역:이정헌,최시형역:전무송,다케다요스케역:이기찬,김홍집역:황만익"
20200625,CNTV,035640,042542,녹두꽃,,26회,전국,002902,드라마&영화,드라마,미니시리즈,0,0,0,0,0,0,0,0,0,0,0,0,0,0,"백이강역:조정석,백이현역:윤시윤,송자인역:한예리,전봉준역:최무성,백가역:박혁권,최덕기역:김상호,황석주역:최원영,채씨역:황영희,백이화역:백은혜,유월이역:서영희,남서방역:정선철,최경선역:민성욱,해승역:안길강,버들이역:노행하,번개역:병헌,동록개역:정규수,김가역:박지환,김개남역:김정호,손화중역:홍우진,송희옥역:이태검,황명심역:박규영,홍가역:조희봉,억쇠역:조현식,철두역:김도연,박원명역:김하균,송봉길역:박지일,김당손역:문원주,김문현역:이순원,김학진역:남문철,홍계훈역:윤서현,이규태역:손우현,이두황역:서종봉,대원군역:전국환,민비역:김지현,고종역:이윤건,조병갑역:장광,이용태역:이정헌,최시형역:전무송,다케다요스케역:이기찬,김홍집역:황만익"
20200625,CNTV,060620,070403,용의눈물,,91회,전국,005743,드라마&영화,드라마,주간연속극,0,0,0,0,0,0.04988,0.02521,0,0,0.00122,0,0.01619,0,0.01893,"유동근,최명길,이민우,안재모,김무생,김혜리"
20200625,CNTV,071644,080619,용의눈물,,92회,전국,004935,드라마&영화,드라마,주간연속극,0,0,0,0,0,0.14268,0.16004,0,0,0,0,0.00583,0,0.14979,"유동근,최명길,이민우,안재모,김무생,김혜리"
20200625,CNTV,092756,103228,자이언트,,48회,전국,010432,드라마&영화,드라마,주간연속극,0,0,0.03151,0.00611,0.00963,0.00714,0.19161,0,0,0,0.06894,0.04379,0.07286,0.16461,"이강모역:이범수,황정연역:박진희,조민우역:주상욱,이성모역:박상민,이미주역:황정음,조필연역:정보석,황태섭역:이덕화,박소태역:이문식,유경옥역:김서형,염재수역:유형관,황정식역:김정현,한명석역:이효정,오병탁역:김학철,이성모어린시절역:김수현,조민우어린시절역:노영학,이미주어린시절역:박하영,황정연어린시절역:남지현,이강모어린시절역:여진구,민홍기역:이기영,백파역:임혁,말죽거리파두목역:최민,홍기표역:손병호,염시덕역:신승환,이복자역:한경선,염경자역:최하나,남영출역:송경철,오남숙역:문희경,주영국역:장순국,문성중역:이승형,양명자역:홍여진,고재춘역:윤용현,유찬성역:황택하,윤기훈역:임종윤,지연수역:유호린,천수연역:한다민,차부철역:김성오"
20200625,CNTV,104902,115133,야인시대,,53회,전국,010231,드라마&영화,드라마,주간연속극,0,0.11964,0,0.02594,0.10374,0.03972,0.31269,0,0.01339,0.07839,0.04394,0.10579,0.20589,0.1217,"청년김두한역:안재모,소년김두한역:곽정욱,장년김두한역:김영철,장년정진영역:차광수,구마적역:이원종,쌍칼역:박준규,김무옥역:이혁재,문영철역:장세진,장년개코역:성동일,신마적역:최철호,하야시역:이창훈,가미소리역:이상인,시바루역:이세창,나미꼬역:이세은,시라소니역:조상구,최동열역:정동환,미와역:이재용,마루오까역:최재성,설향역:허영란,애란역:조여정,정운경역:심형탁,김좌진역:최동준,오숙근역:이덕희,박계숙역:전미선,원노인역:이순재,유진산역:이효정,이정재역:김영호,조병옥역:김학철,이화룡역:안승훈,청년개코역:이동훈,신영균역:윤용현,청년정진영역:김정민,김영태역:박영록,박인애역:정소영,이영숙역:이일화,김두한어린시절역:곽정욱"
20200625,CNTV,121015,130205,광개토태왕,,86회,전국,005150,드라마&영화,드라마,주말연속극,0.36086,0.28983,0.01933,0.10908,0.40887,0.32673,0.35973,0,0,0.18292,0.08407,0.24286,0.18978,0.16231,"담덕역:이태곤,고운역:김승수,모용보역:임호,도영역:오지은,연살타역:홍경인,약연역:이인혜,고무역:김진태,고창역:남성진,모두영역:이원발,모두루역:임대호,모용수역:김동현,풍발역:정호근,개연수역:최동준,가라지역:오욱철,연도부역:반석진,계필역:선동혁,이영역:최상훈,담망역:정태우,이련역:송용태,고야역:이보희,담주역:조안,설도안역:김규철,설지역:김정화,마수역:고인범,여소이역:임병기,돌비수역:김정현,갈사무역:강신조,도광역:박승호,소모역:강지후,여문역:나주석,모용희역:조인표,거보역:김덕현,무갑역:유종근,여석개역:방형주,황회역:김명수,원봉역:박유승,하무지역:윤승원,사갈현역:김철기,아신역:박정철"
20200625,CNTV,132121,141944,용의눈물,,91회,전국,005823,드라마&영화,드라마,주간연속극,0,0.00634,0,0.09854,0,0.01357,0.3277,0,0,0.00106,0,0.00116,0.00984,0.2086,"유동근,최명길,이민우,안재모,김무생,김혜리"
20200625,CNTV,143737,152742,용의눈물,,92회,전국,005005,드라마&영화,드라마,주간연속극,0,0,0,0.03744,0,0.02351,0.39509,0,0,0,0,0.01061,0.25428,0.39518,"유동근,최명길,이민우,안재모,김무생,김혜리"
20200625,CNTV,155053,165541,자이언트,,48회,전국,010448,드라마&영화,드라마,주간연속극,0,0.21298,0.02584,0.01583,0.15128,0.06298,0.4001,0,0.0221,0.10975,0.0059,0.30764,0.61726,0.22021,"이강모역:이범수,황정연역:박진희,조민우역:주상욱,이성모역:박상민,이미주역:황정음,조필연역:정보석,황태섭역:이덕화,박소태역:이문식,유경옥역:김서형,염재수역:유형관,황정식역:김정현,한명석역:이효정,오병탁역:김학철,이성모어린시절역:김수현,조민우어린시절역:노영학,이미주어린시절역:박하영,황정연어린시절역:남지현,이강모어린시절역:여진구,민홍기역:이기영,백파역:임혁,말죽거리파두목역:최민,홍기표역:손병호,염시덕역:신승환,이복자역:한경선,염경자역:최하나,남영출역:송경철,오남숙역:문희경,주영국역:장순국,문성중역:이승형,양명자역:홍여진,고재춘역:윤용현,유찬성역:황택하,윤기훈역:임종윤,지연수역:유호린,천수연역:한다민,차부철역:김성오"
20200625,CNTV,171526,181757,야인시대,,53회,전국,010231,드라마&영화,드라마,주간연속극,0.01702,0,0.25776,0.03423,0.23427,0.15656,0.15163,0,0,0.00676,0.33195,0.04626,0.28868,0.00348,"청년김두한역:안재모,소년김두한역:곽정욱,장년김두한역:김영철,장년정진영역:차광수,구마적역:이원종,쌍칼역:박준규,김무옥역:이혁재,문영철역:장세진,장년개코역:성동일,신마적역:최철호,하야시역:이창훈,가미소리역:이상인,시바루역:이세창,나미꼬역:이세은,시라소니역:조상구,최동열역:정동환,미와역:이재용,마루오까역:최재성,설향역:허영란,애란역:조여정,정운경역:심형탁,김좌진역:최동준,오숙근역:이덕희,박계숙역:전미선,원노인역:이순재,유진산역:이효정,이정재역:김영호,조병옥역:김학철,이화룡역:안승훈,청년개코역:이동훈,신영균역:윤용현,청년정진영역:김정민,김영태역:박영록,박인애역:정소영,이영숙역:이일화,김두한어린시절역:곽정욱"
20200625,CNTV,183439,192629,광개토태왕,,86회,전국,005150,드라마&영화,드라마,주말연속극,0.00564,0,0.21206,0.01376,0.00355,0.33777,0.30861,0,0.00827,0,0.00146,0.00941,0.3265,0.55947,"담덕역:이태곤,고운역:김승수,모용보역:임호,도영역:오지은,연살타역:홍경인,약연역:이인혜,고무역:김진태,고창역:남성진,모두영역:이원발,모두루역:임대호,모용수역:김동현,풍발역:정호근,개연수역:최동준,가라지역:오욱철,연도부역:반석진,계필역:선동혁,이영역:최상훈,담망역:정태우,이련역:송용태,고야역:이보희,담주역:조안,설도안역:김규철,설지역:김정화,마수역:고인범,여소이역:임병기,돌비수역:김정현,갈사무역:강신조,도광역:박승호,소모역:강지후,여문역:나주석,모용희역:조인표,거보역:김덕현,무갑역:유종근,여석개역:방형주,황회역:김명수,원봉역:박유승,하무지역:윤승원,사갈현역:김철기,아신역:박정철"
20200625,CNTV,194523,204331,용의눈물,,91회,전국,005808,드라마&영화,드라마,주간연속극,0.00305,0.1378,0.00837,0.00261,0,0.07455,0.23451,0,0,0.00937,0.00068,0.0708,0.05671,0.27248,"유동근,최명길,이민우,안재모,김무생,김혜리"
20200625,CNTV,205830,214834,용의눈물,,92회,전국,005004,드라마&영화,드라마,주간연속극,0,0,0,0,0.01494,0.05507,0.15915,0,0,0,0,0,0,0.0917,"유동근,최명길,이민우,안재모,김무생,김혜리"
20200625,CNTV,220416,230904,자이언트,,48회,전국,010448,드라마&영화,드라마,주간연속극,0,0,0,0,0.16527,0.02026,0.18527,0.45296,0.22381,0,0,0.21689,0,0.01122,"이강모역:이범수,황정연역:박진희,조민우역:주상욱,이성모역:박상민,이미주역:황정음,조필연역:정보석,황태섭역:이덕화,박소태역:이문식,유경옥역:김서형,염재수역:유형관,황정식역:김정현,한명석역:이효정,오병탁역:김학철,이성모어린시절역:김수현,조민우어린시절역:노영학,이미주어린시절역:박하영,황정연어린시절역:남지현,이강모어린시절역:여진구,민홍기역:이기영,백파역:임혁,말죽거리파두목역:최민,홍기표역:손병호,염시덕역:신승환,이복자역:한경선,염경자역:최하나,남영출역:송경철,오남숙역:문희경,주영국역:장순국,문성중역:이승형,양명자역:홍여진,고재춘역:윤용현,유찬성역:황택하,윤기훈역:임종윤,지연수역:유호린,천수연역:한다민,차부철역:김성오"
20200625,CNTV,232237,242508,야인시대,,53회,전국,010231,드라마&영화,드라마,주간연속극,0,0,0,0,0.18756,0.08872,0.12881,0,0,0,0,0.00758,0.07272,0.09414,"청년김두한역:안재모,소년김두한역:곽정욱,장년김두한역:김영철,장년정진영역:차광수,구마적역:이원종,쌍칼역:박준규,김무옥역:이혁재,문영철역:장세진,장년개코역:성동일,신마적역:최철호,하야시역:이창훈,가미소리역:이상인,시바루역:이세창,나미꼬역:이세은,시라소니역:조상구,최동열역:정동환,미와역:이재용,마루오까역:최재성,설향역:허영란,애란역:조여정,정운경역:심형탁,김좌진역:최동준,오숙근역:이덕희,박계숙역:전미선,원노인역:이순재,유진산역:이효정,이정재역:김영호,조병옥역:김학철,이화룡역:안승훈,청년개코역:이동훈,신영균역:윤용현,청년정진영역:김정민,김영태역:박영록,박인애역:정소영,이영숙역:이일화,김두한어린시절역:곽정욱"
20200625,CNTV,243510,252700,광개토태왕,,86회,전국,005150,드라마&영화,드라마,주말연속극,0,0,0.29754,0.02576,0.26197,0.04838,0.26387,0,0.08109,0,0,0.05824,0.08248,0.49243,"담덕역:이태곤,고운역:김승수,모용보역:임호,도영역:오지은,연살타역:홍경인,약연역:이인혜,고무역:김진태,고창역:남성진,모두영역:이원발,모두루역:임대호,모용수역:김동현,풍발역:정호근,개연수역:최동준,가라지역:오욱철,연도부역:반석진,계필역:선동혁,이영역:최상훈,담망역:정태우,이련역:송용태,고야역:이보희,담주역:조안,설도안역:김규철,설지역:김정화,마수역:고인범,여소이역:임병기,돌비수역:김정현,갈사무역:강신조,도광역:박승호,소모역:강지후,여문역:나주석,모용희역:조인표,거보역:김덕현,무갑역:유종근,여석개역:방형주,황회역:김명수,원봉역:박유승,하무지역:윤승원,사갈현역:김철기,아신역:박정철"
20200625,DRAMAcube,053249,060153,아이템,,9회,전국,002904,드라마&영화,드라마,미니시리즈,0,0.00695,0,0,0.02816,0,0,0,0,0,0,0,0,0.00411,"강곤역:주지훈,신소영역:진세연,조세황역:김강우,한유나역:김유리,구동영역:박원상,신구철역:이대연,방학재역:김민교,하승목역:황동주,서요한역:오승훈,이한길역:최진호,최호준역:김도현,유철조역:정인겸,김대흥역:최권,정진만역:임영식,강다인역:신린아"
20200625,DRAMAcube,060204,063252,아이템,,10회,전국,003048,드라마&영화,드라마,미니시리즈,0,0.03899,0,0,0.05158,0.01512,0.00845,0,0,0,0,0.04426,0.02131,0.09421,"강곤역:주지훈,신소영역:진세연,조세황역:김강우,한유나역:김유리,구동영역:박원상,신구철역:이대연,방학재역:김민교,하승목역:황동주,서요한역:오승훈,이한길역:최진호,최호준역:김도현,유철조역:정인겸,김대흥역:최권,정진만역:임영식,강다인역:신린아"
20200625,DRAMAcube,063619,073841,배가본드,,14회,전국,010222,드라마&영화,드라마,미니시리즈,0,0,0,0,0.0861,0.04325,0,0,0,0,0,0.0105,0.01873,0,"차달건역:이승기,고해리역:배수지,기태웅역:신성록,제시카리역:문정희,정국표역:백윤식,홍순조역:문성근,에드워드박역:이경영,강주철역:이기영,윤한기역:김민종,민재식역:정만식,공화숙역:황보라,박만영역:최광일,안기동역:김종수,김세훈역:신승환,한기수역:김민서,미키역:류원,홍승범역:김정현,릴리역:박아인,박광덕역:고규필,제롬역:유태오,김우기역:장혁진,오상미역:강경헌,김도수역:최대철"
20200625,DRAMAcube,134557,145011,편의점샛별이,,1회,전국,010414,드라마&영화,드라마,미니시리즈,0,0.03777,0.13189,0,0.05732,0.1967,0.07939,0.05606,0.01919,0.02355,0.0039,0.19739,0.0391,0.06439,"최대현역:지창욱,정샛별역:김유정,유연주역:한선화,조승준역:도상우,정은별역:솔빈,공분희역:김선영,최용필역:이병준,한달식역:음문석,권의추역:우현,차기복역:이윤희,고광태역:배기범,김혜자역:견미리,최대순역:김지현,황금비역:서예화,차은조역:윤수,배부장역:허재호,강성태역:지찬,김정하역:신윤정,오현지역:한류은,강지욱역:김민규,유명기역:길용우"
20200625,DRAMAcube,150118,160323,편의점샛별이,,2회,전국,010205,드라마&영화,드라마,미니시리즈,0.10934,0.29728,0.29849,0.02559,0.31379,0.44219,0.16755,0,0.04247,0.19049,0.02789,0.52903,0.38301,0.1917,"최대현역:지창욱,정샛별역:김유정,유연주역:한선화,조승준역:도상우,정은별역:솔빈,공분희역:김선영,최용필역:이병준,한달식역:음문석,권의추역:우현,차기복역:이윤희,고광태역:배기범,김혜자역:견미리,최대순역:김지현,황금비역:서예화,차은조역:윤수,배부장역:허재호,강성태역:지찬,김정하역:신윤정,오현지역:한류은,강지욱역:김민규,유명기역:길용우"
20200625,DRAMAcube,243109,253314,편의점샛별이,,2회,전국,010205,드라마&영화,드라마,미니시리즈,0,0.45991,0,0.15096,0,0.00839,0.03452,0,0,0,0.12889,0.03763,0.03648,0.01568,"최대현역:지창욱,정샛별역:김유정,유연주역:한선화,조승준역:도상우,정은별역:솔빈,공분희역:김선영,최용필역:이병준,한달식역:음문석,권의추역:우현,차기복역:이윤희,고광태역:배기범,김혜자역:견미리,최대순역:김지현,황금비역:서예화,차은조역:윤수,배부장역:허재호,강성태역:지찬,김정하역:신윤정,오현지역:한류은,강지욱역:김민규,유명기역:길용우"
20200625,DramaH,020000,023520,바람과구름과비,,10회,전국,003520,드라마&영화,드라마,미니시리즈,0,0,0.22883,0,0,0.22499,0.11328,0,0,0,0,0.02781,0.37146,0.048,"최천중역:박시후,봉련역:고성희,흥선대원군이하응역:전광렬,채인규역:성혁,김병운역:김승수,김좌근역:차광수,나합역:윤아정,김병학역:한재영,조대비역:김보연,철종역:정욱,이하전역:이루,명성황후민자영역:박정연,고종이재황역:박상훈,용팔룡역:조복래,주모역:김주령,적도사진상역:한동규,팽구철역:노형욱,만석역:박노식,연치성역:임현수,반달역:왕빛나,임종사관역:허태희,최천중어린시절역:강태우,봉련어린시절역:홍승희,채인규어린시절역:최정우,상복역:허성태,민승호역:이해우,저자이병주,출판그림같은세상2020.08.28.,e북무료판매처 1건"
20200625,DramaH,024640,035007,바람과구름과비,,11회,전국,010327,드라마&영화,드라마,미니시리즈,0,0,0.23248,0.00348,0,0.19421,0.1286,0,0,0,0,0,0.24596,0.21411,"최천중역:박시후,봉련역:고성희,흥선대원군이하응역:전광렬,채인규역:성혁,김병운역:김승수,김좌근역:차광수,나합역:윤아정,김병학역:한재영,조대비역:김보연,철종역:정욱,이하전역:이루,명성황후민자영역:박정연,고종이재황역:박상훈,용팔룡역:조복래,주모역:김주령,적도사진상역:한동규,팽구철역:노형욱,만석역:박노식,연치성역:임현수,반달역:왕빛나,임종사관역:허태희,최천중어린시절역:강태우,봉련어린시절역:홍승희,채인규어린시절역:최정우,상복역:허성태,민승호역:이해우,저자이병주,출판그림같은세상2020.08.28.,e북무료판매처 1건"
20200625,DramaH,100101,110443,바람과구름과비,,11회,전국,010342,드라마&영화,드라마,미니시리즈,0,0,0.00131,0.15869,0.00389,0.01701,0.11603,0,0,0.01021,0.02415,0.10634,0.04911,0.37583,"최천중역:박시후,봉련역:고성희,흥선대원군이하응역:전광렬,채인규역:성혁,김병운역:김승수,김좌근역:차광수,나합역:윤아정,김병학역:한재영,조대비역:김보연,철종역:정욱,이하전역:이루,명성황후민자영역:박정연,고종이재황역:박상훈,용팔룡역:조복래,주모역:김주령,적도사진상역:한동규,팽구철역:노형욱,만석역:박노식,연치성역:임현수,반달역:왕빛나,임종사관역:허태희,최천중어린시절역:강태우,봉련어린시절역:홍승희,채인규어린시절역:최정우,상복역:허성태,민승호역:이해우,저자이병주,출판그림같은세상2020.08.28.,e북무료판매처 1건"
20200625,DramaH,112615,122948,영혼수선공,,15회,전국,010333,드라마&영화,드라마,미니시리즈,0,0,0,0.12228,0.09792,0.0029,0.01786,0.0221,0,0,0.00846,0,0.00046,0.13558,"이시준역:신하균,한우주역:정소민,인동혁역:태인호,지영원역:박예진,공지선역:주민경,조인혜역:조경숙,오기태역:박수영,박대하역:정해균,이택경역:최정우,노우정역:안동구,강누리역:하영,임세찬역:장유상,공지희역:박한솔,장유미역:김가란,김영석역:김강민,송민수역:류시원"
20200625,DramaH,160803,171200,바람과구름과비,,10회,전국,010357,드라마&영화,드라마,미니시리즈,0,0,0.11766,0.00366,0,0.13449,0.03106,0,0,0.0957,0,0,0.09935,0.165,"최천중역:박시후,봉련역:고성희,흥선대원군이하응역:전광렬,채인규역:성혁,김병운역:김승수,김좌근역:차광수,나합역:윤아정,김병학역:한재영,조대비역:김보연,철종역:정욱,이하전역:이루,명성황후민자영역:박정연,고종이재황역:박상훈,용팔룡역:조복래,주모역:김주령,적도사진상역:한동규,팽구철역:노형욱,만석역:박노식,연치성역:임현수,반달역:왕빛나,임종사관역:허태희,최천중어린시절역:강태우,봉련어린시절역:홍승희,채인규어린시절역:최정우,상복역:허성태,민승호역:이해우,저자이병주,출판그림같은세상2020.08.28.,e북무료판매처 1건"
20200625,DramaH,173234,183615,바람과구름과비,,11회,전국,010341,드라마&영화,드라마,미니시리즈,0.01821,0,0.17065,0.09707,0.0127,0.29796,0.44578,0,0.03239,0.05585,0.16371,0.09716,0.19161,0.52402,"최천중역:박시후,봉련역:고성희,흥선대원군이하응역:전광렬,채인규역:성혁,김병운역:김승수,김좌근역:차광수,나합역:윤아정,김병학역:한재영,조대비역:김보연,철종역:정욱,이하전역:이루,명성황후민자영역:박정연,고종이재황역:박상훈,용팔룡역:조복래,주모역:김주령,적도사진상역:한동규,팽구철역:노형욱,만석역:박노식,연치성역:임현수,반달역:왕빛나,임종사관역:허태희,최천중어린시절역:강태우,봉련어린시절역:홍승희,채인규어린시절역:최정우,상복역:허성태,민승호역:이해우,저자이병주,출판그림같은세상2020.08.28.,e북무료판매처 1건"
20200625,DramaH,243342,253725,바람과구름과비,,10회,전국,010343,드라마&영화,드라마,미니시리즈,0,0.19378,0,0.01727,0.0694,0.00299,0.03107,0,0,0,0.01935,0.07781,0.00213,0.06348,"최천중역:박시후,봉련역:고성희,흥선대원군이하응역:전광렬,채인규역:성혁,김병운역:김승수,김좌근역:차광수,나합역:윤아정,김병학역:한재영,조대비역:김보연,철종역:정욱,이하전역:이루,명성황후민자영역:박정연,고종이재황역:박상훈,용팔룡역:조복래,주모역:김주령,적도사진상역:한동규,팽구철역:노형욱,만석역:박노식,연치성역:임현수,반달역:왕빛나,임종사관역:허태희,최천중어린시절역:강태우,봉련어린시절역:홍승희,채인규어린시절역:최정우,상복역:허성태,민승호역:이해우,저자이병주,출판그림같은세상2020.08.28.,e북무료판매처 1건"
20200625,DramaH,255059,255959,바람과구름과비,,11회,전국,000900,드라마&영화,드라마,미니시리즈,0,0.55492,0,0,0.17375,0,0.07022,0,0,0,0,0.21326,0,0.09241,"최천중역:박시후,봉련역:고성희,흥선대원군이하응역:전광렬,채인규역:성혁,김병운역:김승수,김좌근역:차광수,나합역:윤아정,김병학역:한재영,조대비역:김보연,철종역:정욱,이하전역:이루,명성황후민자영역:박정연,고종이재황역:박상훈,용팔룡역:조복래,주모역:김주령,적도사진상역:한동규,팽구철역:노형욱,만석역:박노식,연치성역:임현수,반달역:왕빛나,임종사관역:허태희,최천중어린시절역:강태우,봉련어린시절역:홍승희,채인규어린시절역:최정우,상복역:허성태,민승호역:이해우,저자이병주,출판그림같은세상2020.08.28.,e북무료판매처 1건"
20200625,Dramax,062337,065516,당신의하우스헬퍼,,7회,전국,003139,드라마&영화,드라마,미니시리즈,0,0,0,0,0.20749,0,0,0,0,0,0,0,0.05997,0,"김지운역:하석진,임다영역:보나,권진국역:이지훈,윤상아역:고원희,한소미역:서은아,강혜주역:전수진,고태수역:조희봉,박가람역:연준석,장용건역:윤주상,조팀장역:정석용,안진홍역:이민영,오윤기역:임지규,서호기역:김민석,백장미역:송상은,최나리역:이노아,방철수역:이도겸,이소희역:심이영"
20200625,Dramax,065627,072454,당신의하우스헬퍼,,8회,전국,002827,드라마&영화,드라마,미니시리즈,0,0,0,0,0.24845,0.02912,0.02162,0,0,0,0,0.03109,0.05266,0.02399,"김지운역:하석진,임다영역:보나,권진국역:이지훈,윤상아역:고원희,한소미역:서은아,강혜주역:전수진,고태수역:조희봉,박가람역:연준석,장용건역:윤주상,조팀장역:정석용,안진홍역:이민영,오윤기역:임지규,서호기역:김민석,백장미역:송상은,최나리역:이노아,방철수역:이도겸,이소희역:심이영"
20200625,Dramax,121724,132538,낭만닥터김사부2,,6회,전국,010814,드라마&영화,드라마,미니시리즈,0,0.05693,0,0,0.04691,0.01107,0.06476,0,0,0,0.00198,0.09784,0.12633,0.02824,"김사부역:한석규,서우진역:안효섭,차은재역:이성경,박민국역:김주헌,배문정역:신동욱,윤아름역:소주연,정인수역:윤나무,여운영역:김홍파,오명심역:진경,장기태역:임원희,남도일역:변우민,박은탁역:김민재,양호준역:고상호,심혜진역:박효주,허영규역:배명진,도윤완역:최진호,엄현정역:정지안,주영미역:윤보라,주지배인역:서영"
20200625,Dramax,133752,144314,낭만닥터김사부2,,7회,전국,010522,드라마&영화,드라마,미니시리즈,0,0,0.01344,0.01096,0.03002,0.03747,0.30624,0,0,0.00269,0.09743,0.3583,0.01717,0.35526,"김사부역:한석규,서우진역:안효섭,차은재역:이성경,박민국역:김주헌,배문정역:신동욱,윤아름역:소주연,정인수역:윤나무,여운영역:김홍파,오명심역:진경,장기태역:임원희,남도일역:변우민,박은탁역:김민재,양호준역:고상호,심혜진역:박효주,허영규역:배명진,도윤완역:최진호,엄현정역:정지안,주영미역:윤보라,주지배인역:서영"
20200625,E채널,043359,054132,야식남녀,,9회,전국,010733,드라마&영화,드라마,미니시리즈,0,0,0,0,0,0.00853,0.01213,0,0.00615,0,0.01021,0.00512,0.01705,0.00739,"박진성역:정일우,김아진역:강지영,강태완역:이학주,이상영역:김승수,차주희역:김수진,남규장역:양대혁,유성은역:공민정,노재수역:박성준,박진우역:최재현"
20200625,E채널,072806,082909,닥터스,,7회,전국,010103,드라마&영화,드라마,주간연속극,0.02071,0,0,0.05644,0.30671,0,0.01231,0,0,0.0381,0.0947,0.08733,0.00265,0.05205,"홍지홍역:김래원,유혜정역:박신혜,정윤도역:윤균상,진서우역:이성경,강말순역:김영애,유민호역:정해균,이가진역:박지아,유유나역:한보배,김수철역:지수,천순희역:문지인,홍두식역:이호재,조인주역:유다인,진성종역:전국환,진명훈역:엄효섭,윤지영역:윤해영,김태호역:장현성,강경준역:김강현,피영국역:백성현,안중대역:조현식,최강수역:김민석,백호민역:정진,정파란역:이선호,황보태양역:최성재,현수진간호사역:표예진,유별간호사역:지이수,조직보스역:이기우,오영미역:정경순,이수정역:임지연,조수지역:한혜진,안성수역:조달환,남바람역:남궁민,예비신랑역:이상엽"
20200625,E채널,084322,094444,닥터스,,8회,전국,010122,드라마&영화,드라마,주간연속극,0.02119,0,0.15987,0.01292,0.51036,0.0304,0.07639,0,0,0.00797,0.02889,0.09403,0.03769,0.02583,"홍지홍역:김래원,유혜정역:박신혜,정윤도역:윤균상,진서우역:이성경,강말순역:김영애,유민호역:정해균,이가진역:박지아,유유나역:한보배,김수철역:지수,천순희역:문지인,홍두식역:이호재,조인주역:유다인,진성종역:전국환,진명훈역:엄효섭,윤지영역:윤해영,김태호역:장현성,강경준역:김강현,피영국역:백성현,안중대역:조현식,최강수역:김민석,백호민역:정진,정파란역:이선호,황보태양역:최성재,현수진간호사역:표예진,유별간호사역:지이수,조직보스역:이기우,오영미역:정경순,이수정역:임지연,조수지역:한혜진,안성수역:조달환,남바람역:남궁민,예비신랑역:이상엽"
20200625,FX,042347,052715,야인시대,,108회,전국,010328,드라마&영화,드라마,주간연속극,0.00858,0,0,0,0.00389,0.05116,0.02247,0.0087,0,0,0.04634,0.04753,0,0.00789,"청년김두한역:안재모,소년김두한역:곽정욱,장년김두한역:김영철,장년정진영역:차광수,구마적역:이원종,쌍칼역:박준규,김무옥역:이혁재,문영철역:장세진,장년개코역:성동일,신마적역:최철호,하야시역:이창훈,가미소리역:이상인,시바루역:이세창,나미꼬역:이세은,시라소니역:조상구,최동열역:정동환,미와역:이재용,마루오까역:최재성,설향역:허영란,애란역:조여정,정운경역:심형탁,김좌진역:최동준,오숙근역:이덕희,박계숙역:전미선,원노인역:이순재,유진산역:이효정,이정재역:김영호,조병옥역:김학철,이화룡역:안승훈,청년개코역:이동훈,신영균역:윤용현,청년정진영역:김정민,김영태역:박영록,박인애역:정소영,이영숙역:이일화,김두한어린시절역:곽정욱"
20200625,FX,085140,094043,허준,,46회,전국,004903,드라마&영화,드라마,주간연속극,0,0,0.01555,0,0,0.00167,0.05007,0,0,0.00746,0.04016,0,0.00163,0.03183,"허준역:전광렬,유의태역:이순재,유도지역:김병세,예진역:황수정,임오근역:임현식,구일서역:이희도"
20200625,FX,095751,104315,허준,,47회,전국,004524,드라마&영화,드라마,주간연속극,0,0,0,0,0,0,0.04979,0,0,0,0,0,0,0.06211,"허준역:전광렬,유의태역:이순재,유도지역:김병세,예진역:황수정,임오근역:임현식,구일서역:이희도"
20200625,FX,163534,174609,간택여인들의전쟁,,16회,전국,011035,드라마&영화,드라마,미니시리즈,0,0,0,0,0,0,0.01503,0,0,0,0,0.02063,0.00962,0.00142,"강은보역:진세연,이경역:김민규,이재화역:도상우,조영지역:이열음,왈역:이시언,김송이역:이화겸,대왕대비역:정애리,대비역:조은숙,조흥견역:이재용,김만찬역:손병호,용호역:이주진"
20200625,FX,175543,190110,야인시대,,108회,전국,010527,드라마&영화,드라마,주간연속극,0,0,0,0,0,0.00456,0.04161,0,0,0,0,0.01307,0.02698,0.0261,"청년김두한역:안재모,소년김두한역:곽정욱,장년김두한역:김영철,장년정진영역:차광수,구마적역:이원종,쌍칼역:박준규,김무옥역:이혁재,문영철역:장세진,장년개코역:성동일,신마적역:최철호,하야시역:이창훈,가미소리역:이상인,시바루역:이세창,나미꼬역:이세은,시라소니역:조상구,최동열역:정동환,미와역:이재용,마루오까역:최재성,설향역:허영란,애란역:조여정,정운경역:심형탁,김좌진역:최동준,오숙근역:이덕희,박계숙역:전미선,원노인역:이순재,유진산역:이효정,이정재역:김영호,조병옥역:김학철,이화룡역:안승훈,청년개코역:이동훈,신영균역:윤용현,청년정진영역:김정민,김영태역:박영록,박인애역:정소영,이영숙역:이일화,김두한어린시절역:곽정욱"
20200625,FX,243356,253923,야인시대,,108회,전국,010527,드라마&영화,드라마,주간연속극,0,0,0,0,0,0.06523,0.02544,0,0,0,0,0,0.07581,0.04991,"청년김두한역:안재모,소년김두한역:곽정욱,장년김두한역:김영철,장년정진영역:차광수,구마적역:이원종,쌍칼역:박준규,김무옥역:이혁재,문영철역:장세진,장년개코역:성동일,신마적역:최철호,하야시역:이창훈,가미소리역:이상인,시바루역:이세창,나미꼬역:이세은,시라소니역:조상구,최동열역:정동환,미와역:이재용,마루오까역:최재성,설향역:허영란,애란역:조여정,정운경역:심형탁,김좌진역:최동준,오숙근역:이덕희,박계숙역:전미선,원노인역:이순재,유진산역:이효정,이정재역:김영호,조병옥역:김학철,이화룡역:안승훈,청년개코역:이동훈,신영균역:윤용현,청년정진영역:김정민,김영태역:박영록,박인애역:정소영,이영숙역:이일화,김두한어린시절역:곽정욱"
20200625,JTBC2,020000,031030,부부의세계,,1회,전국,011030,드라마&영화,드라마,미니시리즈,0,0,0.07575,0.05603,0.02851,0.04134,0.00313,0,0,0,0.00241,0,0.03852,0.01548,"지선우역:김희애,이태오역:박해준,여다경역:한소희,고예림역:박선영,손제혁역:김영민,설명숙역:채국희,여병규역:이경영,엄효정역:김선경,이준영역:전진서,민현서역:심은우,박인규역:이학주,마강석역:박충선,공지철역:정재성,김윤기역:이무생,하동식역:김종태,윤노을역:신수연,차해강역:정준원,최회장아내역:서이숙,공지철아내역:박미현,차도철아내역:윤인조"
20200625,JTBC2,070836,081401,쌍갑포차,,11회,전국,010525,드라마&영화,드라마,미니시리즈,0,0.25102,0.41728,0,0.21907,0.22202,0,0,0,0,0,0.12979,0.19327,0.08287,"월주역:황정음,한강배역:육성재,귀반장역:최원영,염부장역:이준혁,강여린역:정다은,최진동역:안태환,송미란역:박하나,박대리역:박주형,김원형역:나인우"
20200625,JTBC2,152811,163753,쌍갑포차,,11회,전국,010942,드라마&영화,드라마,미니시리즈,0.55281,0.06245,0.40193,0.03587,0.10215,0.40631,0.132,0,0.19105,0.23351,0.19133,0.35039,0.87009,0.28689,"월주역:황정음,한강배역:육성재,귀반장역:최원영,염부장역:이준혁,강여린역:정다은,최진동역:안태환,송미란역:박하나,박대리역:박주형,김원형역:나인우"
20200625,JTBC2,191155,202140,쌍갑포차,,11회,전국,010945,드라마&영화,드라마,미니시리즈,0.42945,0.0809,0.06092,0.1773,0.32563,0.26295,0.18728,0.57239,0.13273,0.23239,0.42078,0.89516,0.60088,0.10504,"월주역:황정음,한강배역:육성재,귀반장역:최원영,염부장역:이준혁,강여린역:정다은,최진동역:안태환,송미란역:박하나,박대리역:박주형,김원형역:나인우"
20200625,JTBC2,224829,235731,쌍갑포차,,11회,전국,010902,드라마&영화,드라마,미니시리즈,0,0,0.64694,0.04186,0.2192,0.49163,0.00676,0.06835,0,0.04685,0.31242,0.3186,0.35389,0.09356,"월주역:황정음,한강배역:육성재,귀반장역:최원영,염부장역:이준혁,강여린역:정다은,최진동역:안태환,송미란역:박하나,박대리역:박주형,김원형역:나인우"
20200625,JTBC2,240817,251720,쌍갑포차,,12회,전국,010903,드라마&영화,드라마,미니시리즈,0,0,0.52758,0.57352,0.21381,0.66606,0.04628,0,0.0874,0.30817,0.3706,1.21459,0.22514,0.16491,"월주역:황정음,한강배역:육성재,귀반장역:최원영,염부장역:이준혁,강여린역:정다은,최진동역:안태환,송미란역:박하나,박대리역:박주형,김원형역:나인우"
20200625,JTBC2,253325,255959,쌍갑포차,,12회,전국,002634,드라마&영화,드라마,미니시리즈,0,0,0,0.27153,0.14096,0.17023,0.01784,0,0.33503,0,0.27087,0.64649,0.00282,0.1163,"월주역:황정음,한강배역:육성재,귀반장역:최원영,염부장역:이준혁,강여린역:정다은,최진동역:안태환,송미란역:박하나,박대리역:박주형,김원형역:나인우"
20200625,KBS DRAMA,045130,051912,기막힌유산,,47회,전국,002742,드라마&영화,드라마,일일연속극,0,0,0,0,0,0,0.51805,0,0,0,0.32616,0.12571,0.58249,0.36962,"부영배역:박인환,공계옥역:강세정,부설악역:신정윤,부백두역:강신조,윤민주역:이아현,부금강역:남성진,신애리역:김가연,정미희역:박순천,김용미역:이응경,부한라역:박신우,성판금역:조양자,부가온역:김비주,부태희역:김연지,부혜교역:김효경,부지현역:강유라,공소영역:김난주,이장원역:이일준,김수민역:조서후,김종두역:이춘식,차정건역:조순창,이청아역:정서하,손보미역:박민지,김영지역:주민하,강선희역:박현정,천호식역:백신,이정태역:노상보,고향숙역:박소정"
20200625,KBS DRAMA,051919,054707,기막힌유산,,48회,전국,002748,드라마&영화,드라마,일일연속극,0,0,0,0,0,0.11408,0.72987,0,0,0.06271,0.42544,0.14142,0.62041,0.75547,"부영배역:박인환,공계옥역:강세정,부설악역:신정윤,부백두역:강신조,윤민주역:이아현,부금강역:남성진,신애리역:김가연,정미희역:박순천,김용미역:이응경,부한라역:박신우,성판금역:조양자,부가온역:김비주,부태희역:김연지,부혜교역:김효경,부지현역:강유라,공소영역:김난주,이장원역:이일준,김수민역:조서후,김종두역:이춘식,차정건역:조순창,이청아역:정서하,손보미역:박민지,김영지역:주민하,강선희역:박현정,천호식역:백신,이정태역:노상보,고향숙역:박소정"
20200625,KBS DRAMA,055143,062549,위험한약속,,55회,전국,003406,드라마&영화,드라마,일일연속극,0,0,0,0.18823,0.1557,0.1817,0.94553,0,0,0,0.32616,0.10815,0.58912,1.07173,"차은동역:박하나,강태인역:고세원,최준혁역:강성민,오혜원역:박영린,한지훈역:이창욱,차만종역:이대연,차은찬역:유준서,공영심역:유지연,봉석구역:현우섭,강일섭역:강신일,연두심역:이칸희,한광훈역:길용우,한서주역:김혜지,최명희역:김나운,고재숙역:윤복인,최영국역:송민형,민주란역:오영실,최준경역:이효나,이창욱역:김정운"
20200625,KBS DRAMA,062556,065951,위험한약속,,56회,전국,003355,드라마&영화,드라마,일일연속극,0,0.29201,0.00338,0.23703,0.08259,0,0.41337,0.03518,0.0588,0,0.08634,0.49342,0.1456,0.90016,"차은동역:박하나,강태인역:고세원,최준혁역:강성민,오혜원역:박영린,한지훈역:이창욱,차만종역:이대연,차은찬역:유준서,공영심역:유지연,봉석구역:현우섭,강일섭역:강신일,연두심역:이칸희,한광훈역:길용우,한서주역:김혜지,최명희역:김나운,고재숙역:윤복인,최영국역:송민형,민주란역:오영실,최준경역:이효나,이창욱역:김정운"
20200625,KBS DRAMA,071123,074530,위험한약속,,57회,전국,003407,드라마&영화,드라마,일일연속극,0.013,0.06267,0,0.26775,0.21425,0.11566,0.55702,0,0,0.01615,0.49158,0.59973,0.15617,1.06829,"차은동역:박하나,강태인역:고세원,최준혁역:강성민,오혜원역:박영린,한지훈역:이창욱,차만종역:이대연,차은찬역:유준서,공영심역:유지연,봉석구역:현우섭,강일섭역:강신일,연두심역:이칸희,한광훈역:길용우,한서주역:김혜지,최명희역:김나운,고재숙역:윤복인,최영국역:송민형,민주란역:오영실,최준경역:이효나,이창욱역:김정운"
20200625,KBS DRAMA,074537,081940,위험한약속,,58회,전국,003403,드라마&영화,드라마,일일연속극,0,0.55985,0.11707,0.23703,0.25281,0.45811,1.43302,0,0,0.09419,0.53555,0.94236,0.46031,1.80181,"차은동역:박하나,강태인역:고세원,최준혁역:강성민,오혜원역:박영린,한지훈역:이창욱,차만종역:이대연,차은찬역:유준서,공영심역:유지연,봉석구역:현우섭,강일섭역:강신일,연두심역:이칸희,한광훈역:길용우,한서주역:김혜지,최명희역:김나운,고재숙역:윤복인,최영국역:송민형,민주란역:오영실,최준경역:이효나,이창욱역:김정운"
20200625,KBS DRAMA,081947,085347,위험한약속,,59회,전국,003400,드라마&영화,드라마,일일연속극,0.04014,0.48589,0.21705,0.20444,0.30363,0.5126,1.47993,0,0.01122,0.07757,0.7695,0.74408,0.65374,1.78439,"차은동역:박하나,강태인역:고세원,최준혁역:강성민,오혜원역:박영린,한지훈역:이창욱,차만종역:이대연,차은찬역:유준서,공영심역:유지연,봉석구역:현우섭,강일섭역:강신일,연두심역:이칸희,한광훈역:길용우,한서주역:김혜지,최명희역:김나운,고재숙역:윤복인,최영국역:송민형,민주란역:오영실,최준경역:이효나,이창욱역:김정운"
20200625,KBS DRAMA,132303,140010,한번다녀왔습니다,,49회,전국,003707,드라마&영화,드라마,주말연속극,0.25257,0,0.39869,0.25123,0,0.57275,0.24896,0,0,0.20185,0.23962,0.55078,0.49038,0.50774,"송영달역:천호진,장옥분역:차화연,최윤정역:김보연,강초연역:이정은,송나희역:이민정,윤규진역:이상엽,송준선역:오대환,송가희역:오윤아,송다희역:이초희,양치수역:안길강,장옥자역:백지원,성현경역:임정은,윤재석역:이상이,박효신역:기도훈,김지훈역:문우진,이주리역:김소라,김가연역:송다은,건어물역:신미영,꽈배기역:김가영,송서영역:이가연,송서진역:안서연,이정록역:알렉스,유보영역:손성윤,유시후역:송민재,박지연역:신수정,한기영역:강유석,홍성우역:김현목,신혜정역:김미은,심정희역:이상경,오연지역:한봄,오정봉역:오의식,이종수역:장원혁,김승현역:배호근,송이역:김주영,지원역:찬희,이현역:이필모"
20200625,KBS DRAMA,140120,143231,한번다녀왔습니다,,50회,전국,003111,드라마&영화,드라마,주말연속극,0.12697,0.16074,0.37495,0,0.10842,0.56601,0.24354,0,0,0.47611,0.04834,0.85625,0.52704,0.42629,"송영달역:천호진,장옥분역:차화연,최윤정역:김보연,강초연역:이정은,송나희역:이민정,윤규진역:이상엽,송준선역:오대환,송가희역:오윤아,송다희역:이초희,양치수역:안길강,장옥자역:백지원,성현경역:임정은,윤재석역:이상이,박효신역:기도훈,김지훈역:문우진,이주리역:김소라,김가연역:송다은,건어물역:신미영,꽈배기역:김가영,송서영역:이가연,송서진역:안서연,이정록역:알렉스,유보영역:손성윤,유시후역:송민재,박지연역:신수정,한기영역:강유석,홍성우역:김현목,신혜정역:김미은,심정희역:이상경,오연지역:한봄,오정봉역:오의식,이종수역:장원혁,김승현역:배호근,송이역:김주영,지원역:찬희,이현역:이필모"
20200625,KBS DRAMA,144625,152435,한번다녀왔습니다,,51회,전국,003810,드라마&영화,드라마,주말연속극,0.05794,0.3281,0.55259,0,0.04231,0.42931,0.65121,0,0.02251,0,0.02739,0.61285,0.83179,0.89454,"송영달역:천호진,장옥분역:차화연,최윤정역:김보연,강초연역:이정은,송나희역:이민정,윤규진역:이상엽,송준선역:오대환,송가희역:오윤아,송다희역:이초희,양치수역:안길강,장옥자역:백지원,성현경역:임정은,윤재석역:이상이,박효신역:기도훈,김지훈역:문우진,이주리역:김소라,김가연역:송다은,건어물역:신미영,꽈배기역:김가영,송서영역:이가연,송서진역:안서연,이정록역:알렉스,유보영역:손성윤,유시후역:송민재,박지연역:신수정,한기영역:강유석,홍성우역:김현목,신혜정역:김미은,심정희역:이상경,오연지역:한봄,오정봉역:오의식,이종수역:장원혁,김승현역:배호근,송이역:김주영,지원역:찬희,이현역:이필모"
20200625,KBS DRAMA,152544,155633,한번다녀왔습니다,,52회,전국,003049,드라마&영화,드라마,주말연속극,0,0.30215,0.8541,0.06076,0,0.32062,0.47643,0,0,0,0,0.58186,0.59198,0.93315,"송영달역:천호진,장옥분역:차화연,최윤정역:김보연,강초연역:이정은,송나희역:이민정,윤규진역:이상엽,송준선역:오대환,송가희역:오윤아,송다희역:이초희,양치수역:안길강,장옥자역:백지원,성현경역:임정은,윤재석역:이상이,박효신역:기도훈,김지훈역:문우진,이주리역:김소라,김가연역:송다은,건어물역:신미영,꽈배기역:김가영,송서영역:이가연,송서진역:안서연,이정록역:알렉스,유보영역:손성윤,유시후역:송민재,박지연역:신수정,한기영역:강유석,홍성우역:김현목,신혜정역:김미은,심정희역:이상경,오연지역:한봄,오정봉역:오의식,이종수역:장원혁,김승현역:배호근,송이역:김주영,지원역:찬희,이현역:이필모"
20200625,KBS DRAMA,243605,250916,영혼수선공,,31회,전국,003311,드라마&영화,드라마,미니시리즈,0,0,0,0,0,0,0.07641,0.11522,0.02283,0,0.01307,0.04203,0.00407,0.12037,"이시준역:신하균,한우주역:정소민,인동혁역:태인호,지영원역:박예진,공지선역:주민경,조인혜역:조경숙,오기태역:박수영,박대하역:정해균,이택경역:최정우,노우정역:안동구,강누리역:하영,임세찬역:장유상,공지희역:박한솔,장유미역:김가란,김영석역:김강민,송민수역:류시원"
20200625,KBS DRAMA,251025,254058,영혼수선공,,32회,전국,003033,드라마&영화,드라마,미니시리즈,0,0,0,0,0.02479,0.14755,0.08146,0,0,0,0,0.22304,0,0.12211,"이시준역:신하균,한우주역:정소민,인동혁역:태인호,지영원역:박예진,공지선역:주민경,조인혜역:조경숙,오기태역:박수영,박대하역:정해균,이택경역:최정우,노우정역:안동구,강누리역:하영,임세찬역:장유상,공지희역:박한솔,장유미역:김가란,김영석역:김강민,송민수역:류시원"
20200625,KBS W,020000,023249,위험한약속,,57회,전국,003249,드라마&영화,드라마,일일연속극,0,0,0,0.00408,0.01746,0,0.15869,0.14497,0.02977,0,0,0.01311,0.05268,0.03597,"차은동역:박하나,강태인역:고세원,최준혁역:강성민,오혜원역:박영린,한지훈역:이창욱,차만종역:이대연,차은찬역:유준서,공영심역:유지연,봉석구역:현우섭,강일섭역:강신일,연두심역:이칸희,한광훈역:길용우,한서주역:김혜지,최명희역:김나운,고재숙역:윤복인,최영국역:송민형,민주란역:오영실,최준경역:이효나,이창욱역:김정운"
20200625,KBS W,023300,030700,위험한약속,,58회,전국,003400,드라마&영화,드라마,일일연속극,0,0,0,0.01289,0.00965,0,0.10761,0,0,0,0.18021,0,0.22438,0.15158,"차은동역:박하나,강태인역:고세원,최준혁역:강성민,오혜원역:박영린,한지훈역:이창욱,차만종역:이대연,차은찬역:유준서,공영심역:유지연,봉석구역:현우섭,강일섭역:강신일,연두심역:이칸희,한광훈역:길용우,한서주역:김혜지,최명희역:김나운,고재숙역:윤복인,최영국역:송민형,민주란역:오영실,최준경역:이효나,이창욱역:김정운"
20200625,KBS W,094839,105124,부부클리닉사랑과전쟁,,421회,전국,010245,드라마&영화,드라마,단막극,0,0,0,0.09243,0,0.00141,0.00311,0,0.05844,0,0.02158,0.04863,0.00181,0.04551,"이재만,민지영,최영완,이정수,장가현,손유경,이준우"
20200625,KBS W,110227,120251,부부클리닉사랑과전쟁,,422회,전국,010024,드라마&영화,드라마,단막극,0,0,0,0,0,0,0.0151,0,0,0.0447,0,0,0,0.02135,"이재만,민지영,최영완,이정수,장가현,손유경,이준우"
20200625,KBS W,121631,131948,넝쿨째굴러온당신,,27회,전국,010317,드라마&영화,드라마,주말연속극,0,0.0219,0.05756,0,0.07501,0.03137,0.02674,0.02848,0,0,0,0.07445,0.03035,0.02051,"차윤희역:김남주,방귀남역:유준상,엄청애역:윤여정,방장수역:장용,전막례역:강부자,한만희역:김영란,차세중역:김용희,민지영역:진경,차세광역:강민혁,엄보애역:유지인,엄순애역:양희경,방일숙역:양정아,방이숙역:조윤희,방말숙역:오연서,장양실역:나영희,방정배역:김상호,고옥역:심이영,방장군역:곽동연,천재용역:이희준,윤빈역:김원준,남남구역:김형범,고시생역:김승우,예능국PD역:김준현,라디오DJ역:양희은,홍은희역:홍은희,송수지역:박수진,매니저역:이수근,목사역:지진희,차태봉역:차태현,성시갱역:성시경,노래강사역:이종박,한규현역:강동호,태영역:김형진,지피디역:곽민석,강혜수역:최윤소,동대문옷가게상인역:탁재훈,소개팅남역:이정신,유신혜역:유인영,지환역:이도현,김장훈역:김장훈,뚱보아버지역:유민상,뚱보아들역:김수영,인기여배우역:이혜영,인기남배우역:송준근,심사위원역:김종민,막장모녀엄마역:정경미,막장모녀딸역:박소영,신세경역:신세경,재용첫째누나역:김서형,재용둘째누나역:조민아,재용막내누나역:이제인,호들갑남역:공형진,라디오DJ역:박소현,귀남의양아버지역:길용우,귀남의양어머니역:김창숙,천재용아버지역:이재용,배PD역:이지영,방귀남어린시절역:홍현택"
20200625,KBS W,133113,143446,넝쿨째굴러온당신,,28회,전국,010333,드라마&영화,드라마,주말연속극,0.31833,0.18358,0,0.09622,0,0.00274,0.1896,0,0,0.0379,0.07416,0,0.04487,0.26588,"차윤희역:김남주,방귀남역:유준상,엄청애역:윤여정,방장수역:장용,전막례역:강부자,한만희역:김영란,차세중역:김용희,민지영역:진경,차세광역:강민혁,엄보애역:유지인,엄순애역:양희경,방일숙역:양정아,방이숙역:조윤희,방말숙역:오연서,장양실역:나영희,방정배역:김상호,고옥역:심이영,방장군역:곽동연,천재용역:이희준,윤빈역:김원준,남남구역:김형범,고시생역:김승우,예능국PD역:김준현,라디오DJ역:양희은,홍은희역:홍은희,송수지역:박수진,매니저역:이수근,목사역:지진희,차태봉역:차태현,성시갱역:성시경,노래강사역:이종박,한규현역:강동호,태영역:김형진,지피디역:곽민석,강혜수역:최윤소,동대문옷가게상인역:탁재훈,소개팅남역:이정신,유신혜역:유인영,지환역:이도현,김장훈역:김장훈,뚱보아버지역:유민상,뚱보아들역:김수영,인기여배우역:이혜영,인기남배우역:송준근,심사위원역:김종민,막장모녀엄마역:정경미,막장모녀딸역:박소영,신세경역:신세경,재용첫째누나역:김서형,재용둘째누나역:조민아,재용막내누나역:이제인,호들갑남역:공형진,라디오DJ역:박소현,귀남의양아버지역:길용우,귀남의양어머니역:김창숙,천재용아버지역:이재용,배PD역:이지영,방귀남어린시절역:홍현택"
20200625,KBS W,144847,151645,기막힌유산,,45회,전국,002758,드라마&영화,드라마,일일연속극,0.53613,0,0,0.16206,0,0.01352,0.2733,0,0,0,0.1249,0.19008,0.21079,0.14236,"부영배역:박인환,공계옥역:강세정,부설악역:신정윤,부백두역:강신조,윤민주역:이아현,부금강역:남성진,신애리역:김가연,정미희역:박순천,김용미역:이응경,부한라역:박신우,성판금역:조양자,부가온역:김비주,부태희역:김연지,부혜교역:김효경,부지현역:강유라,공소영역:김난주,이장원역:이일준,김수민역:조서후,김종두역:이춘식,차정건역:조순창,이청아역:정서하,손보미역:박민지,김영지역:주민하,강선희역:박현정,천호식역:백신,이정태역:노상보,고향숙역:박소정"
20200625,KBS W,151656,154444,기막힌유산,,46회,전국,002748,드라마&영화,드라마,일일연속극,0.53613,0.15838,0,0.18048,0.05771,0.03376,0.38914,0.12021,0.07696,0.04492,0.16656,0.31307,0.31311,0.25139,"부영배역:박인환,공계옥역:강세정,부설악역:신정윤,부백두역:강신조,윤민주역:이아현,부금강역:남성진,신애리역:김가연,정미희역:박순천,김용미역:이응경,부한라역:박신우,성판금역:조양자,부가온역:김비주,부태희역:김연지,부혜교역:김효경,부지현역:강유라,공소영역:김난주,이장원역:이일준,김수민역:조서후,김종두역:이춘식,차정건역:조순창,이청아역:정서하,손보미역:박민지,김영지역:주민하,강선희역:박현정,천호식역:백신,이정태역:노상보,고향숙역:박소정"
20200625,KBS W,155547,162324,기막힌유산,,47회,전국,002737,드라마&영화,드라마,일일연속극,0.53613,0.41062,0,0.17553,0.12728,0,0.05247,0.31166,0.19953,0,0.23615,0,0.08234,0.01962,"부영배역:박인환,공계옥역:강세정,부설악역:신정윤,부백두역:강신조,윤민주역:이아현,부금강역:남성진,신애리역:김가연,정미희역:박순천,김용미역:이응경,부한라역:박신우,성판금역:조양자,부가온역:김비주,부태희역:김연지,부혜교역:김효경,부지현역:강유라,공소영역:김난주,이장원역:이일준,김수민역:조서후,김종두역:이춘식,차정건역:조순창,이청아역:정서하,손보미역:박민지,김영지역:주민하,강선희역:박현정,천호식역:백신,이정태역:노상보,고향숙역:박소정"
20200625,KBS W,162335,165119,기막힌유산,,48회,전국,002744,드라마&영화,드라마,일일연속극,0.53613,0,0,0.16206,0,0,0.02912,0,0,0.00499,0.1249,0,0.0039,0.07936,"부영배역:박인환,공계옥역:강세정,부설악역:신정윤,부백두역:강신조,윤민주역:이아현,부금강역:남성진,신애리역:김가연,정미희역:박순천,김용미역:이응경,부한라역:박신우,성판금역:조양자,부가온역:김비주,부태희역:김연지,부혜교역:김효경,부지현역:강유라,공소영역:김난주,이장원역:이일준,김수민역:조서후,김종두역:이춘식,차정건역:조순창,이청아역:정서하,손보미역:박민지,김영지역:주민하,강선희역:박현정,천호식역:백신,이정태역:노상보,고향숙역:박소정"
20200625,KBS W,170520,173919,위험한약속,,56회,전국,003359,드라마&영화,드라마,일일연속극,0.53613,0,0.01672,0.16206,0,0.06213,0.04116,0,0,0.1219,0.15137,0,0.06792,0.05455,"차은동역:박하나,강태인역:고세원,최준혁역:강성민,오혜원역:박영린,한지훈역:이창욱,차만종역:이대연,차은찬역:유준서,공영심역:유지연,봉석구역:현우섭,강일섭역:강신일,연두심역:이칸희,한광훈역:길용우,한서주역:김혜지,최명희역:김나운,고재숙역:윤복인,최영국역:송민형,민주란역:오영실,최준경역:이효나,이창욱역:김정운"
20200625,KBS W,173930,181328,위험한약속,,57회,전국,003358,드라마&영화,드라마,일일연속극,0.11372,0,0.01378,0.03438,0.02444,0.07948,0.02761,0,0,0.18839,0.05562,0,0.10858,0.03176,"차은동역:박하나,강태인역:고세원,최준혁역:강성민,오혜원역:박영린,한지훈역:이창욱,차만종역:이대연,차은찬역:유준서,공영심역:유지연,봉석구역:현우섭,강일섭역:강신일,연두심역:이칸희,한광훈역:길용우,한서주역:김혜지,최명희역:김나운,고재숙역:윤복인,최영국역:송민형,민주란역:오영실,최준경역:이효나,이창욱역:김정운"
20200625,KBS W,182427,185834,위험한약속,,58회,전국,003407,드라마&영화,드라마,일일연속극,0.04294,0.75503,0,0.15576,0.08979,0.05349,0.26801,0.16028,0.10262,0,0.33607,0.00968,0.04065,0.42351,"차은동역:박하나,강태인역:고세원,최준혁역:강성민,오혜원역:박영린,한지훈역:이창욱,차만종역:이대연,차은찬역:유준서,공영심역:유지연,봉석구역:현우섭,강일섭역:강신일,연두심역:이칸희,한광훈역:길용우,한서주역:김혜지,최명희역:김나운,고재숙역:윤복인,최영국역:송민형,민주란역:오영실,최준경역:이효나,이창욱역:김정운"
20200625,KBS W,185845,193243,위험한약속,,59회,전국,003358,드라마&영화,드라마,일일연속극,0,1.10332,0.0103,0.23703,0.16846,0.02245,0.31478,0.41249,0.26409,0.04658,0.50409,0,0.02037,0.59625,"차은동역:박하나,강태인역:고세원,최준혁역:강성민,오혜원역:박영린,한지훈역:이창욱,차만종역:이대연,차은찬역:유준서,공영심역:유지연,봉석구역:현우섭,강일섭역:강신일,연두심역:이칸희,한광훈역:길용우,한서주역:김혜지,최명희역:김나운,고재숙역:윤복인,최영국역:송민형,민주란역:오영실,최준경역:이효나,이창욱역:김정운"
20200625,KBS W,222437,232616,부부클리닉사랑과전쟁,,404회,전국,010139,드라마&영화,드라마,단막극,0,0,0.03842,0.03216,0.17625,0.00775,0.02775,0,0,0.01198,0.01627,0.14443,0,0.12018,"이재만,민지영,최영완,이정수,장가현,손유경,이준우"
20200625,KBS W,233719,243811,부부클리닉사랑과전쟁,,405회,전국,010052,드라마&영화,드라마,단막극,0,0,0.07092,0.08546,0,0.0165,0.11843,0,0.00642,0.14283,0.17402,0.02681,0.13976,0.20851,"이재만,민지영,최영완,이정수,장가현,손유경,이준우"
20200625,KBS W,244848,251625,기막힌유산,,47회,전국,002737,드라마&영화,드라마,일일연속극,0,0.01235,0,0,0.01136,0.0116,0.11042,0,0.01253,0.31446,0.0535,0.01303,0,0.12826,"부영배역:박인환,공계옥역:강세정,부설악역:신정윤,부백두역:강신조,윤민주역:이아현,부금강역:남성진,신애리역:김가연,정미희역:박순천,김용미역:이응경,부한라역:박신우,성판금역:조양자,부가온역:김비주,부태희역:김연지,부혜교역:김효경,부지현역:강유라,공소영역:김난주,이장원역:이일준,김수민역:조서후,김종두역:이춘식,차정건역:조순창,이청아역:정서하,손보미역:박민지,김영지역:주민하,강선희역:박현정,천호식역:백신,이정태역:노상보,고향숙역:박소정"
20200625,KBS W,251635,254421,기막힌유산,,48회,전국,002746,드라마&영화,드라마,일일연속극,0,0,0,0,0,0,0.14662,0,0,0.31446,0,0,0,0.1936,"부영배역:박인환,공계옥역:강세정,부설악역:신정윤,부백두역:강신조,윤민주역:이아현,부금강역:남성진,신애리역:김가연,정미희역:박순천,김용미역:이응경,부한라역:박신우,성판금역:조양자,부가온역:김비주,부태희역:김연지,부혜교역:김효경,부지현역:강유라,공소영역:김난주,이장원역:이일준,김수민역:조서후,김종두역:이춘식,차정건역:조순창,이청아역:정서하,손보미역:박민지,김영지역:주민하,강선희역:박현정,천호식역:백신,이정태역:노상보,고향숙역:박소정"
20200625,KBS W,255521,255959,위험한약속,,58회,전국,000438,드라마&영화,드라마,일일연속극,0,0,0,0,0,0,0.11042,0,0,0.31446,0,0,0,0.12826,"차은동역:박하나,강태인역:고세원,최준혁역:강성민,오혜원역:박영린,한지훈역:이창욱,차만종역:이대연,차은찬역:유준서,공영심역:유지연,봉석구역:현우섭,강일섭역:강신일,연두심역:이칸희,한광훈역:길용우,한서주역:김혜지,최명희역:김나운,고재숙역:윤복인,최영국역:송민형,민주란역:오영실,최준경역:이효나,이창욱역:김정운"
20200625,K-STAR,042434,052547,궁중잔혹사꽃들의전쟁,,37회,전국,010113,드라마&영화,드라마,주말연속극,0.01232,0,0,0,0.02471,0,0.01649,0.01265,0,0,0.02063,0.00679,0.11511,0.03026,"소용조씨역:김현주,인조역:이덕화,민회빈강씨역:송선미,김자점역:정성모,소현세자역:정성운,봉림대군역:김주영,장렬왕후조씨역:고원희,남혁역:전태수,설죽역:서이숙,박숙의역:이서연,유덕역:이설희,소용조씨어린시절역:이채미,이형익역:손병호,심기원역:김규철,김인역:우현,한옥역:정선경,장귀인역:이혜은,이상궁역:연미주,김상궁역:엄유신,언년역:정유민"
20200625,K-STAR,094630,104955,부부클리닉사랑과전쟁,,428회,전국,010325,드라마&영화,드라마,주간연속극,0,0,0.00422,0.06828,0,0.10682,0.05923,0,0,0.00636,0,0.04908,0.10498,0.3662,"이재만,민지영,최영완,이정수,장가현,손유경,이준우"
20200625,K-STAR,110303,120724,부부클리닉사랑과전쟁,,429회,전국,010421,드라마&영화,드라마,주간연속극,0.38357,0,0,0.1668,0,0.09031,0.0627,0,0,0,0.12719,0.10936,0.05071,0.25775,"이재만,민지영,최영완,이정수,장가현,손유경,이준우"
20200625,K-STAR,121815,135203,부부의세계,,15회,전국,013348,드라마&영화,드라마,미니시리즈,0.44008,0.05224,0.10527,0.05311,0.00107,0.16858,0.09035,0,0.06592,0.02326,0.11882,0.03915,0.2362,0.28634,"지선우역:김희애,이태오역:박해준,여다경역:한소희,고예림역:박선영,손제혁역:김영민,설명숙역:채국희,여병규역:이경영,엄효정역:김선경,이준영역:전진서,민현서역:심은우,박인규역:이학주,마강석역:박충선,공지철역:정재성,김윤기역:이무생,하동식역:김종태,윤노을역:신수연,차해강역:정준원,최회장아내역:서이숙,공지철아내역:박미현,차도철아내역:윤인조"
20200625,K-STAR,140340,152220,부부의세계,,16회,전국,011840,드라마&영화,드라마,미니시리즈,0.09549,0,0.22489,0.003,0,0.00527,0.14714,0,0,0.00257,0,0.00463,0.16628,0.23788,"지선우역:김희애,이태오역:박해준,여다경역:한소희,고예림역:박선영,손제혁역:김영민,설명숙역:채국희,여병규역:이경영,엄효정역:김선경,이준영역:전진서,민현서역:심은우,박인규역:이학주,마강석역:박충선,공지철역:정재성,김윤기역:이무생,하동식역:김종태,윤노을역:신수연,차해강역:정준원,최회장아내역:서이숙,공지철아내역:박미현,차도철아내역:윤인조"
20200625,K-STAR,213305,223726,부부클리닉사랑과전쟁,,429회,전국,010421,드라마&영화,드라마,주간연속극,0,0,0,0.20105,0,0.00137,0.08405,0,0.01225,0,0.00709,0.2117,0.01823,0.43693,"이재만,민지영,최영완,이정수,장가현,손유경,이준우"
20200625,K-STAR,245324,255959,부부의세계,,16회,전국,010635,드라마&영화,드라마,미니시리즈,0,0.02844,0,0,0,0,0.00936,0,0,0,0,0.01319,0.02034,0.02349,"지선우역:김희애,이태오역:박해준,여다경역:한소희,고예림역:박선영,손제혁역:김영민,설명숙역:채국희,여병규역:이경영,엄효정역:김선경,이준영역:전진서,민현서역:심은우,박인규역:이학주,마강석역:박충선,공지철역:정재성,김윤기역:이무생,하동식역:김종태,윤노을역:신수연,차해강역:정준원,최회장아내역:서이숙,공지철아내역:박미현,차도철아내역:윤인조"
20200625,KTV,020000,024301,전원일기,,405회,전국,004301,드라마&영화,드라마,주말연속극,0,0,0,0,0,0,0.0345,0,0,0,0,0,0,0.10501,"최불암,김혜자,김용건,김수미,고두심,유인촌,정대홍"
20200625,KTV,061014,065848,전원일기,,782회,전국,004834,드라마&영화,드라마,주말연속극,0,0,0.07546,0,0,0.03421,0.09913,0,0,0,0,0,0.03837,0.12025,"최불암,김혜자,김용건,김수미,고두심,유인촌,정대홍"
20200625,KTV,220409,222504,전원일기,<1부>,406회,전국,002055,드라마&영화,드라마,주말연속극,0,0.00516,0.50904,0.00615,0.01186,0.27069,0.14604,0,0,0,0,0.00807,0.19428,0.23585,"최불암,김혜자,김용건,김수미,고두심,유인촌,정대홍"
20200625,KTV,222756,225004,전원일기,<2부>,406회,전국,002208,드라마&영화,드라마,주말연속극,0,0,0.5551,0,0,0.34358,0.17246,0,0,0.03312,0,0,0.28824,0.25978,"최불암,김혜자,김용건,김수미,고두심,유인촌,정대홍"
20200625,KTV,225211,231830,바람은불어도,,145회,전국,002619,드라마&영화,드라마,주간연속극,0,0,0.17454,0,0,0.10773,0.04163,0,0,0,0,0,0.03376,0.16741,"최수종,유호정,윤손하,송나영,송기윤,나문희"
20200625,KTV,232011,234850,바람은불어도,,146회,전국,002839,드라마&영화,드라마,주간연속극,0,0,0,0,0,0,0.04163,0,0,0,0,0,0,0.17369,"최수종,유호정,윤손하,송나영,송기윤,나문희"
20200625,KTV,250804,255612,파랑새는있다,,38회,전국,004808,드라마&영화,드라마,주간연속극,0.01302,0,0,0,0,0,0.17472,0,0.0029,0,0,0.00242,0,0.02861,"이상인,정선경,백윤식,송경철,박남현,한진희,동방우,양금석"
20200625,MBC M,100334,110348,쇼핑왕루이,,15회,전국,010014,드라마&영화,드라마,미니시리즈,0,0,0,0,0.00963,0,0,0,0,0,0,0.00482,0,0.00415,"루이역:서인국,고복실역:남지현,차중원역:윤상현,백마리역:임세미,조인성역:오대환,남준혁역:강지섭,최일순역:김영옥,김호준역:엄효섭,허정란역:김선영,백선구역:김규철,홍재숙역:윤유선,신영애역:김보연,황금자역:황영희,박혜주역:미람,고복남역:류의현,차수일역:남명렬,이경국역:김병철,변도진역:이재균,권미영역:차청화"
20200625,MBC M,111318,121252,쇼핑왕루이,,16회,전국,005934,드라마&영화,드라마,미니시리즈,0,0,0,0,0,0,0.0531,0,0,0,0.00286,0,0,0.07534,"루이역:서인국,고복실역:남지현,차중원역:윤상현,백마리역:임세미,조인성역:오대환,남준혁역:강지섭,최일순역:김영옥,김호준역:엄효섭,허정란역:김선영,백선구역:김규철,홍재숙역:윤유선,신영애역:김보연,황금자역:황영희,박혜주역:미람,고복남역:류의현,차수일역:남명렬,이경국역:김병철,변도진역:이재균,권미영역:차청화"
20200625,O tvN,020628,030852,아홉수소년,,11회,전국,010224,드라마&영화,드라마,주간연속극,0,0.01933,0,0,0.01407,0,0.00345,0,0.0181,0,0,0.0111,0,0.07702,"강동구역:최로운,강민구역:육성재,강진구역:김영광,구광수역:오정세,장백지역:이채미,구복자역:김미경,한수아역:박초롱,마세영역:경수진,주다인역:유다인,도민준역:박하준,남창희역:오희준,왕기찬,박재범역:김현준,이고은역:박민하,한구역:이진호,조부장역:김원해,김차장역:황태광,영훈역:김강현,은서,출장보살역:박혁권,정연역:김민영,후배역:김종민,강민경역:이국주,유혹녀역:수빈,선아역:이세영,전현무역:전현무,맞선녀역:박은지,심사위원역:존박,라디오DJ역:윤상"
20200625,O tvN,032300,042540,아홉수소년,,12회,전국,010240,드라마&영화,드라마,주간연속극,0,0,0,0.01087,0,0,0.01384,0,0,0,0.01081,0,0,0.05163,"강동구역:최로운,강민구역:육성재,강진구역:김영광,구광수역:오정세,장백지역:이채미,구복자역:김미경,한수아역:박초롱,마세영역:경수진,주다인역:유다인,도민준역:박하준,남창희역:오희준,왕기찬,박재범역:김현준,이고은역:박민하,한구역:이진호,조부장역:김원해,김차장역:황태광,영훈역:김강현,은서,출장보살역:박혁권,정연역:김민영,후배역:김종민,강민경역:이국주,유혹녀역:수빈,선아역:이세영,전현무역:전현무,맞선녀역:박은지,심사위원역:존박,라디오DJ역:윤상"
20200625,O tvN,081814,093411,사이코지만괜찮아,,1회,전국,011557,드라마&영화,드라마,미니시리즈,0,0.0114,0.0027,0.00354,0.00317,0.01402,0.01893,0,0.00584,0,0.01061,0.08593,0.10541,0.10443,"문강태역:김수현,고문영역:서예지,문상태역:오정세,남주리역:박규영,이상인역:김주헌,조재수역:강기둥,오지왕역:김창완,강순덕역:김미경,박행자역:장영남,선별역:장규리,권민석역:서준,오차용역:최우성,고대환역:이얼,간필옹역:김기천,주정태역:정재광,이아름역:지혜원,박옥란역:강지은,유선해역:주인영,강은자역:배해선,유승재역:박진주,문강태어린시절역:문우진,고문영어린시절역:김수인,권기도역:곽동연,훈남CEO역:최다니엘"
20200625,O tvN,094835,110319,사이코지만괜찮아,,2회,전국,011444,드라마&영화,드라마,미니시리즈,0.02888,0.12105,0.0145,0.13739,0.01951,0.12978,0.21227,0,0.02145,0.43139,0.08324,0.24926,0.35543,0.39533,"문강태역:김수현,고문영역:서예지,문상태역:오정세,남주리역:박규영,이상인역:김주헌,조재수역:강기둥,오지왕역:김창완,강순덕역:김미경,박행자역:장영남,선별역:장규리,권민석역:서준,오차용역:최우성,고대환역:이얼,간필옹역:김기천,주정태역:정재광,이아름역:지혜원,박옥란역:강지은,유선해역:주인영,강은자역:배해선,유승재역:박진주,문강태어린시절역:문우진,고문영어린시절역:김수인,권기도역:곽동연,훈남CEO역:최다니엘"
20200625,O tvN,125751,142801,응답하라1988,,1회,전국,013010,드라마&영화,드라마,주간연속극,0,0.11119,0.00373,0.00791,0.21214,0.18742,0.34777,0,0.11274,0.3396,0.12246,0.54922,0.34379,0.36676,"성동일역:성동일,이일화역:이일화,라미란역:라미란,김성균역:김성균,최무성역:최무성,김선영역:김선영,류재명역:유재명,보라역:류혜영,덕선역:혜리,정환역:류준열,선우역:고경표,택역:박보검,정봉역:안재홍,동룡역:이동휘,노을역:최성원,미옥역:이민지,자현역:이세영,진주역:김설,선도부역:차엽,매점주인역:김수로,어른덕선역:이미연,어른택역:김주혁,어른보라역:전미선,종훈역:박정민,의사역:김태훈,기자역:박지윤,어른노을역:우현,보라친구역:정유민,노을여자친구역:이수경,남궁늘보역:이청미,반장역:권은수,미옥아빠역:고창석"
20200625,O tvN,144236,161412,응답하라1988,,2회,전국,013136,드라마&영화,드라마,주간연속극,0,0.26776,0,0.08896,0.06964,0.33974,0.30516,0,0,0.28571,0.01998,0.56601,0.50592,0.1805,"성동일역:성동일,이일화역:이일화,라미란역:라미란,김성균역:김성균,최무성역:최무성,김선영역:김선영,류재명역:유재명,보라역:류혜영,덕선역:혜리,정환역:류준열,선우역:고경표,택역:박보검,정봉역:안재홍,동룡역:이동휘,노을역:최성원,미옥역:이민지,자현역:이세영,진주역:김설,선도부역:차엽,매점주인역:김수로,어른덕선역:이미연,어른택역:김주혁,어른보라역:전미선,종훈역:박정민,의사역:김태훈,기자역:박지윤,어른노을역:우현,보라친구역:정유민,노을여자친구역:이수경,남궁늘보역:이청미,반장역:권은수,미옥아빠역:고창석"
20200625,O tvN,163000,175817,응답하라1988,,3회,전국,012817,드라마&영화,드라마,주간연속극,0,0.25253,0,0.05958,0.21232,0.32532,0.40724,0,0.33992,0.234,0.17669,0.66031,0.42577,0.38401,"성동일역:성동일,이일화역:이일화,라미란역:라미란,김성균역:김성균,최무성역:최무성,김선영역:김선영,류재명역:유재명,보라역:류혜영,덕선역:혜리,정환역:류준열,선우역:고경표,택역:박보검,정봉역:안재홍,동룡역:이동휘,노을역:최성원,미옥역:이민지,자현역:이세영,진주역:김설,선도부역:차엽,매점주인역:김수로,어른덕선역:이미연,어른택역:김주혁,어른보라역:전미선,종훈역:박정민,의사역:김태훈,기자역:박지윤,어른노을역:우현,보라친구역:정유민,노을여자친구역:이수경,남궁늘보역:이청미,반장역:권은수,미옥아빠역:고창석"
20200625,O tvN,181304,192454,아는건별로없지만가족입니다,,7회,전국,011150,드라마&영화,드라마,미니시리즈,0,0.05795,0,0.24499,0.13538,0.09183,0.07075,0.00831,0.10925,0.45679,0.30317,0.33309,0.23156,0.1218,"김은희역:한예리,박찬혁역:김지석,김은주역:추자현,김상식역:정진영,이진숙역:원미경,김지우역:신재하,임건주역:신동욱,윤태형역:김태훈,젊은상식역:한준우,젊은진숙역:조아영,유선일역:서상원,안효석역:이종원,서경옥역:가득희,윤서영역:혜정,전하라역:배윤경,유민우역:권율"
20200625,O tvN,194006,205132,아는건별로없지만가족입니다,,8회,전국,011126,드라마&영화,드라마,미니시리즈,0,0.03104,0.00859,0.37548,0.14731,0.30175,0.08924,0,0.12784,0.6943,0.40307,0.19171,0.51276,0.11812,"김은희역:한예리,박찬혁역:김지석,김은주역:추자현,김상식역:정진영,이진숙역:원미경,김지우역:신재하,임건주역:신동욱,윤태형역:김태훈,젊은상식역:한준우,젊은진숙역:조아영,유선일역:서상원,안효석역:이종원,서경옥역:가득희,윤서영역:혜정,전하라역:배윤경,유민우역:권율"
20200625,O tvN,210706,223129,슬기로운의사생활,,6회,전국,012423,드라마&영화,드라마,미니시리즈,0.42132,0.45247,0.0016,0.31447,0.29796,0.17306,0.17876,0.87805,0.26922,0.04795,0.13789,0.32774,0.40266,0.13731,"이익준역:조정석,안정원역:유연석,김준완역:정경호,양석형역:김대명,채송화역:전미도,정로사역:김해숙,주종수역:김갑수,도재학역:정문성,용석민역:문태유,장겨울역:신현빈,안치홍역:김준한,봉광현역:최영준,추민하역:안은진,허선빈역:하윤경,명은원역:김혜인,장윤복역:조이현,장홍도역:배현성,송수빈역:김수진,소이현역:윤혜리,배준희역:신도현,주전역:조승연,황재신역:양조아,이우주역:김준,민기준역:서진원,종세혁역:전광진,이영하역:이노아,김재환역:이달,국해성역:이혜은,함덕주역:김비비,한현희역:이지원,한승주역:김지성,은선진역:설유진,이익순역:곽선영,조영혜역:문희경,양태양역:남명렬,김태연역:이소윤,천명태역:최영우,선우희수역:박한솔,장겨울남동생역:박정우,고아라역:고아라"
20200625,O tvN,225031,241723,슬기로운의사생활,,7회,전국,012652,드라마&영화,드라마,미니시리즈,0,0.12618,0.15411,0.08749,0.80524,0.32722,0.08805,0.41556,0.44819,0.00778,0.07192,0.43575,0.33808,0.05574,"이익준역:조정석,안정원역:유연석,김준완역:정경호,양석형역:김대명,채송화역:전미도,정로사역:김해숙,주종수역:김갑수,도재학역:정문성,용석민역:문태유,장겨울역:신현빈,안치홍역:김준한,봉광현역:최영준,추민하역:안은진,허선빈역:하윤경,명은원역:김혜인,장윤복역:조이현,장홍도역:배현성,송수빈역:김수진,소이현역:윤혜리,배준희역:신도현,주전역:조승연,황재신역:양조아,이우주역:김준,민기준역:서진원,종세혁역:전광진,이영하역:이노아,김재환역:이달,국해성역:이혜은,함덕주역:김비비,한현희역:이지원,한승주역:김지성,은선진역:설유진,이익순역:곽선영,조영혜역:문희경,양태양역:남명렬,김태연역:이소윤,천명태역:최영우,선우희수역:박한솔,장겨울남동생역:박정우,고아라역:고아라"
20200625,O tvN,243745,255959,슬기로운의사생활,,8회,전국,012214,드라마&영화,드라마,미니시리즈,0.04593,0.72625,0.00468,0.09437,0.59083,0.34779,0.02315,0.65815,0.01784,0,0.03845,0.48389,0.32054,0.04526,"이익준역:조정석,안정원역:유연석,김준완역:정경호,양석형역:김대명,채송화역:전미도,정로사역:김해숙,주종수역:김갑수,도재학역:정문성,용석민역:문태유,장겨울역:신현빈,안치홍역:김준한,봉광현역:최영준,추민하역:안은진,허선빈역:하윤경,명은원역:김혜인,장윤복역:조이현,장홍도역:배현성,송수빈역:김수진,소이현역:윤혜리,배준희역:신도현,주전역:조승연,황재신역:양조아,이우주역:김준,민기준역:서진원,종세혁역:전광진,이영하역:이노아,김재환역:이달,국해성역:이혜은,함덕주역:김비비,한현희역:이지원,한승주역:김지성,은선진역:설유진,이익순역:곽선영,조영혜역:문희경,양태양역:남명렬,김태연역:이소윤,천명태역:최영우,선우희수역:박한솔,장겨울남동생역:박정우,고아라역:고아라"
20200625,O'live,051053,062359,아는건별로없지만가족입니다,,3회,전국,011306,드라마&영화,드라마,미니시리즈,0,0,0.18155,0,0.08577,0.09727,0.03388,0,0.19104,0,0,0.22686,0,0.04945,"김은희역:한예리,박찬혁역:김지석,김은주역:추자현,김상식역:정진영,이진숙역:원미경,김지우역:신재하,임건주역:신동욱,윤태형역:김태훈,젊은상식역:한준우,젊은진숙역:조아영,유선일역:서상원,안효석역:이종원,서경옥역:가득희,윤서영역:혜정,전하라역:배윤경,유민우역:권율"
20200625,O'live,063509,075227,아는건별로없지만가족입니다,,4회,전국,011718,드라마&영화,드라마,미니시리즈,0,0.01071,0.07847,0,0.0078,0.04378,0.00433,0,0.08257,0,0,0.10398,0.01741,0.00043,"김은희역:한예리,박찬혁역:김지석,김은주역:추자현,김상식역:정진영,이진숙역:원미경,김지우역:신재하,임건주역:신동욱,윤태형역:김태훈,젊은상식역:한준우,젊은진숙역:조아영,유선일역:서상원,안효석역:이종원,서경옥역:가득희,윤서영역:혜정,전하라역:배윤경,유민우역:권율"
20200625,On Style,020000,022825,고양이띠요리사,,8회,전국,002825,드라마&영화,드라마,미니시리즈,0.0595,0,0,0,0,0,0.00586,0,0.01105,0,0,0.0661,0,0.00349,"여문준역:이기우,이수지역:김소라,강민경역:조혜진,여은항역:민주"
20200625,On Style,023157,030412,고양이띠요리사,,9회,전국,003215,드라마&영화,드라마,미니시리즈,0,0,0,0,0,0.00588,0.00227,0,0,0,0.03386,0,0.03354,0.00486,"여문준역:이기우,이수지역:김소라,강민경역:조혜진,여은항역:민주"
20200625,On Style,123047,133626,로맨스는별책부록,,10회,전국,010539,드라마&영화,드라마,미니시리즈,0,0,0.07785,0.01684,0,0,0.00656,0,0,0,0.00314,0,0,0.03383,"강단이역:이나영,차은호역:이종석,송해린역:정유진,지서준역:위하준,홍동민역:오의식,김재민역:김태우,고유선역:김유미,봉지홍역:조한철,서영아역:김선영,박훈역:강기둥,오지율역:박규영,이승진역:이관훈,배광수역:최승윤,채송이역:이하은"
20200625,On Style,133843,144212,로맨스는별책부록,,11회,전국,010329,드라마&영화,드라마,미니시리즈,0,0,0.00979,0.02638,0.01614,0.00263,0.05009,0,0,0,0.0065,0,0.0031,0.05831,"강단이역:이나영,차은호역:이종석,송해린역:정유진,지서준역:위하준,홍동민역:오의식,김재민역:김태우,고유선역:김유미,봉지홍역:조한철,서영아역:김선영,박훈역:강기둥,오지율역:박규영,이승진역:이관훈,배광수역:최승윤,채송이역:이하은"
20200625,On Style,144548,154703,로맨스는별책부록,,12회,전국,010115,드라마&영화,드라마,미니시리즈,0,0,0.00551,0.02819,0,0.04443,0.047,0,0,0.04674,0,0,0.00638,0.0725,"강단이역:이나영,차은호역:이종석,송해린역:정유진,지서준역:위하준,홍동민역:오의식,김재민역:김태우,고유선역:김유미,봉지홍역:조한철,서영아역:김선영,박훈역:강기둥,오지율역:박규영,이승진역:이관훈,배광수역:최승윤,채송이역:이하은"
20200625,SBS플러스,061730,064923,엄마가바람났다,,37회,전국,003153,드라마&영화,드라마,아침드라마,0,0,0.011,0,0,0.15057,0.30163,0,0,0,0.29419,0,0.62525,0.349,"오필정역:현쥬니,강석준역:이재황,이은주역:문보령,강석환역:김형범,오순정역:남이안,김복순역:박순천,박민호역:길정우,박민지역:홍제이,김해정역:양금석,강태수역:이원재,이태우역:서현석,최동석역:김동균,최은자역:이진아,최유경역:이영은,최미영역:전은채,왕기범역:차승우,하열도역:김영훈,홍수경역:노정명,박태섭역:강서준,박혜진역:박지수"
20200625,SBS플러스,065034,072113,엄마가바람났다,,38회,전국,003039,드라마&영화,드라마,아침드라마,0,0.35145,0,0,0.14945,0.39827,0.54351,0,0,0,0.10136,0.15682,1.07866,0.37015,"오필정역:현쥬니,강석준역:이재황,이은주역:문보령,강석환역:김형범,오순정역:남이안,김복순역:박순천,박민호역:길정우,박민지역:홍제이,김해정역:양금석,강태수역:이원재,이태우역:서현석,최동석역:김동균,최은자역:이진아,최유경역:이영은,최미영역:전은채,왕기범역:차승우,하열도역:김영훈,홍수경역:노정명,박태섭역:강서준,박혜진역:박지수"
20200625,SBS플러스,073533,084031,주군의태양,,13회,전국,010458,드라마&영화,드라마,미니시리즈,0,0.21343,0,0.0072,0.06848,0.0182,0.08577,0,0,0.0976,0.00843,0.12817,0.0225,0.12895,"주중원역:소지섭,태공실역:공효진,강우역:서인국,태이령역:김유리,김귀도역:최정우,주성란역:김미경,도석철역:이종원,태공리역:박희본,이한주역:이재원,안진주역:정가은,주중원어린시절역:김명수,TV프로그램자역:김상중,미경역:송채윤,하유진역:김보라,가영역:방민아,이은설역:이혜인,차희주역:한보름,주중원아버지역:김용건,이승모역:이도현,이승준역:홍은택,선영역:김보미,지우역:유민규,강길자역:김희정,루이장역:정찬,박서현역:서효림,이재석역:이종혁,이회장역:이재용,한나브라운역:황선희,유진우역:이천희,고여사역:이용녀,유혜성역:진이한"
20200625,SBS플러스,085805,100212,편의점샛별이,,1회,전국,010407,드라마&영화,드라마,미니시리즈,0,0,0.25621,0.18134,0.29592,0.61494,0.06571,0,0,0.15711,0.23822,0.69599,0.13554,0.05824,"최대현역:지창욱,정샛별역:김유정,유연주역:한선화,조승준역:도상우,정은별역:솔빈,공분희역:김선영,최용필역:이병준,한달식역:음문석,권의추역:우현,차기복역:이윤희,고광태역:배기범,김혜자역:견미리,최대순역:김지현,황금비역:서예화,차은조역:윤수,배부장역:허재호,강성태역:지찬,김정하역:신윤정,오현지역:한류은,강지욱역:김민규,유명기역:길용우"
20200625,SBS플러스,101801,111903,편의점샛별이,,2회,전국,010102,드라마&영화,드라마,미니시리즈,0,0,0.25027,0.01918,0.32422,0.66929,0.02257,0.27198,0.04026,0,0.31605,0.77488,0.32219,0.02181,"최대현역:지창욱,정샛별역:김유정,유연주역:한선화,조승준역:도상우,정은별역:솔빈,공분희역:김선영,최용필역:이병준,한달식역:음문석,권의추역:우현,차기복역:이윤희,고광태역:배기범,김혜자역:견미리,최대순역:김지현,황금비역:서예화,차은조역:윤수,배부장역:허재호,강성태역:지찬,김정하역:신윤정,오현지역:한류은,강지욱역:김민규,유명기역:길용우"
20200625,SKY,033843,045734,화유기,,6회,전국,011851,드라마&영화,드라마,미니시리즈,0,0,0,0.10497,0,0,0.06278,0,0,0.00668,0.08521,0.02129,0.00531,0.06577,"손오공역:이승기,우마왕역:차승원,진선미역:오연서,저팔계역:이홍기,사오정역:장광,마비서역:이엘,이한주역:김성오,앨리스역:윤보라,좀비소녀역:이세영,수보리조사역:성지루,동장군역:성혁,강대성역:송종호,조나단역:마이클리,진선미어린시절역:갈소원,공작역:장근석,나찰녀역:김지수"
20200625,SKY,050649,061344,야식남녀,,9회,전국,010655,드라마&영화,드라마,미니시리즈,0,0.00451,0.00323,0.04277,0.00955,0.00281,0.03769,0,0,0.00248,0.04553,0,0.00335,0.04372,"박진성역:정일우,김아진역:강지영,강태완역:이학주,이상영역:김승수,차주희역:김수진,남규장역:양대혁,유성은역:공민정,노재수역:박성준,박진우역:최재현"
20200625,SKY,082419,093014,편의점샛별이,,1회,전국,010555,드라마&영화,드라마,미니시리즈,0,0,0.06456,0.00783,0.13533,0.14201,0.00842,0,0,0,0.05523,0.05317,0.16858,0.0036,"최대현역:지창욱,정샛별역:김유정,유연주역:한선화,조승준역:도상우,정은별역:솔빈,공분희역:김선영,최용필역:이병준,한달식역:음문석,권의추역:우현,차기복역:이윤희,고광태역:배기범,김혜자역:견미리,최대순역:김지현,황금비역:서예화,차은조역:윤수,배부장역:허재호,강성태역:지찬,김정하역:신윤정,오현지역:한류은,강지욱역:김민규,유명기역:길용우"
20200625,SKY,094358,104506,편의점샛별이,,2회,전국,010108,드라마&영화,드라마,미니시리즈,0.01232,0,0,0,0.07216,0.0269,0.07504,0,0,0.05934,0.09524,0.45808,0.0146,0.06562,"최대현역:지창욱,정샛별역:김유정,유연주역:한선화,조승준역:도상우,정은별역:솔빈,공분희역:김선영,최용필역:이병준,한달식역:음문석,권의추역:우현,차기복역:이윤희,고광태역:배기범,김혜자역:견미리,최대순역:김지현,황금비역:서예화,차은조역:윤수,배부장역:허재호,강성태역:지찬,김정하역:신윤정,오현지역:한류은,강지욱역:김민규,유명기역:길용우"
20200625,SKY,143054,153650,편의점샛별이,,1회,전국,010556,드라마&영화,드라마,미니시리즈,0,0,0.07981,0.0016,0.11565,0.1051,0.01051,0,0,0,0.11678,0.01919,0.0459,0.00102,"최대현역:지창욱,정샛별역:김유정,유연주역:한선화,조승준역:도상우,정은별역:솔빈,공분희역:김선영,최용필역:이병준,한달식역:음문석,권의추역:우현,차기복역:이윤희,고광태역:배기범,김혜자역:견미리,최대순역:김지현,황금비역:서예화,차은조역:윤수,배부장역:허재호,강성태역:지찬,김정하역:신윤정,오현지역:한류은,강지욱역:김민규,유명기역:길용우"
20200625,SKY,155428,165537,편의점샛별이,,2회,전국,010109,드라마&영화,드라마,미니시리즈,0,0,0.04634,0.00209,0.00402,0.08305,0.02285,0,0,0,0.0014,0.0082,0.02237,0.00618,"최대현역:지창욱,정샛별역:김유정,유연주역:한선화,조승준역:도상우,정은별역:솔빈,공분희역:김선영,최용필역:이병준,한달식역:음문석,권의추역:우현,차기복역:이윤희,고광태역:배기범,김혜자역:견미리,최대순역:김지현,황금비역:서예화,차은조역:윤수,배부장역:허재호,강성태역:지찬,김정하역:신윤정,오현지역:한류은,강지욱역:김민규,유명기역:길용우"
20200625,SKY,204616,215212,편의점샛별이,,1회,전국,010556,드라마&영화,드라마,미니시리즈,0.03827,0,0,0.02283,0.03455,0.33028,0.129,0.14133,0.31162,0.00288,0.23629,0.57892,0.18391,0.05446,"최대현역:지창욱,정샛별역:김유정,유연주역:한선화,조승준역:도상우,정은별역:솔빈,공분희역:김선영,최용필역:이병준,한달식역:음문석,권의추역:우현,차기복역:이윤희,고광태역:배기범,김혜자역:견미리,최대순역:김지현,황금비역:서예화,차은조역:윤수,배부장역:허재호,강성태역:지찬,김정하역:신윤정,오현지역:한류은,강지욱역:김민규,유명기역:길용우"
20200625,SKY,220620,230729,편의점샛별이,,2회,전국,010109,드라마&영화,드라마,미니시리즈,0,0.02494,0,0.10779,0.01169,0.0143,0.12779,0,0,0,0.29295,0.02423,0.06708,0.04275,"최대현역:지창욱,정샛별역:김유정,유연주역:한선화,조승준역:도상우,정은별역:솔빈,공분희역:김선영,최용필역:이병준,한달식역:음문석,권의추역:우현,차기복역:이윤희,고광태역:배기범,김혜자역:견미리,최대순역:김지현,황금비역:서예화,차은조역:윤수,배부장역:허재호,강성태역:지찬,김정하역:신윤정,오현지역:한류은,강지욱역:김민규,유명기역:길용우"
20200625,ONCE,020000,023338,동이,,55회,전국,003338,드라마&영화,드라마,주간연속극,0,0,0,0,0,0.18486,0,0,0,0,0,0,0.00874,0,"동이역:한효주,숙종역:지진희,희빈장씨역:이소연,차천수역:배수빈,서용기역:정진영,인현왕후역:박하선,오태석역:정동환,이종욱역:이정훈,홍태윤역:손일권,박도식역:최재호,도승지역:신국,오호양역:여호민,황주식역:이희도,정인국역:나성균,최효원역:천호진,장익헌역:이재용,김환역:정인기,은금역:한다민,오태풍역:이계인,태풍처역:이숙,장희재역:김유석,설희역:김혜진,게둬라부역:정은표,오윤역:최철호,게둬라역:최수한,심운택역:김동윤,동이어린시절역:김유정,봉상궁역:김소이,조상궁역:안여진,유상궁역:임성민,정임역:정유미,애종역:강유미,시비역:오은호,미지역:최하나,대전내관역:정선일,명성대비역:박정수,정상궁역:김혜선,영달역:이광수,최동주역:정성운,장무열역:최종환,이금역:이형석,경종역:윤찬,김구선역:맹상훈,인원왕후역:오연서"
20200625,ONCE,024508,034558,동이,,56회,전국,010050,드라마&영화,드라마,주간연속극,0,0,0,0.01918,0,0.22415,0.03045,0,0,0,0.02246,0,0,0.02954,"동이역:한효주,숙종역:지진희,희빈장씨역:이소연,차천수역:배수빈,서용기역:정진영,인현왕후역:박하선,오태석역:정동환,이종욱역:이정훈,홍태윤역:손일권,박도식역:최재호,도승지역:신국,오호양역:여호민,황주식역:이희도,정인국역:나성균,최효원역:천호진,장익헌역:이재용,김환역:정인기,은금역:한다민,오태풍역:이계인,태풍처역:이숙,장희재역:김유석,설희역:김혜진,게둬라부역:정은표,오윤역:최철호,게둬라역:최수한,심운택역:김동윤,동이어린시절역:김유정,봉상궁역:김소이,조상궁역:안여진,유상궁역:임성민,정임역:정유미,애종역:강유미,시비역:오은호,미지역:최하나,대전내관역:정선일,명성대비역:박정수,정상궁역:김혜선,영달역:이광수,최동주역:정성운,장무열역:최종환,이금역:이형석,경종역:윤찬,김구선역:맹상훈,인원왕후역:오연서"
20200625,ONCE,062418,070508,전원일기,,432회,전국,004050,드라마&영화,드라마,주말연속극,0,0,0,0,0.02554,0,0.16557,0,0.0493,0,0.00546,0.0128,0.06145,0.00358,"최불암,김혜자,김용건,김수미,고두심,유인촌,정대홍"
20200625,ONCE,071457,075403,전원일기,,433회,전국,003906,드라마&영화,드라마,주말연속극,0,0,0,0.02649,0.00617,0,0.0082,0,0,0,0.09869,0.00434,0.0051,0.02043,"최불암,김혜자,김용건,김수미,고두심,유인촌,정대홍"
20200625,ONCE,080508,090752,동이,,55회,전국,010244,드라마&영화,드라마,주간연속극,0,0,0,0.02431,0,0.1326,0.12572,0,0,0,0.00435,0.12252,0,0.16498,"동이역:한효주,숙종역:지진희,희빈장씨역:이소연,차천수역:배수빈,서용기역:정진영,인현왕후역:박하선,오태석역:정동환,이종욱역:이정훈,홍태윤역:손일권,박도식역:최재호,도승지역:신국,오호양역:여호민,황주식역:이희도,정인국역:나성균,최효원역:천호진,장익헌역:이재용,김환역:정인기,은금역:한다민,오태풍역:이계인,태풍처역:이숙,장희재역:김유석,설희역:김혜진,게둬라부역:정은표,오윤역:최철호,게둬라역:최수한,심운택역:김동윤,동이어린시절역:김유정,봉상궁역:김소이,조상궁역:안여진,유상궁역:임성민,정임역:정유미,애종역:강유미,시비역:오은호,미지역:최하나,대전내관역:정선일,명성대비역:박정수,정상궁역:김혜선,영달역:이광수,최동주역:정성운,장무열역:최종환,이금역:이형석,경종역:윤찬,김구선역:맹상훈,인원왕후역:오연서"
20200625,ONCE,092132,102221,동이,,56회,전국,010049,드라마&영화,드라마,주간연속극,0,0.04858,0,0.03257,0.20336,0.00247,0.11524,0.0187,0.06003,0.01964,0.03847,0.05552,0.02641,0.1312,"동이역:한효주,숙종역:지진희,희빈장씨역:이소연,차천수역:배수빈,서용기역:정진영,인현왕후역:박하선,오태석역:정동환,이종욱역:이정훈,홍태윤역:손일권,박도식역:최재호,도승지역:신국,오호양역:여호민,황주식역:이희도,정인국역:나성균,최효원역:천호진,장익헌역:이재용,김환역:정인기,은금역:한다민,오태풍역:이계인,태풍처역:이숙,장희재역:김유석,설희역:김혜진,게둬라부역:정은표,오윤역:최철호,게둬라역:최수한,심운택역:김동윤,동이어린시절역:김유정,봉상궁역:김소이,조상궁역:안여진,유상궁역:임성민,정임역:정유미,애종역:강유미,시비역:오은호,미지역:최하나,대전내관역:정선일,명성대비역:박정수,정상궁역:김혜선,영달역:이광수,최동주역:정성운,장무열역:최종환,이금역:이형석,경종역:윤찬,김구선역:맹상훈,인원왕후역:오연서"
20200625,ONCE,103526,112025,전원일기,,434회,전국,004459,드라마&영화,드라마,주말연속극,0,0,0.03879,0,0.39657,0.01391,0.17264,0,0,0,0,0.23385,0.01712,0.27615,"최불암,김혜자,김용건,김수미,고두심,유인촌,정대홍"
20200625,ONCE,112724,120922,전원일기,,435회,전국,004158,드라마&영화,드라마,주말연속극,0,0,0,0.00299,0.42585,0.0296,0.04222,0,0,0.02263,0,0,0,0.00356,"최불암,김혜자,김용건,김수미,고두심,유인촌,정대홍"
20200625,ONCE,122227,131812,대조영,,58회,전국,005545,드라마&영화,드라마,주말연속극,0,0,0.03269,0.01737,0,0.0063,0.02176,0,0,0.17804,0,0,0.01202,0.07831,"대조영역:최수종,이해고역:정보석,설인귀역:이덕화,초린역:박예진,검이역:정태우,숙영역:홍수현,양만춘역:임동진,흑수돌역:김학철,연남생역:임호,대중상역:임혁,걸사비우역:최철호,검모잠역:김명수,당태종역:송용태,부지광역:박지일,미모사역:김정현,금란역:심은진,부기원역:김하균,보장왕역:길용우,이진충역:김동현,손만영역:조인표,신홍역:김규철,계필사문역:윤용현,퉁소역:방형주,홍패역:유태술,이문역:남성진,팔보역:우봉식"
20200625,ONCE,170450,180035,대조영,,58회,전국,005545,드라마&영화,드라마,주말연속극,0.02365,0.47564,0,0,0.19064,0,0.07321,0.12928,0.06388,0,0,0.26673,0,0.14673,"대조영역:최수종,이해고역:정보석,설인귀역:이덕화,초린역:박예진,검이역:정태우,숙영역:홍수현,양만춘역:임동진,흑수돌역:김학철,연남생역:임호,대중상역:임혁,걸사비우역:최철호,검모잠역:김명수,당태종역:송용태,부지광역:박지일,미모사역:김정현,금란역:심은진,부기원역:김하균,보장왕역:길용우,이진충역:김동현,손만영역:조인표,신홍역:김규철,계필사문역:윤용현,퉁소역:방형주,홍패역:유태술,이문역:남성진,팔보역:우봉식"
20200625,ONCE,181445,191931,동이,,57회,전국,010446,드라마&영화,드라마,주간연속극,0,0,0.01903,0.17468,0.26187,0.00598,0.3053,0,0,0.00829,0.11383,0.34437,0.04678,0.31032,"동이역:한효주,숙종역:지진희,희빈장씨역:이소연,차천수역:배수빈,서용기역:정진영,인현왕후역:박하선,오태석역:정동환,이종욱역:이정훈,홍태윤역:손일권,박도식역:최재호,도승지역:신국,오호양역:여호민,황주식역:이희도,정인국역:나성균,최효원역:천호진,장익헌역:이재용,김환역:정인기,은금역:한다민,오태풍역:이계인,태풍처역:이숙,장희재역:김유석,설희역:김혜진,게둬라부역:정은표,오윤역:최철호,게둬라역:최수한,심운택역:김동윤,동이어린시절역:김유정,봉상궁역:김소이,조상궁역:안여진,유상궁역:임성민,정임역:정유미,애종역:강유미,시비역:오은호,미지역:최하나,대전내관역:정선일,명성대비역:박정수,정상궁역:김혜선,영달역:이광수,최동주역:정성운,장무열역:최종환,이금역:이형석,경종역:윤찬,김구선역:맹상훈,인원왕후역:오연서"
20200625,ONCE,193311,203139,동이,,58회,전국,005828,드라마&영화,드라마,주간연속극,0,0,0.03764,0,0.31668,0.06065,0.23426,0,0,0.00958,0,0.55904,0.07146,0.38275,"동이역:한효주,숙종역:지진희,희빈장씨역:이소연,차천수역:배수빈,서용기역:정진영,인현왕후역:박하선,오태석역:정동환,이종욱역:이정훈,홍태윤역:손일권,박도식역:최재호,도승지역:신국,오호양역:여호민,황주식역:이희도,정인국역:나성균,최효원역:천호진,장익헌역:이재용,김환역:정인기,은금역:한다민,오태풍역:이계인,태풍처역:이숙,장희재역:김유석,설희역:김혜진,게둬라부역:정은표,오윤역:최철호,게둬라역:최수한,심운택역:김동윤,동이어린시절역:김유정,봉상궁역:김소이,조상궁역:안여진,유상궁역:임성민,정임역:정유미,애종역:강유미,시비역:오은호,미지역:최하나,대전내관역:정선일,명성대비역:박정수,정상궁역:김혜선,영달역:이광수,최동주역:정성운,장무열역:최종환,이금역:이형석,경종역:윤찬,김구선역:맹상훈,인원왕후역:오연서"
20200625,ONCE,223715,232215,전원일기,,434회,전국,004500,드라마&영화,드라마,주말연속극,0.0167,0,0.22883,0,0.209,0.22348,0.00177,0,0,0,0.00364,0.088,0.2284,0.0342,"최불암,김혜자,김용건,김수미,고두심,유인촌,정대홍"
20200625,ONCE,232844,241042,전원일기,,435회,전국,004158,드라마&영화,드라마,주말연속극,0.03299,0,0.1689,0.01545,0.03211,0.14335,0.01775,0,0,0,0.01011,0.25133,0.16858,0.01067,"최불암,김혜자,김용건,김수미,고두심,유인촌,정대홍"
20200625,ONCE,242347,251932,대조영,,58회,전국,005545,드라마&영화,드라마,주말연속극,0,0,0,0.00243,0,0.10966,0.0162,0,0,0,0,0,0.00238,0.01664,"대조영역:최수종,이해고역:정보석,설인귀역:이덕화,초린역:박예진,검이역:정태우,숙영역:홍수현,양만춘역:임동진,흑수돌역:김학철,연남생역:임호,대중상역:임혁,걸사비우역:최철호,검모잠역:김명수,당태종역:송용태,부지광역:박지일,미모사역:김정현,금란역:심은진,부기원역:김하균,보장왕역:길용우,이진충역:김동현,손만영역:조인표,신홍역:김규철,계필사문역:윤용현,퉁소역:방형주,홍패역:유태술,이문역:남성진,팔보역:우봉식"
20200625,ONCE,253244,255959,동이,,57회,전국,002715,드라마&영화,드라마,주간연속극,0,0,0.0364,0,0.06162,0.20463,0,0,0,0.18127,0,0.02058,0,0.07659,"동이역:한효주,숙종역:지진희,희빈장씨역:이소연,차천수역:배수빈,서용기역:정진영,인현왕후역:박하선,오태석역:정동환,이종욱역:이정훈,홍태윤역:손일권,박도식역:최재호,도승지역:신국,오호양역:여호민,황주식역:이희도,정인국역:나성균,최효원역:천호진,장익헌역:이재용,김환역:정인기,은금역:한다민,오태풍역:이계인,태풍처역:이숙,장희재역:김유석,설희역:김혜진,게둬라부역:정은표,오윤역:최철호,게둬라역:최수한,심운택역:김동윤,동이어린시절역:김유정,봉상궁역:김소이,조상궁역:안여진,유상궁역:임성민,정임역:정유미,애종역:강유미,시비역:오은호,미지역:최하나,대전내관역:정선일,명성대비역:박정수,정상궁역:김혜선,영달역:이광수,최동주역:정성운,장무열역:최종환,이금역:이형석,경종역:윤찬,김구선역:맹상훈,인원왕후역:오연서"
20200625,SKYUHD,020000,031506,화유기,,1회,전국,011506,드라마&영화,드라마,미니시리즈,0,0,0,0,0,0,0,0,0,0,0,0,0,0,"손오공역:이승기,우마왕역:차승원,진선미역:오연서,저팔계역:이홍기,사오정역:장광,마비서역:이엘,이한주역:김성오,앨리스역:윤보라,좀비소녀역:이세영,수보리조사역:성지루,동장군역:성혁,강대성역:송종호,조나단역:마이클리,진선미어린시절역:갈소원,공작역:장근석,나찰녀역:김지수"
20200625,SKYUHD,031616,042157,야식남녀,,7회,전국,010541,드라마&영화,드라마,미니시리즈,0,0,0,0,0,0,0,0,0,0,0,0,0,0,"박진성역:정일우,김아진역:강지영,강태완역:이학주,이상영역:김승수,차주희역:김수진,남규장역:양대혁,유성은역:공민정,노재수역:박성준,박진우역:최재현"
20200625,SKYUHD,110936,121516,야식남녀,,7회,전국,010540,드라마&영화,드라마,미니시리즈,0,0,0,0,0,0,0,0,0,0,0,0,0,0,"박진성역:정일우,김아진역:강지영,강태완역:이학주,이상영역:김승수,차주희역:김수진,남규장역:양대혁,유성은역:공민정,노재수역:박성준,박진우역:최재현"
20200625,SKYUHD,121627,134156,화유기,,1회,전국,012529,드라마&영화,드라마,미니시리즈,0,0,0,0,0,0,0,0,0,0,0,0,0,0,"손오공역:이승기,우마왕역:차승원,진선미역:오연서,저팔계역:이홍기,사오정역:장광,마비서역:이엘,이한주역:김성오,앨리스역:윤보라,좀비소녀역:이세영,수보리조사역:성지루,동장군역:성혁,강대성역:송종호,조나단역:마이클리,진선미어린시절역:갈소원,공작역:장근석,나찰녀역:김지수"
20200625,SKYUHD,173908,190438,화유기,,1회,전국,012530,드라마&영화,드라마,미니시리즈,0,0,0,0,0,0,0,0,0,0,0,0,0,0,"손오공역:이승기,우마왕역:차승원,진선미역:오연서,저팔계역:이홍기,사오정역:장광,마비서역:이엘,이한주역:김성오,앨리스역:윤보라,좀비소녀역:이세영,수보리조사역:성지루,동장군역:성혁,강대성역:송종호,조나단역:마이클리,진선미어린시절역:갈소원,공작역:장근석,나찰녀역:김지수"
20200625,SKYUHD,204907,215459,야식남녀,,8회,전국,010552,드라마&영화,드라마,미니시리즈,0,0,0,0,0,0,0,0,0,0,0,0,0,0,"박진성역:정일우,김아진역:강지영,강태완역:이학주,이상영역:김승수,차주희역:김수진,남규장역:양대혁,유성은역:공민정,노재수역:박성준,박진우역:최재현"
20200625,SKYUHD,233105,245624,화유기,,2회,전국,012519,드라마&영화,드라마,미니시리즈,0,0,0,0,0,0,0,0,0,0,0,0,0,0,"손오공역:이승기,우마왕역:차승원,진선미역:오연서,저팔계역:이홍기,사오정역:장광,마비서역:이엘,이한주역:김성오,앨리스역:윤보라,좀비소녀역:이세영,수보리조사역:성지루,동장군역:성혁,강대성역:송종호,조나단역:마이클리,진선미어린시절역:갈소원,공작역:장근석,나찰녀역:김지수"
20200625,SKYUHD,254628,255959,화유기,,2회,전국,001331,드라마&영화,드라마,미니시리즈,0,0,0,0,0,0,0,0,0,0,0,0,0,0,"손오공역:이승기,우마왕역:차승원,진선미역:오연서,저팔계역:이홍기,사오정역:장광,마비서역:이엘,이한주역:김성오,앨리스역:윤보라,좀비소녀역:이세영,수보리조사역:성지루,동장군역:성혁,강대성역:송종호,조나단역:마이클리,진선미어린시절역:갈소원,공작역:장근석,나찰녀역:김지수"
20200625,OCN Thrills,082419,094710,블랙,,16회,전국,012251,드라마&영화,드라마,미니시리즈,0,0,0,0.00139,0.00154,0.05065,0.00316,0,0.00508,0,0,0.02447,0.05592,0,"블랙역:송승헌,강하람역:고아라,윤수완역:이엘,오만수역:김동준,오십견,저승사자No.007역:조재윤,저승사자No.416역:이규복,나광견역:김원해,봉만식역:정석용,오소태역:이철민,박귀남역:허재호,김선영역:송수현,저승사자블랙역:김태우"
20200625,OCN Thrills,100356,113053,블랙,,17회,전국,012657,드라마&영화,드라마,미니시리즈,0.00616,0,0.00517,0.00186,0.081,0.20377,0.01857,0,0.0016,0.00112,0.00321,0.06066,0.16919,0.01756,"블랙역:송승헌,강하람역:고아라,윤수완역:이엘,오만수역:김동준,오십견,저승사자No.007역:조재윤,저승사자No.416역:이규복,나광견역:김원해,봉만식역:정석용,오소태역:이철민,박귀남역:허재호,김선영역:송수현,저승사자블랙역:김태우"
20200625,OCN Thrills,114455,131258,블랙,,18회,전국,012803,드라마&영화,드라마,미니시리즈,0.20058,0.02427,0.00764,0,0.09039,0.33231,0.02566,0,0.00756,0.00673,0.01443,0.02854,0.46147,0.01808,"블랙역:송승헌,강하람역:고아라,윤수완역:이엘,오만수역:김동준,오십견,저승사자No.007역:조재윤,저승사자No.416역:이규복,나광견역:김원해,봉만식역:정석용,오소태역:이철민,박귀남역:허재호,김선영역:송수현,저승사자블랙역:김태우"
20200625,OCN Thrills,152456,162633,번외수사,,9회,전국,010137,드라마&영화,드라마,미니시리즈,0,0.00613,0.00698,0.02642,0.00803,0.00728,0.00085,0.77178,0,0.0036,0,0.03389,0.01912,0.07677,"진강호역:차태현,강무영역:이선빈,이반석역:정상훈,테디정역:윤경호,탁원역:지승현,민대진역:박정우,맨손역:박태산,연장역:장진희,지수철역:이영석,노순이역:민경옥"
20200625,OCN Thrills,163232,173424,번외수사,,10회,전국,010152,드라마&영화,드라마,미니시리즈,0.00295,0,0,0.21481,0.36047,0.01643,0.00357,0.76212,0,0,0.06716,0.39137,0.01656,0.00736,"진강호역:차태현,강무영역:이선빈,이반석역:정상훈,테디정역:윤경호,탁원역:지승현,민대진역:박정우,맨손역:박태산,연장역:장진희,지수철역:이영석,노순이역:민경옥"
20200625,TRENDY,071051,080535,부부클리닉사랑과전쟁2,,42회,전국,005444,드라마&영화,드라마,단막극,0,0,0,0.15643,0,0.00539,0.06157,0,0,0,0,0,0.06289,0.16742,"이재만,민지영,최영완,이정수,장가현,손유경,이준우"
20200625,TRENDY,081724,092224,부부클리닉사랑과전쟁2,,54회,전국,010500,드라마&영화,드라마,단막극,0,0.01086,0.00672,0.00272,0.16195,0.01538,0.00268,0,0.00257,0.00222,0.0072,0,0.07255,0.05297,"이재만,민지영,최영완,이정수,장가현,손유경,이준우"
20200625,TRENDY,135842,145326,부부클리닉사랑과전쟁2,,42회,전국,005444,드라마&영화,드라마,단막극,0.05579,0,0,0.0354,0.0176,0.00487,0.06067,0,0.02167,0.01009,0.02224,0.00208,0.00771,0.07807,"이재만,민지영,최영완,이정수,장가현,손유경,이준우"
20200625,TRENDY,150644,161147,부부클리닉사랑과전쟁2,,54회,전국,010503,드라마&영화,드라마,단막극,0.01796,0,0,0.0036,0.01924,0.02415,0.02273,0,0,0.00616,0.01668,0.02538,0.09012,0.18425,"이재만,민지영,최영완,이정수,장가현,손유경,이준우"
20200625,TRENDY,225509,234955,부부클리닉사랑과전쟁2,,42회,전국,005446,드라마&영화,드라마,단막극,0,0,0.15189,0.00642,0.0511,0,0.01571,0,0.01782,0.00495,0.00825,0.18471,0.0145,0.00261,"이재만,민지영,최영완,이정수,장가현,손유경,이준우"
20200625,TRENDY,240242,250744,부부클리닉사랑과전쟁2,,54회,전국,010502,드라마&영화,드라마,단막극,0,0,0.0018,0.04205,0.00366,0.0109,0.00404,0,0,0,0.15464,0.05905,0.04233,0.13445,"이재만,민지영,최영완,이정수,장가현,손유경,이준우"
20200625,WeLike,095103,105255,아테나:전쟁의여신,,9회,전국,010152,드라마&영화,드라마,미니시리즈,0,0,0,0,0.03704,0,0.01247,0,0,0,0,0,0,0.0005,"이정우역:정우성,손혁역:차승원,윤혜인역:수애,한재희역:이지아,김기수역:김민종,김준호역:시원,조명호역:이정길,최진희역:김영애,권용관역:유동근,박철영역:김승우,조수영역:이보영,오숙경역:오윤아,한정필역:전국환,제시카역:연민지,앤디역:션리차드,철규역:정찬우,최태현역:최강창민,김선화역:김소연,박성철역:이한위"
20200625,WeLike,110606,120917,아테나:전쟁의여신,,10회,전국,010311,드라마&영화,드라마,미니시리즈,0,0,0,0,0,0,0.00493,0,0,0,0,0,0,0.00518,"이정우역:정우성,손혁역:차승원,윤혜인역:수애,한재희역:이지아,김기수역:김민종,김준호역:시원,조명호역:이정길,최진희역:김영애,권용관역:유동근,박철영역:김승우,조수영역:이보영,오숙경역:오윤아,한정필역:전국환,제시카역:연민지,앤디역:션리차드,철규역:정찬우,최태현역:최강창민,김선화역:김소연,박성철역:이한위"
20200625,WeLike,200654,210929,아테나:전쟁의여신,,11회,전국,010235,드라마&영화,드라마,미니시리즈,0,0,0,0,0.11112,0,0.03926,0,0,0,0,0,0,0.00263,"이정우역:정우성,손혁역:차승원,윤혜인역:수애,한재희역:이지아,김기수역:김민종,김준호역:시원,조명호역:이정길,최진희역:김영애,권용관역:유동근,박철영역:김승우,조수영역:이보영,오숙경역:오윤아,한정필역:전국환,제시카역:연민지,앤디역:션리차드,철규역:정찬우,최태현역:최강창민,김선화역:김소연,박성철역:이한위"
20200625,WeLike,212210,222441,아테나:전쟁의여신,,12회,전국,010231,드라마&영화,드라마,미니시리즈,0,0,0,0,0.03869,0,0.00446,0,0,0,0,0.0015,0.00169,0.00165,"이정우역:정우성,손혁역:차승원,윤혜인역:수애,한재희역:이지아,김기수역:김민종,김준호역:시원,조명호역:이정길,최진희역:김영애,권용관역:유동근,박철영역:김승우,조수영역:이보영,오숙경역:오윤아,한정필역:전국환,제시카역:연민지,앤디역:션리차드,철규역:정찬우,최태현역:최강창민,김선화역:김소연,박성철역:이한위"
20200626,KBS1,203059,205919,기막힌유산,,49회,전국,002820,드라마&영화,드라마,일일연속극,3.19996,3.82722,3.80843,4.10452,3.70873,7.81718,25.50906,5.68542,1.91378,2.06024,5.0746,5.66991,13.90687,29.40892,"부영배역:박인환,공계옥역:강세정,부설악역:신정윤,부백두역:강신조,윤민주역:이아현,부금강역:남성진,신애리역:김가연,정미희역:박순천,김용미역:이응경,부한라역:박신우,성판금역:조양자,부가온역:김비주,부태희역:김연지,부혜교역:김효경,부지현역:강유라,공소영역:김난주,이장원역:이일준,김수민역:조서후,김종두역:이춘식,차정건역:조순창,이청아역:정서하,손보미역:박민지,김영지역:주민하,강선희역:박현정,천호식역:백신,이정태역:노상보,고향숙역:박소정"
20200626,KBS2,110643,121503,한번다녀왔습니다,<49회/50회>,49회/50회,전국,010820,드라마&영화,드라마,주말연속극,0,0,0.365,0.13906,0.17301,0.66948,1.5271,0,0,0.34931,0.82972,0.25462,1.90192,1.46542,"송영달역:천호진,장옥분역:차화연,최윤정역:김보연,강초연역:이정은,송나희역:이민정,윤규진역:이상엽,송준선역:오대환,송가희역:오윤아,송다희역:이초희,양치수역:안길강,장옥자역:백지원,성현경역:임정은,윤재석역:이상이,박효신역:기도훈,김지훈역:문우진,이주리역:김소라,김가연역:송다은,건어물역:신미영,꽈배기역:김가영,송서영역:이가연,송서진역:안서연,이정록역:알렉스,유보영역:손성윤,유시후역:송민재,박지연역:신수정,한기영역:강유석,홍성우역:김현목,신혜정역:김미은,심정희역:이상경,오연지역:한봄,오정봉역:오의식,이종수역:장원혁,김승현역:배호근,송이역:김주영,지원역:찬희,이현역:이필모"
20200626,KBS2,122703,133609,한번다녀왔습니다,<51회/52회>,51회/52회,전국,010906,드라마&영화,드라마,주말연속극,0.65622,0.56816,0.03477,0.17959,0.79235,0.54871,1.37677,0.01943,0.3866,0,0.7245,0.80551,1.16456,1.80397,"송영달역:천호진,장옥분역:차화연,최윤정역:김보연,강초연역:이정은,송나희역:이민정,윤규진역:이상엽,송준선역:오대환,송가희역:오윤아,송다희역:이초희,양치수역:안길강,장옥자역:백지원,성현경역:임정은,윤재석역:이상이,박효신역:기도훈,김지훈역:문우진,이주리역:김소라,김가연역:송다은,건어물역:신미영,꽈배기역:김가영,송서영역:이가연,송서진역:안서연,이정록역:알렉스,유보영역:손성윤,유시후역:송민재,박지연역:신수정,한기영역:강유석,홍성우역:김현목,신혜정역:김미은,심정희역:이상경,오연지역:한봄,오정봉역:오의식,이종수역:장원혁,김승현역:배호근,송이역:김주영,지원역:찬희,이현역:이필모"
20200626,KBS2,195123,202608,위험한약속,,61회,전국,003445,드라마&영화,드라마,일일연속극,2.44742,2.3436,2.13459,2.88672,2.74143,5.64466,16.64892,3.41905,1.14341,1.41804,5.44326,5.67048,10.97566,20.73591,"차은동역:박하나,강태인역:고세원,최준혁역:강성민,오혜원역:박영린,한지훈역:이창욱,차만종역:이대연,차은찬역:유준서,공영심역:유지연,봉석구역:현우섭,강일섭역:강신일,연두심역:이칸희,한광훈역:길용우,한서주역:김혜지,최명희역:김나운,고재숙역:윤복인,최영국역:송민형,민주란역:오영실,최준경역:이효나,이창욱역:김정운"
20200626,SBS,083640,090811,엄마가바람났다,,40회,전국,003131,드라마&영화,드라마,아침드라마,2.57236,2.83793,1.87576,1.32968,3.07349,3.17828,5.47154,0.52924,2.09232,0.28392,2.90402,4.33442,4.10785,6.71059,"오필정역:현쥬니,강석준역:이재황,이은주역:문보령,강석환역:김형범,오순정역:남이안,김복순역:박순천,박민호역:길정우,박민지역:홍제이,김해정역:양금석,강태수역:이원재,이태우역:서현석,최동석역:김동균,최은자역:이진아,최유경역:이영은,최미영역:전은채,왕기범역:차승우,하열도역:김영훈,홍수경역:노정명,박태섭역:강서준,박혜진역:박지수"
20200626,SBS,124948,132202,편의점샛별이,<1부>,2회,전국,003214,드라마&영화,드라마,미니시리즈,0,0,0.58071,0.347,0.13789,0.39232,0.78457,0.0764,0.04021,0.56467,0.37955,0.46729,0.91825,0.47525,"최대현역:지창욱,정샛별역:김유정,유연주역:한선화,조승준역:도상우,정은별역:솔빈,공분희역:김선영,최용필역:이병준,한달식역:음문석,권의추역:우현,차기복역:이윤희,고광태역:배기범,김혜자역:견미리,최대순역:김지현,황금비역:서예화,차은조역:윤수,배부장역:허재호,강성태역:지찬,김정하역:신윤정,오현지역:한류은,강지욱역:김민규,유명기역:길용우"
20200626,SBS,132232,134952,편의점샛별이,<2부>,2회,전국,002720,드라마&영화,드라마,미니시리즈,0.36845,0.16284,0.88426,0.3516,0.65747,0.68513,1.24939,0.72865,0.33515,0.89987,0.81493,1.18212,1.62187,0.74855,"최대현역:지창욱,정샛별역:김유정,유연주역:한선화,조승준역:도상우,정은별역:솔빈,공분희역:김선영,최용필역:이병준,한달식역:음문석,권의추역:우현,차기복역:이윤희,고광태역:배기범,김혜자역:견미리,최대순역:김지현,황금비역:서예화,차은조역:윤수,배부장역:허재호,강성태역:지찬,김정하역:신윤정,오현지역:한류은,강지욱역:김민규,유명기역:길용우"
20200626,SBS,220141,223604,편의점샛별이,<1부>,3회,전국,003423,드라마&영화,드라마,미니시리즈,1.38375,1.08442,0.69589,2.08082,3.74371,3.58966,3.61982,2.70689,0.48548,0.85318,2.72618,3.15948,4.22806,2.73464,"최대현역:지창욱,정샛별역:김유정,유연주역:한선화,조승준역:도상우,정은별역:솔빈,공분희역:김선영,최용필역:이병준,한달식역:음문석,권의추역:우현,차기복역:이윤희,고광태역:배기범,김혜자역:견미리,최대순역:김지현,황금비역:서예화,차은조역:윤수,배부장역:허재호,강성태역:지찬,김정하역:신윤정,오현지역:한류은,강지욱역:김민규,유명기역:길용우"
20200626,SBS,223814,230543,편의점샛별이,<2부>,3회,전국,002729,드라마&영화,드라마,미니시리즈,2.47535,3.06035,2.24141,2.64711,4.55823,5.82794,4.16,2.52938,1.59465,1.32108,3.30374,5.96483,6.60752,2.99042,"최대현역:지창욱,정샛별역:김유정,유연주역:한선화,조승준역:도상우,정은별역:솔빈,공분희역:김선영,최용필역:이병준,한달식역:음문석,권의추역:우현,차기복역:이윤희,고광태역:배기범,김혜자역:견미리,최대순역:김지현,황금비역:서예화,차은조역:윤수,배부장역:허재호,강성태역:지찬,김정하역:신윤정,오현지역:한류은,강지욱역:김민규,유명기역:길용우"
20200626,OBS,093844,104116,구가의서,,19회,전국,010232,드라마&영화,드라마,주간연속극,0,0,0,0.07471,0,0.02637,0.17402,0,0,0,0.08625,0.00471,0.08736,0.21045,"최강치역:이승기,담여울역:수지,조관웅역:이성재,담평준역:조성하,박태서역:유연석,박청조역:이유비,곤역:성준,구월령역:최진혁,윤서화역:이연희,소정법사역:김희원,천수련역:정혜영,자홍명역:윤세아,박무솔역:엄효섭,월선역:손승우,이순신역:유동근,마봉출역:조재윤,카게시마역:데이비드맥기니스,한노역:박주형,윤씨역:김희정,억만역:김기방,윤정윤역:이다윗,담이역:김보미,필목역:송영규,공달선생역:이도경"
20200626,OBS,181833,192058,구가의서,,20회,전국,010225,드라마&영화,드라마,주간연속극,0.50672,0,0,0,0.01899,0.00785,0.11946,0,0,0,0.1886,0.10758,0.17533,0.10545,"최강치역:이승기,담여울역:수지,조관웅역:이성재,담평준역:조성하,박태서역:유연석,박청조역:이유비,곤역:성준,구월령역:최진혁,윤서화역:이연희,소정법사역:김희원,천수련역:정혜영,자홍명역:윤세아,박무솔역:엄효섭,월선역:손승우,이순신역:유동근,마봉출역:조재윤,카게시마역:데이비드맥기니스,한노역:박주형,윤씨역:김희정,억만역:김기방,윤정윤역:이다윗,담이역:김보미,필목역:송영규,공달선생역:이도경"
20200626,TV CHOSUN,103035,113117,바람과구름과비,,10회,전국,010042,드라마&영화,드라마,미니시리즈,0,0.01079,0.1862,0.04439,0.37127,0.31438,0.89814,0,0,0.07082,0.31,0.58962,0.76758,1.42878,"최천중역:박시후,봉련역:고성희,흥선대원군이하응역:전광렬,채인규역:성혁,김병운역:김승수,김좌근역:차광수,나합역:윤아정,김병학역:한재영,조대비역:김보연,철종역:정욱,이하전역:이루,명성황후민자영역:박정연,고종이재황역:박상훈,용팔룡역:조복래,주모역:김주령,적도사진상역:한동규,팽구철역:노형욱,만석역:박노식,연치성역:임현수,반달역:왕빛나,임종사관역:허태희,최천중어린시절역:강태우,봉련어린시절역:홍승희,채인규어린시절역:최정우,상복역:허성태,민승호역:이해우,저자이병주,출판그림같은세상2020.08.28.,e북무료판매처 1건"
20200626,TV CHOSUN,114243,124325,바람과구름과비,,11회,전국,010042,드라마&영화,드라마,미니시리즈,0,0,0.25252,0.00218,0.1464,0.20468,0.73358,0,0.19043,0.00374,0.23519,0.62426,0.95221,1.8342,"최천중역:박시후,봉련역:고성희,흥선대원군이하응역:전광렬,채인규역:성혁,김병운역:김승수,김좌근역:차광수,나합역:윤아정,김병학역:한재영,조대비역:김보연,철종역:정욱,이하전역:이루,명성황후민자영역:박정연,고종이재황역:박상훈,용팔룡역:조복래,주모역:김주령,적도사진상역:한동규,팽구철역:노형욱,만석역:박노식,연치성역:임현수,반달역:왕빛나,임종사관역:허태희,최천중어린시절역:강태우,봉련어린시절역:홍승희,채인규어린시절역:최정우,상복역:허성태,민승호역:이해우,저자이병주,출판그림같은세상2020.08.28.,e북무료판매처 1건"
20200626,tvN,020000,031455,호텔델루나,,7회,전국,011455,드라마&영화,드라마,미니시리즈,0,0.31241,0,0.29635,0.2692,0.17456,0.07358,0,0.39083,0,0.15949,0.58843,0.35141,0.16655,"장만월역:이지은,구찬성역:여진구,산체스역:조현철,이미라역:박유나,김선비역:신정근,최서희역:배해선,지현중역:표지훈,김유나역:강미나,노준석역:정동환,마고신역:서이숙,사신역:강홍석,고청명역:이도현,연우역:이태선,설지원역:이다윗,구현모역:오지호,왕지은역:설리,베로니카역:서은수,황문숙역:황영희,강만영역:이승준,이세영역:소희정,호텔블루문사장역:김수현"
20200626,tvN,032758,045027,호텔델루나,,8회,전국,012229,드라마&영화,드라마,미니시리즈,0,0.1081,0,0.13043,0.3313,0.10011,0.16894,0,0,0.0403,0.04152,0.29971,0.35546,0.13951,"장만월역:이지은,구찬성역:여진구,산체스역:조현철,이미라역:박유나,김선비역:신정근,최서희역:배해선,지현중역:표지훈,김유나역:강미나,노준석역:정동환,마고신역:서이숙,사신역:강홍석,고청명역:이도현,연우역:이태선,설지원역:이다윗,구현모역:오지호,왕지은역:설리,베로니카역:서은수,황문숙역:황영희,강만영역:이승준,이세영역:소희정,호텔블루문사장역:김수현"
20200626,tvN,124436,135408,오마이베이비,,13회,전국,010932,드라마&영화,드라마,미니시리즈,0.05581,0.07289,0.10736,0.26494,0.06667,0.07839,0.28178,0.07023,0.11486,0.12933,0.10542,0.61974,0.46716,0.29277,"장하리역:장나라,한이상역:고준,윤재영역:박병은,최강으뜸역:정건주,이옥란역:김혜옥,남수철역:조희봉,김은영역:이미도,김철중역:유승목,주승태역:전진기,박연호역:백승희,최효주역:박수영,주선생역:문현정,심정화역:김재화,이소윤역:정라엘,이옥희역:김예령,박재한역:이한위,김상희역:손화령,순남역:이주실,조회장역:장광,조아저씨역:최홍일,강효주역:전혜빈"
20200626,tvN,141225,152217,오마이베이비,,14회,전국,010952,드라마&영화,드라마,미니시리즈,0,0.00696,0.04542,0.36349,0.00752,0.1162,0.23609,0.02308,0.03138,0.06653,0.18687,0.67415,0.62126,0.52063,"장하리역:장나라,한이상역:고준,윤재영역:박병은,최강으뜸역:정건주,이옥란역:김혜옥,남수철역:조희봉,김은영역:이미도,김철중역:유승목,주승태역:전진기,박연호역:백승희,최효주역:박수영,주선생역:문현정,심정화역:김재화,이소윤역:정라엘,이옥희역:김예령,박재한역:이한위,김상희역:손화령,순남역:이주실,조회장역:장광,조아저씨역:최홍일,강효주역:전혜빈"
20200626,국방TV,210035,212629,바람은불어도,,123회,전국,002554,드라마&영화,드라마,미니시리즈,0,0,0.01253,0,0,0,0,0,0,0,0,0,0,0,"최수종,유호정,윤손하,송나영,송기윤,나문희"
20200626,국방TV,213004,215635,바람은불어도,,124회,전국,002631,드라마&영화,드라마,미니시리즈,0,0,0,0,0,0,0,0,0,0,0,0,0,0.0063,"최수종,유호정,윤손하,송나영,송기윤,나문희"
20200626,국방TV,240036,242629,바람은불어도,,123회,전국,002553,드라마&영화,드라마,미니시리즈,0,0,0,0,0,0,0,0,0,0,0,0,0,0,"최수종,유호정,윤손하,송나영,송기윤,나문희"
20200626,국방TV,243036,245706,바람은불어도,,124회,전국,002630,드라마&영화,드라마,미니시리즈,0,0,0,0,0,0.00614,0,0,0,0,0,0.00954,0,0,"최수종,유호정,윤손하,송나영,송기윤,나문희"
20200626,국방TV,250036,252423,바람은불어도,,125회,전국,002347,드라마&영화,드라마,미니시리즈,0,0,0.02027,0,0,0,0,0,0,0,0,0,0.01966,0,"최수종,유호정,윤손하,송나영,송기윤,나문희"
20200626,국방TV,253036,255655,바람은불어도,,126회,전국,002619,드라마&영화,드라마,미니시리즈,0,0,0,0,0,0.00358,0,0,0,0,0,0,0.0041,0,"최수종,유호정,윤손하,송나영,송기윤,나문희"
20200626,AXN,074001,084142,넝쿨째굴러온당신,,3회,전국,010141,드라마&영화,드라마,주말연속극,0,0.02259,0.00521,0,0.00764,0.00317,0.00128,0,0,0,0,0.01112,0,0.00541,"차윤희역:김남주,방귀남역:유준상,엄청애역:윤여정,방장수역:장용,전막례역:강부자,한만희역:김영란,차세중역:김용희,민지영역:진경,차세광역:강민혁,엄보애역:유지인,엄순애역:양희경,방일숙역:양정아,방이숙역:조윤희,방말숙역:오연서,장양실역:나영희,방정배역:김상호,고옥역:심이영,방장군역:곽동연,천재용역:이희준,윤빈역:김원준,남남구역:김형범,고시생역:김승우,예능국PD역:김준현,라디오DJ역:양희은,홍은희역:홍은희,송수지역:박수진,매니저역:이수근,목사역:지진희,차태봉역:차태현,성시갱역:성시경,노래강사역:이종박,한규현역:강동호,태영역:김형진,지피디역:곽민석,강혜수역:최윤소,동대문옷가게상인역:탁재훈,소개팅남역:이정신,유신혜역:유인영,지환역:이도현,김장훈역:김장훈,뚱보아버지역:유민상,뚱보아들역:김수영,인기여배우역:이혜영,인기남배우역:송준근,심사위원역:김종민,막장모녀엄마역:정경미,막장모녀딸역:박소영,신세경역:신세경,재용첫째누나역:김서형,재용둘째누나역:조민아,재용막내누나역:이제인,호들갑남역:공형진,라디오DJ역:박소현,귀남의양아버지역:길용우,귀남의양어머니역:김창숙,천재용아버지역:이재용,배PD역:이지영,방귀남어린시절역:홍현택"
20200626,AXN,090151,100339,넝쿨째굴러온당신,,4회,전국,010148,드라마&영화,드라마,주말연속극,0,0,0,0.00859,0.0068,0,0.00497,0,0,0,0,0,0.08412,0.00592,"차윤희역:김남주,방귀남역:유준상,엄청애역:윤여정,방장수역:장용,전막례역:강부자,한만희역:김영란,차세중역:김용희,민지영역:진경,차세광역:강민혁,엄보애역:유지인,엄순애역:양희경,방일숙역:양정아,방이숙역:조윤희,방말숙역:오연서,장양실역:나영희,방정배역:김상호,고옥역:심이영,방장군역:곽동연,천재용역:이희준,윤빈역:김원준,남남구역:김형범,고시생역:김승우,예능국PD역:김준현,라디오DJ역:양희은,홍은희역:홍은희,송수지역:박수진,매니저역:이수근,목사역:지진희,차태봉역:차태현,성시갱역:성시경,노래강사역:이종박,한규현역:강동호,태영역:김형진,지피디역:곽민석,강혜수역:최윤소,동대문옷가게상인역:탁재훈,소개팅남역:이정신,유신혜역:유인영,지환역:이도현,김장훈역:김장훈,뚱보아버지역:유민상,뚱보아들역:김수영,인기여배우역:이혜영,인기남배우역:송준근,심사위원역:김종민,막장모녀엄마역:정경미,막장모녀딸역:박소영,신세경역:신세경,재용첫째누나역:김서형,재용둘째누나역:조민아,재용막내누나역:이제인,호들갑남역:공형진,라디오DJ역:박소현,귀남의양아버지역:길용우,귀남의양어머니역:김창숙,천재용아버지역:이재용,배PD역:이지영,방귀남어린시절역:홍현택"
20200626,AXN,133127,143353,넝쿨째굴러온당신,,3회,전국,010226,드라마&영화,드라마,주말연속극,0,0,0,0,0.0142,0.00255,0,0,0.03203,0,0,0.00238,0,0.00548,"차윤희역:김남주,방귀남역:유준상,엄청애역:윤여정,방장수역:장용,전막례역:강부자,한만희역:김영란,차세중역:김용희,민지영역:진경,차세광역:강민혁,엄보애역:유지인,엄순애역:양희경,방일숙역:양정아,방이숙역:조윤희,방말숙역:오연서,장양실역:나영희,방정배역:김상호,고옥역:심이영,방장군역:곽동연,천재용역:이희준,윤빈역:김원준,남남구역:김형범,고시생역:김승우,예능국PD역:김준현,라디오DJ역:양희은,홍은희역:홍은희,송수지역:박수진,매니저역:이수근,목사역:지진희,차태봉역:차태현,성시갱역:성시경,노래강사역:이종박,한규현역:강동호,태영역:김형진,지피디역:곽민석,강혜수역:최윤소,동대문옷가게상인역:탁재훈,소개팅남역:이정신,유신혜역:유인영,지환역:이도현,김장훈역:김장훈,뚱보아버지역:유민상,뚱보아들역:김수영,인기여배우역:이혜영,인기남배우역:송준근,심사위원역:김종민,막장모녀엄마역:정경미,막장모녀딸역:박소영,신세경역:신세경,재용첫째누나역:김서형,재용둘째누나역:조민아,재용막내누나역:이제인,호들갑남역:공형진,라디오DJ역:박소현,귀남의양아버지역:길용우,귀남의양어머니역:김창숙,천재용아버지역:이재용,배PD역:이지영,방귀남어린시절역:홍현택"
20200626,AXN,145007,155240,넝쿨째굴러온당신,,4회,전국,010233,드라마&영화,드라마,주말연속극,0,0,0,0,0,0,0,0,0,0,0,0.00288,0.01081,0,"차윤희역:김남주,방귀남역:유준상,엄청애역:윤여정,방장수역:장용,전막례역:강부자,한만희역:김영란,차세중역:김용희,민지영역:진경,차세광역:강민혁,엄보애역:유지인,엄순애역:양희경,방일숙역:양정아,방이숙역:조윤희,방말숙역:오연서,장양실역:나영희,방정배역:김상호,고옥역:심이영,방장군역:곽동연,천재용역:이희준,윤빈역:김원준,남남구역:김형범,고시생역:김승우,예능국PD역:김준현,라디오DJ역:양희은,홍은희역:홍은희,송수지역:박수진,매니저역:이수근,목사역:지진희,차태봉역:차태현,성시갱역:성시경,노래강사역:이종박,한규현역:강동호,태영역:김형진,지피디역:곽민석,강혜수역:최윤소,동대문옷가게상인역:탁재훈,소개팅남역:이정신,유신혜역:유인영,지환역:이도현,김장훈역:김장훈,뚱보아버지역:유민상,뚱보아들역:김수영,인기여배우역:이혜영,인기남배우역:송준근,심사위원역:김종민,막장모녀엄마역:정경미,막장모녀딸역:박소영,신세경역:신세경,재용첫째누나역:김서형,재용둘째누나역:조민아,재용막내누나역:이제인,호들갑남역:공형진,라디오DJ역:박소현,귀남의양아버지역:길용우,귀남의양어머니역:김창숙,천재용아버지역:이재용,배PD역:이지영,방귀남어린시절역:홍현택"
20200626,AXN,211559,221840,넝쿨째굴러온당신,,3회,전국,010241,드라마&영화,드라마,주말연속극,0,0.01104,0,0.00905,0.00499,0.01206,0.07856,0,0,0,0.00123,0.05467,0.00361,0.04556,"차윤희역:김남주,방귀남역:유준상,엄청애역:윤여정,방장수역:장용,전막례역:강부자,한만희역:김영란,차세중역:김용희,민지영역:진경,차세광역:강민혁,엄보애역:유지인,엄순애역:양희경,방일숙역:양정아,방이숙역:조윤희,방말숙역:오연서,장양실역:나영희,방정배역:김상호,고옥역:심이영,방장군역:곽동연,천재용역:이희준,윤빈역:김원준,남남구역:김형범,고시생역:김승우,예능국PD역:김준현,라디오DJ역:양희은,홍은희역:홍은희,송수지역:박수진,매니저역:이수근,목사역:지진희,차태봉역:차태현,성시갱역:성시경,노래강사역:이종박,한규현역:강동호,태영역:김형진,지피디역:곽민석,강혜수역:최윤소,동대문옷가게상인역:탁재훈,소개팅남역:이정신,유신혜역:유인영,지환역:이도현,김장훈역:김장훈,뚱보아버지역:유민상,뚱보아들역:김수영,인기여배우역:이혜영,인기남배우역:송준근,심사위원역:김종민,막장모녀엄마역:정경미,막장모녀딸역:박소영,신세경역:신세경,재용첫째누나역:김서형,재용둘째누나역:조민아,재용막내누나역:이제인,호들갑남역:공형진,라디오DJ역:박소현,귀남의양아버지역:길용우,귀남의양어머니역:김창숙,천재용아버지역:이재용,배PD역:이지영,방귀남어린시절역:홍현택"
20200626,AXN,223539,233827,넝쿨째굴러온당신,,4회,전국,010248,드라마&영화,드라마,주말연속극,0,0,0.00788,0,0.00181,0.01487,0.0234,0,0,0.00074,0,0.09189,0.00366,0.02622,"차윤희역:김남주,방귀남역:유준상,엄청애역:윤여정,방장수역:장용,전막례역:강부자,한만희역:김영란,차세중역:김용희,민지영역:진경,차세광역:강민혁,엄보애역:유지인,엄순애역:양희경,방일숙역:양정아,방이숙역:조윤희,방말숙역:오연서,장양실역:나영희,방정배역:김상호,고옥역:심이영,방장군역:곽동연,천재용역:이희준,윤빈역:김원준,남남구역:김형범,고시생역:김승우,예능국PD역:김준현,라디오DJ역:양희은,홍은희역:홍은희,송수지역:박수진,매니저역:이수근,목사역:지진희,차태봉역:차태현,성시갱역:성시경,노래강사역:이종박,한규현역:강동호,태영역:김형진,지피디역:곽민석,강혜수역:최윤소,동대문옷가게상인역:탁재훈,소개팅남역:이정신,유신혜역:유인영,지환역:이도현,김장훈역:김장훈,뚱보아버지역:유민상,뚱보아들역:김수영,인기여배우역:이혜영,인기남배우역:송준근,심사위원역:김종민,막장모녀엄마역:정경미,막장모녀딸역:박소영,신세경역:신세경,재용첫째누나역:김서형,재용둘째누나역:조민아,재용막내누나역:이제인,호들갑남역:공형진,라디오DJ역:박소현,귀남의양아버지역:길용우,귀남의양어머니역:김창숙,천재용아버지역:이재용,배PD역:이지영,방귀남어린시절역:홍현택"
20200626,CHING,020000,023608,이산,,29회,전국,003608,드라마&영화,드라마,주간연속극,0,0,0,0,0,0,0.00428,0,0,0,0,0,0.00988,0.08227,"정조이산역:이서진,성송연역:한지민,영조역:이순재,정순왕후역:김여진,화완옹주역:성현아,정후겸역:조연우,박대수역:이종수,효의왕후역:박은혜,혜경궁홍씨역:견미리,사도세자역:이창훈,홍국영역:한상진,최석주역:조경환,채제공역:한인수,정약용역:송창의,장태우역:이재용,민주식역:정호근,박제가역:정재곤,남사초역:맹상훈,박달호역:이희도,김정금상궁역:김소이,강미비상궁역:이숙,원빈홍씨역:지성원,화빈윤씨역:유연지,박영문역:신국,초비역:이도은,이천역:지상렬,탁지수역:유민혁,이산어린시절역:박지빈,성송연어린시절역:이한나,박대수어린시절역:권오민,정후겸어린시절역:이인성"
20200626,CHING,025217,035939,이산,,30회,전국,010722,드라마&영화,드라마,주간연속극,0,0,0.01813,0.02568,0.11924,0.00337,0.02975,0,0,0.00477,0.02257,0,0.01816,0.11879,"정조이산역:이서진,성송연역:한지민,영조역:이순재,정순왕후역:김여진,화완옹주역:성현아,정후겸역:조연우,박대수역:이종수,효의왕후역:박은혜,혜경궁홍씨역:견미리,사도세자역:이창훈,홍국영역:한상진,최석주역:조경환,채제공역:한인수,정약용역:송창의,장태우역:이재용,민주식역:정호근,박제가역:정재곤,남사초역:맹상훈,박달호역:이희도,김정금상궁역:김소이,강미비상궁역:이숙,원빈홍씨역:지성원,화빈윤씨역:유연지,박영문역:신국,초비역:이도은,이천역:지상렬,탁지수역:유민혁,이산어린시절역:박지빈,성송연어린시절역:이한나,박대수어린시절역:권오민,정후겸어린시절역:이인성"
20200626,CHING,085324,092206,인어아가씨,,117회,전국,002842,드라마&영화,드라마,주간연속극,0,0,0,0,0.00913,0,0,0.06745,0.01775,0,0,0.00799,0,0,"은아리영역:장서희,한경혜역:정영숙,은진섭역:박근형,심수정역:한혜숙,은예영역:우희진,이주왕역:김성민,이성수역:김병기,금옥선역:사미자,금실라역:김용림,조수아역:고두심,마마준역:정보석,마마린역:이재은"
20200626,CHING,092318,094928,인어아가씨,,118회,전국,002610,드라마&영화,드라마,주간연속극,0,0,0,0,0,0,0,0,0,0,0,0,0,0,"은아리영역:장서희,한경혜역:정영숙,은진섭역:박근형,심수정역:한혜숙,은예영역:우희진,이주왕역:김성민,이성수역:김병기,금옥선역:사미자,금실라역:김용림,조수아역:고두심,마마준역:정보석,마마린역:이재은"
20200626,CHING,100924,103921,인어아가씨,,119회,전국,002957,드라마&영화,드라마,주간연속극,0,0.01318,0,0,0.00441,0,0,0,0,0,0,0.00594,0,0,"은아리영역:장서희,한경혜역:정영숙,은진섭역:박근형,심수정역:한혜숙,은예영역:우희진,이주왕역:김성민,이성수역:김병기,금옥선역:사미자,금실라역:김용림,조수아역:고두심,마마준역:정보석,마마린역:이재은"
20200626,CHING,104032,110721,인어아가씨,,120회,전국,002649,드라마&영화,드라마,주간연속극,0,0,0,0,0,0,0.0053,0,0,0,0,0,0,0,"은아리영역:장서희,한경혜역:정영숙,은진섭역:박근형,심수정역:한혜숙,은예영역:우희진,이주왕역:김성민,이성수역:김병기,금옥선역:사미자,금실라역:김용림,조수아역:고두심,마마준역:정보석,마마린역:이재은"
20200626,CHING,144506,151348,인어아가씨,,117회,전국,002842,드라마&영화,드라마,주간연속극,0,0,0,0,0,0,0.04368,0,0,0,0,0,0,0.04255,"은아리영역:장서희,한경혜역:정영숙,은진섭역:박근형,심수정역:한혜숙,은예영역:우희진,이주왕역:김성민,이성수역:김병기,금옥선역:사미자,금실라역:김용림,조수아역:고두심,마마준역:정보석,마마린역:이재은"
20200626,CHING,151500,154110,인어아가씨,,118회,전국,002610,드라마&영화,드라마,주간연속극,0,0,0,0.01275,0,0,0,0,0,0,0.01398,0,0,0.08227,"은아리영역:장서희,한경혜역:정영숙,은진섭역:박근형,심수정역:한혜숙,은예영역:우희진,이주왕역:김성민,이성수역:김병기,금옥선역:사미자,금실라역:김용림,조수아역:고두심,마마준역:정보석,마마린역:이재은"
20200626,CHING,155326,162323,인어아가씨,,119회,전국,002957,드라마&영화,드라마,주간연속극,0,0,0,0,0,0,0.00929,0,0,0,0,0,0,0.0919,"은아리영역:장서희,한경혜역:정영숙,은진섭역:박근형,심수정역:한혜숙,은예영역:우희진,이주왕역:김성민,이성수역:김병기,금옥선역:사미자,금실라역:김용림,조수아역:고두심,마마준역:정보석,마마린역:이재은"
20200626,CHING,162434,165123,인어아가씨,,120회,전국,002649,드라마&영화,드라마,주간연속극,0,0,0.02378,0,0,0.01493,0,0,0,0,0,0,0.01459,0.08227,"은아리영역:장서희,한경혜역:정영숙,은진섭역:박근형,심수정역:한혜숙,은예영역:우희진,이주왕역:김성민,이성수역:김병기,금옥선역:사미자,금실라역:김용림,조수아역:고두심,마마준역:정보석,마마린역:이재은"
20200626,CHING,170544,180927,이산,,31회,전국,010343,드라마&영화,드라마,주간연속극,0,0,0,0.00367,0,0,0,0,0,0,0,0,0,0,"정조이산역:이서진,성송연역:한지민,영조역:이순재,정순왕후역:김여진,화완옹주역:성현아,정후겸역:조연우,박대수역:이종수,효의왕후역:박은혜,혜경궁홍씨역:견미리,사도세자역:이창훈,홍국영역:한상진,최석주역:조경환,채제공역:한인수,정약용역:송창의,장태우역:이재용,민주식역:정호근,박제가역:정재곤,남사초역:맹상훈,박달호역:이희도,김정금상궁역:김소이,강미비상궁역:이숙,원빈홍씨역:지성원,화빈윤씨역:유연지,박영문역:신국,초비역:이도은,이천역:지상렬,탁지수역:유민혁,이산어린시절역:박지빈,성송연어린시절역:이한나,박대수어린시절역:권오민,정후겸어린시절역:이인성"
20200626,CHING,182253,192846,이산,,32회,전국,010553,드라마&영화,드라마,주간연속극,0,0.00949,0,0,0.02176,0.00496,0.10975,0,0.0093,0,0,0.0315,0.02266,0.00543,"정조이산역:이서진,성송연역:한지민,영조역:이순재,정순왕후역:김여진,화완옹주역:성현아,정후겸역:조연우,박대수역:이종수,효의왕후역:박은혜,혜경궁홍씨역:견미리,사도세자역:이창훈,홍국영역:한상진,최석주역:조경환,채제공역:한인수,정약용역:송창의,장태우역:이재용,민주식역:정호근,박제가역:정재곤,남사초역:맹상훈,박달호역:이희도,김정금상궁역:김소이,강미비상궁역:이숙,원빈홍씨역:지성원,화빈윤씨역:유연지,박영문역:신국,초비역:이도은,이천역:지상렬,탁지수역:유민혁,이산어린시절역:박지빈,성송연어린시절역:이한나,박대수어린시절역:권오민,정후겸어린시절역:이인성"
20200626,CHING,231229,234112,인어아가씨,,117회,전국,002843,드라마&영화,드라마,주간연속극,0,0,0,0,0,0,0.02034,0,0,0,0,0,0.01497,0.00871,"은아리영역:장서희,한경혜역:정영숙,은진섭역:박근형,심수정역:한혜숙,은예영역:우희진,이주왕역:김성민,이성수역:김병기,금옥선역:사미자,금실라역:김용림,조수아역:고두심,마마준역:정보석,마마린역:이재은"
20200626,CHING,234223,240834,인어아가씨,,118회,전국,002611,드라마&영화,드라마,주간연속극,0,0,0,0,0,0,0,0,0,0,0,0,0,0.06094,"은아리영역:장서희,한경혜역:정영숙,은진섭역:박근형,심수정역:한혜숙,은예영역:우희진,이주왕역:김성민,이성수역:김병기,금옥선역:사미자,금실라역:김용림,조수아역:고두심,마마준역:정보석,마마린역:이재은"
20200626,CHING,241945,244942,인어아가씨,,119회,전국,002957,드라마&영화,드라마,주간연속극,0,0,0,0,0,0,0.0295,0,0,0,0,0.01569,0,0.0949,"은아리영역:장서희,한경혜역:정영숙,은진섭역:박근형,심수정역:한혜숙,은예영역:우희진,이주왕역:김성민,이성수역:김병기,금옥선역:사미자,금실라역:김용림,조수아역:고두심,마마준역:정보석,마마린역:이재은"
20200626,CHING,245053,251742,인어아가씨,,120회,전국,002649,드라마&영화,드라마,주간연속극,0,0,0,0,0,0,0.00387,0,0,0,0,0.23542,0,0.08227,"은아리영역:장서희,한경혜역:정영숙,은진섭역:박근형,심수정역:한혜숙,은예영역:우희진,이주왕역:김성민,이성수역:김병기,금옥선역:사미자,금실라역:김용림,조수아역:고두심,마마준역:정보석,마마린역:이재은"
20200626,CHING,252749,255959,이산,,31회,전국,003210,드라마&영화,드라마,주간연속극,0,0,0,0,0,0,0,0,0,0,0,0,0,0.00956,"정조이산역:이서진,성송연역:한지민,영조역:이순재,정순왕후역:김여진,화완옹주역:성현아,정후겸역:조연우,박대수역:이종수,효의왕후역:박은혜,혜경궁홍씨역:견미리,사도세자역:이창훈,홍국영역:한상진,최석주역:조경환,채제공역:한인수,정약용역:송창의,장태우역:이재용,민주식역:정호근,박제가역:정재곤,남사초역:맹상훈,박달호역:이희도,김정금상궁역:김소이,강미비상궁역:이숙,원빈홍씨역:지성원,화빈윤씨역:유연지,박영문역:신국,초비역:이도은,이천역:지상렬,탁지수역:유민혁,이산어린시절역:박지빈,성송연어린시절역:이한나,박대수어린시절역:권오민,정후겸어린시절역:이인성"
20200626,CNTV,032614,035658,녹두꽃,,27회,전국,003044,드라마&영화,드라마,미니시리즈,0,0,0,0,0,0.00343,0.0573,0,0,0,0,0,0,0.07,"백이강역:조정석,백이현역:윤시윤,송자인역:한예리,전봉준역:최무성,백가역:박혁권,최덕기역:김상호,황석주역:최원영,채씨역:황영희,백이화역:백은혜,유월이역:서영희,남서방역:정선철,최경선역:민성욱,해승역:안길강,버들이역:노행하,번개역:병헌,동록개역:정규수,김가역:박지환,김개남역:김정호,손화중역:홍우진,송희옥역:이태검,황명심역:박규영,홍가역:조희봉,억쇠역:조현식,철두역:김도연,박원명역:김하균,송봉길역:박지일,김당손역:문원주,김문현역:이순원,김학진역:남문철,홍계훈역:윤서현,이규태역:손우현,이두황역:서종봉,대원군역:전국환,민비역:김지현,고종역:이윤건,조병갑역:장광,이용태역:이정헌,최시형역:전무송,다케다요스케역:이기찬,김홍집역:황만익"
20200626,CNTV,035724,042539,녹두꽃,,28회,전국,002815,드라마&영화,드라마,미니시리즈,0,0,0,0,0,0,0.07105,0,0,0,0,0,0,0.0868,"백이강역:조정석,백이현역:윤시윤,송자인역:한예리,전봉준역:최무성,백가역:박혁권,최덕기역:김상호,황석주역:최원영,채씨역:황영희,백이화역:백은혜,유월이역:서영희,남서방역:정선철,최경선역:민성욱,해승역:안길강,버들이역:노행하,번개역:병헌,동록개역:정규수,김가역:박지환,김개남역:김정호,손화중역:홍우진,송희옥역:이태검,황명심역:박규영,홍가역:조희봉,억쇠역:조현식,철두역:김도연,박원명역:김하균,송봉길역:박지일,김당손역:문원주,김문현역:이순원,김학진역:남문철,홍계훈역:윤서현,이규태역:손우현,이두황역:서종봉,대원군역:전국환,민비역:김지현,고종역:이윤건,조병갑역:장광,이용태역:이정헌,최시형역:전무송,다케다요스케역:이기찬,김홍집역:황만익"
20200626,CNTV,060349,065622,용의눈물,,93회,전국,005233,드라마&영화,드라마,주간연속극,0,0,0,0.00931,0,0.11831,0.01972,0,0,0,0.00149,0.18432,0.05998,0.0157,"유동근,최명길,이민우,안재모,김무생,김혜리"
20200626,CNTV,070630,080210,용의눈물,,94회,전국,005540,드라마&영화,드라마,주간연속극,0,0,0.09491,0,0.03192,0.31601,0.07673,0,0,0,0,0,0.00589,0.16908,"유동근,최명길,이민우,안재모,김무생,김혜리"
20200626,CNTV,092024,102340,자이언트,,49회,전국,010316,드라마&영화,드라마,주간연속극,0,0.09161,0,0.11264,0,0.0842,0.1761,0,0,0,0,0.02819,0.07295,0.1989,"이강모역:이범수,황정연역:박진희,조민우역:주상욱,이성모역:박상민,이미주역:황정음,조필연역:정보석,황태섭역:이덕화,박소태역:이문식,유경옥역:김서형,염재수역:유형관,황정식역:김정현,한명석역:이효정,오병탁역:김학철,이성모어린시절역:김수현,조민우어린시절역:노영학,이미주어린시절역:박하영,황정연어린시절역:남지현,이강모어린시절역:여진구,민홍기역:이기영,백파역:임혁,말죽거리파두목역:최민,홍기표역:손병호,염시덕역:신승환,이복자역:한경선,염경자역:최하나,남영출역:송경철,오남숙역:문희경,주영국역:장순국,문성중역:이승형,양명자역:홍여진,고재춘역:윤용현,유찬성역:황택하,윤기훈역:임종윤,지연수역:유호린,천수연역:한다민,차부철역:김성오"
20200626,CNTV,104031,114417,바람과구름과비,,10회,전국,010346,드라마&영화,드라마,미니시리즈,0.00725,0.06867,0,0,0.14777,0.01412,0.19002,0,0.06531,0.03138,0,0.14963,0.00663,0.26309,"최천중역:박시후,봉련역:고성희,흥선대원군이하응역:전광렬,채인규역:성혁,김병운역:김승수,김좌근역:차광수,나합역:윤아정,김병학역:한재영,조대비역:김보연,철종역:정욱,이하전역:이루,명성황후민자영역:박정연,고종이재황역:박상훈,용팔룡역:조복래,주모역:김주령,적도사진상역:한동규,팽구철역:노형욱,만석역:박노식,연치성역:임현수,반달역:왕빛나,임종사관역:허태희,최천중어린시절역:강태우,봉련어린시절역:홍승희,채인규어린시절역:최정우,상복역:허성태,민승호역:이해우,저자이병주,출판그림같은세상2020.08.28.,e북무료판매처 1건"
20200626,CNTV,120039,130327,바람과구름과비,,11회,전국,010248,드라마&영화,드라마,미니시리즈,0,0.66602,0,0,0.53064,0.09214,0.34628,0.32327,0.49847,0,0.11873,0.48562,0.02615,0.24805,"최천중역:박시후,봉련역:고성희,흥선대원군이하응역:전광렬,채인규역:성혁,김병운역:김승수,김좌근역:차광수,나합역:윤아정,김병학역:한재영,조대비역:김보연,철종역:정욱,이하전역:이루,명성황후민자영역:박정연,고종이재황역:박상훈,용팔룡역:조복래,주모역:김주령,적도사진상역:한동규,팽구철역:노형욱,만석역:박노식,연치성역:임현수,반달역:왕빛나,임종사관역:허태희,최천중어린시절역:강태우,봉련어린시절역:홍승희,채인규어린시절역:최정우,상복역:허성태,민승호역:이해우,저자이병주,출판그림같은세상2020.08.28.,e북무료판매처 1건"
20200626,CNTV,131746,141100,용의눈물,,93회,전국,005314,드라마&영화,드라마,주간연속극,0,0.73912,0.0044,0,0.26396,0.04548,0.33718,0.52743,0.38372,0.07712,0.19372,0.06961,0.15295,0.24257,"유동근,최명길,이민우,안재모,김무생,김혜리"
20200626,CNTV,142648,152258,용의눈물,,94회,전국,005610,드라마&영화,드라마,주간연속극,0,0,0.25113,0.01238,0.00422,0.17781,0.56114,0,0.03425,0.04537,0,0.07784,0.11359,0.39308,"유동근,최명길,이민우,안재모,김무생,김혜리"
20200626,CNTV,154405,164736,자이언트,,49회,전국,010331,드라마&영화,드라마,주간연속극,0,0,0.06727,0.03612,0.05544,0.12165,0.19561,0,0,0,0.03885,0.23904,0.06385,0.06839,"이강모역:이범수,황정연역:박진희,조민우역:주상욱,이성모역:박상민,이미주역:황정음,조필연역:정보석,황태섭역:이덕화,박소태역:이문식,유경옥역:김서형,염재수역:유형관,황정식역:김정현,한명석역:이효정,오병탁역:김학철,이성모어린시절역:김수현,조민우어린시절역:노영학,이미주어린시절역:박하영,황정연어린시절역:남지현,이강모어린시절역:여진구,민홍기역:이기영,백파역:임혁,말죽거리파두목역:최민,홍기표역:손병호,염시덕역:신승환,이복자역:한경선,염경자역:최하나,남영출역:송경철,오남숙역:문희경,주영국역:장순국,문성중역:이승형,양명자역:홍여진,고재춘역:윤용현,유찬성역:황택하,윤기훈역:임종윤,지연수역:유호린,천수연역:한다민,차부철역:김성오"
20200626,CNTV,170447,180834,바람과구름과비,,10회,전국,010347,드라마&영화,드라마,미니시리즈,0,0.02715,0.06718,0.00754,0.02945,0.15691,0.11896,0,0.1528,0,0.02471,0.08588,0.03269,0.14113,"최천중역:박시후,봉련역:고성희,흥선대원군이하응역:전광렬,채인규역:성혁,김병운역:김승수,김좌근역:차광수,나합역:윤아정,김병학역:한재영,조대비역:김보연,철종역:정욱,이하전역:이루,명성황후민자영역:박정연,고종이재황역:박상훈,용팔룡역:조복래,주모역:김주령,적도사진상역:한동규,팽구철역:노형욱,만석역:박노식,연치성역:임현수,반달역:왕빛나,임종사관역:허태희,최천중어린시절역:강태우,봉련어린시절역:홍승희,채인규어린시절역:최정우,상복역:허성태,민승호역:이해우,저자이병주,출판그림같은세상2020.08.28.,e북무료판매처 1건"
20200626,CNTV,182509,192811,바람과구름과비,,11회,전국,010302,드라마&영화,드라마,미니시리즈,0,0.12983,0.32573,0.00559,0,0.2613,0.27941,0,0.308,0.02619,0.07244,0.13754,0.33994,0.30419,"최천중역:박시후,봉련역:고성희,흥선대원군이하응역:전광렬,채인규역:성혁,김병운역:김승수,김좌근역:차광수,나합역:윤아정,김병학역:한재영,조대비역:김보연,철종역:정욱,이하전역:이루,명성황후민자영역:박정연,고종이재황역:박상훈,용팔룡역:조복래,주모역:김주령,적도사진상역:한동규,팽구철역:노형욱,만석역:박노식,연치성역:임현수,반달역:왕빛나,임종사관역:허태희,최천중어린시절역:강태우,봉련어린시절역:홍승희,채인규어린시절역:최정우,상복역:허성태,민승호역:이해우,저자이병주,출판그림같은세상2020.08.28.,e북무료판매처 1건"
20200626,CNTV,194325,203624,용의눈물,,93회,전국,005259,드라마&영화,드라마,주간연속극,0.01277,0.00832,0.00471,0.00238,0.04057,0.01162,0.11777,0.04047,0,0,0.00293,0.03039,0.02221,0.2363,"유동근,최명길,이민우,안재모,김무생,김혜리"
20200626,CNTV,205043,214653,용의눈물,,94회,전국,005610,드라마&영화,드라마,주간연속극,0.00924,0,0,0.00189,0,0.02371,0.23057,0,0,0.00777,0.00354,0.01043,0.13887,0.33092,"유동근,최명길,이민우,안재모,김무생,김혜리"
20200626,CNTV,215920,230250,자이언트,,49회,전국,010330,드라마&영화,드라마,주간연속극,0,0,0.01068,0.00437,0,0.16042,0.20529,0,0,0.05965,0.09198,0.12074,0.09476,0.11682,"이강모역:이범수,황정연역:박진희,조민우역:주상욱,이성모역:박상민,이미주역:황정음,조필연역:정보석,황태섭역:이덕화,박소태역:이문식,유경옥역:김서형,염재수역:유형관,황정식역:김정현,한명석역:이효정,오병탁역:김학철,이성모어린시절역:김수현,조민우어린시절역:노영학,이미주어린시절역:박하영,황정연어린시절역:남지현,이강모어린시절역:여진구,민홍기역:이기영,백파역:임혁,말죽거리파두목역:최민,홍기표역:손병호,염시덕역:신승환,이복자역:한경선,염경자역:최하나,남영출역:송경철,오남숙역:문희경,주영국역:장순국,문성중역:이승형,양명자역:홍여진,고재춘역:윤용현,유찬성역:황택하,윤기훈역:임종윤,지연수역:유호린,천수연역:한다민,차부철역:김성오"
20200626,CNTV,231641,242028,바람과구름과비,,10회,전국,010347,드라마&영화,드라마,미니시리즈,0,0.00429,0,0.12833,0.0039,0.34794,0.07001,0,0,0,0.1102,0.03126,0.13068,0.15706,"최천중역:박시후,봉련역:고성희,흥선대원군이하응역:전광렬,채인규역:성혁,김병운역:김승수,김좌근역:차광수,나합역:윤아정,김병학역:한재영,조대비역:김보연,철종역:정욱,이하전역:이루,명성황후민자영역:박정연,고종이재황역:박상훈,용팔룡역:조복래,주모역:김주령,적도사진상역:한동규,팽구철역:노형욱,만석역:박노식,연치성역:임현수,반달역:왕빛나,임종사관역:허태희,최천중어린시절역:강태우,봉련어린시절역:홍승희,채인규어린시절역:최정우,상복역:허성태,민승호역:이해우,저자이병주,출판그림같은세상2020.08.28.,e북무료판매처 1건"
20200626,CNTV,243044,253333,바람과구름과비,,11회,전국,010249,드라마&영화,드라마,미니시리즈,0,0.09442,0.06136,0,0.00568,0.1098,0.15788,0,0,0.01904,0.12037,0.01525,0.09094,0.06481,"최천중역:박시후,봉련역:고성희,흥선대원군이하응역:전광렬,채인규역:성혁,김병운역:김승수,김좌근역:차광수,나합역:윤아정,김병학역:한재영,조대비역:김보연,철종역:정욱,이하전역:이루,명성황후민자영역:박정연,고종이재황역:박상훈,용팔룡역:조복래,주모역:김주령,적도사진상역:한동규,팽구철역:노형욱,만석역:박노식,연치성역:임현수,반달역:왕빛나,임종사관역:허태희,최천중어린시절역:강태우,봉련어린시절역:홍승희,채인규어린시절역:최정우,상복역:허성태,민승호역:이해우,저자이병주,출판그림같은세상2020.08.28.,e북무료판매처 1건"
20200626,DRAMAcube,060326,063222,아이템,,11회,전국,002856,드라마&영화,드라마,미니시리즈,0,0,0,0,0.01051,0,0.00402,0.02867,0.01765,0,0,0.00997,0,0,"강곤역:주지훈,신소영역:진세연,조세황역:김강우,한유나역:김유리,구동영역:박원상,신구철역:이대연,방학재역:김민교,하승목역:황동주,서요한역:오승훈,이한길역:최진호,최호준역:김도현,유철조역:정인겸,김대흥역:최권,정진만역:임영식,강다인역:신린아"
20200626,DRAMAcube,063231,070334,아이템,,12회,전국,003103,드라마&영화,드라마,미니시리즈,0,0.21345,0,0.06582,0.1013,0,0.03178,0,0,0,0,0.10279,0.0355,0.07891,"강곤역:주지훈,신소영역:진세연,조세황역:김강우,한유나역:김유리,구동영역:박원상,신구철역:이대연,방학재역:김민교,하승목역:황동주,서요한역:오승훈,이한길역:최진호,최호준역:김도현,유철조역:정인겸,김대흥역:최권,정진만역:임영식,강다인역:신린아"
20200626,DRAMAcube,070945,081338,배가본드,,15회,전국,010353,드라마&영화,드라마,미니시리즈,0,0,0,0,0.05574,0.0026,0.04533,0,0,0.06151,0,0.06965,0.10125,0.02023,"차달건역:이승기,고해리역:배수지,기태웅역:신성록,제시카리역:문정희,정국표역:백윤식,홍순조역:문성근,에드워드박역:이경영,강주철역:이기영,윤한기역:김민종,민재식역:정만식,공화숙역:황보라,박만영역:최광일,안기동역:김종수,김세훈역:신승환,한기수역:김민서,미키역:류원,홍승범역:김정현,릴리역:박아인,박광덕역:고규필,제롬역:유태오,김우기역:장혁진,오상미역:강경헌,김도수역:최대철"
20200626,DRAMAcube,114845,125051,편의점샛별이,,2회,전국,010206,드라마&영화,드라마,미니시리즈,0,0,0,0,0.01307,0,0.0066,0,0,0.01884,0.17041,0.00208,0.21041,0.03075,"최대현역:지창욱,정샛별역:김유정,유연주역:한선화,조승준역:도상우,정은별역:솔빈,공분희역:김선영,최용필역:이병준,한달식역:음문석,권의추역:우현,차기복역:이윤희,고광태역:배기범,김혜자역:견미리,최대순역:김지현,황금비역:서예화,차은조역:윤수,배부장역:허재호,강성태역:지찬,김정하역:신윤정,오현지역:한류은,강지욱역:김민규,유명기역:길용우"
20200626,DRAMAcube,180648,191105,편의점샛별이,,1회,전국,010417,드라마&영화,드라마,미니시리즈,0,0.08371,0.01879,0,0.18142,0.02657,0.0928,0,0.07335,0.01247,0,0.07542,0.02027,0.05838,"최대현역:지창욱,정샛별역:김유정,유연주역:한선화,조승준역:도상우,정은별역:솔빈,공분희역:김선영,최용필역:이병준,한달식역:음문석,권의추역:우현,차기복역:이윤희,고광태역:배기범,김혜자역:견미리,최대순역:김지현,황금비역:서예화,차은조역:윤수,배부장역:허재호,강성태역:지찬,김정하역:신윤정,오현지역:한류은,강지욱역:김민규,유명기역:길용우"
20200626,DRAMAcube,192741,202945,편의점샛별이,,2회,전국,010204,드라마&영화,드라마,미니시리즈,0,0.07474,0,0.00373,0.11003,0.14283,0.26841,0,0.06549,0.0139,0.05572,0.04126,0.09863,0.17001,"최대현역:지창욱,정샛별역:김유정,유연주역:한선화,조승준역:도상우,정은별역:솔빈,공분희역:김선영,최용필역:이병준,한달식역:음문석,권의추역:우현,차기복역:이윤희,고광태역:배기범,김혜자역:견미리,최대순역:김지현,황금비역:서예화,차은조역:윤수,배부장역:허재호,강성태역:지찬,김정하역:신윤정,오현지역:한류은,강지욱역:김민규,유명기역:길용우"
20200626,DRAMAcube,230219,240717,낭만닥터김사부2,,9회,전국,010458,드라마&영화,드라마,미니시리즈,0,0,0.00786,0.01046,0.09504,0.0748,0.11058,0,0.18563,0,0.00239,0.11844,0.03622,0.12531,"김사부역:한석규,서우진역:안효섭,차은재역:이성경,박민국역:김주헌,배문정역:신동욱,윤아름역:소주연,정인수역:윤나무,여운영역:김홍파,오명심역:진경,장기태역:임원희,남도일역:변우민,박은탁역:김민재,양호준역:고상호,심혜진역:박효주,허영규역:배명진,도윤완역:최진호,엄현정역:정지안,주영미역:윤보라,주지배인역:서영"
20200626,DRAMAcube,242124,252730,낭만닥터김사부2,,10회,전국,010606,드라마&영화,드라마,미니시리즈,0,0.31699,0.00619,0.00102,0.44845,0.07487,0.10585,0,0.18486,0.0098,0.51955,0.36441,0.0878,0.11052,"김사부역:한석규,서우진역:안효섭,차은재역:이성경,박민국역:김주헌,배문정역:신동욱,윤아름역:소주연,정인수역:윤나무,여운영역:김홍파,오명심역:진경,장기태역:임원희,남도일역:변우민,박은탁역:김민재,양호준역:고상호,심혜진역:박효주,허영규역:배명진,도윤완역:최진호,엄현정역:정지안,주영미역:윤보라,주지배인역:서영"
20200626,DramaH,020000,025426,바람과구름과비,,11회,전국,005426,드라마&영화,드라마,미니시리즈,0,0.46952,0,0,0.16555,0.05541,0.07354,0,0.03058,0,0.00989,0.26732,0.0046,0.0973,"최천중역:박시후,봉련역:고성희,흥선대원군이하응역:전광렬,채인규역:성혁,김병운역:김승수,김좌근역:차광수,나합역:윤아정,김병학역:한재영,조대비역:김보연,철종역:정욱,이하전역:이루,명성황후민자영역:박정연,고종이재황역:박상훈,용팔룡역:조복래,주모역:김주령,적도사진상역:한동규,팽구철역:노형욱,만석역:박노식,연치성역:임현수,반달역:왕빛나,임종사관역:허태희,최천중어린시절역:강태우,봉련어린시절역:홍승희,채인규어린시절역:최정우,상복역:허성태,민승호역:이해우,저자이병주,출판그림같은세상2020.08.28.,e북무료판매처 1건"
20200626,DramaH,100437,110754,영혼수선공,,15회,전국,010317,드라마&영화,드라마,미니시리즈,0,0.02346,0,0,0.00698,0.15924,0.01718,0.01674,0.0106,0.01029,0.00615,0,0.00612,0.0192,"이시준역:신하균,한우주역:정소민,인동혁역:태인호,지영원역:박예진,공지선역:주민경,조인혜역:조경숙,오기태역:박수영,박대하역:정해균,이택경역:최정우,노우정역:안동구,강누리역:하영,임세찬역:장유상,공지희역:박한솔,장유미역:김가란,김영석역:김강민,송민수역:류시원"
20200626,DramaH,112847,123216,영혼수선공,,16회,전국,010329,드라마&영화,드라마,미니시리즈,0,0.00687,0,0.00734,0.00465,0.59734,0.03279,0,0,0.02574,0.00802,0.00549,0.01531,0.052,"이시준역:신하균,한우주역:정소민,인동혁역:태인호,지영원역:박예진,공지선역:주민경,조인혜역:조경숙,오기태역:박수영,박대하역:정해균,이택경역:최정우,노우정역:안동구,강누리역:하영,임세찬역:장유상,공지희역:박한솔,장유미역:김가란,김영석역:김강민,송민수역:류시원"
20200626,DramaH,144014,154412,바람과구름과비,,10회,전국,010358,드라마&영화,드라마,미니시리즈,0.01121,0,0.00665,0.01719,0.00405,0.00613,0.027,0.01196,0.00459,0.00694,0.19772,0.00959,0.22953,0.10361,"최천중역:박시후,봉련역:고성희,흥선대원군이하응역:전광렬,채인규역:성혁,김병운역:김승수,김좌근역:차광수,나합역:윤아정,김병학역:한재영,조대비역:김보연,철종역:정욱,이하전역:이루,명성황후민자영역:박정연,고종이재황역:박상훈,용팔룡역:조복래,주모역:김주령,적도사진상역:한동규,팽구철역:노형욱,만석역:박노식,연치성역:임현수,반달역:왕빛나,임종사관역:허태희,최천중어린시절역:강태우,봉련어린시절역:홍승희,채인규어린시절역:최정우,상복역:허성태,민승호역:이해우,저자이병주,출판그림같은세상2020.08.28.,e북무료판매처 1건"
20200626,DramaH,160012,170354,바람과구름과비,,11회,전국,010342,드라마&영화,드라마,미니시리즈,0,0.00856,0,0.03438,0.05494,0,0.07144,0,0,0,0.17218,0.08507,0.22331,0.35867,"최천중역:박시후,봉련역:고성희,흥선대원군이하응역:전광렬,채인규역:성혁,김병운역:김승수,김좌근역:차광수,나합역:윤아정,김병학역:한재영,조대비역:김보연,철종역:정욱,이하전역:이루,명성황후민자영역:박정연,고종이재황역:박상훈,용팔룡역:조복래,주모역:김주령,적도사진상역:한동규,팽구철역:노형욱,만석역:박노식,연치성역:임현수,반달역:왕빛나,임종사관역:허태희,최천중어린시절역:강태우,봉련어린시절역:홍승희,채인규어린시절역:최정우,상복역:허성태,민승호역:이해우,저자이병주,출판그림같은세상2020.08.28.,e북무료판매처 1건"
20200626,DramaH,221542,231930,번외수사,,7회,전국,010348,드라마&영화,드라마,미니시리즈,0.03362,0,0,0.01508,0,0.00238,0.02774,0,0,0.01324,0.00975,0,0.03196,0,"진강호역:차태현,강무영역:이선빈,이반석역:정상훈,테디정역:윤경호,탁원역:지승현,민대진역:박정우,맨손역:박태산,연장역:장진희,지수철역:이영석,노순이역:민경옥"
20200626,DramaH,234040,244641,번외수사,,8회,전국,010601,드라마&영화,드라마,미니시리즈,0,0.01,0.00493,0,0.00745,0.0612,0,0,0.01251,0,0,0.01042,0.17306,0.01047,"진강호역:차태현,강무영역:이선빈,이반석역:정상훈,테디정역:윤경호,탁원역:지승현,민대진역:박정우,맨손역:박태산,연장역:장진희,지수철역:이영석,노순이역:민경옥"
20200626,Dramax,055856,062955,당신의하우스헬퍼,,9회,전국,003059,드라마&영화,드라마,미니시리즈,0,0,0,0,0,0,0.01577,0,0,0,0,0.02489,0,0.01355,"김지운역:하석진,임다영역:보나,권진국역:이지훈,윤상아역:고원희,한소미역:서은아,강혜주역:전수진,고태수역:조희봉,박가람역:연준석,장용건역:윤주상,조팀장역:정석용,안진홍역:이민영,오윤기역:임지규,서호기역:김민석,백장미역:송상은,최나리역:이노아,방철수역:이도겸,이소희역:심이영"
20200626,Dramax,063106,070015,당신의하우스헬퍼,,10회,전국,002909,드라마&영화,드라마,미니시리즈,0,0,0,0,0,0,0.00061,0,0,0,0,0,0,0.0009,"김지운역:하석진,임다영역:보나,권진국역:이지훈,윤상아역:고원희,한소미역:서은아,강혜주역:전수진,고태수역:조희봉,박가람역:연준석,장용건역:윤주상,조팀장역:정석용,안진홍역:이민영,오윤기역:임지규,서호기역:김민석,백장미역:송상은,최나리역:이노아,방철수역:이도겸,이소희역:심이영"
20200626,Dramax,103832,114357,낭만닥터김사부2,,7회,전국,010525,드라마&영화,드라마,미니시리즈,0,0.00722,0.03042,0.01067,0.18766,0.01052,0.16945,0,0,0.04034,0,0.12644,0.24616,0.14132,"김사부역:한석규,서우진역:안효섭,차은재역:이성경,박민국역:김주헌,배문정역:신동욱,윤아름역:소주연,정인수역:윤나무,여운영역:김홍파,오명심역:진경,장기태역:임원희,남도일역:변우민,박은탁역:김민재,양호준역:고상호,심혜진역:박효주,허영규역:배명진,도윤완역:최진호,엄현정역:정지안,주영미역:윤보라,주지배인역:서영"
20200626,Dramax,115603,131124,낭만닥터김사부2,,8회,전국,011521,드라마&영화,드라마,미니시리즈,0.0728,0,0,0,0.19272,0.02451,0.41168,0,0.03857,0.01149,0.00052,0.1493,0.15653,0.18303,"김사부역:한석규,서우진역:안효섭,차은재역:이성경,박민국역:김주헌,배문정역:신동욱,윤아름역:소주연,정인수역:윤나무,여운영역:김홍파,오명심역:진경,장기태역:임원희,남도일역:변우민,박은탁역:김민재,양호준역:고상호,심혜진역:박효주,허영규역:배명진,도윤완역:최진호,엄현정역:정지안,주영미역:윤보라,주지배인역:서영"
20200626,E채널,042532,053226,야식남녀,,10회,전국,010654,드라마&영화,드라마,미니시리즈,0.03538,0,0,0.02632,0.02076,0.01482,0.02698,0.02128,0.0093,0.0264,0.02797,0.18043,0.02453,0.02646,"박진성역:정일우,김아진역:강지영,강태완역:이학주,이상영역:김승수,차주희역:김수진,남규장역:양대혁,유성은역:공민정,노재수역:박성준,박진우역:최재현"
20200626,E채널,072041,082118,닥터스,,9회,전국,010037,드라마&영화,드라마,주간연속극,0.00993,0,0.0045,0.00385,0.0413,0.03562,0.07441,0.01063,0,0.00587,0.0151,0.01569,0.0281,0.0186,"홍지홍역:김래원,유혜정역:박신혜,정윤도역:윤균상,진서우역:이성경,강말순역:김영애,유민호역:정해균,이가진역:박지아,유유나역:한보배,김수철역:지수,천순희역:문지인,홍두식역:이호재,조인주역:유다인,진성종역:전국환,진명훈역:엄효섭,윤지영역:윤해영,김태호역:장현성,강경준역:김강현,피영국역:백성현,안중대역:조현식,최강수역:김민석,백호민역:정진,정파란역:이선호,황보태양역:최성재,현수진간호사역:표예진,유별간호사역:지이수,조직보스역:이기우,오영미역:정경순,이수정역:임지연,조수지역:한혜진,안성수역:조달환,남바람역:남궁민,예비신랑역:이상엽"
20200626,E채널,083455,093550,닥터스,,10회,전국,010055,드라마&영화,드라마,주간연속극,0,0,0.08464,0.01538,0,0.01471,0.15671,0,0.00289,0.01063,0.00713,0.02821,0.00632,0.01398,"홍지홍역:김래원,유혜정역:박신혜,정윤도역:윤균상,진서우역:이성경,강말순역:김영애,유민호역:정해균,이가진역:박지아,유유나역:한보배,김수철역:지수,천순희역:문지인,홍두식역:이호재,조인주역:유다인,진성종역:전국환,진명훈역:엄효섭,윤지영역:윤해영,김태호역:장현성,강경준역:김강현,피영국역:백성현,안중대역:조현식,최강수역:김민석,백호민역:정진,정파란역:이선호,황보태양역:최성재,현수진간호사역:표예진,유별간호사역:지이수,조직보스역:이기우,오영미역:정경순,이수정역:임지연,조수지역:한혜진,안성수역:조달환,남바람역:남궁민,예비신랑역:이상엽"
20200626,FOX채널,172331,183106,뷰티인사이드,,9회,전국,010735,드라마&영화,드라마,미니시리즈,0,0.0389,0,0,0.03224,0,0.03391,0,0.03409,0,0.01392,0.02946,0,0.01168,"한세계역:서현진,서도재역:이민기,강사라역:이다희,류은호역:안재현,정주환역:이태리,유우미역:문지인,임정연역:나영희,임회장역:이문수,강대식역:강남길,한숙희역:김희정,채유리역:류화영,이희섭역:김승욱,은호부역:이한위,은호모역:김예령,김이사역:이철민"
20200626,FOX채널,242739,253514,뷰티인사이드,,9회,전국,010735,드라마&영화,드라마,미니시리즈,0,0,0.0037,0,0,0.20685,0,0,0,0.00382,0,0.00483,0.00206,0.00607,"한세계역:서현진,서도재역:이민기,강사라역:이다희,류은호역:안재현,정주환역:이태리,유우미역:문지인,임정연역:나영희,임회장역:이문수,강대식역:강남길,한숙희역:김희정,채유리역:류화영,이희섭역:김승욱,은호부역:이한위,은호모역:김예령,김이사역:이철민"
20200626,FX,084359,092918,허준,,47회,전국,004519,드라마&영화,드라마,주간연속극,0,0,0,0,0,0,0.01437,0,0,0,0,0,0,0.01513,"허준역:전광렬,유의태역:이순재,유도지역:김병세,예진역:황수정,임오근역:임현식,구일서역:이희도"
20200626,FX,094521,103757,허준,,48회,전국,005236,드라마&영화,드라마,주간연속극,0,0,0,0,0,0.00709,0.06914,0,0,0,0.0288,0.00327,0.00252,0.0712,"허준역:전광렬,유의태역:이순재,유도지역:김병세,예진역:황수정,임오근역:임현식,구일서역:이희도"
20200626,JTBC2,020000,024237,쌍갑포차,,12회,전국,004237,드라마&영화,드라마,미니시리즈,0,0,0.12467,0.01772,0.14017,0.09333,0.14443,0,0.18242,0,0.01939,0.26383,0.04833,0.00592,"월주역:황정음,한강배역:육성재,귀반장역:최원영,염부장역:이준혁,강여린역:정다은,최진동역:안태환,송미란역:박하나,박대리역:박주형,김원형역:나인우"
20200626,JTBC2,065238,075720,쌍갑포차,,11회,전국,010442,드라마&영화,드라마,미니시리즈,0,0,0.00856,0.04336,0.11693,0.07122,0.07006,0,0,0,0,0.21601,0.28121,0.04305,"월주역:황정음,한강배역:육성재,귀반장역:최원영,염부장역:이준혁,강여린역:정다은,최진동역:안태환,송미란역:박하나,박대리역:박주형,김원형역:나인우"
20200626,JTBC2,081214,091726,쌍갑포차,,12회,전국,010512,드라마&영화,드라마,미니시리즈,0,0,0,0.16578,0.12888,0.28984,0.10795,0,0.01356,0,0.02869,0.47085,0.54169,0.18276,"월주역:황정음,한강배역:육성재,귀반장역:최원영,염부장역:이준혁,강여린역:정다은,최진동역:안태환,송미란역:박하나,박대리역:박주형,김원형역:나인우"
20200626,JTBC2,162104,172549,쌍갑포차,,11회,전국,010445,드라마&영화,드라마,미니시리즈,0,0,0.08563,0.00327,0.14594,0.08565,0.27179,0,0.06271,0.00692,0.30388,0.3895,0.27818,0.07292,"월주역:황정음,한강배역:육성재,귀반장역:최원영,염부장역:이준혁,강여린역:정다은,최진동역:안태환,송미란역:박하나,박대리역:박주형,김원형역:나인우"
20200626,JTBC2,174145,184701,쌍갑포차,,12회,전국,010516,드라마&영화,드라마,미니시리즈,0,0.07616,0.19014,0.01967,0.32064,0.23623,0.29917,0.48898,0,0.17563,0.49456,0.59889,0.71616,0.11612,"월주역:황정음,한강배역:육성재,귀반장역:최원영,염부장역:이준혁,강여린역:정다은,최진동역:안태환,송미란역:박하나,박대리역:박주형,김원형역:나인우"
20200626,JTBC2,230938,241423,쌍갑포차,,11회,전국,010445,드라마&영화,드라마,미니시리즈,0.85209,0.02063,0.00756,0.07691,0.08128,0.22688,0.00146,0,0.21664,0.1814,0.08949,0.52325,0.1598,0.06899,"월주역:황정음,한강배역:육성재,귀반장역:최원영,염부장역:이준혁,강여린역:정다은,최진동역:안태환,송미란역:박하나,박대리역:박주형,김원형역:나인우"
20200626,JTBC2,242400,253230,쌍갑포차,,12회,전국,010830,드라마&영화,드라마,미니시리즈,0.80231,0.25651,0.13649,0.12555,0.23296,0.53376,0.1988,0.17491,0.76847,0.21499,0.21289,0.81627,0.38855,0.27975,"월주역:황정음,한강배역:육성재,귀반장역:최원영,염부장역:이준혁,강여린역:정다은,최진동역:안태환,송미란역:박하나,박대리역:박주형,김원형역:나인우"
20200626,KBS DRAMA,044942,051724,기막힌유산,,47회,전국,002742,드라마&영화,드라마,일일연속극,0,0,0.13275,0,0,0.11646,0.62427,0,0,0,0.24233,0,0.62719,0.05978,"부영배역:박인환,공계옥역:강세정,부설악역:신정윤,부백두역:강신조,윤민주역:이아현,부금강역:남성진,신애리역:김가연,정미희역:박순천,김용미역:이응경,부한라역:박신우,성판금역:조양자,부가온역:김비주,부태희역:김연지,부혜교역:김효경,부지현역:강유라,공소영역:김난주,이장원역:이일준,김수민역:조서후,김종두역:이춘식,차정건역:조순창,이청아역:정서하,손보미역:박민지,김영지역:주민하,강선희역:박현정,천호식역:백신,이정태역:노상보,고향숙역:박소정"
20200626,KBS DRAMA,051731,054519,기막힌유산,,48회,전국,002748,드라마&영화,드라마,일일연속극,0,0.19498,0,0,0.02909,0.05043,0.82152,0,0,0,0.29741,0.05986,0.5515,0.27249,"부영배역:박인환,공계옥역:강세정,부설악역:신정윤,부백두역:강신조,윤민주역:이아현,부금강역:남성진,신애리역:김가연,정미희역:박순천,김용미역:이응경,부한라역:박신우,성판금역:조양자,부가온역:김비주,부태희역:김연지,부혜교역:김효경,부지현역:강유라,공소영역:김난주,이장원역:이일준,김수민역:조서후,김종두역:이춘식,차정건역:조순창,이청아역:정서하,손보미역:박민지,김영지역:주민하,강선희역:박현정,천호식역:백신,이정태역:노상보,고향숙역:박소정"
20200626,KBS DRAMA,054905,062309,위험한약속,,56회,전국,003404,드라마&영화,드라마,일일연속극,0,0.41668,0,0.12547,0.02896,0.00321,0.76131,0,0,0,0.29741,0.16741,0.60681,0.3025,"차은동역:박하나,강태인역:고세원,최준혁역:강성민,오혜원역:박영린,한지훈역:이창욱,차만종역:이대연,차은찬역:유준서,공영심역:유지연,봉석구역:현우섭,강일섭역:강신일,연두심역:이칸희,한광훈역:길용우,한서주역:김혜지,최명희역:김나운,고재숙역:윤복인,최영국역:송민형,민주란역:오영실,최준경역:이효나,이창욱역:김정운"
20200626,KBS DRAMA,062316,065716,위험한약속,,57회,전국,003400,드라마&영화,드라마,일일연속극,0,0.41668,0,0.17021,0.00322,0,0.7344,0,0,0.00455,0.29741,0.26296,0.60218,0.55921,"차은동역:박하나,강태인역:고세원,최준혁역:강성민,오혜원역:박영린,한지훈역:이창욱,차만종역:이대연,차은찬역:유준서,공영심역:유지연,봉석구역:현우섭,강일섭역:강신일,연두심역:이칸희,한광훈역:길용우,한서주역:김혜지,최명희역:김나운,고재숙역:윤복인,최영국역:송민형,민주란역:오영실,최준경역:이효나,이창욱역:김정운"
20200626,KBS DRAMA,070803,074213,위험한약속,,58회,전국,003410,드라마&영화,드라마,일일연속극,0,0.41668,0.07556,0.16949,0,0.20085,0.7316,0,0,0.16507,0.05936,0.31116,0.71919,0.85806,"차은동역:박하나,강태인역:고세원,최준혁역:강성민,오혜원역:박영린,한지훈역:이창욱,차만종역:이대연,차은찬역:유준서,공영심역:유지연,봉석구역:현우섭,강일섭역:강신일,연두심역:이칸희,한광훈역:길용우,한서주역:김혜지,최명희역:김나운,고재숙역:윤복인,최영국역:송민형,민주란역:오영실,최준경역:이효나,이창욱역:김정운"
20200626,KBS DRAMA,074220,081620,위험한약속,,59회,전국,003400,드라마&영화,드라마,일일연속극,0,0.51847,0.74632,0.17461,0.12169,0.54006,1.21137,0,0,0.28987,0.08737,0.51087,1.51181,1.56175,"차은동역:박하나,강태인역:고세원,최준혁역:강성민,오혜원역:박영린,한지훈역:이창욱,차만종역:이대연,차은찬역:유준서,공영심역:유지연,봉석구역:현우섭,강일섭역:강신일,연두심역:이칸희,한광훈역:길용우,한서주역:김혜지,최명희역:김나운,고재숙역:윤복인,최영국역:송민형,민주란역:오영실,최준경역:이효나,이창욱역:김정운"
20200626,KBS DRAMA,081627,085030,위험한약속,,60회,전국,003403,드라마&영화,드라마,일일연속극,0,0.63964,0.96534,0.158,0.39841,0.66689,1.55338,0,0.08332,0.28987,0.15862,0.67599,1.36754,1.50542,"차은동역:박하나,강태인역:고세원,최준혁역:강성민,오혜원역:박영린,한지훈역:이창욱,차만종역:이대연,차은찬역:유준서,공영심역:유지연,봉석구역:현우섭,강일섭역:강신일,연두심역:이칸희,한광훈역:길용우,한서주역:김혜지,최명희역:김나운,고재숙역:윤복인,최영국역:송민형,민주란역:오영실,최준경역:이효나,이창욱역:김정운"
20200626,KBS DRAMA,090426,094132,한번다녀왔습니다,,49회,전국,003706,드라마&영화,드라마,주말연속극,0.06724,0,0.15585,0,0.18561,0.5862,0.37355,0,0.0126,0.18026,0.16835,0.40131,0.73009,0.43015,"송영달역:천호진,장옥분역:차화연,최윤정역:김보연,강초연역:이정은,송나희역:이민정,윤규진역:이상엽,송준선역:오대환,송가희역:오윤아,송다희역:이초희,양치수역:안길강,장옥자역:백지원,성현경역:임정은,윤재석역:이상이,박효신역:기도훈,김지훈역:문우진,이주리역:김소라,김가연역:송다은,건어물역:신미영,꽈배기역:김가영,송서영역:이가연,송서진역:안서연,이정록역:알렉스,유보영역:손성윤,유시후역:송민재,박지연역:신수정,한기영역:강유석,홍성우역:김현목,신혜정역:김미은,심정희역:이상경,오연지역:한봄,오정봉역:오의식,이종수역:장원혁,김승현역:배호근,송이역:김주영,지원역:찬희,이현역:이필모"
20200626,KBS DRAMA,094244,101354,한번다녀왔습니다,,50회,전국,003110,드라마&영화,드라마,주말연속극,0.38065,0,0.00453,0.31208,0.1491,0.62971,0.42852,0,0.05986,0.27784,0.54917,0.33972,0.53171,0.41474,"송영달역:천호진,장옥분역:차화연,최윤정역:김보연,강초연역:이정은,송나희역:이민정,윤규진역:이상엽,송준선역:오대환,송가희역:오윤아,송다희역:이초희,양치수역:안길강,장옥자역:백지원,성현경역:임정은,윤재석역:이상이,박효신역:기도훈,김지훈역:문우진,이주리역:김소라,김가연역:송다은,건어물역:신미영,꽈배기역:김가영,송서영역:이가연,송서진역:안서연,이정록역:알렉스,유보영역:손성윤,유시후역:송민재,박지연역:신수정,한기영역:강유석,홍성우역:김현목,신혜정역:김미은,심정희역:이상경,오연지역:한봄,오정봉역:오의식,이종수역:장원혁,김승현역:배호근,송이역:김주영,지원역:찬희,이현역:이필모"
20200626,KBS DRAMA,102749,110558,한번다녀왔습니다,,51회,전국,003809,드라마&영화,드라마,주말연속극,0.0231,0,0.03537,0.03354,0.2013,0.50011,0.28181,0,0.11511,0.1494,0.66238,0.70171,0.14493,0.58522,"송영달역:천호진,장옥분역:차화연,최윤정역:김보연,강초연역:이정은,송나희역:이민정,윤규진역:이상엽,송준선역:오대환,송가희역:오윤아,송다희역:이초희,양치수역:안길강,장옥자역:백지원,성현경역:임정은,윤재석역:이상이,박효신역:기도훈,김지훈역:문우진,이주리역:김소라,김가연역:송다은,건어물역:신미영,꽈배기역:김가영,송서영역:이가연,송서진역:안서연,이정록역:알렉스,유보영역:손성윤,유시후역:송민재,박지연역:신수정,한기영역:강유석,홍성우역:김현목,신혜정역:김미은,심정희역:이상경,오연지역:한봄,오정봉역:오의식,이종수역:장원혁,김승현역:배호근,송이역:김주영,지원역:찬희,이현역:이필모"
20200626,KBS DRAMA,110709,113755,한번다녀왔습니다,,52회,전국,003046,드라마&영화,드라마,주말연속극,0.76734,0.01767,0.10842,0,0.16883,0.39106,0.15457,0,0,0.30846,0.81585,0.4398,0.72753,0.60126,"송영달역:천호진,장옥분역:차화연,최윤정역:김보연,강초연역:이정은,송나희역:이민정,윤규진역:이상엽,송준선역:오대환,송가희역:오윤아,송다희역:이초희,양치수역:안길강,장옥자역:백지원,성현경역:임정은,윤재석역:이상이,박효신역:기도훈,김지훈역:문우진,이주리역:김소라,김가연역:송다은,건어물역:신미영,꽈배기역:김가영,송서영역:이가연,송서진역:안서연,이정록역:알렉스,유보영역:손성윤,유시후역:송민재,박지연역:신수정,한기영역:강유석,홍성우역:김현목,신혜정역:김미은,심정희역:이상경,오연지역:한봄,오정봉역:오의식,이종수역:장원혁,김승현역:배호근,송이역:김주영,지원역:찬희,이현역:이필모"
20200626,KBS W,020000,022927,위험한약속,,58회,전국,002927,드라마&영화,드라마,일일연속극,0,0,0.00426,0,0,0.00452,0.11769,0,0,0.3131,0,0,0.0044,0.05677,"차은동역:박하나,강태인역:고세원,최준혁역:강성민,오혜원역:박영린,한지훈역:이창욱,차만종역:이대연,차은찬역:유준서,공영심역:유지연,봉석구역:현우섭,강일섭역:강신일,연두심역:이칸희,한광훈역:길용우,한서주역:김혜지,최명희역:김나운,고재숙역:윤복인,최영국역:송민형,민주란역:오영실,최준경역:이효나,이창욱역:김정운"
20200626,KBS W,022938,030337,위험한약속,,59회,전국,003359,드라마&영화,드라마,일일연속극,0,0,0.00363,0,0,0,0.03734,0,0,0.32428,0.01604,0,0,0.06403,"차은동역:박하나,강태인역:고세원,최준혁역:강성민,오혜원역:박영린,한지훈역:이창욱,차만종역:이대연,차은찬역:유준서,공영심역:유지연,봉석구역:현우섭,강일섭역:강신일,연두심역:이칸희,한광훈역:길용우,한서주역:김혜지,최명희역:김나운,고재숙역:윤복인,최영국역:송민형,민주란역:오영실,최준경역:이효나,이창욱역:김정운"
20200626,KBS W,094716,105037,부부클리닉사랑과전쟁,,423회,전국,010321,드라마&영화,드라마,단막극,0.00789,0,0,0.11034,0,0,0.12902,0,0,0.0071,0.04127,0.00567,0.1945,0.01011,"이재만,민지영,최영완,이정수,장가현,손유경,이준우"
20200626,KBS W,110307,120313,부부클리닉사랑과전쟁,,424회,전국,010006,드라마&영화,드라마,단막극,0.09558,0,0.00468,0.02951,0,0.02778,0.16168,0,0,0.03406,0.04545,0.14624,0.0975,0.19156,"이재만,민지영,최영완,이정수,장가현,손유경,이준우"
20200626,KBS W,121735,131941,넝쿨째굴러온당신,,29회,전국,010206,드라마&영화,드라마,주말연속극,0.11431,0,0,0,0,0.0195,0.03353,0,0,0,0,0.10403,0.02564,0.11236,"차윤희역:김남주,방귀남역:유준상,엄청애역:윤여정,방장수역:장용,전막례역:강부자,한만희역:김영란,차세중역:김용희,민지영역:진경,차세광역:강민혁,엄보애역:유지인,엄순애역:양희경,방일숙역:양정아,방이숙역:조윤희,방말숙역:오연서,장양실역:나영희,방정배역:김상호,고옥역:심이영,방장군역:곽동연,천재용역:이희준,윤빈역:김원준,남남구역:김형범,고시생역:김승우,예능국PD역:김준현,라디오DJ역:양희은,홍은희역:홍은희,송수지역:박수진,매니저역:이수근,목사역:지진희,차태봉역:차태현,성시갱역:성시경,노래강사역:이종박,한규현역:강동호,태영역:김형진,지피디역:곽민석,강혜수역:최윤소,동대문옷가게상인역:탁재훈,소개팅남역:이정신,유신혜역:유인영,지환역:이도현,김장훈역:김장훈,뚱보아버지역:유민상,뚱보아들역:김수영,인기여배우역:이혜영,인기남배우역:송준근,심사위원역:김종민,막장모녀엄마역:정경미,막장모녀딸역:박소영,신세경역:신세경,재용첫째누나역:김서형,재용둘째누나역:조민아,재용막내누나역:이제인,호들갑남역:공형진,라디오DJ역:박소현,귀남의양아버지역:길용우,귀남의양어머니역:김창숙,천재용아버지역:이재용,배PD역:이지영,방귀남어린시절역:홍현택"
20200626,KBS W,133201,143322,넝쿨째굴러온당신,,30회,전국,010121,드라마&영화,드라마,주말연속극,0,0,0.04854,0.00485,0.04875,0.01794,0.14995,0,0.04998,0,0,0.25094,0.01822,0.13928,"차윤희역:김남주,방귀남역:유준상,엄청애역:윤여정,방장수역:장용,전막례역:강부자,한만희역:김영란,차세중역:김용희,민지영역:진경,차세광역:강민혁,엄보애역:유지인,엄순애역:양희경,방일숙역:양정아,방이숙역:조윤희,방말숙역:오연서,장양실역:나영희,방정배역:김상호,고옥역:심이영,방장군역:곽동연,천재용역:이희준,윤빈역:김원준,남남구역:김형범,고시생역:김승우,예능국PD역:김준현,라디오DJ역:양희은,홍은희역:홍은희,송수지역:박수진,매니저역:이수근,목사역:지진희,차태봉역:차태현,성시갱역:성시경,노래강사역:이종박,한규현역:강동호,태영역:김형진,지피디역:곽민석,강혜수역:최윤소,동대문옷가게상인역:탁재훈,소개팅남역:이정신,유신혜역:유인영,지환역:이도현,김장훈역:김장훈,뚱보아버지역:유민상,뚱보아들역:김수영,인기여배우역:이혜영,인기남배우역:송준근,심사위원역:김종민,막장모녀엄마역:정경미,막장모녀딸역:박소영,신세경역:신세경,재용첫째누나역:김서형,재용둘째누나역:조민아,재용막내누나역:이제인,호들갑남역:공형진,라디오DJ역:박소현,귀남의양아버지역:길용우,귀남의양어머니역:김창숙,천재용아버지역:이재용,배PD역:이지영,방귀남어린시절역:홍현택"
20200626,KBS W,144726,151524,기막힌유산,,45회,전국,002758,드라마&영화,드라마,일일연속극,0,0,0.05384,0,0,0.15092,0.14032,0,0,0,0.07104,0.09835,0.01921,0.18325,"부영배역:박인환,공계옥역:강세정,부설악역:신정윤,부백두역:강신조,윤민주역:이아현,부금강역:남성진,신애리역:김가연,정미희역:박순천,김용미역:이응경,부한라역:박신우,성판금역:조양자,부가온역:김비주,부태희역:김연지,부혜교역:김효경,부지현역:강유라,공소영역:김난주,이장원역:이일준,김수민역:조서후,김종두역:이춘식,차정건역:조순창,이청아역:정서하,손보미역:박민지,김영지역:주민하,강선희역:박현정,천호식역:백신,이정태역:노상보,고향숙역:박소정"
20200626,KBS W,151533,154323,기막힌유산,,46회,전국,002750,드라마&영화,드라마,일일연속극,0,0,0.20479,0,0,0.24022,0.19472,0,0,0.02817,0,0.25186,0.12126,0.47184,"부영배역:박인환,공계옥역:강세정,부설악역:신정윤,부백두역:강신조,윤민주역:이아현,부금강역:남성진,신애리역:김가연,정미희역:박순천,김용미역:이응경,부한라역:박신우,성판금역:조양자,부가온역:김비주,부태희역:김연지,부혜교역:김효경,부지현역:강유라,공소영역:김난주,이장원역:이일준,김수민역:조서후,김종두역:이춘식,차정건역:조순창,이청아역:정서하,손보미역:박민지,김영지역:주민하,강선희역:박현정,천호식역:백신,이정태역:노상보,고향숙역:박소정"
20200626,KBS W,155547,162324,기막힌유산,,47회,전국,002737,드라마&영화,드라마,일일연속극,0,0,0.32526,0,0,0.29028,0.13078,0,0,0,0,0.26927,0.18765,0.27822,"부영배역:박인환,공계옥역:강세정,부설악역:신정윤,부백두역:강신조,윤민주역:이아현,부금강역:남성진,신애리역:김가연,정미희역:박순천,김용미역:이응경,부한라역:박신우,성판금역:조양자,부가온역:김비주,부태희역:김연지,부혜교역:김효경,부지현역:강유라,공소영역:김난주,이장원역:이일준,김수민역:조서후,김종두역:이춘식,차정건역:조순창,이청아역:정서하,손보미역:박민지,김영지역:주민하,강선희역:박현정,천호식역:백신,이정태역:노상보,고향숙역:박소정"
20200626,KBS W,162334,165118,기막힌유산,,48회,전국,002744,드라마&영화,드라마,일일연속극,0,0,0.32526,0.02192,0,0.28587,0.21845,0,0,0,0.05083,0.26792,0.17301,0.30923,"부영배역:박인환,공계옥역:강세정,부설악역:신정윤,부백두역:강신조,윤민주역:이아현,부금강역:남성진,신애리역:김가연,정미희역:박순천,김용미역:이응경,부한라역:박신우,성판금역:조양자,부가온역:김비주,부태희역:김연지,부혜교역:김효경,부지현역:강유라,공소영역:김난주,이장원역:이일준,김수민역:조서후,김종두역:이춘식,차정건역:조순창,이청아역:정서하,손보미역:박민지,김영지역:주민하,강선희역:박현정,천호식역:백신,이정태역:노상보,고향숙역:박소정"
20200626,KBS W,170458,173906,위험한약속,,57회,전국,003408,드라마&영화,드라마,일일연속극,0,0.41668,0,0,0,0.15279,0.2716,0,0,0.01963,0.00481,0.11194,0.01311,0.37146,"차은동역:박하나,강태인역:고세원,최준혁역:강성민,오혜원역:박영린,한지훈역:이창욱,차만종역:이대연,차은찬역:유준서,공영심역:유지연,봉석구역:현우섭,강일섭역:강신일,연두심역:이칸희,한광훈역:길용우,한서주역:김혜지,최명희역:김나운,고재숙역:윤복인,최영국역:송민형,민주란역:오영실,최준경역:이효나,이창욱역:김정운"
20200626,KBS W,173916,181315,위험한약속,,58회,전국,003359,드라마&영화,드라마,일일연속극,0.06967,0.41668,0.08168,0.24203,0.04417,0.23898,0.37963,0,0,0,0.30003,0.09013,0.03297,0.49793,"차은동역:박하나,강태인역:고세원,최준혁역:강성민,오혜원역:박영린,한지훈역:이창욱,차만종역:이대연,차은찬역:유준서,공영심역:유지연,봉석구역:현우섭,강일섭역:강신일,연두심역:이칸희,한광훈역:길용우,한서주역:김혜지,최명희역:김나운,고재숙역:윤복인,최영국역:송민형,민주란역:오영실,최준경역:이효나,이창욱역:김정운"
20200626,KBS W,182413,185822,위험한약속,,59회,전국,003409,드라마&영화,드라마,일일연속극,0.05211,0.41668,0.0582,0.34706,0,0.18934,0.30865,0.30477,0,0,0.48144,0.07993,0.0357,0.3936,"차은동역:박하나,강태인역:고세원,최준혁역:강성민,오혜원역:박영린,한지훈역:이창욱,차만종역:이대연,차은찬역:유준서,공영심역:유지연,봉석구역:현우섭,강일섭역:강신일,연두심역:이칸희,한광훈역:길용우,한서주역:김혜지,최명희역:김나운,고재숙역:윤복인,최영국역:송민형,민주란역:오영실,최준경역:이효나,이창욱역:김정운"
20200626,KBS W,185832,193232,위험한약속,,60회,전국,003400,드라마&영화,드라마,일일연속극,0,0.69056,0.00364,0.3165,0,0.31415,0.32769,0,0,0.12365,0.38139,0.0815,0.24556,0.44203,"차은동역:박하나,강태인역:고세원,최준혁역:강성민,오혜원역:박영린,한지훈역:이창욱,차만종역:이대연,차은찬역:유준서,공영심역:유지연,봉석구역:현우섭,강일섭역:강신일,연두심역:이칸희,한광훈역:길용우,한서주역:김혜지,최명희역:김나운,고재숙역:윤복인,최영국역:송민형,민주란역:오영실,최준경역:이효나,이창욱역:김정운"
20200626,KBS W,194438,202046,한번다녀왔습니다,,49회,전국,003608,드라마&영화,드라마,주말연속극,0.37852,0,0,0.02959,0.12032,0.08875,0,0.48707,0,0.10067,0.10593,0,0.07808,0.00297,"송영달역:천호진,장옥분역:차화연,최윤정역:김보연,강초연역:이정은,송나희역:이민정,윤규진역:이상엽,송준선역:오대환,송가희역:오윤아,송다희역:이초희,양치수역:안길강,장옥자역:백지원,성현경역:임정은,윤재석역:이상이,박효신역:기도훈,김지훈역:문우진,이주리역:김소라,김가연역:송다은,건어물역:신미영,꽈배기역:김가영,송서영역:이가연,송서진역:안서연,이정록역:알렉스,유보영역:손성윤,유시후역:송민재,박지연역:신수정,한기영역:강유석,홍성우역:김현목,신혜정역:김미은,심정희역:이상경,오연지역:한봄,오정봉역:오의식,이종수역:장원혁,김승현역:배호근,송이역:김주영,지원역:찬희,이현역:이필모"
20200626,KBS W,202056,205207,한번다녀왔습니다,,50회,전국,003111,드라마&영화,드라마,주말연속극,0.7172,0.01441,0.02587,0,0.39966,0.04082,0,0.76556,0,0.24922,0.13989,0.01423,0.0399,0.01254,"송영달역:천호진,장옥분역:차화연,최윤정역:김보연,강초연역:이정은,송나희역:이민정,윤규진역:이상엽,송준선역:오대환,송가희역:오윤아,송다희역:이초희,양치수역:안길강,장옥자역:백지원,성현경역:임정은,윤재석역:이상이,박효신역:기도훈,김지훈역:문우진,이주리역:김소라,김가연역:송다은,건어물역:신미영,꽈배기역:김가영,송서영역:이가연,송서진역:안서연,이정록역:알렉스,유보영역:손성윤,유시후역:송민재,박지연역:신수정,한기영역:강유석,홍성우역:김현목,신혜정역:김미은,심정희역:이상경,오연지역:한봄,오정봉역:오의식,이종수역:장원혁,김승현역:배호근,송이역:김주영,지원역:찬희,이현역:이필모"
20200626,KBS W,210332,214043,한번다녀왔습니다,,51회,전국,003711,드라마&영화,드라마,주말연속극,0,0.03378,0,0,0.27071,0,0.20341,0,0,0.20254,0,0,0.05069,0.1683,"송영달역:천호진,장옥분역:차화연,최윤정역:김보연,강초연역:이정은,송나희역:이민정,윤규진역:이상엽,송준선역:오대환,송가희역:오윤아,송다희역:이초희,양치수역:안길강,장옥자역:백지원,성현경역:임정은,윤재석역:이상이,박효신역:기도훈,김지훈역:문우진,이주리역:김소라,김가연역:송다은,건어물역:신미영,꽈배기역:김가영,송서영역:이가연,송서진역:안서연,이정록역:알렉스,유보영역:손성윤,유시후역:송민재,박지연역:신수정,한기영역:강유석,홍성우역:김현목,신혜정역:김미은,심정희역:이상경,오연지역:한봄,오정봉역:오의식,이종수역:장원혁,김승현역:배호근,송이역:김주영,지원역:찬희,이현역:이필모"
20200626,KBS W,214053,221139,한번다녀왔습니다,,52회,전국,003046,드라마&영화,드라마,주말연속극,0,0.14577,0.05246,0,0.27071,0.03046,0.31745,0,0,0,0.24081,0,0.03221,0.17937,"송영달역:천호진,장옥분역:차화연,최윤정역:김보연,강초연역:이정은,송나희역:이민정,윤규진역:이상엽,송준선역:오대환,송가희역:오윤아,송다희역:이초희,양치수역:안길강,장옥자역:백지원,성현경역:임정은,윤재석역:이상이,박효신역:기도훈,김지훈역:문우진,이주리역:김소라,김가연역:송다은,건어물역:신미영,꽈배기역:김가영,송서영역:이가연,송서진역:안서연,이정록역:알렉스,유보영역:손성윤,유시후역:송민재,박지연역:신수정,한기영역:강유석,홍성우역:김현목,신혜정역:김미은,심정희역:이상경,오연지역:한봄,오정봉역:오의식,이종수역:장원혁,김승현역:배호근,송이역:김주영,지원역:찬희,이현역:이필모"
20200626,KBS W,222438,232221,부부클리닉사랑과전쟁,,406회,전국,005743,드라마&영화,드라마,단막극,0,0,0,0.01288,0.03796,0.00595,0.00468,0,0,0.02622,0.01073,0.12502,0.04845,0.11071,"이재만,민지영,최영완,이정수,장가현,손유경,이준우"
20200626,KBS W,233320,243456,부부클리닉사랑과전쟁,,407회,전국,010136,드라마&영화,드라마,단막극,0,0,0.04341,0.03272,0,0,0.01653,0,0,0.03433,0.00534,0,0.00853,0.11473,"이재만,민지영,최영완,이정수,장가현,손유경,이준우"
20200626,KBS W,244553,251350,기막힌유산,,48회,전국,002757,드라마&영화,드라마,일일연속극,0,0,0,0.07942,0,0,0.16416,0,0,0.03651,0,0,0.00725,0.20211,"부영배역:박인환,공계옥역:강세정,부설악역:신정윤,부백두역:강신조,윤민주역:이아현,부금강역:남성진,신애리역:김가연,정미희역:박순천,김용미역:이응경,부한라역:박신우,성판금역:조양자,부가온역:김비주,부태희역:김연지,부혜교역:김효경,부지현역:강유라,공소영역:김난주,이장원역:이일준,김수민역:조서후,김종두역:이춘식,차정건역:조순창,이청아역:정서하,손보미역:박민지,김영지역:주민하,강선희역:박현정,천호식역:백신,이정태역:노상보,고향숙역:박소정"
20200626,KBS W,251400,254147,기막힌유산,,49회,전국,002747,드라마&영화,드라마,일일연속극,0,0,0,0,0,0.00451,0.15571,0,0,0.32428,0.00993,0,0.0073,0.21118,"부영배역:박인환,공계옥역:강세정,부설악역:신정윤,부백두역:강신조,윤민주역:이아현,부금강역:남성진,신애리역:김가연,정미희역:박순천,김용미역:이응경,부한라역:박신우,성판금역:조양자,부가온역:김비주,부태희역:김연지,부혜교역:김효경,부지현역:강유라,공소영역:김난주,이장원역:이일준,김수민역:조서후,김종두역:이춘식,차정건역:조순창,이청아역:정서하,손보미역:박민지,김영지역:주민하,강선희역:박현정,천호식역:백신,이정태역:노상보,고향숙역:박소정"
20200626,KBS W,255242,255959,위험한약속,,59회,전국,000717,드라마&영화,드라마,일일연속극,0,0,0,0,0,0,0.10088,0,0,0.32428,0,0,0,0.27549,"차은동역:박하나,강태인역:고세원,최준혁역:강성민,오혜원역:박영린,한지훈역:이창욱,차만종역:이대연,차은찬역:유준서,공영심역:유지연,봉석구역:현우섭,강일섭역:강신일,연두심역:이칸희,한광훈역:길용우,한서주역:김혜지,최명희역:김나운,고재숙역:윤복인,최영국역:송민형,민주란역:오영실,최준경역:이효나,이창욱역:김정운"
20200626,K-STAR,020000,021205,부부의세계,,16회,전국,001205,드라마&영화,드라마,미니시리즈,0,0,0.14891,0,0,0.14323,0,0,0,0,0,0.02532,0.05773,0,"지선우역:김희애,이태오역:박해준,여다경역:한소희,고예림역:박선영,손제혁역:김영민,설명숙역:채국희,여병규역:이경영,엄효정역:김선경,이준영역:전진서,민현서역:심은우,박인규역:이학주,마강석역:박충선,공지철역:정재성,김윤기역:이무생,하동식역:김종태,윤노을역:신수연,차해강역:정준원,최회장아내역:서이숙,공지철아내역:박미현,차도철아내역:윤인조"
20200626,K-STAR,102302,112723,부부클리닉사랑과전쟁,,429회,전국,010421,드라마&영화,드라마,주간연속극,0,0,0,0,0,0.09153,0.02085,0,0,0.02242,0,0.0548,0.08801,0.04577,"이재만,민지영,최영완,이정수,장가현,손유경,이준우"
20200626,K-STAR,114041,124601,부부클리닉사랑과전쟁,,430회,전국,010520,드라마&영화,드라마,주간연속극,0,0.01015,0.21713,0.25816,0,0.02575,0.26173,0,0.01552,0.26977,0.02463,0.12696,0.25388,0.33487,"이재만,민지영,최영완,이정수,장가현,손유경,이준우"
20200626,K-STAR,130107,141949,부부의세계,,16회,전국,011842,드라마&영화,드라마,미니시리즈,0,0,0,0,0,0.06355,0.03093,0,0,0,0,0,0.07876,0.14078,"지선우역:김희애,이태오역:박해준,여다경역:한소희,고예림역:박선영,손제혁역:김영민,설명숙역:채국희,여병규역:이경영,엄효정역:김선경,이준영역:전진서,민현서역:심은우,박인규역:이학주,마강석역:박충선,공지철역:정재성,김윤기역:이무생,하동식역:김종태,윤노을역:신수연,차해강역:정준원,최회장아내역:서이숙,공지철아내역:박미현,차도철아내역:윤인조"
20200626,K-STAR,225305,235825,부부클리닉사랑과전쟁,,430회,전국,010520,드라마&영화,드라마,주간연속극,0,0.00508,0.026,0,0.04728,0.20276,0.05105,0,0.25224,0.02995,0.03819,0.12983,0.16863,0.14498,"이재만,민지영,최영완,이정수,장가현,손유경,이준우"
20200626,KTV,023130,031354,전원일기,,406회,전국,004224,드라마&영화,드라마,주말연속극,0,0,0,0,0,0,0.05445,0,0,0,0,0.10579,0,0.01711,"최불암,김혜자,김용건,김수미,고두심,유인촌,정대홍"
20200626,KTV,061122,070013,전원일기,,783회,전국,004851,드라마&영화,드라마,주말연속극,0,0.02694,0,0,0.02006,0,0.08641,0,0,0,0,0,0.00886,0.05037,"최불암,김혜자,김용건,김수미,고두심,유인촌,정대홍"
20200626,KTV,210309,213031,파랑새는있다,<1부>,39회,전국,002722,드라마&영화,드라마,주간연속극,0,0,0,0,0,0,0.43164,0,0,0,0,0,0,0.37631,"이상인,정선경,백윤식,송경철,박남현,한진희,동방우,양금석"
20200626,KTV,213122,215720,파랑새는있다,<2부>,39회,전국,002558,드라마&영화,드라마,주간연속극,0,0,0.05733,0,0,0.02661,0.74505,0,0,0.09621,0,0,0.01609,0.92503,"이상인,정선경,백윤식,송경철,박남현,한진희,동방우,양금석"
20200626,KTV,215902,221824,전원일기,<1부>,407회,전국,001922,드라마&영화,드라마,주말연속극,0,0,0.21292,0,0,0.09884,0.48418,0,0,0.17867,0,0.29348,0.04639,0.62768,"최불암,김혜자,김용건,김수미,고두심,유인촌,정대홍"
20200626,KTV,221919,224426,전원일기,<2부>,407회,전국,002507,드라마&영화,드라마,주말연속극,0,0,0.21292,0,0,0.09884,0.2494,0,0,0.17867,0,0.07044,0.04639,0.39588,"최불암,김혜자,김용건,김수미,고두심,유인촌,정대홍"
20200626,KTV,224507,231158,바람은불어도,,147회,전국,002651,드라마&영화,드라마,주간연속극,0,0,0.07097,0,0,0.03295,0.11824,0,0,0.17867,0,0,0.14144,0.43481,"최수종,유호정,윤손하,송나영,송기윤,나문희"
20200626,KTV,231436,234021,바람은불어도,,148회,전국,002545,드라마&영화,드라마,주간연속극,0,0,0,0,0,0,0.05481,0,0,0.17867,0,0,0.22676,0.32724,"최수종,유호정,윤손하,송나영,송기윤,나문희"
20200626,KTV,243325,252631,파랑새는있다,,39회,전국,005306,드라마&영화,드라마,주간연속극,0,0,0,0.00173,0,0,0.00424,0,0,0.17867,0,0,0.22676,0.14528,"이상인,정선경,백윤식,송경철,박남현,한진희,동방우,양금석"
20200626,KTV,255717,255959,전원일기,,407회,전국,000242,드라마&영화,드라마,주말연속극,0,0,0,0,0,0.05466,0.13328,0,0,0,0,0.0575,0.16556,0,"최불암,김혜자,김용건,김수미,고두심,유인촌,정대홍"
20200626,O tvN,020000,020807,슬기로운의사생활,,8회,전국,000807,드라마&영화,드라마,미니시리즈,0,0.59957,0,0,0.26593,0.02803,0.01388,0,0,0.04995,0.2833,0.43932,0.19842,0.10021,"이익준역:조정석,안정원역:유연석,김준완역:정경호,양석형역:김대명,채송화역:전미도,정로사역:김해숙,주종수역:김갑수,도재학역:정문성,용석민역:문태유,장겨울역:신현빈,안치홍역:김준한,봉광현역:최영준,추민하역:안은진,허선빈역:하윤경,명은원역:김혜인,장윤복역:조이현,장홍도역:배현성,송수빈역:김수진,소이현역:윤혜리,배준희역:신도현,주전역:조승연,황재신역:양조아,이우주역:김준,민기준역:서진원,종세혁역:전광진,이영하역:이노아,김재환역:이달,국해성역:이혜은,함덕주역:김비비,한현희역:이지원,한승주역:김지성,은선진역:설유진,이익순역:곽선영,조영혜역:문희경,양태양역:남명렬,김태연역:이소윤,천명태역:최영우,선우희수역:박한솔,장겨울남동생역:박정우,고아라역:고아라"
20200626,O tvN,022503,032708,아홉수소년,,13회,전국,010205,드라마&영화,드라마,주간연속극,0,0,0,0,0,0,0.00403,0,0,0,0.00566,0.00258,0,0.00276,"강동구역:최로운,강민구역:육성재,강진구역:김영광,구광수역:오정세,장백지역:이채미,구복자역:김미경,한수아역:박초롱,마세영역:경수진,주다인역:유다인,도민준역:박하준,남창희역:오희준,왕기찬,박재범역:김현준,이고은역:박민하,한구역:이진호,조부장역:김원해,김차장역:황태광,영훈역:김강현,은서,출장보살역:박혁권,정연역:김민영,후배역:김종민,강민경역:이국주,유혹녀역:수빈,선아역:이세영,전현무역:전현무,맞선녀역:박은지,심사위원역:존박,라디오DJ역:윤상"
20200626,O tvN,034054,044538,아홉수소년,,14회,전국,010444,드라마&영화,드라마,주간연속극,0,0,0,0,0,0,0,0,0,0,0,0.00282,0.00694,0.00191,"강동구역:최로운,강민구역:육성재,강진구역:김영광,구광수역:오정세,장백지역:이채미,구복자역:김미경,한수아역:박초롱,마세영역:경수진,주다인역:유다인,도민준역:박하준,남창희역:오희준,왕기찬,박재범역:김현준,이고은역:박민하,한구역:이진호,조부장역:김원해,김차장역:황태광,영훈역:김강현,은서,출장보살역:박혁권,정연역:김민영,후배역:김종민,강민경역:이국주,유혹녀역:수빈,선아역:이세영,전현무역:전현무,맞선녀역:박은지,심사위원역:존박,라디오DJ역:윤상"
20200626,O tvN,104358,115548,아는건별로없지만가족입니다,,7회,전국,011150,드라마&영화,드라마,미니시리즈,0,0.0016,0,0.00259,0.02697,0.16448,0.08907,0,0,0.03839,0,0.00769,0.37061,0.1104,"김은희역:한예리,박찬혁역:김지석,김은주역:추자현,김상식역:정진영,이진숙역:원미경,김지우역:신재하,임건주역:신동욱,윤태형역:김태훈,젊은상식역:한준우,젊은진숙역:조아영,유선일역:서상원,안효석역:이종원,서경옥역:가득희,윤서영역:혜정,전하라역:배윤경,유민우역:권율"
20200626,O tvN,121022,132148,아는건별로없지만가족입니다,,8회,전국,011126,드라마&영화,드라마,미니시리즈,0,0,0,0.00885,0.05937,0.24109,0.15589,0,0,0.01468,0,0.06496,0.32736,0.45579,"김은희역:한예리,박찬혁역:김지석,김은주역:추자현,김상식역:정진영,이진숙역:원미경,김지우역:신재하,임건주역:신동욱,윤태형역:김태훈,젊은상식역:한준우,젊은진숙역:조아영,유선일역:서상원,안효석역:이종원,서경옥역:가득희,윤서영역:혜정,전하라역:배윤경,유민우역:권율"
20200626,O tvN,133638,145526,응답하라1988,,4회,전국,011848,드라마&영화,드라마,주간연속극,0,0,0.09418,0.18302,0,0.01257,0.1022,0,0.01059,0.14495,0.14891,0.0217,0.12211,0.22524,"성동일역:성동일,이일화역:이일화,라미란역:라미란,김성균역:김성균,최무성역:최무성,김선영역:김선영,류재명역:유재명,보라역:류혜영,덕선역:혜리,정환역:류준열,선우역:고경표,택역:박보검,정봉역:안재홍,동룡역:이동휘,노을역:최성원,미옥역:이민지,자현역:이세영,진주역:김설,선도부역:차엽,매점주인역:김수로,어른덕선역:이미연,어른택역:김주혁,어른보라역:전미선,종훈역:박정민,의사역:김태훈,기자역:박지윤,어른노을역:우현,보라친구역:정유민,노을여자친구역:이수경,남궁늘보역:이청미,반장역:권은수,미옥아빠역:고창석"
20200626,O tvN,151103,164340,응답하라1988,,5회,전국,013237,드라마&영화,드라마,주간연속극,0,0.29513,0.00241,0.0297,0.3986,0.052,0.27968,0.03518,0.27058,0.31282,0.10994,0.80086,0.18389,0.18476,"성동일역:성동일,이일화역:이일화,라미란역:라미란,김성균역:김성균,최무성역:최무성,김선영역:김선영,류재명역:유재명,보라역:류혜영,덕선역:혜리,정환역:류준열,선우역:고경표,택역:박보검,정봉역:안재홍,동룡역:이동휘,노을역:최성원,미옥역:이민지,자현역:이세영,진주역:김설,선도부역:차엽,매점주인역:김수로,어른덕선역:이미연,어른택역:김주혁,어른보라역:전미선,종훈역:박정민,의사역:김태훈,기자역:박지윤,어른노을역:우현,보라친구역:정유민,노을여자친구역:이수경,남궁늘보역:이청미,반장역:권은수,미옥아빠역:고창석"
20200626,O tvN,165922,182336,응답하라1988,,6회,전국,012414,드라마&영화,드라마,주간연속극,0,0.15141,0.06553,1.03963,0.46186,0.2571,0.48529,0,0.10597,0.84714,0.18205,1.01128,0.59067,0.20511,"성동일역:성동일,이일화역:이일화,라미란역:라미란,김성균역:김성균,최무성역:최무성,김선영역:김선영,류재명역:유재명,보라역:류혜영,덕선역:혜리,정환역:류준열,선우역:고경표,택역:박보검,정봉역:안재홍,동룡역:이동휘,노을역:최성원,미옥역:이민지,자현역:이세영,진주역:김설,선도부역:차엽,매점주인역:김수로,어른덕선역:이미연,어른택역:김주혁,어른보라역:전미선,종훈역:박정민,의사역:김태훈,기자역:박지윤,어른노을역:우현,보라친구역:정유민,노을여자친구역:이수경,남궁늘보역:이청미,반장역:권은수,미옥아빠역:고창석"
20200626,O tvN,183902,201527,응답하라1988,,7회,전국,013625,드라마&영화,드라마,주간연속극,0,0.00459,0.22324,0.00204,0.06091,0.29381,0.21456,0.00852,0.34212,0.38066,0.05714,0.85807,0.38293,0.2246,"성동일역:성동일,이일화역:이일화,라미란역:라미란,김성균역:김성균,최무성역:최무성,김선영역:김선영,류재명역:유재명,보라역:류혜영,덕선역:혜리,정환역:류준열,선우역:고경표,택역:박보검,정봉역:안재홍,동룡역:이동휘,노을역:최성원,미옥역:이민지,자현역:이세영,진주역:김설,선도부역:차엽,매점주인역:김수로,어른덕선역:이미연,어른택역:김주혁,어른보라역:전미선,종훈역:박정민,의사역:김태훈,기자역:박지윤,어른노을역:우현,보라친구역:정유민,노을여자친구역:이수경,남궁늘보역:이청미,반장역:권은수,미옥아빠역:고창석"
20200626,O tvN,213421,224250,오마이베이비,,12회,전국,010829,드라마&영화,드라마,미니시리즈,0.00863,0,0.01646,0,0.00401,0.01291,0.00691,0.00924,0,0.01716,0.00894,0.02684,0.01626,0.16672,"장하리역:장나라,한이상역:고준,윤재영역:박병은,최강으뜸역:정건주,이옥란역:김혜옥,남수철역:조희봉,김은영역:이미도,김철중역:유승목,주승태역:전진기,박연호역:백승희,최효주역:박수영,주선생역:문현정,심정화역:김재화,이소윤역:정라엘,이옥희역:김예령,박재한역:이한위,김상희역:손화령,순남역:이주실,조회장역:장광,조아저씨역:최홍일,강효주역:전혜빈"
20200626,O tvN,225957,240909,오마이베이비,,13회,전국,010912,드라마&영화,드라마,미니시리즈,0,0,0,0.01454,0,0.03733,0.07059,0,0,0,0.05801,0.05601,0.02567,0.08418,"장하리역:장나라,한이상역:고준,윤재영역:박병은,최강으뜸역:정건주,이옥란역:김혜옥,남수철역:조희봉,김은영역:이미도,김철중역:유승목,주승태역:전진기,박연호역:백승희,최효주역:박수영,주선생역:문현정,심정화역:김재화,이소윤역:정라엘,이옥희역:김예령,박재한역:이한위,김상희역:손화령,순남역:이주실,조회장역:장광,조아저씨역:최홍일,강효주역:전혜빈"
20200626,O tvN,242443,254040,사이코지만괜찮아,,1회,전국,011557,드라마&영화,드라마,미니시리즈,0,0,0.00726,0.0679,0.15518,0.08122,0.00752,0,0.00856,0.0127,0.03034,0.69337,0.09215,0.00923,"문강태역:김수현,고문영역:서예지,문상태역:오정세,남주리역:박규영,이상인역:김주헌,조재수역:강기둥,오지왕역:김창완,강순덕역:김미경,박행자역:장영남,선별역:장규리,권민석역:서준,오차용역:최우성,고대환역:이얼,간필옹역:김기천,주정태역:정재광,이아름역:지혜원,박옥란역:강지은,유선해역:주인영,강은자역:배해선,유승재역:박진주,문강태어린시절역:문우진,고문영어린시절역:김수인,권기도역:곽동연,훈남CEO역:최다니엘"
20200626,O tvN,255644,255959,사이코지만괜찮아,,2회,전국,000315,드라마&영화,드라마,미니시리즈,0,0,0,0,0.2457,0.13063,0,0,0,0,0,0.69959,0,0,"문강태역:김수현,고문영역:서예지,문상태역:오정세,남주리역:박규영,이상인역:김주헌,조재수역:강기둥,오지왕역:김창완,강순덕역:김미경,박행자역:장영남,선별역:장규리,권민석역:서준,오차용역:최우성,고대환역:이얼,간필옹역:김기천,주정태역:정재광,이아름역:지혜원,박옥란역:강지은,유선해역:주인영,강은자역:배해선,유승재역:박진주,문강태어린시절역:문우진,고문영어린시절역:김수인,권기도역:곽동연,훈남CEO역:최다니엘"
20200626,OCN,104813,114950,번외수사,,9회,전국,010137,드라마&영화,드라마,미니시리즈,0,0,0.03364,0.27781,0.11393,0.05279,0.2354,0,0.00639,0.02894,0.15315,0.1821,0.26415,0.22792,"진강호역:차태현,강무영역:이선빈,이반석역:정상훈,테디정역:윤경호,탁원역:지승현,민대진역:박정우,맨손역:박태산,연장역:장진희,지수철역:이영석,노순이역:민경옥"
20200626,OCN,120947,131139,번외수사,,10회,전국,010152,드라마&영화,드라마,미니시리즈,0,0.21588,0.2371,0.2866,0.39699,0.28133,0.34248,0,0.42631,0.24216,0.22655,1.09587,0.53574,0.62187,"진강호역:차태현,강무영역:이선빈,이반석역:정상훈,테디정역:윤경호,탁원역:지승현,민대진역:박정우,맨손역:박태산,연장역:장진희,지수철역:이영석,노순이역:민경옥"
20200626,O'live,055120,070823,아는건별로없지만가족입니다,,5회,전국,011703,드라마&영화,드라마,미니시리즈,0,0.03384,0,0.02194,0,0.00142,0.02,0,0.0049,0.04104,0,0.00231,0.02117,0.03574,"김은희역:한예리,박찬혁역:김지석,김은주역:추자현,김상식역:정진영,이진숙역:원미경,김지우역:신재하,임건주역:신동욱,윤태형역:김태훈,젊은상식역:한준우,젊은진숙역:조아영,유선일역:서상원,안효석역:이종원,서경옥역:가득희,윤서영역:혜정,전하라역:배윤경,유민우역:권율"
20200626,O'live,071925,083530,아는건별로없지만가족입니다,,6회,전국,011605,드라마&영화,드라마,미니시리즈,0,0.02148,0.22432,0,0.00719,0.00754,0.07921,0,0,0,0,0.01076,0.08481,0.0514,"김은희역:한예리,박찬혁역:김지석,김은주역:추자현,김상식역:정진영,이진숙역:원미경,김지우역:신재하,임건주역:신동욱,윤태형역:김태훈,젊은상식역:한준우,젊은진숙역:조아영,유선일역:서상원,안효석역:이종원,서경옥역:가득희,윤서영역:혜정,전하라역:배윤경,유민우역:권율"
20200626,On Style,020131,023701,고양이띠요리사,,10회,전국,003530,드라마&영화,드라마,미니시리즈,0,0.20743,0,0.03436,0,0.05147,0.00092,0,0,0,0,0.20854,0.01627,0.02094,"여문준역:이기우,이수지역:김소라,강민경역:조혜진,여은항역:민주"
20200626,On Style,024032,031614,고양이띠요리사,,11회,전국,003542,드라마&영화,드라마,미니시리즈,0,0.09429,0,0.10269,0,0,0.01756,0,0.05261,0,0.06918,0.04912,0.01583,0.00419,"여문준역:이기우,이수지역:김소라,강민경역:조혜진,여은항역:민주"
20200626,On Style,031945,034928,고양이띠요리사,,12회,전국,002943,드라마&영화,드라마,미니시리즈,0,0.22759,0,0,0.16945,0.01923,0.04568,0.46241,0.01214,0,0.02421,0.17479,0.03821,0.01619,"여문준역:이기우,이수지역:김소라,강민경역:조혜진,여은항역:민주"
20200626,On Style,134513,144605,로맨스는별책부록,,13회,전국,010052,드라마&영화,드라마,미니시리즈,0.02755,0.02164,0.03279,0.07208,0.11058,0.01649,0.04034,0.01151,0.00262,0,0.05788,0.1312,0.01555,0.04479,"강단이역:이나영,차은호역:이종석,송해린역:정유진,지서준역:위하준,홍동민역:오의식,김재민역:김태우,고유선역:김유미,봉지홍역:조한철,서영아역:김선영,박훈역:강기둥,오지율역:박규영,이승진역:이관훈,배광수역:최승윤,채송이역:이하은"
20200626,On Style,145125,155500,로맨스는별책부록,,14회,전국,010335,드라마&영화,드라마,미니시리즈,0,0,0,0.00615,0.0074,0.00629,0.00744,0,0,0.00838,0.10093,0.21522,0.00856,0.06099,"강단이역:이나영,차은호역:이종석,송해린역:정유진,지서준역:위하준,홍동민역:오의식,김재민역:김태우,고유선역:김유미,봉지홍역:조한철,서영아역:김선영,박훈역:강기둥,오지율역:박규영,이승진역:이관훈,배광수역:최승윤,채송이역:이하은"
20200626,SBS플러스,070117,073310,엄마가바람났다,,38회,전국,003153,드라마&영화,드라마,아침드라마,0,0.46952,0,0.12843,0.25579,0.04872,0.7731,0,0,0,0.53102,0.38935,0.59277,0.74031,"오필정역:현쥬니,강석준역:이재황,이은주역:문보령,강석환역:김형범,오순정역:남이안,김복순역:박순천,박민호역:길정우,박민지역:홍제이,김해정역:양금석,강태수역:이원재,이태우역:서현석,최동석역:김동균,최은자역:이진아,최유경역:이영은,최미영역:전은채,왕기범역:차승우,하열도역:김영훈,홍수경역:노정명,박태섭역:강서준,박혜진역:박지수"
20200626,SBS플러스,073421,080510,엄마가바람났다,,39회,전국,003049,드라마&영화,드라마,아침드라마,0,0.46952,0.2728,0.0313,0.2403,0.32717,1.02499,0,0,0.05191,0.38136,0.34742,0.81901,1.10748,"오필정역:현쥬니,강석준역:이재황,이은주역:문보령,강석환역:김형범,오순정역:남이안,김복순역:박순천,박민호역:길정우,박민지역:홍제이,김해정역:양금석,강태수역:이원재,이태우역:서현석,최동석역:김동균,최은자역:이진아,최유경역:이영은,최미영역:전은채,왕기범역:차승우,하열도역:김영훈,홍수경역:노정명,박태섭역:강서준,박혜진역:박지수"
20200626,SBS플러스,165549,180051,주군의태양,,14회,전국,010502,드라마&영화,드라마,미니시리즈,0.07721,0,0.00324,0.11117,0.70147,0.04639,0.22183,0.02257,0.1291,0,0.19942,0.33339,0.07559,0.3368,"주중원역:소지섭,태공실역:공효진,강우역:서인국,태이령역:김유리,김귀도역:최정우,주성란역:김미경,도석철역:이종원,태공리역:박희본,이한주역:이재원,안진주역:정가은,주중원어린시절역:김명수,TV프로그램자역:김상중,미경역:송채윤,하유진역:김보라,가영역:방민아,이은설역:이혜인,차희주역:한보름,주중원아버지역:김용건,이승모역:이도현,이승준역:홍은택,선영역:김보미,지우역:유민규,강길자역:김희정,루이장역:정찬,박서현역:서효림,이재석역:이종혁,이회장역:이재용,한나브라운역:황선희,유진우역:이천희,고여사역:이용녀,유혜성역:진이한"
20200626,SBS플러스,181458,192002,주군의태양,,15회,전국,010504,드라마&영화,드라마,미니시리즈,0,0.05686,0.05826,0.22567,0.49505,0.2783,0.1111,0.24825,0.26955,0.06632,0.39351,1.34599,0.18382,0.09236,"주중원역:소지섭,태공실역:공효진,강우역:서인국,태이령역:김유리,김귀도역:최정우,주성란역:김미경,도석철역:이종원,태공리역:박희본,이한주역:이재원,안진주역:정가은,주중원어린시절역:김명수,TV프로그램자역:김상중,미경역:송채윤,하유진역:김보라,가영역:방민아,이은설역:이혜인,차희주역:한보름,주중원아버지역:김용건,이승모역:이도현,이승준역:홍은택,선영역:김보미,지우역:유민규,강길자역:김희정,루이장역:정찬,박서현역:서효림,이재석역:이종혁,이회장역:이재용,한나브라운역:황선희,유진우역:이천희,고여사역:이용녀,유혜성역:진이한"
20200626,SBS플러스,193619,204123,주군의태양,,16회,전국,010504,드라마&영화,드라마,미니시리즈,0.01528,0.18785,0.01446,0.25396,0.36169,0.49985,0.10789,0.02344,0.07928,0.0464,0.41786,0.86133,0.18871,0.1077,"주중원역:소지섭,태공실역:공효진,강우역:서인국,태이령역:김유리,김귀도역:최정우,주성란역:김미경,도석철역:이종원,태공리역:박희본,이한주역:이재원,안진주역:정가은,주중원어린시절역:김명수,TV프로그램자역:김상중,미경역:송채윤,하유진역:김보라,가영역:방민아,이은설역:이혜인,차희주역:한보름,주중원아버지역:김용건,이승모역:이도현,이승준역:홍은택,선영역:김보미,지우역:유민규,강길자역:김희정,루이장역:정찬,박서현역:서효림,이재석역:이종혁,이회장역:이재용,한나브라운역:황선희,유진우역:이천희,고여사역:이용녀,유혜성역:진이한"
20200626,SBS플러스,205437,215958,주군의태양,,17회,전국,010521,드라마&영화,드라마,미니시리즈,0.2013,0,0.07682,0.05334,0.0742,0.12385,0.05117,0,0.06144,0.06603,0.04107,0.96042,0.15465,0.09252,"주중원역:소지섭,태공실역:공효진,강우역:서인국,태이령역:김유리,김귀도역:최정우,주성란역:김미경,도석철역:이종원,태공리역:박희본,이한주역:이재원,안진주역:정가은,주중원어린시절역:김명수,TV프로그램자역:김상중,미경역:송채윤,하유진역:김보라,가영역:방민아,이은설역:이혜인,차희주역:한보름,주중원아버지역:김용건,이승모역:이도현,이승준역:홍은택,선영역:김보미,지우역:유민규,강길자역:김희정,루이장역:정찬,박서현역:서효림,이재석역:이종혁,이회장역:이재용,한나브라운역:황선희,유진우역:이천희,고여사역:이용녀,유혜성역:진이한"
20200626,SKY,052848,063523,야식남녀,,10회,전국,010635,드라마&영화,드라마,미니시리즈,0.03259,0,0,0.07354,0,0.13581,0.02489,0,0,0.06527,0,0.06103,0,0.02757,"박진성역:정일우,김아진역:강지영,강태완역:이학주,이상영역:김승수,차주희역:김수진,남규장역:양대혁,유성은역:공민정,노재수역:박성준,박진우역:최재현"
20200626,SKY,064518,075405,화유기,,7회,전국,010847,드라마&영화,드라마,미니시리즈,0.71697,0,0,0.23918,0.01186,0.01067,0.00056,0,0.01119,0,0.00224,0.05635,0.02237,0.0068,"손오공역:이승기,우마왕역:차승원,진선미역:오연서,저팔계역:이홍기,사오정역:장광,마비서역:이엘,이한주역:김성오,앨리스역:윤보라,좀비소녀역:이세영,수보리조사역:성지루,동장군역:성혁,강대성역:송종호,조나단역:마이클리,진선미어린시절역:갈소원,공작역:장근석,나찰녀역:김지수"
20200626,SKY,080656,091827,화유기,,8회,전국,011131,드라마&영화,드라마,미니시리즈,0.71697,0,0,0.23114,0,0,0.00233,0,0,0,0.01174,0.1728,0,0.00175,"손오공역:이승기,우마왕역:차승원,진선미역:오연서,저팔계역:이홍기,사오정역:장광,마비서역:이엘,이한주역:김성오,앨리스역:윤보라,좀비소녀역:이세영,수보리조사역:성지루,동장군역:성혁,강대성역:송종호,조나단역:마이클리,진선미어린시절역:갈소원,공작역:장근석,나찰녀역:김지수"
20200626,SKY,093252,103846,편의점샛별이,,1회,전국,010554,드라마&영화,드라마,미니시리즈,0,0,0,0,0.11693,0.27718,0.01623,0,0.01067,0.26544,0.00163,0.46524,0.03558,0.19512,"최대현역:지창욱,정샛별역:김유정,유연주역:한선화,조승준역:도상우,정은별역:솔빈,공분희역:김선영,최용필역:이병준,한달식역:음문석,권의추역:우현,차기복역:이윤희,고광태역:배기범,김혜자역:견미리,최대순역:김지현,황금비역:서예화,차은조역:윤수,배부장역:허재호,강성태역:지찬,김정하역:신윤정,오현지역:한류은,강지욱역:김민규,유명기역:길용우"
20200626,SKY,105431,115539,편의점샛별이,,2회,전국,010108,드라마&영화,드라마,미니시리즈,0,0,0.057,0.01715,0.32203,0.30676,0.03383,0,0.22812,0.32405,0.10162,0.59802,0.08091,0.21343,"최대현역:지창욱,정샛별역:김유정,유연주역:한선화,조승준역:도상우,정은별역:솔빈,공분희역:김선영,최용필역:이병준,한달식역:음문석,권의추역:우현,차기복역:이윤희,고광태역:배기범,김혜자역:견미리,최대순역:김지현,황금비역:서예화,차은조역:윤수,배부장역:허재호,강성태역:지찬,김정하역:신윤정,오현지역:한류은,강지욱역:김민규,유명기역:길용우"
20200626,SKY,172033,182629,편의점샛별이,,1회,전국,010556,드라마&영화,드라마,미니시리즈,0,0,0.71525,0.13612,0.31904,0.43216,0.08167,0,0.01537,0.00599,0.00411,0.31062,0.50607,0.06507,"최대현역:지창욱,정샛별역:김유정,유연주역:한선화,조승준역:도상우,정은별역:솔빈,공분희역:김선영,최용필역:이병준,한달식역:음문석,권의추역:우현,차기복역:이윤희,고광태역:배기범,김혜자역:견미리,최대순역:김지현,황금비역:서예화,차은조역:윤수,배부장역:허재호,강성태역:지찬,김정하역:신윤정,오현지역:한류은,강지욱역:김민규,유명기역:길용우"
20200626,SKY,184007,194117,편의점샛별이,,2회,전국,010110,드라마&영화,드라마,미니시리즈,0.08757,0.11084,0.20749,0,0.06184,0.09418,0.01575,0,0,0.08311,0.03562,0.41657,0.07001,0.00619,"최대현역:지창욱,정샛별역:김유정,유연주역:한선화,조승준역:도상우,정은별역:솔빈,공분희역:김선영,최용필역:이병준,한달식역:음문석,권의추역:우현,차기복역:이윤희,고광태역:배기범,김혜자역:견미리,최대순역:김지현,황금비역:서예화,차은조역:윤수,배부장역:허재호,강성태역:지찬,김정하역:신윤정,오현지역:한류은,강지욱역:김민규,유명기역:길용우"
20200626,ONCE,020000,023728,동이,,57회,전국,003728,드라마&영화,드라마,주간연속극,0,0.02252,0,0.08968,0,0.00824,0.08904,0,0,0.19401,0,0,0.00979,0.10953,"동이역:한효주,숙종역:지진희,희빈장씨역:이소연,차천수역:배수빈,서용기역:정진영,인현왕후역:박하선,오태석역:정동환,이종욱역:이정훈,홍태윤역:손일권,박도식역:최재호,도승지역:신국,오호양역:여호민,황주식역:이희도,정인국역:나성균,최효원역:천호진,장익헌역:이재용,김환역:정인기,은금역:한다민,오태풍역:이계인,태풍처역:이숙,장희재역:김유석,설희역:김혜진,게둬라부역:정은표,오윤역:최철호,게둬라역:최수한,심운택역:김동윤,동이어린시절역:김유정,봉상궁역:김소이,조상궁역:안여진,유상궁역:임성민,정임역:정유미,애종역:강유미,시비역:오은호,미지역:최하나,대전내관역:정선일,명성대비역:박정수,정상궁역:김혜선,영달역:이광수,최동주역:정성운,장무열역:최종환,이금역:이형석,경종역:윤찬,김구선역:맹상훈,인원왕후역:오연서"
20200626,ONCE,024828,034656,동이,,58회,전국,005828,드라마&영화,드라마,주간연속극,0,0,0,0.16362,0,0,0.1163,0,0,0.17867,0,0.0648,0.04751,0.12907,"동이역:한효주,숙종역:지진희,희빈장씨역:이소연,차천수역:배수빈,서용기역:정진영,인현왕후역:박하선,오태석역:정동환,이종욱역:이정훈,홍태윤역:손일권,박도식역:최재호,도승지역:신국,오호양역:여호민,황주식역:이희도,정인국역:나성균,최효원역:천호진,장익헌역:이재용,김환역:정인기,은금역:한다민,오태풍역:이계인,태풍처역:이숙,장희재역:김유석,설희역:김혜진,게둬라부역:정은표,오윤역:최철호,게둬라역:최수한,심운택역:김동윤,동이어린시절역:김유정,봉상궁역:김소이,조상궁역:안여진,유상궁역:임성민,정임역:정유미,애종역:강유미,시비역:오은호,미지역:최하나,대전내관역:정선일,명성대비역:박정수,정상궁역:김혜선,영달역:이광수,최동주역:정성운,장무열역:최종환,이금역:이형석,경종역:윤찬,김구선역:맹상훈,인원왕후역:오연서"
20200626,ONCE,051546,060046,전원일기,,434회,전국,004500,드라마&영화,드라마,주말연속극,0,0,0.22402,0,0,0.19653,0.134,0,0,0,0,0.14642,0.24627,0.0643,"최불암,김혜자,김용건,김수미,고두심,유인촌,정대홍"
20200626,ONCE,060524,064723,전원일기,,435회,전국,004159,드라마&영화,드라마,주말연속극,0,0,0.10668,0,0.00547,0.09359,0.23166,0,0,0,0.00905,0.14975,0.11361,0.18219,"최불암,김혜자,김용건,김수미,고두심,유인촌,정대홍"
20200626,ONCE,070328,080814,동이,,57회,전국,010446,드라마&영화,드라마,주간연속극,0,0,0,0,0,0.07408,0.3586,0,0,0,0,0.15924,0.05188,0.3469,"동이역:한효주,숙종역:지진희,희빈장씨역:이소연,차천수역:배수빈,서용기역:정진영,인현왕후역:박하선,오태석역:정동환,이종욱역:이정훈,홍태윤역:손일권,박도식역:최재호,도승지역:신국,오호양역:여호민,황주식역:이희도,정인국역:나성균,최효원역:천호진,장익헌역:이재용,김환역:정인기,은금역:한다민,오태풍역:이계인,태풍처역:이숙,장희재역:김유석,설희역:김혜진,게둬라부역:정은표,오윤역:최철호,게둬라역:최수한,심운택역:김동윤,동이어린시절역:김유정,봉상궁역:김소이,조상궁역:안여진,유상궁역:임성민,정임역:정유미,애종역:강유미,시비역:오은호,미지역:최하나,대전내관역:정선일,명성대비역:박정수,정상궁역:김혜선,영달역:이광수,최동주역:정성운,장무열역:최종환,이금역:이형석,경종역:윤찬,김구선역:맹상훈,인원왕후역:오연서"
20200626,ONCE,082053,091922,동이,,58회,전국,005829,드라마&영화,드라마,주간연속극,0,0,0,0.05978,0.20511,0.20119,0.20976,0,0,0,0.08106,0.14975,0,0.14616,"동이역:한효주,숙종역:지진희,희빈장씨역:이소연,차천수역:배수빈,서용기역:정진영,인현왕후역:박하선,오태석역:정동환,이종욱역:이정훈,홍태윤역:손일권,박도식역:최재호,도승지역:신국,오호양역:여호민,황주식역:이희도,정인국역:나성균,최효원역:천호진,장익헌역:이재용,김환역:정인기,은금역:한다민,오태풍역:이계인,태풍처역:이숙,장희재역:김유석,설희역:김혜진,게둬라부역:정은표,오윤역:최철호,게둬라역:최수한,심운택역:김동윤,동이어린시절역:김유정,봉상궁역:김소이,조상궁역:안여진,유상궁역:임성민,정임역:정유미,애종역:강유미,시비역:오은호,미지역:최하나,대전내관역:정선일,명성대비역:박정수,정상궁역:김혜선,영달역:이광수,최동주역:정성운,장무열역:최종환,이금역:이형석,경종역:윤찬,김구선역:맹상훈,인원왕후역:오연서"
20200626,ONCE,103023,115112,부부의세계,,7회,전국,012049,드라마&영화,드라마,미니시리즈,0.00245,0.01,0.00266,0.05955,0.02008,0.05483,0.02401,0.00262,0,0.00175,0.03408,0.09226,0.03047,0.09331,"지선우역:김희애,이태오역:박해준,여다경역:한소희,고예림역:박선영,손제혁역:김영민,설명숙역:채국희,여병규역:이경영,엄효정역:김선경,이준영역:전진서,민현서역:심은우,박인규역:이학주,마강석역:박충선,공지철역:정재성,김윤기역:이무생,하동식역:김종태,윤노을역:신수연,차해강역:정준원,최회장아내역:서이숙,공지철아내역:박미현,차도철아내역:윤인조"
20200626,ONCE,120522,131924,부부의세계,,8회,전국,011402,드라마&영화,드라마,미니시리즈,0,0.02607,0.01535,0,0.00451,0.12435,0.01941,0,0.09418,0.00184,0.00987,0.06719,0.01557,0.0268,"지선우역:김희애,이태오역:박해준,여다경역:한소희,고예림역:박선영,손제혁역:김영민,설명숙역:채국희,여병규역:이경영,엄효정역:김선경,이준영역:전진서,민현서역:심은우,박인규역:이학주,마강석역:박충선,공지철역:정재성,김윤기역:이무생,하동식역:김종태,윤노을역:신수연,차해강역:정준원,최회장아내역:서이숙,공지철아내역:박미현,차도철아내역:윤인조"
20200626,ONCE,164107,172158,전원일기,,432회,전국,004051,드라마&영화,드라마,주말연속극,0,0,0,0,0,0,0.01601,0,0,0,0,0,0.00428,0.03683,"최불암,김혜자,김용건,김수미,고두심,유인촌,정대홍"
20200626,ONCE,173156,181103,전원일기,,433회,전국,003907,드라마&영화,드라마,주말연속극,0,0,0,0,0,0.02446,0.01269,0,0,0.03983,0,0.04608,0.0139,0.04764,"최불암,김혜자,김용건,김수미,고두심,유인촌,정대홍"
20200626,ONCE,182508,192751,동이,,55회,전국,010243,드라마&영화,드라마,주간연속극,0,0,0,0.01505,0.1794,0.02533,0.03966,0,0,0,0,0,0.01214,0.05,"동이역:한효주,숙종역:지진희,희빈장씨역:이소연,차천수역:배수빈,서용기역:정진영,인현왕후역:박하선,오태석역:정동환,이종욱역:이정훈,홍태윤역:손일권,박도식역:최재호,도승지역:신국,오호양역:여호민,황주식역:이희도,정인국역:나성균,최효원역:천호진,장익헌역:이재용,김환역:정인기,은금역:한다민,오태풍역:이계인,태풍처역:이숙,장희재역:김유석,설희역:김혜진,게둬라부역:정은표,오윤역:최철호,게둬라역:최수한,심운택역:김동윤,동이어린시절역:김유정,봉상궁역:김소이,조상궁역:안여진,유상궁역:임성민,정임역:정유미,애종역:강유미,시비역:오은호,미지역:최하나,대전내관역:정선일,명성대비역:박정수,정상궁역:김혜선,영달역:이광수,최동주역:정성운,장무열역:최종환,이금역:이형석,경종역:윤찬,김구선역:맹상훈,인원왕후역:오연서"
20200626,ONCE,194101,204151,동이,,56회,전국,010050,드라마&영화,드라마,주간연속극,0,0,0.00986,0,0.08401,0.01133,0.0454,0,0,0.00654,0.00885,0.02277,0.01152,0.09041,"동이역:한효주,숙종역:지진희,희빈장씨역:이소연,차천수역:배수빈,서용기역:정진영,인현왕후역:박하선,오태석역:정동환,이종욱역:이정훈,홍태윤역:손일권,박도식역:최재호,도승지역:신국,오호양역:여호민,황주식역:이희도,정인국역:나성균,최효원역:천호진,장익헌역:이재용,김환역:정인기,은금역:한다민,오태풍역:이계인,태풍처역:이숙,장희재역:김유석,설희역:김혜진,게둬라부역:정은표,오윤역:최철호,게둬라역:최수한,심운택역:김동윤,동이어린시절역:김유정,봉상궁역:김소이,조상궁역:안여진,유상궁역:임성민,정임역:정유미,애종역:강유미,시비역:오은호,미지역:최하나,대전내관역:정선일,명성대비역:박정수,정상궁역:김혜선,영달역:이광수,최동주역:정성운,장무열역:최종환,이금역:이형석,경종역:윤찬,김구선역:맹상훈,인원왕후역:오연서"
20200626,SKYUHD,020000,031147,화유기,,2회,전국,011147,드라마&영화,드라마,미니시리즈,0,0,0,0,0,0,0,0,0,0,0,0,0,0,"손오공역:이승기,우마왕역:차승원,진선미역:오연서,저팔계역:이홍기,사오정역:장광,마비서역:이엘,이한주역:김성오,앨리스역:윤보라,좀비소녀역:이세영,수보리조사역:성지루,동장군역:성혁,강대성역:송종호,조나단역:마이클리,진선미어린시절역:갈소원,공작역:장근석,나찰녀역:김지수"
20200626,SKYUHD,031258,041850,야식남녀,,8회,전국,010552,드라마&영화,드라마,미니시리즈,0,0,0,0,0,0,0,0,0,0,0,0,0,0,"박진성역:정일우,김아진역:강지영,강태완역:이학주,이상영역:김승수,차주희역:김수진,남규장역:양대혁,유성은역:공민정,노재수역:박성준,박진우역:최재현"
20200626,SKYUHD,092621,113745,야식남녀,,7회/8회,전국,021124,드라마&영화,드라마,미니시리즈,0,0,0,0,0,0.00082,0.0003,0,0,0,0,0,0,0.00031,"박진성역:정일우,김아진역:강지영,강태완역:이학주,이상영역:김승수,차주희역:김수진,남규장역:양대혁,유성은역:공민정,노재수역:박성준,박진우역:최재현"
20200626,SKYUHD,113934,130453,화유기,,2회,전국,012519,드라마&영화,드라마,미니시리즈,0,0,0,0,0,0,0,0,0,0,0,0,0,0,"손오공역:이승기,우마왕역:차승원,진선미역:오연서,저팔계역:이홍기,사오정역:장광,마비서역:이엘,이한주역:김성오,앨리스역:윤보라,좀비소녀역:이세영,수보리조사역:성지루,동장군역:성혁,강대성역:송종호,조나단역:마이클리,진선미어린시절역:갈소원,공작역:장근석,나찰녀역:김지수"
20200626,SKYUHD,161717,190756,화유기,,1회/2회,전국,025039,드라마&영화,드라마,미니시리즈,0,0,0,0,0,0,0,0,0,0,0,0,0.00352,0,"손오공역:이승기,우마왕역:차승원,진선미역:오연서,저팔계역:이홍기,사오정역:장광,마비서역:이엘,이한주역:김성오,앨리스역:윤보라,좀비소녀역:이세영,수보리조사역:성지루,동장군역:성혁,강대성역:송종호,조나단역:마이클리,진선미어린시절역:갈소원,공작역:장근석,나찰녀역:김지수"
20200626,SKYUHD,242110,255959,화유기,,1회/2회,전국,013849,드라마&영화,드라마,미니시리즈,0,0,0,0,0,0,0,0,0,0,0,0,0,0,"손오공역:이승기,우마왕역:차승원,진선미역:오연서,저팔계역:이홍기,사오정역:장광,마비서역:이엘,이한주역:김성오,앨리스역:윤보라,좀비소녀역:이세영,수보리조사역:성지루,동장군역:성혁,강대성역:송종호,조나단역:마이클리,진선미어린시절역:갈소원,공작역:장근석,나찰녀역:김지수"
20200626,OCN Thrills,231037,241809,번외수사,,5회,전국,010732,드라마&영화,드라마,미니시리즈,0,0,0.01143,0.04881,0.05843,0.14942,0.13547,0,0.06878,0.00379,0.00567,0.02805,0.16174,0.11208,"진강호역:차태현,강무영역:이선빈,이반석역:정상훈,테디정역:윤경호,탁원역:지승현,민대진역:박정우,맨손역:박태산,연장역:장진희,지수철역:이영석,노순이역:민경옥"
20200626,OCN Thrills,243053,253215,번외수사,,6회,전국,010122,드라마&영화,드라마,미니시리즈,0,0.03974,0.01369,0.08325,0.00704,0.14717,0.00928,0,0.00523,0.00218,0.20403,0.0033,0.04205,0.06523,"진강호역:차태현,강무영역:이선빈,이반석역:정상훈,테디정역:윤경호,탁원역:지승현,민대진역:박정우,맨손역:박태산,연장역:장진희,지수철역:이영석,노순이역:민경옥"
20200626,OCN Thrills,254229,255959,번외수사,,7회,전국,001730,드라마&영화,드라마,미니시리즈,0,0,0,0.04656,0.00873,0.28795,0.03907,0,0,0,0.04054,0,0.01026,0.07439,"진강호역:차태현,강무영역:이선빈,이반석역:정상훈,테디정역:윤경호,탁원역:지승현,민대진역:박정우,맨손역:박태산,연장역:장진희,지수철역:이영석,노순이역:민경옥"
20200626,TRENDY,065803,080537,부부클리닉사랑과전쟁2,,43회,전국,010734,드라마&영화,드라마,단막극,0,0,0,0.19762,0,0.04851,0.00397,0.05079,0,0,0.0064,0.08344,0,0.13112,"이재만,민지영,최영완,이정수,장가현,손유경,이준우"
20200626,TRENDY,081628,092102,부부클리닉사랑과전쟁2,,55회,전국,010434,드라마&영화,드라마,단막극,0,0,0,0.07089,0.00398,0.05465,0.00147,0,0,0.10018,0.02711,0.05888,0.02852,0.01311,"이재만,민지영,최영완,이정수,장가현,손유경,이준우"
20200626,TRENDY,135438,150216,부부클리닉사랑과전쟁2,,43회,전국,010738,드라마&영화,드라마,단막극,0,0,0,0,0,0,0.18853,0,0,0,0.02226,0,0.13545,0.14254,"이재만,민지영,최영완,이정수,장가현,손유경,이준우"
20200626,TRENDY,151503,161941,부부클리닉사랑과전쟁2,,55회,전국,010438,드라마&영화,드라마,단막극,0.01103,0,0.01001,0,0.00967,0.00857,0.0058,0.01178,0,0,0.01276,0.03769,0.10321,0.07361,"이재만,민지영,최영완,이정수,장가현,손유경,이준우"
20200626,TRENDY,225757,240535,부부클리닉사랑과전쟁2,,43회,전국,010738,드라마&영화,드라마,단막극,0,0,0,0,0,0,0.01583,0,0.03614,0,0,0,0.082,0.13204,"이재만,민지영,최영완,이정수,장가현,손유경,이준우"
20200626,TRENDY,241652,252130,부부클리닉사랑과전쟁2,,55회,전국,010438,드라마&영화,드라마,단막극,0,0,0,0.10597,0,0,0.04611,0,0,0,0,0.00476,0.16264,0.10128,"이재만,민지영,최영완,이정수,장가현,손유경,이준우"
20200626,WeLike,095335,105556,아테나:전쟁의여신,,11회,전국,010221,드라마&영화,드라마,미니시리즈,0,0,0,0,0,0,0.00211,0,0,0,0,0.00172,0,0,"이정우역:정우성,손혁역:차승원,윤혜인역:수애,한재희역:이지아,김기수역:김민종,김준호역:시원,조명호역:이정길,최진희역:김영애,권용관역:유동근,박철영역:김승우,조수영역:이보영,오숙경역:오윤아,한정필역:전국환,제시카역:연민지,앤디역:션리차드,철규역:정찬우,최태현역:최강창민,김선화역:김소연,박성철역:이한위"
20200626,WeLike,111236,121453,아테나:전쟁의여신,,12회,전국,010217,드라마&영화,드라마,미니시리즈,0,0,0,0,0.03093,0,0,0.0766,0,0,0.00334,0.00671,0.00646,0.00721,"이정우역:정우성,손혁역:차승원,윤혜인역:수애,한재희역:이지아,김기수역:김민종,김준호역:시원,조명호역:이정길,최진희역:김영애,권용관역:유동근,박철영역:김승우,조수영역:이보영,오숙경역:오윤아,한정필역:전국환,제시카역:연민지,앤디역:션리차드,철규역:정찬우,최태현역:최강창민,김선화역:김소연,박성철역:이한위"
20200627,KBS2,164643,172401,한번다녀왔습니다,<51회>,51회,전국,003718,드라마&영화,드라마,주말연속극,0.36036,0.65715,0.76664,0.69258,0.68718,1.00935,1.49856,1.61965,0.53736,0.09466,1.06329,1.39339,2.33278,1.69405,"송영달역:천호진,장옥분역:차화연,최윤정역:김보연,강초연역:이정은,송나희역:이민정,윤규진역:이상엽,송준선역:오대환,송가희역:오윤아,송다희역:이초희,양치수역:안길강,장옥자역:백지원,성현경역:임정은,윤재석역:이상이,박효신역:기도훈,김지훈역:문우진,이주리역:김소라,김가연역:송다은,건어물역:신미영,꽈배기역:김가영,송서영역:이가연,송서진역:안서연,이정록역:알렉스,유보영역:손성윤,유시후역:송민재,박지연역:신수정,한기영역:강유석,홍성우역:김현목,신혜정역:김미은,심정희역:이상경,오연지역:한봄,오정봉역:오의식,이종수역:장원혁,김승현역:배호근,송이역:김주영,지원역:찬희,이현역:이필모"
20200627,KBS2,172514,175711,한번다녀왔습니다,<52회>,52회,전국,003157,드라마&영화,드라마,주말연속극,0.87854,0.83008,1.52505,1.04443,0.63106,2.2486,1.78841,2.66014,0.45666,0.10622,1.24566,3.09567,2.31832,2.57259,"송영달역:천호진,장옥분역:차화연,최윤정역:김보연,강초연역:이정은,송나희역:이민정,윤규진역:이상엽,송준선역:오대환,송가희역:오윤아,송다희역:이초희,양치수역:안길강,장옥자역:백지원,성현경역:임정은,윤재석역:이상이,박효신역:기도훈,김지훈역:문우진,이주리역:김소라,김가연역:송다은,건어물역:신미영,꽈배기역:김가영,송서영역:이가연,송서진역:안서연,이정록역:알렉스,유보영역:손성윤,유시후역:송민재,박지연역:신수정,한기영역:강유석,홍성우역:김현목,신혜정역:김미은,심정희역:이상경,오연지역:한봄,오정봉역:오의식,이종수역:장원혁,김승현역:배호근,송이역:김주영,지원역:찬희,이현역:이필모"
20200627,KBS2,200027,203947,한번다녀왔습니다,<53회>,53회,전국,003920,드라마&영화,드라마,주말연속극,7.78197,4.83199,3.97374,5.15663,7.71551,10.34452,20.04364,6.21885,4.00373,5.51035,7.26762,11.00057,18.54169,23.71875,"송영달역:천호진,장옥분역:차화연,최윤정역:김보연,강초연역:이정은,송나희역:이민정,윤규진역:이상엽,송준선역:오대환,송가희역:오윤아,송다희역:이초희,양치수역:안길강,장옥자역:백지원,성현경역:임정은,윤재석역:이상이,박효신역:기도훈,김지훈역:문우진,이주리역:김소라,김가연역:송다은,건어물역:신미영,꽈배기역:김가영,송서영역:이가연,송서진역:안서연,이정록역:알렉스,유보영역:손성윤,유시후역:송민재,박지연역:신수정,한기영역:강유석,홍성우역:김현목,신혜정역:김미은,심정희역:이상경,오연지역:한봄,오정봉역:오의식,이종수역:장원혁,김승현역:배호근,송이역:김주영,지원역:찬희,이현역:이필모"
20200627,KBS2,204216,211158,한번다녀왔습니다,<54회>,54회,전국,002942,드라마&영화,드라마,주말연속극,10.05463,6.12684,6.30296,6.75078,11.08507,15.01188,25.25156,7.16733,5.76058,7.3997,10.29894,15.27617,24.46632,29.96274,"송영달역:천호진,장옥분역:차화연,최윤정역:김보연,강초연역:이정은,송나희역:이민정,윤규진역:이상엽,송준선역:오대환,송가희역:오윤아,송다희역:이초희,양치수역:안길강,장옥자역:백지원,성현경역:임정은,윤재석역:이상이,박효신역:기도훈,김지훈역:문우진,이주리역:김소라,김가연역:송다은,건어물역:신미영,꽈배기역:김가영,송서영역:이가연,송서진역:안서연,이정록역:알렉스,유보영역:손성윤,유시후역:송민재,박지연역:신수정,한기영역:강유석,홍성우역:김현목,신혜정역:김미은,심정희역:이상경,오연지역:한봄,오정봉역:오의식,이종수역:장원혁,김승현역:배호근,송이역:김주영,지원역:찬희,이현역:이필모"
20200627,MBC,130312,133637,저녁같이드실래요,<17회>,17회,전국,003325,드라마&영화,드라마,미니시리즈,0.32252,0.20726,0.32977,0.59376,0.70267,0.88824,0.50528,0.82614,0.08046,0.28889,0.81676,0.85624,0.96696,0.70451,"김해경역:송승헌,우도희역:서지혜,정재혁역:이지훈,진노을역:손나은,남아영역:예지원,키에누역:박호산,박진규역:고규필,강건우역:이현진,이병진역:김서경,임소라역:오혜원,김정환역:안태환,이문정역:전국향,전성자역:윤복인,이영동역:김정현,이은서역:서은수,푸드트럭총각역:이시언,태진아역:태진아,환자역:박산다라"
20200627,MBC,133751,141015,저녁같이드실래요,<18회>,18회,전국,003224,드라마&영화,드라마,미니시리즈,0.14156,0.03636,0.28625,0.35873,0.78835,0.68236,1.03056,0.24705,0.08178,0.27659,0.65021,1.29758,0.93714,0.72576,"김해경역:송승헌,우도희역:서지혜,정재혁역:이지훈,진노을역:손나은,남아영역:예지원,키에누역:박호산,박진규역:고규필,강건우역:이현진,이병진역:김서경,임소라역:오혜원,김정환역:안태환,이문정역:전국향,전성자역:윤복인,이영동역:김정현,이은서역:서은수,푸드트럭총각역:이시언,태진아역:태진아,환자역:박산다라"
20200627,MBC,142131,142246,저녁같이드실래요,<18회>,18회,전국,000115,드라마&영화,드라마,미니시리즈,0.18164,0,0.36889,0.13684,0.83907,0.66717,1.04858,0.1914,0,0.75371,0.99976,0.32455,1.29616,1.22043,"김해경역:송승헌,우도희역:서지혜,정재혁역:이지훈,진노을역:손나은,남아영역:예지원,키에누역:박호산,박진규역:고규필,강건우역:이현진,이병진역:김서경,임소라역:오혜원,김정환역:안태환,이문정역:전국향,전성자역:윤복인,이영동역:김정현,이은서역:서은수,푸드트럭총각역:이시언,태진아역:태진아,환자역:박산다라"
20200627,MBC,142459,145815,저녁같이드실래요,<19회>,19회,전국,003316,드라마&영화,드라마,미니시리즈,0.13265,0,0.38227,0.28749,0.74775,0.5441,0.87412,0.1071,0,0.51649,0.86359,0.36807,1.25519,1.07838,"김해경역:송승헌,우도희역:서지혜,정재혁역:이지훈,진노을역:손나은,남아영역:예지원,키에누역:박호산,박진규역:고규필,강건우역:이현진,이병진역:김서경,임소라역:오혜원,김정환역:안태환,이문정역:전국향,전성자역:윤복인,이영동역:김정현,이은서역:서은수,푸드트럭총각역:이시언,태진아역:태진아,환자역:박산다라"
20200627,MBC,150028,153409,저녁같이드실래요,<20회>,20회,전국,003341,드라마&영화,드라마,미니시리즈,0.56411,0.22798,0.451,0.91801,1.21438,0.68473,1.47568,0.04018,0.1764,0.37198,0.63835,0.96555,1.47952,1.4943,"김해경역:송승헌,우도희역:서지혜,정재혁역:이지훈,진노을역:손나은,남아영역:예지원,키에누역:박호산,박진규역:고규필,강건우역:이현진,이병진역:김서경,임소라역:오혜원,김정환역:안태환,이문정역:전국향,전성자역:윤복인,이영동역:김정현,이은서역:서은수,푸드트럭총각역:이시언,태진아역:태진아,환자역:박산다라"
20200627,MBC,212230,215951,꼰대인턴방구석팬미팅,<1부>,,전국,003721,드라마&영화,드라마,미니시리즈,3.98039,1.12793,1.02138,3.11806,1.05272,3.10825,2.67821,3.25615,0.90788,0.80687,1.83713,2.56686,3.55683,2.95626,"MC딩동,박해진,김응수,박기웅,고건한,영탁,김희재,이수영"
20200627,MBC,220048,225116,꼰대인턴방구석팬미팅,<2부>,,전국,005028,드라마&영화,드라마,미니시리즈,2.85342,1.46457,0.93579,1.91921,1.48677,2.89794,2.64307,2.30236,1.53967,0.73514,1.97994,2.21489,4.1668,3.20078,"MC딩동,박해진,김응수,박기웅,고건한,영탁,김희재,이수영"
20200627,SBS,173442,180659,편의점샛별이,<1부>,2회,전국,003217,드라마&영화,드라마,미니시리즈,0.21416,0.69871,0.75408,1.50611,0.70928,1.51137,0.78976,0.49002,0.5087,1.1133,1.15703,1.11884,1.71665,0.87238,"최대현역:지창욱,정샛별역:김유정,유연주역:한선화,조승준역:도상우,정은별역:솔빈,공분희역:김선영,최용필역:이병준,한달식역:음문석,권의추역:우현,차기복역:이윤희,고광태역:배기범,김혜자역:견미리,최대순역:김지현,황금비역:서예화,차은조역:윤수,배부장역:허재호,강성태역:지찬,김정하역:신윤정,오현지역:한류은,강지욱역:김민규,유명기역:길용우"
20200627,SBS,180840,183605,편의점샛별이,<2부>,2회,전국,002725,드라마&영화,드라마,미니시리즈,0.65384,1.40086,0.89823,2.05783,1.81037,3.26966,1.00165,1.5662,0.5476,1.14243,1.41925,1.87743,2.49583,1.18156,"최대현역:지창욱,정샛별역:김유정,유연주역:한선화,조승준역:도상우,정은별역:솔빈,공분희역:김선영,최용필역:이병준,한달식역:음문석,권의추역:우현,차기복역:이윤희,고광태역:배기범,김혜자역:견미리,최대순역:김지현,황금비역:서예화,차은조역:윤수,배부장역:허재호,강성태역:지찬,김정하역:신윤정,오현지역:한류은,강지욱역:김민규,유명기역:길용우"
20200627,SBS,184540,192003,편의점샛별이,<1부>,3회,전국,003423,드라마&영화,드라마,미니시리즈,0.99735,2.03647,1.34977,0.97009,1.60977,3.1746,1.33825,2.4924,0.71607,0.72225,0.8645,1.92906,3.75516,1.29021,"최대현역:지창욱,정샛별역:김유정,유연주역:한선화,조승준역:도상우,정은별역:솔빈,공분희역:김선영,최용필역:이병준,한달식역:음문석,권의추역:우현,차기복역:이윤희,고광태역:배기범,김혜자역:견미리,최대순역:김지현,황금비역:서예화,차은조역:윤수,배부장역:허재호,강성태역:지찬,김정하역:신윤정,오현지역:한류은,강지욱역:김민규,유명기역:길용우"
20200627,SBS,192144,194913,편의점샛별이,<2부>,3회,전국,002729,드라마&영화,드라마,미니시리즈,2.63718,2.13826,1.5736,1.3139,1.90572,4.20343,2.01547,2.66501,1.33419,1.04966,1.12386,2.94491,4.6654,1.55496,"최대현역:지창욱,정샛별역:김유정,유연주역:한선화,조승준역:도상우,정은별역:솔빈,공분희역:김선영,최용필역:이병준,한달식역:음문석,권의추역:우현,차기복역:이윤희,고광태역:배기범,김혜자역:견미리,최대순역:김지현,황금비역:서예화,차은조역:윤수,배부장역:허재호,강성태역:지찬,김정하역:신윤정,오현지역:한류은,강지욱역:김민규,유명기역:길용우"
20200627,SBS,220411,223546,편의점샛별이,<1부>,4회,전국,003135,드라마&영화,드라마,미니시리즈,2.86639,2.38036,1.30493,3.34233,2.96441,4.92909,2.54355,1.50562,1.57626,1.318,3.35812,3.91998,4.02391,3.04446,"최대현역:지창욱,정샛별역:김유정,유연주역:한선화,조승준역:도상우,정은별역:솔빈,공분희역:김선영,최용필역:이병준,한달식역:음문석,권의추역:우현,차기복역:이윤희,고광태역:배기범,김혜자역:견미리,최대순역:김지현,황금비역:서예화,차은조역:윤수,배부장역:허재호,강성태역:지찬,김정하역:신윤정,오현지역:한류은,강지욱역:김민규,유명기역:길용우"
20200627,SBS,223741,230550,편의점샛별이,<2부>,4회,전국,002809,드라마&영화,드라마,미니시리즈,3.83962,4.4312,2.07353,4.50087,5.39743,8.3102,4.58268,2.07736,2.7975,3.37006,4.80432,7.50939,8.27405,4.20152,"최대현역:지창욱,정샛별역:김유정,유연주역:한선화,조승준역:도상우,정은별역:솔빈,공분희역:김선영,최용필역:이병준,한달식역:음문석,권의추역:우현,차기복역:이윤희,고광태역:배기범,김혜자역:견미리,최대순역:김지현,황금비역:서예화,차은조역:윤수,배부장역:허재호,강성태역:지찬,김정하역:신윤정,오현지역:한류은,강지욱역:김민규,유명기역:길용우"
20200627,SBS,243651,250826,편의점샛별이,<1부>,4회,서울/경기/부산/대구/강원/충북/전북/경북/경남,003135,드라마&영화,드라마,미니시리즈,0.21266,1.19041,0.4059,0.31704,1.50163,2.33147,0.63305,0.86156,0.10681,0.73491,0.88146,1.25977,1.20189,0.41406,"최대현역:지창욱,정샛별역:김유정,유연주역:한선화,조승준역:도상우,정은별역:솔빈,공분희역:김선영,최용필역:이병준,한달식역:음문석,권의추역:우현,차기복역:이윤희,고광태역:배기범,김혜자역:견미리,최대순역:김지현,황금비역:서예화,차은조역:윤수,배부장역:허재호,강성태역:지찬,김정하역:신윤정,오현지역:한류은,강지욱역:김민규,유명기역:길용우"
20200627,SBS,251006,253815,편의점샛별이,<2부>,4회,서울/경기/부산/대구/강원/충북/전북/경북/경남,002809,드라마&영화,드라마,미니시리즈,0.33585,1.15233,0.35722,0.56773,1.60458,2.52783,0.45707,0.87836,0.0666,0.39373,0.86866,0.7915,1.37821,0.40984,"최대현역:지창욱,정샛별역:김유정,유연주역:한선화,조승준역:도상우,정은별역:솔빈,공분희역:김선영,최용필역:이병준,한달식역:음문석,권의추역:우현,차기복역:이윤희,고광태역:배기범,김혜자역:견미리,최대순역:김지현,황금비역:서예화,차은조역:윤수,배부장역:허재호,강성태역:지찬,김정하역:신윤정,오현지역:한류은,강지욱역:김민규,유명기역:길용우"
20200627,JTBC,142613,153107,쌍갑포차,,11회,전국,010454,드라마&영화,드라마,미니시리즈,1.27454,0.02667,0.00347,0.00748,0.91342,0.69849,0.42846,0,0,0.07537,0.7667,0.83233,0.79218,0.62936,"월주역:황정음,한강배역:육성재,귀반장역:최원영,염부장역:이준혁,강여린역:정다은,최진동역:안태환,송미란역:박하나,박대리역:박주형,김원형역:나인우"
20200627,JTBC,154644,165131,쌍갑포차,,12회,전국,010447,드라마&영화,드라마,미니시리즈,0.45349,0.45053,0.11014,0.17401,1.09098,1.22112,1.05105,0.14546,0.2894,0.20303,0.60409,1.10348,1.15427,1.00106,"월주역:황정음,한강배역:육성재,귀반장역:최원영,염부장역:이준혁,강여린역:정다은,최진동역:안태환,송미란역:박하나,박대리역:박주형,김원형역:나인우"
20200627,TV CHOSUN,162540,172127,바람과구름과비,,11회,전국,005547,드라마&영화,드라마,미니시리즈,0,0.31749,0.2611,0.20255,0.49754,0.79206,2.09913,1.5151,0.47323,0.18969,0.88734,0.75447,1.06596,2.37759,"최천중역:박시후,봉련역:고성희,흥선대원군이하응역:전광렬,채인규역:성혁,김병운역:김승수,김좌근역:차광수,나합역:윤아정,김병학역:한재영,조대비역:김보연,철종역:정욱,이하전역:이루,명성황후민자영역:박정연,고종이재황역:박상훈,용팔룡역:조복래,주모역:김주령,적도사진상역:한동규,팽구철역:노형욱,만석역:박노식,연치성역:임현수,반달역:왕빛나,임종사관역:허태희,최천중어린시절역:강태우,봉련어린시절역:홍승희,채인규어린시절역:최정우,상복역:허성태,민승호역:이해우,저자이병주,출판그림같은세상2020.08.28.,e북무료판매처 1건"
20200627,TV CHOSUN,225220,235751,바람과구름과비,,12회,전국,010531,드라마&영화,드라마,미니시리즈,2.50112,1.34709,0.85946,2.34498,1.02356,4.13776,4.12322,0.40612,0.39843,0.44843,2.55362,1.4196,4.5134,5.11532,"최천중역:박시후,봉련역:고성희,흥선대원군이하응역:전광렬,채인규역:성혁,김병운역:김승수,김좌근역:차광수,나합역:윤아정,김병학역:한재영,조대비역:김보연,철종역:정욱,이하전역:이루,명성황후민자영역:박정연,고종이재황역:박상훈,용팔룡역:조복래,주모역:김주령,적도사진상역:한동규,팽구철역:노형욱,만석역:박노식,연치성역:임현수,반달역:왕빛나,임종사관역:허태희,최천중어린시절역:강태우,봉련어린시절역:홍승희,채인규어린시절역:최정우,상복역:허성태,민승호역:이해우,저자이병주,출판그림같은세상2020.08.28.,e북무료판매처 1건"
20200627,tvN,025208,040821,사이코지만괜찮아,,1회,전국,011613,드라마&영화,드라마,미니시리즈,0,0.33983,0,0.47766,0.43706,0.03573,0.13434,0,0,0,0.11753,0.41855,0.04355,0.1459,"문강태역:김수현,고문영역:서예지,문상태역:오정세,남주리역:박규영,이상인역:김주헌,조재수역:강기둥,오지왕역:김창완,강순덕역:김미경,박행자역:장영남,선별역:장규리,권민석역:서준,오차용역:최우성,고대환역:이얼,간필옹역:김기천,주정태역:정재광,이아름역:지혜원,박옥란역:강지은,유선해역:주인영,강은자역:배해선,유승재역:박진주,문강태어린시절역:문우진,고문영어린시절역:김수인,권기도역:곽동연,훈남CEO역:최다니엘"
20200627,tvN,041908,053408,사이코지만괜찮아,,2회,전국,011500,드라마&영화,드라마,미니시리즈,0,0.12687,0,0.10335,0.09193,0,0.2335,0,0,0.10168,0.00245,0.3203,0.20425,0.09136,"문강태역:김수현,고문영역:서예지,문상태역:오정세,남주리역:박규영,이상인역:김주헌,조재수역:강기둥,오지왕역:김창완,강순덕역:김미경,박행자역:장영남,선별역:장규리,권민석역:서준,오차용역:최우성,고대환역:이얼,간필옹역:김기천,주정태역:정재광,이아름역:지혜원,박옥란역:강지은,유선해역:주인영,강은자역:배해선,유승재역:박진주,문강태어린시절역:문우진,고문영어린시절역:김수인,권기도역:곽동연,훈남CEO역:최다니엘"
20200627,tvN,124235,135444,아는건별로없지만가족입니다,,7회,전국,011209,드라마&영화,드라마,미니시리즈,0.13751,0.35993,0.1493,0.75855,0.4689,0.46774,0.49046,0.21848,0.03103,0.40528,0.22702,0.84224,1.39281,0.97925,"김은희역:한예리,박찬혁역:김지석,김은주역:추자현,김상식역:정진영,이진숙역:원미경,김지우역:신재하,임건주역:신동욱,윤태형역:김태훈,젊은상식역:한준우,젊은진숙역:조아영,유선일역:서상원,안효석역:이종원,서경옥역:가득희,윤서영역:혜정,전하라역:배윤경,유민우역:권율"
20200627,tvN,141432,152618,아는건별로없지만가족입니다,,8회,전국,011146,드라마&영화,드라마,미니시리즈,1.01738,0.46619,0.2678,0.39348,0.80543,0.47054,0.49858,2.00755,0.06,0.95178,0.6578,1.06048,1.24695,0.83669,"김은희역:한예리,박찬혁역:김지석,김은주역:추자현,김상식역:정진영,이진숙역:원미경,김지우역:신재하,임건주역:신동욱,윤태형역:김태훈,젊은상식역:한준우,젊은진숙역:조아영,유선일역:서상원,안효석역:이종원,서경옥역:가득희,윤서영역:혜정,전하라역:배윤경,유민우역:권율"
20200627,tvN,211151,222933,사이코지만괜찮아,,3회,전국,011742,드라마&영화,드라마,미니시리즈,1.42142,2.24173,2.03832,2.66472,2.49444,3.47371,2.72422,0.28908,2.67871,2.86677,3.35996,8.74057,5.0152,2.37657,"문강태역:김수현,고문영역:서예지,문상태역:오정세,남주리역:박규영,이상인역:김주헌,조재수역:강기둥,오지왕역:김창완,강순덕역:김미경,박행자역:장영남,선별역:장규리,권민석역:서준,오차용역:최우성,고대환역:이얼,간필옹역:김기천,주정태역:정재광,이아름역:지혜원,박옥란역:강지은,유선해역:주인영,강은자역:배해선,유승재역:박진주,문강태어린시절역:문우진,고문영어린시절역:김수인,권기도역:곽동연,훈남CEO역:최다니엘"
20200627,tvN,241702,253431,사이코지만괜찮아,,3회,전국,011729,드라마&영화,드라마,미니시리즈,0.20992,0.62226,0.3306,1.38936,0.68906,0.47793,0.3629,0.20286,0.72674,0.33368,1.69939,0.77084,0.77563,0.31085,"문강태역:김수현,고문영역:서예지,문상태역:오정세,남주리역:박규영,이상인역:김주헌,조재수역:강기둥,오지왕역:김창완,강순덕역:김미경,박행자역:장영남,선별역:장규리,권민석역:서준,오차용역:최우성,고대환역:이얼,간필옹역:김기천,주정태역:정재광,이아름역:지혜원,박옥란역:강지은,유선해역:주인영,강은자역:배해선,유승재역:박진주,문강태어린시절역:문우진,고문영어린시절역:김수인,권기도역:곽동연,훈남CEO역:최다니엘"
20200627,국방TV,210036,212426,바람은불어도,,125회,전국,002350,드라마&영화,드라마,미니시리즈,0,0,0,0,0,0,0,0,0,0,0,0,0,0,"최수종,유호정,윤손하,송나영,송기윤,나문희"
20200627,국방TV,213036,215658,바람은불어도,,126회,전국,002622,드라마&영화,드라마,미니시리즈,0,0,0,0,0,0,0,0,0,0,0.00138,0,0,0.00087,"최수종,유호정,윤손하,송나영,송기윤,나문희"
20200627,국방TV,240036,242426,바람은불어도,,125회,전국,002350,드라마&영화,드라마,미니시리즈,0,0,0,0,0,0,0.00301,0,0,0,0,0,0,0.00185,"최수종,유호정,윤손하,송나영,송기윤,나문희"
20200627,국방TV,243035,245658,바람은불어도,,126회,전국,002623,드라마&영화,드라마,미니시리즈,0,0,0,0,0,0,0,0,0,0,0,0,0,0,"최수종,유호정,윤손하,송나영,송기윤,나문희"
20200627,국방TV,250036,252713,바람은불어도,,127회,전국,002637,드라마&영화,드라마,미니시리즈,0,0.01044,0,0,0,0.00852,0,0,0,0,0,0,0,0.01764,"최수종,유호정,윤손하,송나영,송기윤,나문희"
20200627,국방TV,253036,255715,바람은불어도,,128회,전국,002639,드라마&영화,드라마,미니시리즈,0,0,0,0,0,0,0,0,0,0,0,0,0,0,"최수종,유호정,윤손하,송나영,송기윤,나문희"
20200627,OCN Movies,074943,085118,번외수사,,9회,전국,010135,드라마&영화,드라마,미니시리즈,0,0,0.0367,0.0026,0.06084,0.24603,0.08652,0,0,0,0.0106,0.0872,0.04877,0.09699,"진강호역:차태현,강무영역:이선빈,이반석역:정상훈,테디정역:윤경호,탁원역:지승현,민대진역:박정우,맨손역:박태산,연장역:장진희,지수철역:이영석,노순이역:민경옥"
20200627,OCN Movies,091256,101446,번외수사,,10회,전국,010150,드라마&영화,드라마,미니시리즈,0,0,0.48488,0,0.00748,0.74968,0.03195,0,0,0,0.04134,0.39707,0.16811,0.26698,"진강호역:차태현,강무영역:이선빈,이반석역:정상훈,테디정역:윤경호,탁원역:지승현,민대진역:박정우,맨손역:박태산,연장역:장진희,지수철역:이영석,노순이역:민경옥"
20200627,AXN,061759,072126,완전한사랑,,19회,전국,010327,드라마&영화,드라마,주간연속극,0,0,0.04061,0,0.00736,0.01558,0,0,0,0.05582,0,0,0.00889,0.02194,"박시우역:차인표,하영애역:김희애,문지나역:이승연,박회장역:김성원,장혜자역:강부자"
20200627,AXN,073750,084048,완전한사랑,,20회,전국,010258,드라마&영화,드라마,주간연속극,0,0,0,0.01693,0.00497,0,0,0,0,0,0,0.00237,0,0.00603,"박시우역:차인표,하영애역:김희애,문지나역:이승연,박회장역:김성원,장혜자역:강부자"
20200627,AXN,134011,144406,완전한사랑,,19회,전국,010355,드라마&영화,드라마,주간연속극,0,0,0.01076,0,0,0.00658,0.08928,0,0,0,0,0,0.00492,0.06,"박시우역:차인표,하영애역:김희애,문지나역:이승연,박회장역:김성원,장혜자역:강부자"
20200627,AXN,150016,160357,완전한사랑,,20회,전국,010341,드라마&영화,드라마,주간연속극,0,0,0,0,0,0.00628,0.16233,0,0,0,0,0.00213,0.0231,0.12713,"박시우역:차인표,하영애역:김희애,문지나역:이승연,박회장역:김성원,장혜자역:강부자"
20200627,AXN,212545,222903,완전한사랑,,19회,전국,010318,드라마&영화,드라마,주간연속극,0,0,0,0.03503,0,0,0.05648,0,0,0,0.09837,0.1274,0,0.05818,"박시우역:차인표,하영애역:김희애,문지나역:이승연,박회장역:김성원,장혜자역:강부자"
20200627,AXN,224126,234415,완전한사랑,,20회,전국,010249,드라마&영화,드라마,주간연속극,0,0,0.24432,0,0,0.02499,0.07439,0,0,0,0.01723,0.16193,0.12842,0.00198,"박시우역:차인표,하영애역:김희애,문지나역:이승연,박회장역:김성원,장혜자역:강부자"
20200627,CHING,020000,023131,이산,,31회,전국,003131,드라마&영화,드라마,주간연속극,0.13207,0,0,0.03868,0,0,0.01026,0,0,0,0.03033,0,0,0.01114,"정조이산역:이서진,성송연역:한지민,영조역:이순재,정순왕후역:김여진,화완옹주역:성현아,정후겸역:조연우,박대수역:이종수,효의왕후역:박은혜,혜경궁홍씨역:견미리,사도세자역:이창훈,홍국영역:한상진,최석주역:조경환,채제공역:한인수,정약용역:송창의,장태우역:이재용,민주식역:정호근,박제가역:정재곤,남사초역:맹상훈,박달호역:이희도,김정금상궁역:김소이,강미비상궁역:이숙,원빈홍씨역:지성원,화빈윤씨역:유연지,박영문역:신국,초비역:이도은,이천역:지상렬,탁지수역:유민혁,이산어린시절역:박지빈,성송연어린시절역:이한나,박대수어린시절역:권오민,정후겸어린시절역:이인성"
20200627,CHING,024117,034711,이산,,32회,전국,010554,드라마&영화,드라마,주간연속극,0,0,0,0,0,0,0,0,0,0,0,0,0.00257,0,"정조이산역:이서진,성송연역:한지민,영조역:이순재,정순왕후역:김여진,화완옹주역:성현아,정후겸역:조연우,박대수역:이종수,효의왕후역:박은혜,혜경궁홍씨역:견미리,사도세자역:이창훈,홍국영역:한상진,최석주역:조경환,채제공역:한인수,정약용역:송창의,장태우역:이재용,민주식역:정호근,박제가역:정재곤,남사초역:맹상훈,박달호역:이희도,김정금상궁역:김소이,강미비상궁역:이숙,원빈홍씨역:지성원,화빈윤씨역:유연지,박영문역:신국,초비역:이도은,이천역:지상렬,탁지수역:유민혁,이산어린시절역:박지빈,성송연어린시절역:이한나,박대수어린시절역:권오민,정후겸어린시절역:이인성"
20200627,CHING,062229,072428,달의연인-보보경심:려,,1회,전국,010159,드라마&영화,드라마,주간연속극,0,0,0,0.03363,0,0,0.01337,0,0,0,0.01777,0,0,0.00111,"4황자왕소역:이준기,해수역:이지은,8황자왕욱역:강하늘,3황자왕요역:홍종현,13황자왕욱역:남주혁,10황자왕은역:백현,14황자왕정역:지수,9황자왕원역:윤선우,정윤왕무역:김산호,최지몽역:김성균,황보연화역:강한나,태조왕건역:조민기,황후유씨역:박지영,황후황보씨역:정경순,박수경역:성동일,오상궁역:우희진,해씨부인역:박시은,채령역:진기주,우희역:서현,박순덕역:지헤라,박영규역:최병모,왕식렴역:박정학"
20200627,CHING,073340,083633,달의연인-보보경심:려,,2회,전국,010253,드라마&영화,드라마,주간연속극,0,0,0,0.00292,0,0,0,0,0,0,0,0,0,0.00209,"4황자왕소역:이준기,해수역:이지은,8황자왕욱역:강하늘,3황자왕요역:홍종현,13황자왕욱역:남주혁,10황자왕은역:백현,14황자왕정역:지수,9황자왕원역:윤선우,정윤왕무역:김산호,최지몽역:김성균,황보연화역:강한나,태조왕건역:조민기,황후유씨역:박지영,황후황보씨역:정경순,박수경역:성동일,오상궁역:우희진,해씨부인역:박시은,채령역:진기주,우희역:서현,박순덕역:지헤라,박영규역:최병모,왕식렴역:박정학"
20200627,CHING,085120,095425,달의연인-보보경심:려,,3회,전국,010305,드라마&영화,드라마,주간연속극,0,0,0,0,0,0,0,0,0,0,0,0,0,0,"4황자왕소역:이준기,해수역:이지은,8황자왕욱역:강하늘,3황자왕요역:홍종현,13황자왕욱역:남주혁,10황자왕은역:백현,14황자왕정역:지수,9황자왕원역:윤선우,정윤왕무역:김산호,최지몽역:김성균,황보연화역:강한나,태조왕건역:조민기,황후유씨역:박지영,황후황보씨역:정경순,박수경역:성동일,오상궁역:우희진,해씨부인역:박시은,채령역:진기주,우희역:서현,박순덕역:지헤라,박영규역:최병모,왕식렴역:박정학"
20200627,CHING,100422,110719,달의연인-보보경심:려,,4회,전국,010257,드라마&영화,드라마,주간연속극,0,0,0,0,0,0,0.01652,0,0,0,0,0,0,0,"4황자왕소역:이준기,해수역:이지은,8황자왕욱역:강하늘,3황자왕요역:홍종현,13황자왕욱역:남주혁,10황자왕은역:백현,14황자왕정역:지수,9황자왕원역:윤선우,정윤왕무역:김산호,최지몽역:김성균,황보연화역:강한나,태조왕건역:조민기,황후유씨역:박지영,황후황보씨역:정경순,박수경역:성동일,오상궁역:우희진,해씨부인역:박시은,채령역:진기주,우희역:서현,박순덕역:지헤라,박영규역:최병모,왕식렴역:박정학"
20200627,CHING,184901,195054,달의연인-보보경심:려,,1회,전국,010153,드라마&영화,드라마,주간연속극,0,0,0,0,0,0,0.06673,0,0,0,0,0.03782,0,0.10474,"4황자왕소역:이준기,해수역:이지은,8황자왕욱역:강하늘,3황자왕요역:홍종현,13황자왕욱역:남주혁,10황자왕은역:백현,14황자왕정역:지수,9황자왕원역:윤선우,정윤왕무역:김산호,최지몽역:김성균,황보연화역:강한나,태조왕건역:조민기,황후유씨역:박지영,황후황보씨역:정경순,박수경역:성동일,오상궁역:우희진,해씨부인역:박시은,채령역:진기주,우희역:서현,박순덕역:지헤라,박영규역:최병모,왕식렴역:박정학"
20200627,CHING,200301,210549,달의연인-보보경심:려,,2회,전국,010248,드라마&영화,드라마,주간연속극,0,0,0,0,0,0,0.11115,0,0,0,0.04081,0.01241,0,0.13962,"4황자왕소역:이준기,해수역:이지은,8황자왕욱역:강하늘,3황자왕요역:홍종현,13황자왕욱역:남주혁,10황자왕은역:백현,14황자왕정역:지수,9황자왕원역:윤선우,정윤왕무역:김산호,최지몽역:김성균,황보연화역:강한나,태조왕건역:조민기,황후유씨역:박지영,황후황보씨역:정경순,박수경역:성동일,오상궁역:우희진,해씨부인역:박시은,채령역:진기주,우희역:서현,박순덕역:지헤라,박영규역:최병모,왕식렴역:박정학"
20200627,CHING,212229,222530,달의연인-보보경심:려,,3회,전국,010301,드라마&영화,드라마,주간연속극,0,0,0,0.00807,0,0,0.04021,0,0,0,0.00217,0,0,0.0497,"4황자왕소역:이준기,해수역:이지은,8황자왕욱역:강하늘,3황자왕요역:홍종현,13황자왕욱역:남주혁,10황자왕은역:백현,14황자왕정역:지수,9황자왕원역:윤선우,정윤왕무역:김산호,최지몽역:김성균,황보연화역:강한나,태조왕건역:조민기,황후유씨역:박지영,황후황보씨역:정경순,박수경역:성동일,오상궁역:우희진,해씨부인역:박시은,채령역:진기주,우희역:서현,박순덕역:지헤라,박영규역:최병모,왕식렴역:박정학"
20200627,CHING,223708,233959,달의연인-보보경심:려,,4회,전국,010251,드라마&영화,드라마,주간연속극,0,0,0,0,0,0,0.08514,0,0,0,0,0,0,0.13253,"4황자왕소역:이준기,해수역:이지은,8황자왕욱역:강하늘,3황자왕요역:홍종현,13황자왕욱역:남주혁,10황자왕은역:백현,14황자왕정역:지수,9황자왕원역:윤선우,정윤왕무역:김산호,최지몽역:김성균,황보연화역:강한나,태조왕건역:조민기,황후유씨역:박지영,황후황보씨역:정경순,박수경역:성동일,오상궁역:우희진,해씨부인역:박시은,채령역:진기주,우희역:서현,박순덕역:지헤라,박영규역:최병모,왕식렴역:박정학"
20200627,CNTV,023700,032718,태조왕건,,1회,전국,005018,드라마&영화,드라마,주간연속극,0,0,0,0.08674,0,0,0.07333,0,0,0,0.1565,0,0.00497,0.06555,"왕건역:최수종,궁예역:김영철,강비역:김혜리,견훤역:서인석"
20200627,CNTV,033420,040428,녹두꽃,,29회,전국,003008,드라마&영화,드라마,미니시리즈,0,0,0,0,0,0,0,0,0,0,0,0,0,0,"백이강역:조정석,백이현역:윤시윤,송자인역:한예리,전봉준역:최무성,백가역:박혁권,최덕기역:김상호,황석주역:최원영,채씨역:황영희,백이화역:백은혜,유월이역:서영희,남서방역:정선철,최경선역:민성욱,해승역:안길강,버들이역:노행하,번개역:병헌,동록개역:정규수,김가역:박지환,김개남역:김정호,손화중역:홍우진,송희옥역:이태검,황명심역:박규영,홍가역:조희봉,억쇠역:조현식,철두역:김도연,박원명역:김하균,송봉길역:박지일,김당손역:문원주,김문현역:이순원,김학진역:남문철,홍계훈역:윤서현,이규태역:손우현,이두황역:서종봉,대원군역:전국환,민비역:김지현,고종역:이윤건,조병갑역:장광,이용태역:이정헌,최시형역:전무송,다케다요스케역:이기찬,김홍집역:황만익"
20200627,CNTV,040453,043337,녹두꽃,,30회,전국,002844,드라마&영화,드라마,미니시리즈,0,0,0,0.01472,0,0.03427,0.05911,0,0,0,0,0,0.00569,0,"백이강역:조정석,백이현역:윤시윤,송자인역:한예리,전봉준역:최무성,백가역:박혁권,최덕기역:김상호,황석주역:최원영,채씨역:황영희,백이화역:백은혜,유월이역:서영희,남서방역:정선철,최경선역:민성욱,해승역:안길강,버들이역:노행하,번개역:병헌,동록개역:정규수,김가역:박지환,김개남역:김정호,손화중역:홍우진,송희옥역:이태검,황명심역:박규영,홍가역:조희봉,억쇠역:조현식,철두역:김도연,박원명역:김하균,송봉길역:박지일,김당손역:문원주,김문현역:이순원,김학진역:남문철,홍계훈역:윤서현,이규태역:손우현,이두황역:서종봉,대원군역:전국환,민비역:김지현,고종역:이윤건,조병갑역:장광,이용태역:이정헌,최시형역:전무송,다케다요스케역:이기찬,김홍집역:황만익"
20200627,CNTV,070357,075445,광개토태왕,,83회,전국,005048,드라마&영화,드라마,주말연속극,0,0,0.00551,0.0286,0.00455,0.45188,0.16347,0,0,0,0,0.21341,0.01154,0.04542,"담덕역:이태곤,고운역:김승수,모용보역:임호,도영역:오지은,연살타역:홍경인,약연역:이인혜,고무역:김진태,고창역:남성진,모두영역:이원발,모두루역:임대호,모용수역:김동현,풍발역:정호근,개연수역:최동준,가라지역:오욱철,연도부역:반석진,계필역:선동혁,이영역:최상훈,담망역:정태우,이련역:송용태,고야역:이보희,담주역:조안,설도안역:김규철,설지역:김정화,마수역:고인범,여소이역:임병기,돌비수역:김정현,갈사무역:강신조,도광역:박승호,소모역:강지후,여문역:나주석,모용희역:조인표,거보역:김덕현,무갑역:유종근,여석개역:방형주,황회역:김명수,원봉역:박유승,하무지역:윤승원,사갈현역:김철기,아신역:박정철"
20200627,CNTV,080513,085633,광개토태왕,,84회,전국,005120,드라마&영화,드라마,주말연속극,0,0,0.00517,0,0,0.20533,0.41013,0,0,0.00326,0.00353,0,0.01491,0.1044,"담덕역:이태곤,고운역:김승수,모용보역:임호,도영역:오지은,연살타역:홍경인,약연역:이인혜,고무역:김진태,고창역:남성진,모두영역:이원발,모두루역:임대호,모용수역:김동현,풍발역:정호근,개연수역:최동준,가라지역:오욱철,연도부역:반석진,계필역:선동혁,이영역:최상훈,담망역:정태우,이련역:송용태,고야역:이보희,담주역:조안,설도안역:김규철,설지역:김정화,마수역:고인범,여소이역:임병기,돌비수역:김정현,갈사무역:강신조,도광역:박승호,소모역:강지후,여문역:나주석,모용희역:조인표,거보역:김덕현,무갑역:유종근,여석개역:방형주,황회역:김명수,원봉역:박유승,하무지역:윤승원,사갈현역:김철기,아신역:박정철"
20200627,CNTV,102053,112702,에덴의동쪽,,55회,전국,010609,드라마&영화,드라마,주간연속극,0,0,0,0.04455,0,0.00659,0.03653,0,0,0.00104,0.04801,0.00325,0.00188,0.06196,"이동철역:송승헌,이동욱역:연정훈,민혜린역:이다해,지현역:한지혜,신명훈역:박해진,국영란역:이연희,기순역:전소민,혜령역:정소영,제니스역:정혜영,마이크역:데니스오,백성현역:박성웅,미애역:신은정,신태환역:조민기,지현어린시절역:남지현"
20200627,CNTV,114552,125113,각시탈,,27회,전국,010521,드라마&영화,드라마,미니시리즈,0,0,0.03707,0.0526,0.05995,0.04446,0.18861,0,0,0.04852,0.06679,0.01982,0.02103,0.09822,"이강토역:주원,목단역:진세연,기무라슌지역:박기웅,채홍주역:한채아,이강산역:신현준,한씨역:송옥숙,이선역:이일재,백건역:전현,담사리역:전노민,조단장역:손병호,오동년역:이경실,신난다역:이병준,선화역:손여은,계순역:서윤아,기무라타로역:천호진,기무라켄지역:박주형,우에노히데키역:전국환,가츠야마준역:안형준,이화경역:김정난,미나미타마오역:최대훈,콘노고지역:김응수,아베신지역:윤봉길,고이소타다노부역:윤진호,타샤역:지서윤,봉실장역:백재진,메리역:장준유,노상엽역:이재원,최명섭역:권태원,우병준역:김규철,이시용역:안석환,박인삼역:김태영,조영근역:고인범,긴페이가토역:브루스칸,박성모역:방중현,수지역:오은호,제니역:양희윤,안나역:반민정,득수역:김방원,진홍역:정은별,무라야마요시오역:김명수,양백역:김명곤,동진역:박성웅,심순이역:이슬비,송기자역:최대철,카카와역:최웅,안섭역:지민,타케다산상역:이주현,민규역:박보검,카네코역:한수아"
20200627,CNTV,130736,141121,바람과구름과비,,10회,전국,010345,드라마&영화,드라마,미니시리즈,0,0.21035,0,0.02271,0.01361,0.17588,0.23992,0,0,0.05896,0.06183,0.03732,0.25131,0.16497,"최천중역:박시후,봉련역:고성희,흥선대원군이하응역:전광렬,채인규역:성혁,김병운역:김승수,김좌근역:차광수,나합역:윤아정,김병학역:한재영,조대비역:김보연,철종역:정욱,이하전역:이루,명성황후민자영역:박정연,고종이재황역:박상훈,용팔룡역:조복래,주모역:김주령,적도사진상역:한동규,팽구철역:노형욱,만석역:박노식,연치성역:임현수,반달역:왕빛나,임종사관역:허태희,최천중어린시절역:강태우,봉련어린시절역:홍승희,채인규어린시절역:최정우,상복역:허성태,민승호역:이해우,저자이병주,출판그림같은세상2020.08.28.,e북무료판매처 1건"
20200627,CNTV,163837,172955,광개토태왕,,83회,전국,005118,드라마&영화,드라마,주말연속극,0,0,0.01103,0.02038,0.01471,0.14791,0.15195,0,0,0,0,0.17489,0.03183,0.08365,"담덕역:이태곤,고운역:김승수,모용보역:임호,도영역:오지은,연살타역:홍경인,약연역:이인혜,고무역:김진태,고창역:남성진,모두영역:이원발,모두루역:임대호,모용수역:김동현,풍발역:정호근,개연수역:최동준,가라지역:오욱철,연도부역:반석진,계필역:선동혁,이영역:최상훈,담망역:정태우,이련역:송용태,고야역:이보희,담주역:조안,설도안역:김규철,설지역:김정화,마수역:고인범,여소이역:임병기,돌비수역:김정현,갈사무역:강신조,도광역:박승호,소모역:강지후,여문역:나주석,모용희역:조인표,거보역:김덕현,무갑역:유종근,여석개역:방형주,황회역:김명수,원봉역:박유승,하무지역:윤승원,사갈현역:김철기,아신역:박정철"
20200627,CNTV,174730,183850,광개토태왕,,84회,전국,005120,드라마&영화,드라마,주말연속극,0.01036,0,0.10637,0.07491,0.14421,0.10541,0.21363,0,0,0.07311,0.00238,0.06619,0.18905,0.06382,"담덕역:이태곤,고운역:김승수,모용보역:임호,도영역:오지은,연살타역:홍경인,약연역:이인혜,고무역:김진태,고창역:남성진,모두영역:이원발,모두루역:임대호,모용수역:김동현,풍발역:정호근,개연수역:최동준,가라지역:오욱철,연도부역:반석진,계필역:선동혁,이영역:최상훈,담망역:정태우,이련역:송용태,고야역:이보희,담주역:조안,설도안역:김규철,설지역:김정화,마수역:고인범,여소이역:임병기,돌비수역:김정현,갈사무역:강신조,도광역:박승호,소모역:강지후,여문역:나주석,모용희역:조인표,거보역:김덕현,무갑역:유종근,여석개역:방형주,황회역:김명수,원봉역:박유승,하무지역:윤승원,사갈현역:김철기,아신역:박정철"
20200627,CNTV,185907,200516,에덴의동쪽,,55회,전국,010609,드라마&영화,드라마,주간연속극,0,0,0,0.0442,0,0.00829,0.10779,0,0,0,0,0,0.01362,0.08254,"이동철역:송승헌,이동욱역:연정훈,민혜린역:이다해,지현역:한지혜,신명훈역:박해진,국영란역:이연희,기순역:전소민,혜령역:정소영,제니스역:정혜영,마이크역:데니스오,백성현역:박성웅,미애역:신은정,신태환역:조민기,지현어린시절역:남지현"
20200627,CNTV,202611,213132,각시탈,,27회,전국,010521,드라마&영화,드라마,미니시리즈,0,0,0.02235,0,0.26501,0.04956,0.10644,0,0,0,0,0.22782,0.13154,0.16795,"이강토역:주원,목단역:진세연,기무라슌지역:박기웅,채홍주역:한채아,이강산역:신현준,한씨역:송옥숙,이선역:이일재,백건역:전현,담사리역:전노민,조단장역:손병호,오동년역:이경실,신난다역:이병준,선화역:손여은,계순역:서윤아,기무라타로역:천호진,기무라켄지역:박주형,우에노히데키역:전국환,가츠야마준역:안형준,이화경역:김정난,미나미타마오역:최대훈,콘노고지역:김응수,아베신지역:윤봉길,고이소타다노부역:윤진호,타샤역:지서윤,봉실장역:백재진,메리역:장준유,노상엽역:이재원,최명섭역:권태원,우병준역:김규철,이시용역:안석환,박인삼역:김태영,조영근역:고인범,긴페이가토역:브루스칸,박성모역:방중현,수지역:오은호,제니역:양희윤,안나역:반민정,득수역:김방원,진홍역:정은별,무라야마요시오역:김명수,양백역:김명곤,동진역:박성웅,심순이역:이슬비,송기자역:최대철,카카와역:최웅,안섭역:지민,타케다산상역:이주현,민규역:박보검,카네코역:한수아"
20200627,CNTV,214751,225135,바람과구름과비,,10회,전국,010344,드라마&영화,드라마,미니시리즈,0,0,0.00606,0,0,0.10833,0.31881,0,0,0.0061,0,0.13575,0.25106,0.15251,"최천중역:박시후,봉련역:고성희,흥선대원군이하응역:전광렬,채인규역:성혁,김병운역:김승수,김좌근역:차광수,나합역:윤아정,김병학역:한재영,조대비역:김보연,철종역:정욱,이하전역:이루,명성황후민자영역:박정연,고종이재황역:박상훈,용팔룡역:조복래,주모역:김주령,적도사진상역:한동규,팽구철역:노형욱,만석역:박노식,연치성역:임현수,반달역:왕빛나,임종사관역:허태희,최천중어린시절역:강태우,봉련어린시절역:홍승희,채인규어린시절역:최정우,상복역:허성태,민승호역:이해우,저자이병주,출판그림같은세상2020.08.28.,e북무료판매처 1건"
20200627,CNTV,250704,255752,광개토태왕,,83회,전국,005048,드라마&영화,드라마,주말연속극,0,0,0,0,0,0.10571,0,0,0,0,0,0.06962,0.00905,0,"담덕역:이태곤,고운역:김승수,모용보역:임호,도영역:오지은,연살타역:홍경인,약연역:이인혜,고무역:김진태,고창역:남성진,모두영역:이원발,모두루역:임대호,모용수역:김동현,풍발역:정호근,개연수역:최동준,가라지역:오욱철,연도부역:반석진,계필역:선동혁,이영역:최상훈,담망역:정태우,이련역:송용태,고야역:이보희,담주역:조안,설도안역:김규철,설지역:김정화,마수역:고인범,여소이역:임병기,돌비수역:김정현,갈사무역:강신조,도광역:박승호,소모역:강지후,여문역:나주석,모용희역:조인표,거보역:김덕현,무갑역:유종근,여석개역:방형주,황회역:김명수,원봉역:박유승,하무지역:윤승원,사갈현역:김철기,아신역:박정철"
20200627,DramaH,085142,095531,번외수사,,7회,전국,010349,드라마&영화,드라마,미니시리즈,0,0,0,0.13794,0.0945,0,0.00385,0,0,0,0,0.25693,0.0034,0.00244,"진강호역:차태현,강무영역:이선빈,이반석역:정상훈,테디정역:윤경호,탁원역:지승현,민대진역:박정우,맨손역:박태산,연장역:장진희,지수철역:이영석,노순이역:민경옥"
20200627,DramaH,101406,112007,번외수사,,8회,전국,010601,드라마&영화,드라마,미니시리즈,0.74248,0.20586,0.01419,0.00706,0.11048,0.09903,0.11346,0,0.54548,0,0.00278,0.13255,0.18516,0.02638,"진강호역:차태현,강무영역:이선빈,이반석역:정상훈,테디정역:윤경호,탁원역:지승현,민대진역:박정우,맨손역:박태산,연장역:장진희,지수철역:이영석,노순이역:민경옥"
20200627,DramaH,113603,124121,터널,,9회,전국,010518,드라마&영화,드라마,미니시리즈,0.73145,0.25905,0,0.014,0.2183,0.20802,0.00464,0,0.29094,0,0.00237,0.28867,0.13586,0.0103,"박광호역:최진혁,김선재역:윤현민,신재이역:이유영,전성식역:조희봉,곽태희역:김병철,송민하역:강기영,신연숙역:이시아,목진우역:김민상,오기자역:양주호,박광호역:차학연,홍혜원역:문숙,오기사역:양주호,정호영역:허성태,유옥희역:이용녀,전성식젊은시절역:김동영,정호영어린시절역:함성민,목진우젊은시절역:노태엽"
20200627,DramaH,130017,140102,터널,,10회,전국,010045,드라마&영화,드라마,미니시리즈,0.47964,0.25905,0,0.00859,0.23262,0.25611,0.00279,0,0.18541,0,0.23911,0.2985,0.11238,0,"박광호역:최진혁,김선재역:윤현민,신재이역:이유영,전성식역:조희봉,곽태희역:김병철,송민하역:강기영,신연숙역:이시아,목진우역:김민상,오기자역:양주호,박광호역:차학연,홍혜원역:문숙,오기사역:양주호,정호영역:허성태,유옥희역:이용녀,전성식젊은시절역:김동영,정호영어린시절역:함성민,목진우젊은시절역:노태엽"
20200627,DramaH,141927,153031,터널,,11회,전국,011104,드라마&영화,드라마,미니시리즈,0,0.27958,0,0.01414,0.01191,0.24338,0.00293,0,0.18541,0,0.39207,0.14871,0.09482,0.00753,"박광호역:최진혁,김선재역:윤현민,신재이역:이유영,전성식역:조희봉,곽태희역:김병철,송민하역:강기영,신연숙역:이시아,목진우역:김민상,오기자역:양주호,박광호역:차학연,홍혜원역:문숙,오기사역:양주호,정호영역:허성태,유옥희역:이용녀,전성식젊은시절역:김동영,정호영어린시절역:함성민,목진우젊은시절역:노태엽"
20200627,DramaH,154740,165245,터널,,12회,전국,010505,드라마&영화,드라마,미니시리즈,0,0,0.00213,0.00736,0.02827,0.13046,0.00691,0,0,0.09142,0.43101,0.08701,0.08682,0.06246,"박광호역:최진혁,김선재역:윤현민,신재이역:이유영,전성식역:조희봉,곽태희역:김병철,송민하역:강기영,신연숙역:이시아,목진우역:김민상,오기자역:양주호,박광호역:차학연,홍혜원역:문숙,오기사역:양주호,정호영역:허성태,유옥희역:이용녀,전성식젊은시절역:김동영,정호영어린시절역:함성민,목진우젊은시절역:노태엽"
20200627,DramaH,243334,253921,번외수사,,8회,전국,010547,드라마&영화,드라마,미니시리즈,0,0,0,0.00425,0,0.38075,0.00555,0,0,0,0,0.15436,0.17339,0.00932,"진강호역:차태현,강무영역:이선빈,이반석역:정상훈,테디정역:윤경호,탁원역:지승현,민대진역:박정우,맨손역:박태산,연장역:장진희,지수철역:이영석,노순이역:민경옥"
20200627,DramaH,255223,255959,번외수사,,9회,전국,000736,드라마&영화,드라마,미니시리즈,0.04541,0,0,0,0.02104,0.07118,0.01415,0.04785,0,0,0.0779,0.13012,0.08124,0.02214,"진강호역:차태현,강무영역:이선빈,이반석역:정상훈,테디정역:윤경호,탁원역:지승현,민대진역:박정우,맨손역:박태산,연장역:장진희,지수철역:이영석,노순이역:민경옥"
20200627,Dramax,023851,034218,궁중잔혹사꽃들의전쟁,,21회,전국,010327,드라마&영화,드라마,주말연속극,0,0,0.00593,0,0.06919,0.00114,0.01192,0,0,0,0.13509,0.00351,0.00255,0.01501,"소용조씨역:김현주,인조역:이덕화,민회빈강씨역:송선미,김자점역:정성모,소현세자역:정성운,봉림대군역:김주영,장렬왕후조씨역:고원희,남혁역:전태수,설죽역:서이숙,박숙의역:이서연,유덕역:이설희,소용조씨어린시절역:이채미,이형익역:손병호,심기원역:김규철,김인역:우현,한옥역:정선경,장귀인역:이혜은,이상궁역:연미주,김상궁역:엄유신,언년역:정유민"
20200627,Dramax,034956,045320,궁중잔혹사꽃들의전쟁,,22회,전국,010324,드라마&영화,드라마,주말연속극,0,0,0.01527,0,0.03075,0.00392,0.00348,0,0,0,0,0.00334,0.00205,0.00071,"소용조씨역:김현주,인조역:이덕화,민회빈강씨역:송선미,김자점역:정성모,소현세자역:정성운,봉림대군역:김주영,장렬왕후조씨역:고원희,남혁역:전태수,설죽역:서이숙,박숙의역:이서연,유덕역:이설희,소용조씨어린시절역:이채미,이형익역:손병호,심기원역:김규철,김인역:우현,한옥역:정선경,장귀인역:이혜은,이상궁역:연미주,김상궁역:엄유신,언년역:정유민"
20200627,FOX채널,103252,114027,뷰티인사이드,,9회,전국,010735,드라마&영화,드라마,미니시리즈,0.07418,0,0.00367,0.00946,0.01884,0,0.02166,0,0.01458,0,0.02168,0.07466,0.01142,0.00155,"한세계역:서현진,서도재역:이민기,강사라역:이다희,류은호역:안재현,정주환역:이태리,유우미역:문지인,임정연역:나영희,임회장역:이문수,강대식역:강남길,한숙희역:김희정,채유리역:류화영,이희섭역:김승욱,은호부역:이한위,은호모역:김예령,김이사역:이철민"
20200627,FOX채널,141143,151917,뷰티인사이드,,9회,전국,010734,드라마&영화,드라마,미니시리즈,0.02875,0.09486,0,0,0.05635,0.0017,0.02778,0.02778,0,0.00333,0.00605,0.204,0.00649,0.04125,"한세계역:서현진,서도재역:이민기,강사라역:이다희,류은호역:안재현,정주환역:이태리,유우미역:문지인,임정연역:나영희,임회장역:이문수,강대식역:강남길,한숙희역:김희정,채유리역:류화영,이희섭역:김승욱,은호부역:이한위,은호모역:김예령,김이사역:이철민"
20200627,FOX채널,170009,181008,뷰티인사이드,,10회,전국,010959,드라마&영화,드라마,미니시리즈,0,0.00723,0,0,0,0,0.05269,0,0,0,0,0.02133,0.091,0,"한세계역:서현진,서도재역:이민기,강사라역:이다희,류은호역:안재현,정주환역:이태리,유우미역:문지인,임정연역:나영희,임회장역:이문수,강대식역:강남길,한숙희역:김희정,채유리역:류화영,이희섭역:김승욱,은호부역:이한위,은호모역:김예령,김이사역:이철민"
20200627,FOX채널,254528,255959,뷰티인사이드,,10회,전국,001431,드라마&영화,드라마,미니시리즈,0,0,0,0,0.03364,0.06151,0.03247,0,0,0,0,0.01041,0.06442,0.03801,"한세계역:서현진,서도재역:이민기,강사라역:이다희,류은호역:안재현,정주환역:이태리,유우미역:문지인,임정연역:나영희,임회장역:이문수,강대식역:강남길,한숙희역:김희정,채유리역:류화영,이희섭역:김승욱,은호부역:이한위,은호모역:김예령,김이사역:이철민"
20200627,JTBC2,111149,122010,쌍갑포차,,11회,전국,010821,드라마&영화,드라마,미니시리즈,0,0,0.01555,0,0.19277,0.08355,0.11391,0,0,0.01706,0.00982,0.42107,0.01252,0.10317,"월주역:황정음,한강배역:육성재,귀반장역:최원영,염부장역:이준혁,강여린역:정다은,최진동역:안태환,송미란역:박하나,박대리역:박주형,김원형역:나인우"
20200627,JTBC2,123501,134330,쌍갑포차,,12회,전국,010829,드라마&영화,드라마,미니시리즈,0,0,0,0.09215,0.29857,0.24272,0.08293,0,0.03926,0.05736,0.01026,0.68056,0.10948,0.07213,"월주역:황정음,한강배역:육성재,귀반장역:최원영,염부장역:이준혁,강여린역:정다은,최진동역:안태환,송미란역:박하나,박대리역:박주형,김원형역:나인우"
20200627,JTBC2,180508,191325,쌍갑포차,,11회,전국,010817,드라마&영화,드라마,미니시리즈,0,0,0.2125,0.00466,0.07871,0,0.06484,0,0,0.15952,0,0.05477,0.38887,0.00552,"월주역:황정음,한강배역:육성재,귀반장역:최원영,염부장역:이준혁,강여린역:정다은,최진동역:안태환,송미란역:박하나,박대리역:박주형,김원형역:나인우"
20200627,JTBC2,192725,203551,쌍갑포차,,12회,전국,010826,드라마&영화,드라마,미니시리즈,0.08463,0.0199,0.22578,0,0.15914,0.1256,0.18985,0,0.00654,0.18112,0,0.26276,0.46813,0.12825,"월주역:황정음,한강배역:육성재,귀반장역:최원영,염부장역:이준혁,강여린역:정다은,최진동역:안태환,송미란역:박하나,박대리역:박주형,김원형역:나인우"
20200627,KBS DRAMA,053921,061329,위험한약속,,57회,전국,003408,드라마&영화,드라마,일일연속극,0,0.27045,0,0.02145,0,0.19987,0.43395,0,0,0.02631,0.40817,0.08207,0.19736,0.31956,"차은동역:박하나,강태인역:고세원,최준혁역:강성민,오혜원역:박영린,한지훈역:이창욱,차만종역:이대연,차은찬역:유준서,공영심역:유지연,봉석구역:현우섭,강일섭역:강신일,연두심역:이칸희,한광훈역:길용우,한서주역:김혜지,최명희역:김나운,고재숙역:윤복인,최영국역:송민형,민주란역:오영실,최준경역:이효나,이창욱역:김정운"
20200627,KBS DRAMA,061336,064738,위험한약속,,58회,전국,003402,드라마&영화,드라마,일일연속극,0,0.43788,0,0,0,0.49258,0.80232,0,0.01426,0.00498,0.28231,0.13616,0.54721,0.76065,"차은동역:박하나,강태인역:고세원,최준혁역:강성민,오혜원역:박영린,한지훈역:이창욱,차만종역:이대연,차은찬역:유준서,공영심역:유지연,봉석구역:현우섭,강일섭역:강신일,연두심역:이칸희,한광훈역:길용우,한서주역:김혜지,최명희역:김나운,고재숙역:윤복인,최영국역:송민형,민주란역:오영실,최준경역:이효나,이창욱역:김정운"
20200627,KBS DRAMA,065825,073233,위험한약속,,59회,전국,003408,드라마&영화,드라마,일일연속극,0,0.43788,0,0.02244,0.02076,0.57752,0.99061,0,0,0,0.33058,0.56272,0.71318,1.16061,"차은동역:박하나,강태인역:고세원,최준혁역:강성민,오혜원역:박영린,한지훈역:이창욱,차만종역:이대연,차은찬역:유준서,공영심역:유지연,봉석구역:현우섭,강일섭역:강신일,연두심역:이칸희,한광훈역:길용우,한서주역:김혜지,최명희역:김나운,고재숙역:윤복인,최영국역:송민형,민주란역:오영실,최준경역:이효나,이창욱역:김정운"
20200627,KBS DRAMA,073240,080644,위험한약속,,60회,전국,003404,드라마&영화,드라마,일일연속극,0,0.46281,0.23974,0,0.08818,1.00782,1.232,0,0,0.18243,0.49312,0.85203,0.72363,1.51318,"차은동역:박하나,강태인역:고세원,최준혁역:강성민,오혜원역:박영린,한지훈역:이창욱,차만종역:이대연,차은찬역:유준서,공영심역:유지연,봉석구역:현우섭,강일섭역:강신일,연두심역:이칸희,한광훈역:길용우,한서주역:김혜지,최명희역:김나운,고재숙역:윤복인,최영국역:송민형,민주란역:오영실,최준경역:이효나,이창욱역:김정운"
20200627,KBS DRAMA,080651,084053,위험한약속,,61회,전국,003402,드라마&영화,드라마,일일연속극,0,0.48774,0.2723,0,0.06909,0.7318,1.26145,0,0,0.15098,0.58486,0.59634,1.16822,2.05015,"차은동역:박하나,강태인역:고세원,최준혁역:강성민,오혜원역:박영린,한지훈역:이창욱,차만종역:이대연,차은찬역:유준서,공영심역:유지연,봉석구역:현우섭,강일섭역:강신일,연두심역:이칸희,한광훈역:길용우,한서주역:김혜지,최명희역:김나운,고재숙역:윤복인,최영국역:송민형,민주란역:오영실,최준경역:이효나,이창욱역:김정운"
20200627,KBS DRAMA,123357,131104,한번다녀왔습니다,,49회,전국,003707,드라마&영화,드라마,주말연속극,0.02319,0.29785,0.10028,0,0.10872,0.3136,0.28148,0,0.15033,0.05499,0.83887,0.394,0.49273,0.22391,"송영달역:천호진,장옥분역:차화연,최윤정역:김보연,강초연역:이정은,송나희역:이민정,윤규진역:이상엽,송준선역:오대환,송가희역:오윤아,송다희역:이초희,양치수역:안길강,장옥자역:백지원,성현경역:임정은,윤재석역:이상이,박효신역:기도훈,김지훈역:문우진,이주리역:김소라,김가연역:송다은,건어물역:신미영,꽈배기역:김가영,송서영역:이가연,송서진역:안서연,이정록역:알렉스,유보영역:손성윤,유시후역:송민재,박지연역:신수정,한기영역:강유석,홍성우역:김현목,신혜정역:김미은,심정희역:이상경,오연지역:한봄,오정봉역:오의식,이종수역:장원혁,김승현역:배호근,송이역:김주영,지원역:찬희,이현역:이필모"
20200627,KBS DRAMA,131215,134325,한번다녀왔습니다,,50회,전국,003110,드라마&영화,드라마,주말연속극,0,0.22458,0.17964,0.02265,0.33149,0.69803,0.44692,0,0.35294,0.40286,1.47203,0.6735,0.81279,0.53193,"송영달역:천호진,장옥분역:차화연,최윤정역:김보연,강초연역:이정은,송나희역:이민정,윤규진역:이상엽,송준선역:오대환,송가희역:오윤아,송다희역:이초희,양치수역:안길강,장옥자역:백지원,성현경역:임정은,윤재석역:이상이,박효신역:기도훈,김지훈역:문우진,이주리역:김소라,김가연역:송다은,건어물역:신미영,꽈배기역:김가영,송서영역:이가연,송서진역:안서연,이정록역:알렉스,유보영역:손성윤,유시후역:송민재,박지연역:신수정,한기영역:강유석,홍성우역:김현목,신혜정역:김미은,심정희역:이상경,오연지역:한봄,오정봉역:오의식,이종수역:장원혁,김승현역:배호근,송이역:김주영,지원역:찬희,이현역:이필모"
20200627,KBS DRAMA,135721,143529,한번다녀왔습니다,,51회,전국,003808,드라마&영화,드라마,주말연속극,0.29177,0,0.19419,0.4582,0.23974,0.68799,0.47377,0,0.05268,0.30089,0.79194,0.67823,1.15596,0.61716,"송영달역:천호진,장옥분역:차화연,최윤정역:김보연,강초연역:이정은,송나희역:이민정,윤규진역:이상엽,송준선역:오대환,송가희역:오윤아,송다희역:이초희,양치수역:안길강,장옥자역:백지원,성현경역:임정은,윤재석역:이상이,박효신역:기도훈,김지훈역:문우진,이주리역:김소라,김가연역:송다은,건어물역:신미영,꽈배기역:김가영,송서영역:이가연,송서진역:안서연,이정록역:알렉스,유보영역:손성윤,유시후역:송민재,박지연역:신수정,한기영역:강유석,홍성우역:김현목,신혜정역:김미은,심정희역:이상경,오연지역:한봄,오정봉역:오의식,이종수역:장원혁,김승현역:배호근,송이역:김주영,지원역:찬희,이현역:이필모"
20200627,KBS DRAMA,143640,150727,한번다녀왔습니다,,52회,전국,003047,드라마&영화,드라마,주말연속극,0.08084,0.09684,0.26722,0.76479,0.29123,0.70574,0.57656,0.04849,0.11941,0.21438,0.74991,0.92454,1.32608,0.75853,"송영달역:천호진,장옥분역:차화연,최윤정역:김보연,강초연역:이정은,송나희역:이민정,윤규진역:이상엽,송준선역:오대환,송가희역:오윤아,송다희역:이초희,양치수역:안길강,장옥자역:백지원,성현경역:임정은,윤재석역:이상이,박효신역:기도훈,김지훈역:문우진,이주리역:김소라,김가연역:송다은,건어물역:신미영,꽈배기역:김가영,송서영역:이가연,송서진역:안서연,이정록역:알렉스,유보영역:손성윤,유시후역:송민재,박지연역:신수정,한기영역:강유석,홍성우역:김현목,신혜정역:김미은,심정희역:이상경,오연지역:한봄,오정봉역:오의식,이종수역:장원혁,김승현역:배호근,송이역:김주영,지원역:찬희,이현역:이필모"
20200627,KBS W,020000,022650,위험한약속,,59회,전국,002650,드라마&영화,드라마,일일연속극,0,0.0214,0,0,0.01718,0,0.13832,0,0,0.32919,0,0.02082,0,0.33466,"차은동역:박하나,강태인역:고세원,최준혁역:강성민,오혜원역:박영린,한지훈역:이창욱,차만종역:이대연,차은찬역:유준서,공영심역:유지연,봉석구역:현우섭,강일섭역:강신일,연두심역:이칸희,한광훈역:길용우,한서주역:김혜지,최명희역:김나운,고재숙역:윤복인,최영국역:송민형,민주란역:오영실,최준경역:이효나,이창욱역:김정운"
20200627,KBS W,022657,030101,위험한약속,,60회,전국,003404,드라마&영화,드라마,일일연속극,0,0,0,0,0,0,0.1124,0,0,0.30014,0,0,0,0.20595,"차은동역:박하나,강태인역:고세원,최준혁역:강성민,오혜원역:박영린,한지훈역:이창욱,차만종역:이대연,차은찬역:유준서,공영심역:유지연,봉석구역:현우섭,강일섭역:강신일,연두심역:이칸희,한광훈역:길용우,한서주역:김혜지,최명희역:김나운,고재숙역:윤복인,최영국역:송민형,민주란역:오영실,최준경역:이효나,이창욱역:김정운"
20200627,KBS W,072812,075613,기막힌유산,,46회,전국,002801,드라마&영화,드라마,일일연속극,0,0,0.17626,0,0,0,0.10524,0,0,0,0,0,0.08911,0.04962,"부영배역:박인환,공계옥역:강세정,부설악역:신정윤,부백두역:강신조,윤민주역:이아현,부금강역:남성진,신애리역:김가연,정미희역:박순천,김용미역:이응경,부한라역:박신우,성판금역:조양자,부가온역:김비주,부태희역:김연지,부혜교역:김효경,부지현역:강유라,공소영역:김난주,이장원역:이일준,김수민역:조서후,김종두역:이춘식,차정건역:조순창,이청아역:정서하,손보미역:박민지,김영지역:주민하,강선희역:박현정,천호식역:백신,이정태역:노상보,고향숙역:박소정"
20200627,KBS W,075620,082352,기막힌유산,,47회,전국,002732,드라마&영화,드라마,일일연속극,0.04541,0,0.17626,0.03842,0,0,0.08049,0,0,0,0.01035,0,0.07987,0.06265,"부영배역:박인환,공계옥역:강세정,부설악역:신정윤,부백두역:강신조,윤민주역:이아현,부금강역:남성진,신애리역:김가연,정미희역:박순천,김용미역:이응경,부한라역:박신우,성판금역:조양자,부가온역:김비주,부태희역:김연지,부혜교역:김효경,부지현역:강유라,공소영역:김난주,이장원역:이일준,김수민역:조서후,김종두역:이춘식,차정건역:조순창,이청아역:정서하,손보미역:박민지,김영지역:주민하,강선희역:박현정,천호식역:백신,이정태역:노상보,고향숙역:박소정"
20200627,KBS W,083551,090348,기막힌유산,,48회,전국,002757,드라마&영화,드라마,일일연속극,0,0,0,0,0,0.11573,0.09165,0,0,0,0,0.01264,0,0.17977,"부영배역:박인환,공계옥역:강세정,부설악역:신정윤,부백두역:강신조,윤민주역:이아현,부금강역:남성진,신애리역:김가연,정미희역:박순천,김용미역:이응경,부한라역:박신우,성판금역:조양자,부가온역:김비주,부태희역:김연지,부혜교역:김효경,부지현역:강유라,공소영역:김난주,이장원역:이일준,김수민역:조서후,김종두역:이춘식,차정건역:조순창,이청아역:정서하,손보미역:박민지,김영지역:주민하,강선희역:박현정,천호식역:백신,이정태역:노상보,고향숙역:박소정"
20200627,KBS W,090355,093146,기막힌유산,,49회,전국,002751,드라마&영화,드라마,일일연속극,0,0,0,0.00868,0,0.12231,0.20219,0,0,0.01065,0,0.1769,0,0.45277,"부영배역:박인환,공계옥역:강세정,부설악역:신정윤,부백두역:강신조,윤민주역:이아현,부금강역:남성진,신애리역:김가연,정미희역:박순천,김용미역:이응경,부한라역:박신우,성판금역:조양자,부가온역:김비주,부태희역:김연지,부혜교역:김효경,부지현역:강유라,공소영역:김난주,이장원역:이일준,김수민역:조서후,김종두역:이춘식,차정건역:조순창,이청아역:정서하,손보미역:박민지,김영지역:주민하,강선희역:박현정,천호식역:백신,이정태역:노상보,고향숙역:박소정"
20200627,KBS W,111711,114645,동백꽃필무렵,,1회,전국,002934,드라마&영화,드라마,미니시리즈,0,0.03865,0.03948,0.0385,0,0.04122,0.03699,0.09697,0,0.04753,0.05724,0,0.03768,0.04998,"동백역:공효진,황용식역:강하늘,강종렬역:김지석,제시카역:지이수,노규태역:오정세,홍자영역:염혜란,향미역:손담비,필구역:김강훈,곽덕순역:고두심,정숙역:이정은,변소장역:전배수,박찬숙역:김선영,송진배역:김동현,김재영역:김미화,정귀련역:이선희,조애정역:한예주,양승엽역:이상이,양승희역:김모아,오지현역:백현주,한태희역:이중열,최종록역:진용욱,박흥식역:이규성,헬레나역:카슨,권오준역:이재우,박성민역:박연우,이화자역:황영희,홍은실역:전국향"
20200627,KBS W,114652,121854,동백꽃필무렵,,2회,전국,003202,드라마&영화,드라마,미니시리즈,0,0,0.04192,0,0,0,0.07075,0,0,0,0,0.05048,0.01434,0.03049,"동백역:공효진,황용식역:강하늘,강종렬역:김지석,제시카역:지이수,노규태역:오정세,홍자영역:염혜란,향미역:손담비,필구역:김강훈,곽덕순역:고두심,정숙역:이정은,변소장역:전배수,박찬숙역:김선영,송진배역:김동현,김재영역:김미화,정귀련역:이선희,조애정역:한예주,양승엽역:이상이,양승희역:김모아,오지현역:백현주,한태희역:이중열,최종록역:진용욱,박흥식역:이규성,헬레나역:카슨,권오준역:이재우,박성민역:박연우,이화자역:황영희,홍은실역:전국향"
20200627,KBS W,123033,125900,동백꽃필무렵,,3회,전국,002827,드라마&영화,드라마,미니시리즈,0,0,0,0.05363,0.0078,0.07618,0.02123,0,0,0,0,0.11584,0.01408,0.06199,"동백역:공효진,황용식역:강하늘,강종렬역:김지석,제시카역:지이수,노규태역:오정세,홍자영역:염혜란,향미역:손담비,필구역:김강훈,곽덕순역:고두심,정숙역:이정은,변소장역:전배수,박찬숙역:김선영,송진배역:김동현,김재영역:김미화,정귀련역:이선희,조애정역:한예주,양승엽역:이상이,양승희역:김모아,오지현역:백현주,한태희역:이중열,최종록역:진용욱,박흥식역:이규성,헬레나역:카슨,권오준역:이재우,박성민역:박연우,이화자역:황영희,홍은실역:전국향"
20200627,KBS W,125907,133213,동백꽃필무렵,,4회,전국,003306,드라마&영화,드라마,미니시리즈,0,0.10687,0,0.04439,0.11597,0.06446,0.01362,0.17954,0,0,0.0322,0.33834,0.00502,0.10358,"동백역:공효진,황용식역:강하늘,강종렬역:김지석,제시카역:지이수,노규태역:오정세,홍자영역:염혜란,향미역:손담비,필구역:김강훈,곽덕순역:고두심,정숙역:이정은,변소장역:전배수,박찬숙역:김선영,송진배역:김동현,김재영역:김미화,정귀련역:이선희,조애정역:한예주,양승엽역:이상이,양승희역:김모아,오지현역:백현주,한태희역:이중열,최종록역:진용욱,박흥식역:이규성,헬레나역:카슨,권오준역:이재우,박성민역:박연우,이화자역:황영희,홍은실역:전국향"
20200627,KBS W,134511,141821,동백꽃필무렵,,5회,전국,003310,드라마&영화,드라마,미니시리즈,0,0.38041,0,0.01473,0.01544,0.01759,0.0026,0,0,0,0.72218,0.26809,0,0.05241,"동백역:공효진,황용식역:강하늘,강종렬역:김지석,제시카역:지이수,노규태역:오정세,홍자영역:염혜란,향미역:손담비,필구역:김강훈,곽덕순역:고두심,정숙역:이정은,변소장역:전배수,박찬숙역:김선영,송진배역:김동현,김재영역:김미화,정귀련역:이선희,조애정역:한예주,양승엽역:이상이,양승희역:김모아,오지현역:백현주,한태희역:이중열,최종록역:진용욱,박흥식역:이규성,헬레나역:카슨,권오준역:이재우,박성민역:박연우,이화자역:황영희,홍은실역:전국향"
20200627,KBS W,141828,144609,동백꽃필무렵,,6회,전국,002741,드라마&영화,드라마,미니시리즈,0,0.38041,0,0,0,0.00332,0.00293,0,0,0.00341,0.71285,0.54544,0.00609,0.03941,"동백역:공효진,황용식역:강하늘,강종렬역:김지석,제시카역:지이수,노규태역:오정세,홍자영역:염혜란,향미역:손담비,필구역:김강훈,곽덕순역:고두심,정숙역:이정은,변소장역:전배수,박찬숙역:김선영,송진배역:김동현,김재영역:김미화,정귀련역:이선희,조애정역:한예주,양승엽역:이상이,양승희역:김모아,오지현역:백현주,한태희역:이중열,최종록역:진용욱,박흥식역:이규성,헬레나역:카슨,권오준역:이재우,박성민역:박연우,이화자역:황영희,홍은실역:전국향"
20200627,KBS W,145808,153030,동백꽃필무렵,,7회,전국,003222,드라마&영화,드라마,미니시리즈,0,0.59208,0.00513,0,0.15393,0.24871,0.03351,0,0.57392,0.00617,0.71285,0.81114,0.09656,0.03623,"동백역:공효진,황용식역:강하늘,강종렬역:김지석,제시카역:지이수,노규태역:오정세,홍자영역:염혜란,향미역:손담비,필구역:김강훈,곽덕순역:고두심,정숙역:이정은,변소장역:전배수,박찬숙역:김선영,송진배역:김동현,김재영역:김미화,정귀련역:이선희,조애정역:한예주,양승엽역:이상이,양승희역:김모아,오지현역:백현주,한태희역:이중열,최종록역:진용욱,박흥식역:이규성,헬레나역:카슨,권오준역:이재우,박성민역:박연우,이화자역:황영희,홍은실역:전국향"
20200627,KBS W,153037,155954,동백꽃필무렵,,8회,전국,002917,드라마&영화,드라마,미니시리즈,0.01404,0.75677,0,0.16349,0.26192,0.38591,0.00929,0.01479,1.02044,0,0.90978,0.68681,0.27603,0.06401,"동백역:공효진,황용식역:강하늘,강종렬역:김지석,제시카역:지이수,노규태역:오정세,홍자영역:염혜란,향미역:손담비,필구역:김강훈,곽덕순역:고두심,정숙역:이정은,변소장역:전배수,박찬숙역:김선영,송진배역:김동현,김재영역:김미화,정귀련역:이선희,조애정역:한예주,양승엽역:이상이,양승희역:김모아,오지현역:백현주,한태희역:이중열,최종록역:진용욱,박흥식역:이규성,헬레나역:카슨,권오준역:이재우,박성민역:박연우,이화자역:황영희,홍은실역:전국향"
20200627,KBS W,161249,164608,동백꽃필무렵,,9회,전국,003319,드라마&영화,드라마,미니시리즈,0,0.10375,0,0.09586,0,0.00568,0.00657,0,0,0,0.33694,0.35804,0.00699,0.04573,"동백역:공효진,황용식역:강하늘,강종렬역:김지석,제시카역:지이수,노규태역:오정세,홍자영역:염혜란,향미역:손담비,필구역:김강훈,곽덕순역:고두심,정숙역:이정은,변소장역:전배수,박찬숙역:김선영,송진배역:김동현,김재영역:김미화,정귀련역:이선희,조애정역:한예주,양승엽역:이상이,양승희역:김모아,오지현역:백현주,한태희역:이중열,최종록역:진용욱,박흥식역:이규성,헬레나역:카슨,권오준역:이재우,박성민역:박연우,이화자역:황영희,홍은실역:전국향"
20200627,KBS W,164615,171419,동백꽃필무렵,,10회,전국,002804,드라마&영화,드라마,미니시리즈,0,0,0,0.1423,0.07794,0,0.00293,0,0,0,0.14253,0.44229,0,0.03941,"동백역:공효진,황용식역:강하늘,강종렬역:김지석,제시카역:지이수,노규태역:오정세,홍자영역:염혜란,향미역:손담비,필구역:김강훈,곽덕순역:고두심,정숙역:이정은,변소장역:전배수,박찬숙역:김선영,송진배역:김동현,김재영역:김미화,정귀련역:이선희,조애정역:한예주,양승엽역:이상이,양승희역:김모아,오지현역:백현주,한태희역:이중열,최종록역:진용욱,박흥식역:이규성,헬레나역:카슨,권오준역:이재우,박성민역:박연우,이화자역:황영희,홍은실역:전국향"
20200627,KBS W,172630,175459,동백꽃필무렵,,11회,전국,002829,드라마&영화,드라마,미니시리즈,0,0,0,0.07874,0.10716,0,0,0,0,0,0.11708,0.18072,0.05869,0.00993,"동백역:공효진,황용식역:강하늘,강종렬역:김지석,제시카역:지이수,노규태역:오정세,홍자영역:염혜란,향미역:손담비,필구역:김강훈,곽덕순역:고두심,정숙역:이정은,변소장역:전배수,박찬숙역:김선영,송진배역:김동현,김재영역:김미화,정귀련역:이선희,조애정역:한예주,양승엽역:이상이,양승희역:김모아,오지현역:백현주,한태희역:이중열,최종록역:진용욱,박흥식역:이규성,헬레나역:카슨,권오준역:이재우,박성민역:박연우,이화자역:황영희,홍은실역:전국향"
20200627,KBS W,175506,182823,동백꽃필무렵,,12회,전국,003317,드라마&영화,드라마,미니시리즈,0,0.03458,0.06697,0,0.37305,0.0305,0.00664,0.0285,0.01424,0,0.0648,0.35749,0.12826,0.06135,"동백역:공효진,황용식역:강하늘,강종렬역:김지석,제시카역:지이수,노규태역:오정세,홍자영역:염혜란,향미역:손담비,필구역:김강훈,곽덕순역:고두심,정숙역:이정은,변소장역:전배수,박찬숙역:김선영,송진배역:김동현,김재영역:김미화,정귀련역:이선희,조애정역:한예주,양승엽역:이상이,양승희역:김모아,오지현역:백현주,한태희역:이중열,최종록역:진용욱,박흥식역:이규성,헬레나역:카슨,권오준역:이재우,박성민역:박연우,이화자역:황영희,홍은실역:전국향"
20200627,KBS W,184121,190932,동백꽃필무렵,,13회,전국,002811,드라마&영화,드라마,미니시리즈,0,0,0,0,0.16823,0.04939,0.03525,0.47917,0,0,0,0.1807,0,0.08246,"동백역:공효진,황용식역:강하늘,강종렬역:김지석,제시카역:지이수,노규태역:오정세,홍자영역:염혜란,향미역:손담비,필구역:김강훈,곽덕순역:고두심,정숙역:이정은,변소장역:전배수,박찬숙역:김선영,송진배역:김동현,김재영역:김미화,정귀련역:이선희,조애정역:한예주,양승엽역:이상이,양승희역:김모아,오지현역:백현주,한태희역:이중열,최종록역:진용욱,박흥식역:이규성,헬레나역:카슨,권오준역:이재우,박성민역:박연우,이화자역:황영희,홍은실역:전국향"
20200627,KBS W,190939,194250,동백꽃필무렵,,14회,전국,003311,드라마&영화,드라마,미니시리즈,0,0,0,0.00737,0.40655,0.05729,0,1.15799,0,0,0.00466,0.1973,0,0.08806,"동백역:공효진,황용식역:강하늘,강종렬역:김지석,제시카역:지이수,노규태역:오정세,홍자영역:염혜란,향미역:손담비,필구역:김강훈,곽덕순역:고두심,정숙역:이정은,변소장역:전배수,박찬숙역:김선영,송진배역:김동현,김재영역:김미화,정귀련역:이선희,조애정역:한예주,양승엽역:이상이,양승희역:김모아,오지현역:백현주,한태희역:이중열,최종록역:진용욱,박흥식역:이규성,헬레나역:카슨,권오준역:이재우,박성민역:박연우,이화자역:황영희,홍은실역:전국향"
20200627,KBS W,195516,202228,동백꽃필무렵,,15회,전국,002712,드라마&영화,드라마,미니시리즈,0,0,0.0078,0,0.30491,0.00474,0,0.386,0,0.00562,0,0.08371,0,0.03623,"동백역:공효진,황용식역:강하늘,강종렬역:김지석,제시카역:지이수,노규태역:오정세,홍자영역:염혜란,향미역:손담비,필구역:김강훈,곽덕순역:고두심,정숙역:이정은,변소장역:전배수,박찬숙역:김선영,송진배역:김동현,김재영역:김미화,정귀련역:이선희,조애정역:한예주,양승엽역:이상이,양승희역:김모아,오지현역:백현주,한태희역:이중열,최종록역:진용욱,박흥식역:이규성,헬레나역:카슨,권오준역:이재우,박성민역:박연우,이화자역:황영희,홍은실역:전국향"
20200627,KBS W,202235,205654,동백꽃필무렵,,16회,전국,003419,드라마&영화,드라마,미니시리즈,0,0,0,0,0,0.04233,0.00151,0,0,0,0,0.07888,0,0.0359,"동백역:공효진,황용식역:강하늘,강종렬역:김지석,제시카역:지이수,노규태역:오정세,홍자영역:염혜란,향미역:손담비,필구역:김강훈,곽덕순역:고두심,정숙역:이정은,변소장역:전배수,박찬숙역:김선영,송진배역:김동현,김재영역:김미화,정귀련역:이선희,조애정역:한예주,양승엽역:이상이,양승희역:김모아,오지현역:백현주,한태희역:이중열,최종록역:진용욱,박흥식역:이규성,헬레나역:카슨,권오준역:이재우,박성민역:박연우,이화자역:황영희,홍은실역:전국향"
20200627,KBS W,211023,213903,동백꽃필무렵,,17회,전국,002840,드라마&영화,드라마,미니시리즈,0,0,0.07897,0,0.0251,0.12048,0.01132,0,0,0,0,0.1753,0.03395,0.07793,"동백역:공효진,황용식역:강하늘,강종렬역:김지석,제시카역:지이수,노규태역:오정세,홍자영역:염혜란,향미역:손담비,필구역:김강훈,곽덕순역:고두심,정숙역:이정은,변소장역:전배수,박찬숙역:김선영,송진배역:김동현,김재영역:김미화,정귀련역:이선희,조애정역:한예주,양승엽역:이상이,양승희역:김모아,오지현역:백현주,한태희역:이중열,최종록역:진용욱,박흥식역:이규성,헬레나역:카슨,권오준역:이재우,박성민역:박연우,이화자역:황영희,홍은실역:전국향"
20200627,KBS W,213910,221201,동백꽃필무렵,,18회,전국,003251,드라마&영화,드라마,미니시리즈,0,0.01264,0.13813,0,0.00477,0.1202,0.00593,0,0.01258,0,0,0.31582,0.03716,0.1697,"동백역:공효진,황용식역:강하늘,강종렬역:김지석,제시카역:지이수,노규태역:오정세,홍자영역:염혜란,향미역:손담비,필구역:김강훈,곽덕순역:고두심,정숙역:이정은,변소장역:전배수,박찬숙역:김선영,송진배역:김동현,김재영역:김미화,정귀련역:이선희,조애정역:한예주,양승엽역:이상이,양승희역:김모아,오지현역:백현주,한태희역:이중열,최종록역:진용욱,박흥식역:이규성,헬레나역:카슨,권오준역:이재우,박성민역:박연우,이화자역:황영희,홍은실역:전국향"
20200627,KBS W,222410,225037,동백꽃필무렵,,19회,전국,002627,드라마&영화,드라마,미니시리즈,0,0,0.10743,0,0,0.10622,0.00558,0,0.02434,0,0,0.16713,0.0289,0.05542,"동백역:공효진,황용식역:강하늘,강종렬역:김지석,제시카역:지이수,노규태역:오정세,홍자영역:염혜란,향미역:손담비,필구역:김강훈,곽덕순역:고두심,정숙역:이정은,변소장역:전배수,박찬숙역:김선영,송진배역:김동현,김재영역:김미화,정귀련역:이선희,조애정역:한예주,양승엽역:이상이,양승희역:김모아,오지현역:백현주,한태희역:이중열,최종록역:진용욱,박흥식역:이규성,헬레나역:카슨,권오준역:이재우,박성민역:박연우,이화자역:황영희,홍은실역:전국향"
20200627,KBS W,225044,232549,동백꽃필무렵,,20회,전국,003505,드라마&영화,드라마,미니시리즈,0,0,0.04583,0.04168,0,0.06807,0,0,0,0.02413,0,0.23283,0.16545,0.10181,"동백역:공효진,황용식역:강하늘,강종렬역:김지석,제시카역:지이수,노규태역:오정세,홍자영역:염혜란,향미역:손담비,필구역:김강훈,곽덕순역:고두심,정숙역:이정은,변소장역:전배수,박찬숙역:김선영,송진배역:김동현,김재영역:김미화,정귀련역:이선희,조애정역:한예주,양승엽역:이상이,양승희역:김모아,오지현역:백현주,한태희역:이중열,최종록역:진용욱,박흥식역:이규성,헬레나역:카슨,권오준역:이재우,박성민역:박연우,이화자역:황영희,홍은실역:전국향"
20200627,KBS W,244151,254755,부부클리닉사랑과전쟁2,,119회,전국,010604,드라마&영화,드라마,단막극,0,0,0,0.00368,0.03702,0,0.11071,0,0,0,0.02456,0,0.02098,0.20973,"이재만,민지영,최영완,이정수,장가현,손유경,이준우"
20200627,K-STAR,105200,115721,부부클리닉사랑과전쟁,,430회,전국,010521,드라마&영화,드라마,주간연속극,0,0,0.06325,0,0.0662,0.00741,0.23939,0.01376,0.00746,0,0,0.003,0.10971,0.19667,"이재만,민지영,최영완,이정수,장가현,손유경,이준우"
20200627,K-STAR,120936,131632,부부클리닉사랑과전쟁,,431회,전국,010656,드라마&영화,드라마,주간연속극,0.03942,0.01319,0,0.08338,0.00176,0.16027,0.20323,0,0,0.15737,0.06236,0.02166,0.18818,0.18377,"이재만,민지영,최영완,이정수,장가현,손유경,이준우"
20200627,K-STAR,211529,222225,부부클리닉사랑과전쟁,,431회,전국,010656,드라마&영화,드라마,주간연속극,0.05017,0,0.03331,0.02517,0.023,0,0.02254,0,0.11905,0.02264,0.01021,0.04522,0.02544,0.18298,"이재만,민지영,최영완,이정수,장가현,손유경,이준우"
20200627,KTV,020000,024119,전원일기,,407회,전국,004119,드라마&영화,드라마,주말연속극,0,0,0,0,0,0.01152,0,0,0,0.01606,0,0.15981,0.00951,0,"최불암,김혜자,김용건,김수미,고두심,유인촌,정대홍"
20200627,KTV,080202,085437,대추나무사랑걸렸네,,149회,전국,005235,드라마&영화,드라마,시추에이션드라마,0,0,0,0,0.05664,0,0.11353,0,0,0,0,0.07289,0.00338,0.09696,"박덕보역:김성겸,박태민역:백일섭,두심역:윤미라,순자역:송채환,현욱역:심양홍,현숙역:서혜린,만길역:권용운,상훈역:안병경,유분역:은세연"
20200627,KTV,120630,130305,대추나무사랑걸렸네,,150회,전국,005635,드라마&영화,드라마,시추에이션드라마,0,0.03822,0,0,0,0,0,0,0,0,0,0,0,0,"박덕보역:김성겸,박태민역:백일섭,두심역:윤미라,순자역:송채환,현욱역:심양홍,현숙역:서혜린,만길역:권용운,상훈역:안병경,유분역:은세연"
20200627,KTV,140928,141024,전원일기,,316회,전국,000056,드라마&영화,드라마,주말연속극,0,0,0,0,0,0,0,0,0,0,0,0,0,0,"최불암,김혜자,김용건,김수미,고두심,유인촌,정대홍"
20200627,KTV,143639,152127,전원일기,,316회,전국,004448,드라마&영화,드라마,주말연속극,0,0.01621,0,0,0.01381,0,0.09486,0,0,0,0.01058,0.01651,0.00298,0.02708,"최불암,김혜자,김용건,김수미,고두심,유인촌,정대홍"
20200627,KTV,172645,181041,전원일기,,317회,전국,004356,드라마&영화,드라마,주말연속극,0,0,0,0,0,0.02845,0.05911,0,0,0,0,0.13742,0,0.0736,"최불암,김혜자,김용건,김수미,고두심,유인촌,정대홍"
20200627,KTV,194122,203301,파랑새는있다,,40회,전국,005139,드라마&영화,드라마,주간연속극,0,0,0.00257,0,0,0.00209,0.07551,0,0,0.01096,0,0,0,0.08878,"이상인,정선경,백윤식,송경철,박남현,한진희,동방우,양금석"
20200627,KTV,210725,215211,전원일기,,316회,전국,004446,드라마&영화,드라마,주말연속극,0,0,0.03278,0.01447,0,0.06039,0.1455,0,0,0,0,0,0.06578,0.29662,"최불암,김혜자,김용건,김수미,고두심,유인촌,정대홍"
20200627,KTV,215408,225042,대추나무사랑걸렸네,,150회,전국,005634,드라마&영화,드라마,시추에이션드라마,0,0,0.21072,0,0.00601,0.09879,0.28842,0,0,0.07525,0,0,0.04331,0.2984,"박덕보역:김성겸,박태민역:백일섭,두심역:윤미라,순자역:송채환,현욱역:심양홍,현숙역:서혜린,만길역:권용운,상훈역:안병경,유분역:은세연"
20200627,KTV,233115,242255,파랑새는있다,,40회,전국,005140,드라마&영화,드라마,주간연속극,0.01407,0,0,0.00713,0,0.01929,0.17027,0.01359,0,0.12717,0,0.00307,0.01277,0.10792,"이상인,정선경,백윤식,송경철,박남현,한진희,동방우,양금석"
20200627,KTV,242613,250829,전원일기,,318회,전국,004216,드라마&영화,드라마,주말연속극,0,0,0,0.01936,0,0,0.15805,0,0,0.19913,0.02018,0,0.02269,0.16777,"최불암,김혜자,김용건,김수미,고두심,유인촌,정대홍"
20200627,O tvN,020000,031128,사이코지만괜찮아,,2회,전국,011128,드라마&영화,드라마,미니시리즈,0,0,0.00353,0.04685,0.23196,0.18672,0.04821,0,0,0.03923,0,0.55236,0.05523,0.02195,"문강태역:김수현,고문영역:서예지,문상태역:오정세,남주리역:박규영,이상인역:김주헌,조재수역:강기둥,오지왕역:김창완,강순덕역:김미경,박행자역:장영남,선별역:장규리,권민석역:서준,오차용역:최우성,고대환역:이얼,간필옹역:김기천,주정태역:정재광,이아름역:지혜원,박옥란역:강지은,유선해역:주인영,강은자역:배해선,유승재역:박진주,문강태어린시절역:문우진,고문영어린시절역:김수인,권기도역:곽동연,훈남CEO역:최다니엘"
20200627,O tvN,075529,090612,오마이베이비,,11회,전국,011043,드라마&영화,드라마,미니시리즈,0,0,0.1253,0,0.07768,0.00343,0,0,0.00281,0.01659,0,0.09597,0.03429,0.02527,"장하리역:장나라,한이상역:고준,윤재영역:박병은,최강으뜸역:정건주,이옥란역:김혜옥,남수철역:조희봉,김은영역:이미도,김철중역:유승목,주승태역:전진기,박연호역:백승희,최효주역:박수영,주선생역:문현정,심정화역:김재화,이소윤역:정라엘,이옥희역:김예령,박재한역:이한위,김상희역:손화령,순남역:이주실,조회장역:장광,조아저씨역:최홍일,강효주역:전혜빈"
20200627,O tvN,092032,102901,오마이베이비,,12회,전국,010829,드라마&영화,드라마,미니시리즈,0.03835,0.00745,0.00391,0.0286,0.02625,0.02288,0,0,0.00718,0.00526,0,0.02901,0.01227,0.0497,"장하리역:장나라,한이상역:고준,윤재영역:박병은,최강으뜸역:정건주,이옥란역:김혜옥,남수철역:조희봉,김은영역:이미도,김철중역:유승목,주승태역:전진기,박연호역:백승희,최효주역:박수영,주선생역:문현정,심정화역:김재화,이소윤역:정라엘,이옥희역:김예령,박재한역:이한위,김상희역:손화령,순남역:이주실,조회장역:장광,조아저씨역:최홍일,강효주역:전혜빈"
20200627,O tvN,104328,115925,사이코지만괜찮아,,1회,전국,011557,드라마&영화,드라마,미니시리즈,0,0,0.00874,0.01341,0.00916,0.16093,0.04804,0,0.00488,0.05783,0.00166,0.21108,0.24056,0.13567,"문강태역:김수현,고문영역:서예지,문상태역:오정세,남주리역:박규영,이상인역:김주헌,조재수역:강기둥,오지왕역:김창완,강순덕역:김미경,박행자역:장영남,선별역:장규리,권민석역:서준,오차용역:최우성,고대환역:이얼,간필옹역:김기천,주정태역:정재광,이아름역:지혜원,박옥란역:강지은,유선해역:주인영,강은자역:배해선,유승재역:박진주,문강태어린시절역:문우진,고문영어린시절역:김수인,권기도역:곽동연,훈남CEO역:최다니엘"
20200627,O tvN,121450,132934,사이코지만괜찮아,,2회,전국,011444,드라마&영화,드라마,미니시리즈,0,0.26428,0.00426,0,0.05875,0.23423,0.24723,0,0,0.10687,0.00205,0.56072,0.07852,0.33604,"문강태역:김수현,고문영역:서예지,문상태역:오정세,남주리역:박규영,이상인역:김주헌,조재수역:강기둥,오지왕역:김창완,강순덕역:김미경,박행자역:장영남,선별역:장규리,권민석역:서준,오차용역:최우성,고대환역:이얼,간필옹역:김기천,주정태역:정재광,이아름역:지혜원,박옥란역:강지은,유선해역:주인영,강은자역:배해선,유승재역:박진주,문강태어린시절역:문우진,고문영어린시절역:김수인,권기도역:곽동연,훈남CEO역:최다니엘"
20200627,O tvN,134910,152214,응답하라1988,,8회,전국,013304,드라마&영화,드라마,주간연속극,0,0.00891,0.02541,0.29687,0.02109,0.11708,0.28771,0,0.52148,0.12212,0.07709,0.83742,0.22721,0.2463,"성동일역:성동일,이일화역:이일화,라미란역:라미란,김성균역:김성균,최무성역:최무성,김선영역:김선영,류재명역:유재명,보라역:류혜영,덕선역:혜리,정환역:류준열,선우역:고경표,택역:박보검,정봉역:안재홍,동룡역:이동휘,노을역:최성원,미옥역:이민지,자현역:이세영,진주역:김설,선도부역:차엽,매점주인역:김수로,어른덕선역:이미연,어른택역:김주혁,어른보라역:전미선,종훈역:박정민,의사역:김태훈,기자역:박지윤,어른노을역:우현,보라친구역:정유민,노을여자친구역:이수경,남궁늘보역:이청미,반장역:권은수,미옥아빠역:고창석"
20200627,O tvN,153835,171835,응답하라1988,,9회,전국,014000,드라마&영화,드라마,주간연속극,0,0.03786,0.00167,0,0.13611,0.26292,0.42871,0.10117,0.75528,0.00298,0.21987,0.71884,0.30253,0.44329,"성동일역:성동일,이일화역:이일화,라미란역:라미란,김성균역:김성균,최무성역:최무성,김선영역:김선영,류재명역:유재명,보라역:류혜영,덕선역:혜리,정환역:류준열,선우역:고경표,택역:박보검,정봉역:안재홍,동룡역:이동휘,노을역:최성원,미옥역:이민지,자현역:이세영,진주역:김설,선도부역:차엽,매점주인역:김수로,어른덕선역:이미연,어른택역:김주혁,어른보라역:전미선,종훈역:박정민,의사역:김태훈,기자역:박지윤,어른노을역:우현,보라친구역:정유민,노을여자친구역:이수경,남궁늘보역:이청미,반장역:권은수,미옥아빠역:고창석"
20200627,O tvN,173703,190339,응답하라1988,,10회,전국,012636,드라마&영화,드라마,주간연속극,0,0.1468,0.06112,0.16461,0.45197,0.02238,0.25635,0.11259,0.49436,0.00333,0.17283,0.31765,0.24653,0.34162,"성동일역:성동일,이일화역:이일화,라미란역:라미란,김성균역:김성균,최무성역:최무성,김선영역:김선영,류재명역:유재명,보라역:류혜영,덕선역:혜리,정환역:류준열,선우역:고경표,택역:박보검,정봉역:안재홍,동룡역:이동휘,노을역:최성원,미옥역:이민지,자현역:이세영,진주역:김설,선도부역:차엽,매점주인역:김수로,어른덕선역:이미연,어른택역:김주혁,어른보라역:전미선,종훈역:박정민,의사역:김태훈,기자역:박지윤,어른노을역:우현,보라친구역:정유민,노을여자친구역:이수경,남궁늘보역:이청미,반장역:권은수,미옥아빠역:고창석"
20200627,O tvN,192552,211207,응답하라1988,,11회,전국,014615,드라마&영화,드라마,주간연속극,0.10967,0.16989,0.01929,0.25052,0.2474,0.11417,0.20293,0.11179,0.3688,0.01908,0.11758,0.42934,0.18039,0.2529,"성동일역:성동일,이일화역:이일화,라미란역:라미란,김성균역:김성균,최무성역:최무성,김선영역:김선영,류재명역:유재명,보라역:류혜영,덕선역:혜리,정환역:류준열,선우역:고경표,택역:박보검,정봉역:안재홍,동룡역:이동휘,노을역:최성원,미옥역:이민지,자현역:이세영,진주역:김설,선도부역:차엽,매점주인역:김수로,어른덕선역:이미연,어른택역:김주혁,어른보라역:전미선,종훈역:박정민,의사역:김태훈,기자역:박지윤,어른노을역:우현,보라친구역:정유민,노을여자친구역:이수경,남궁늘보역:이청미,반장역:권은수,미옥아빠역:고창석"
20200627,O tvN,213315,224228,오마이베이비,,13회,전국,010913,드라마&영화,드라마,미니시리즈,0,0.10863,0.13202,0,0.13541,0.01903,0.01041,0,0.13283,0.08431,0.10179,0.06259,0.06862,0.00854,"장하리역:장나라,한이상역:고준,윤재영역:박병은,최강으뜸역:정건주,이옥란역:김혜옥,남수철역:조희봉,김은영역:이미도,김철중역:유승목,주승태역:전진기,박연호역:백승희,최효주역:박수영,주선생역:문현정,심정화역:김재화,이소윤역:정라엘,이옥희역:김예령,박재한역:이한위,김상희역:손화령,순남역:이주실,조회장역:장광,조아저씨역:최홍일,강효주역:전혜빈"
20200627,O tvN,225952,240926,오마이베이비,,14회,전국,010934,드라마&영화,드라마,미니시리즈,0,0,0,0.00077,0.03049,0.00544,0.01075,0,0,0.00988,0.01536,0.0345,0,0.01063,"장하리역:장나라,한이상역:고준,윤재영역:박병은,최강으뜸역:정건주,이옥란역:김혜옥,남수철역:조희봉,김은영역:이미도,김철중역:유승목,주승태역:전진기,박연호역:백승희,최효주역:박수영,주선생역:문현정,심정화역:김재화,이소윤역:정라엘,이옥희역:김예령,박재한역:이한위,김상희역:손화령,순남역:이주실,조회장역:장광,조아저씨역:최홍일,강효주역:전혜빈"
20200627,O tvN,242456,253646,아는건별로없지만가족입니다,,7회,전국,011150,드라마&영화,드라마,미니시리즈,0,0,0.14208,0.08992,0.03995,0.10665,0.01792,0,0.1339,0.04002,0,0.18997,0.05658,0.01912,"김은희역:한예리,박찬혁역:김지석,김은주역:추자현,김상식역:정진영,이진숙역:원미경,김지우역:신재하,임건주역:신동욱,윤태형역:김태훈,젊은상식역:한준우,젊은진숙역:조아영,유선일역:서상원,안효석역:이종원,서경옥역:가득희,윤서영역:혜정,전하라역:배윤경,유민우역:권율"
20200627,O tvN,254913,255959,아는건별로없지만가족입니다,,8회,전국,001046,드라마&영화,드라마,미니시리즈,0,0,0,0.30657,0.07774,0,0.03162,0,0,0,0,0,0,0.02872,"김은희역:한예리,박찬혁역:김지석,김은주역:추자현,김상식역:정진영,이진숙역:원미경,김지우역:신재하,임건주역:신동욱,윤태형역:김태훈,젊은상식역:한준우,젊은진숙역:조아영,유선일역:서상원,안효석역:이종원,서경옥역:가득희,윤서영역:혜정,전하라역:배윤경,유민우역:권율"
20200627,OCN,214050,224236,번외수사,,10회,전국,010146,드라마&영화,드라마,미니시리즈,0.18036,0.37405,0.12145,0.29537,0.68509,0.59451,0.37666,0.06776,0.04513,0.18405,0.59327,0.70921,0.51144,0.46241,"진강호역:차태현,강무영역:이선빈,이반석역:정상훈,테디정역:윤경호,탁원역:지승현,민대진역:박정우,맨손역:박태산,연장역:장진희,지수철역:이영석,노순이역:민경옥"
20200627,OCN,225902,240042,번외수사,,11회,전국,010140,드라마&영화,드라마,미니시리즈,0.04167,0.80036,0.90965,1.04342,4.04632,2.13387,1.29859,0.71152,1.84541,0.81956,1.89619,3.04713,2.78351,1.24299,"진강호역:차태현,강무영역:이선빈,이반석역:정상훈,테디정역:윤경호,탁원역:지승현,민대진역:박정우,맨손역:박태산,연장역:장진희,지수철역:이영석,노순이역:민경옥"
20200627,On Style,122018,132155,로맨스는별책부록,,15회,전국,010137,드라마&영화,드라마,미니시리즈,0.0353,0,0.38444,0.0039,0.00899,0.07575,0.00673,0,0.01324,0.28364,0,0.08221,0.11671,0.03097,"강단이역:이나영,차은호역:이종석,송해린역:정유진,지서준역:위하준,홍동민역:오의식,김재민역:김태우,고유선역:김유미,봉지홍역:조한철,서영아역:김선영,박훈역:강기둥,오지율역:박규영,이승진역:이관훈,배광수역:최승윤,채송이역:이하은"
20200627,On Style,132657,142832,로맨스는별책부록,,16회,전국,010135,드라마&영화,드라마,미니시리즈,0,0,0.34136,0,0,0.06044,0.00349,0,0,0.39967,0,0.08309,0.24006,0.01264,"강단이역:이나영,차은호역:이종석,송해린역:정유진,지서준역:위하준,홍동민역:오의식,김재민역:김태우,고유선역:김유미,봉지홍역:조한철,서영아역:김선영,박훈역:강기둥,오지율역:박규영,이승진역:이관훈,배광수역:최승윤,채송이역:이하은"
20200627,SBS플러스,195508,205824,편의점샛별이,,3회,전국,010316,드라마&영화,드라마,미니시리즈,0.09288,0.00305,0.03016,0.15041,0.48298,0.31764,0.00783,0.51562,0.02616,0.0124,0.2336,0.13062,0.33541,0.01039,"최대현역:지창욱,정샛별역:김유정,유연주역:한선화,조승준역:도상우,정은별역:솔빈,공분희역:김선영,최용필역:이병준,한달식역:음문석,권의추역:우현,차기복역:이윤희,고광태역:배기범,김혜자역:견미리,최대순역:김지현,황금비역:서예화,차은조역:윤수,배부장역:허재호,강성태역:지찬,김정하역:신윤정,오현지역:한류은,강지욱역:김민규,유명기역:길용우"
20200627,SKY,060208,070316,편의점샛별이,,2회,전국,010108,드라마&영화,드라마,미니시리즈,0,0,0.00645,0.00453,0,0.21045,0,0,0.00608,0.21775,0,0.0144,0.02819,0.00908,"최대현역:지창욱,정샛별역:김유정,유연주역:한선화,조승준역:도상우,정은별역:솔빈,공분희역:김선영,최용필역:이병준,한달식역:음문석,권의추역:우현,차기복역:이윤희,고광태역:배기범,김혜자역:견미리,최대순역:김지현,황금비역:서예화,차은조역:윤수,배부장역:허재호,강성태역:지찬,김정하역:신윤정,오현지역:한류은,강지욱역:김민규,유명기역:길용우"
20200627,SKY,115958,130106,편의점샛별이,,2회,전국,010108,드라마&영화,드라마,미니시리즈,0.01196,0.12378,0.05008,0.01601,0.03257,0.11064,0.03337,0,0.10656,0,0.00249,0.02121,0.03675,0.04243,"최대현역:지창욱,정샛별역:김유정,유연주역:한선화,조승준역:도상우,정은별역:솔빈,공분희역:김선영,최용필역:이병준,한달식역:음문석,권의추역:우현,차기복역:이윤희,고광태역:배기범,김혜자역:견미리,최대순역:김지현,황금비역:서예화,차은조역:윤수,배부장역:허재호,강성태역:지찬,김정하역:신윤정,오현지역:한류은,강지욱역:김민규,유명기역:길용우"
20200627,SKY,195019,205237,편의점샛별이,,3회,전국,010218,드라마&영화,드라마,미니시리즈,0,0,0,0,0.0418,0.15296,0.00402,0,0.05062,0.00226,0.0136,0.23558,0.07453,0.00637,"최대현역:지창욱,정샛별역:김유정,유연주역:한선화,조승준역:도상우,정은별역:솔빈,공분희역:김선영,최용필역:이병준,한달식역:음문석,권의추역:우현,차기복역:이윤희,고광태역:배기범,김혜자역:견미리,최대순역:김지현,황금비역:서예화,차은조역:윤수,배부장역:허재호,강성태역:지찬,김정하역:신윤정,오현지역:한류은,강지욱역:김민규,유명기역:길용우"
20200627,SKY,230003,240222,편의점샛별이,,3회,전국,010219,드라마&영화,드라마,미니시리즈,0,0,0.01523,0.05066,0.00781,0.15362,0.01351,0,0.00882,0.13963,0.05012,0.07292,0.03017,0.00662,"최대현역:지창욱,정샛별역:김유정,유연주역:한선화,조승준역:도상우,정은별역:솔빈,공분희역:김선영,최용필역:이병준,한달식역:음문석,권의추역:우현,차기복역:이윤희,고광태역:배기범,김혜자역:견미리,최대순역:김지현,황금비역:서예화,차은조역:윤수,배부장역:허재호,강성태역:지찬,김정하역:신윤정,오현지역:한류은,강지욱역:김민규,유명기역:길용우"
20200627,ONCE,020111,023301,황후의품격,,27회,전국,003150,드라마&영화,드라마,미니시리즈,0,0,0,0.06339,0,0,0.05444,0,0,0.11084,0,0,0,0.13784,"오써니역:장나라,나왕식역:최진혁,이혁역:신성록,민유라역:이엘리야,태후강씨역:신은경,이윤역:오승윤,서강희역:윤소이,아리역:오아린,태황태후조씨역:박원숙,소진공주역:이희진,소현황후역:신고은,오금모역:윤다훈,오헬로역:스테파니리,변선생역:김명수,마필주역:윤주만,백도희역:황영희,나동식역:오한결,최팀장역:이수련,홍팀장역:김민옥,형사역:조동혁,수상역:고세원,나왕식역:태항호,사군자역:김수미,안형사역:안내상,강주승역:유건"
20200627,ONCE,023412,030230,황후의품격,,28회,전국,002818,드라마&영화,드라마,미니시리즈,0,0.00996,0,0.05946,0.008,0.0194,0.03291,0,0,0.11619,0,0.01729,0,0.1118,"오써니역:장나라,나왕식역:최진혁,이혁역:신성록,민유라역:이엘리야,태후강씨역:신은경,이윤역:오승윤,서강희역:윤소이,아리역:오아린,태황태후조씨역:박원숙,소진공주역:이희진,소현황후역:신고은,오금모역:윤다훈,오헬로역:스테파니리,변선생역:김명수,마필주역:윤주만,백도희역:황영희,나동식역:오한결,최팀장역:이수련,홍팀장역:김민옥,형사역:조동혁,수상역:고세원,나왕식역:태항호,사군자역:김수미,안형사역:안내상,강주승역:유건"
20200627,ONCE,031037,034743,황후의품격,,29회,전국,003706,드라마&영화,드라마,미니시리즈,0.00491,0,0,0.10039,0.00227,0.0873,0.01263,0.00517,0,0,0.01059,0,0.02489,0.04736,"오써니역:장나라,나왕식역:최진혁,이혁역:신성록,민유라역:이엘리야,태후강씨역:신은경,이윤역:오승윤,서강희역:윤소이,아리역:오아린,태황태후조씨역:박원숙,소진공주역:이희진,소현황후역:신고은,오금모역:윤다훈,오헬로역:스테파니리,변선생역:김명수,마필주역:윤주만,백도희역:황영희,나동식역:오한결,최팀장역:이수련,홍팀장역:김민옥,형사역:조동혁,수상역:고세원,나왕식역:태항호,사군자역:김수미,안형사역:안내상,강주승역:유건"
20200627,ONCE,034853,041159,황후의품격,,30회,전국,002306,드라마&영화,드라마,미니시리즈,0,0,0,0,0,0.05687,0.0046,0,0,0,0,0,0,0.00254,"오써니역:장나라,나왕식역:최진혁,이혁역:신성록,민유라역:이엘리야,태후강씨역:신은경,이윤역:오승윤,서강희역:윤소이,아리역:오아린,태황태후조씨역:박원숙,소진공주역:이희진,소현황후역:신고은,오금모역:윤다훈,오헬로역:스테파니리,변선생역:김명수,마필주역:윤주만,백도희역:황영희,나동식역:오한결,최팀장역:이수련,홍팀장역:김민옥,형사역:조동혁,수상역:고세원,나왕식역:태항호,사군자역:김수미,안형사역:안내상,강주승역:유건"
20200627,ONCE,063541,073824,동이,,55회,전국,010243,드라마&영화,드라마,주간연속극,0,0,0.07829,0,0.09261,0.14217,0.17685,0,0,0.00234,0,0,0.17978,0.06917,"동이역:한효주,숙종역:지진희,희빈장씨역:이소연,차천수역:배수빈,서용기역:정진영,인현왕후역:박하선,오태석역:정동환,이종욱역:이정훈,홍태윤역:손일권,박도식역:최재호,도승지역:신국,오호양역:여호민,황주식역:이희도,정인국역:나성균,최효원역:천호진,장익헌역:이재용,김환역:정인기,은금역:한다민,오태풍역:이계인,태풍처역:이숙,장희재역:김유석,설희역:김혜진,게둬라부역:정은표,오윤역:최철호,게둬라역:최수한,심운택역:김동윤,동이어린시절역:김유정,봉상궁역:김소이,조상궁역:안여진,유상궁역:임성민,정임역:정유미,애종역:강유미,시비역:오은호,미지역:최하나,대전내관역:정선일,명성대비역:박정수,정상궁역:김혜선,영달역:이광수,최동주역:정성운,장무열역:최종환,이금역:이형석,경종역:윤찬,김구선역:맹상훈,인원왕후역:오연서"
20200627,ONCE,075135,085224,동이,,56회,전국,010049,드라마&영화,드라마,주간연속극,0,0.00963,0,0.0924,0.00678,0.17271,0.20028,0,0.1542,0.0113,0.09792,0.00231,0.34009,0.03232,"동이역:한효주,숙종역:지진희,희빈장씨역:이소연,차천수역:배수빈,서용기역:정진영,인현왕후역:박하선,오태석역:정동환,이종욱역:이정훈,홍태윤역:손일권,박도식역:최재호,도승지역:신국,오호양역:여호민,황주식역:이희도,정인국역:나성균,최효원역:천호진,장익헌역:이재용,김환역:정인기,은금역:한다민,오태풍역:이계인,태풍처역:이숙,장희재역:김유석,설희역:김혜진,게둬라부역:정은표,오윤역:최철호,게둬라역:최수한,심운택역:김동윤,동이어린시절역:김유정,봉상궁역:김소이,조상궁역:안여진,유상궁역:임성민,정임역:정유미,애종역:강유미,시비역:오은호,미지역:최하나,대전내관역:정선일,명성대비역:박정수,정상궁역:김혜선,영달역:이광수,최동주역:정성운,장무열역:최종환,이금역:이형석,경종역:윤찬,김구선역:맹상훈,인원왕후역:오연서"
20200627,ONCE,085829,093918,전원일기,,432회,전국,004049,드라마&영화,드라마,주말연속극,0,0,0.02753,0.04684,0,0.00959,0.06411,0,0,0,0,0,0.04942,0.10631,"최불암,김혜자,김용건,김수미,고두심,유인촌,정대홍"
20200627,ONCE,094918,102823,전원일기,,433회,전국,003905,드라마&영화,드라마,주말연속극,0.21733,0.03358,0,0,0.02733,0,0.00467,0,0,0,0,0.02106,0.0029,0.10984,"최불암,김혜자,김용건,김수미,고두심,유인촌,정대홍"
20200627,ONCE,104129,114412,동이,,55회,전국,010243,드라마&영화,드라마,주간연속극,0,0.17296,0.00422,0.00754,0,0.0418,0.1313,0,0.01163,0.08294,0.24826,0.00201,0.08501,0.22347,"동이역:한효주,숙종역:지진희,희빈장씨역:이소연,차천수역:배수빈,서용기역:정진영,인현왕후역:박하선,오태석역:정동환,이종욱역:이정훈,홍태윤역:손일권,박도식역:최재호,도승지역:신국,오호양역:여호민,황주식역:이희도,정인국역:나성균,최효원역:천호진,장익헌역:이재용,김환역:정인기,은금역:한다민,오태풍역:이계인,태풍처역:이숙,장희재역:김유석,설희역:김혜진,게둬라부역:정은표,오윤역:최철호,게둬라역:최수한,심운택역:김동윤,동이어린시절역:김유정,봉상궁역:김소이,조상궁역:안여진,유상궁역:임성민,정임역:정유미,애종역:강유미,시비역:오은호,미지역:최하나,대전내관역:정선일,명성대비역:박정수,정상궁역:김혜선,영달역:이광수,최동주역:정성운,장무열역:최종환,이금역:이형석,경종역:윤찬,김구선역:맹상훈,인원왕후역:오연서"
20200627,ONCE,115723,125811,동이,,56회,전국,010048,드라마&영화,드라마,주간연속극,0,0,0,0.00213,0.02003,0,0.34387,0,0,0.03302,0.36541,0.02427,0.05894,0.27175,"동이역:한효주,숙종역:지진희,희빈장씨역:이소연,차천수역:배수빈,서용기역:정진영,인현왕후역:박하선,오태석역:정동환,이종욱역:이정훈,홍태윤역:손일권,박도식역:최재호,도승지역:신국,오호양역:여호민,황주식역:이희도,정인국역:나성균,최효원역:천호진,장익헌역:이재용,김환역:정인기,은금역:한다민,오태풍역:이계인,태풍처역:이숙,장희재역:김유석,설희역:김혜진,게둬라부역:정은표,오윤역:최철호,게둬라역:최수한,심운택역:김동윤,동이어린시절역:김유정,봉상궁역:김소이,조상궁역:안여진,유상궁역:임성민,정임역:정유미,애종역:강유미,시비역:오은호,미지역:최하나,대전내관역:정선일,명성대비역:박정수,정상궁역:김혜선,영달역:이광수,최동주역:정성운,장무열역:최종환,이금역:이형석,경종역:윤찬,김구선역:맹상훈,인원왕후역:오연서"
20200627,ONCE,153807,161856,전원일기,,432회,전국,004049,드라마&영화,드라마,주말연속극,0,0,0,0.02372,0,0,0.06077,0.0862,0,0,0.01877,0.08143,0.15181,0.05268,"최불암,김혜자,김용건,김수미,고두심,유인촌,정대홍"
20200627,ONCE,162856,170802,전원일기,,433회,전국,003906,드라마&영화,드라마,주말연속극,0,0,0.00831,0,0.03847,0.00904,0.04965,0,0,0.00929,0.02331,0.05548,0.13775,0.15852,"최불암,김혜자,김용건,김수미,고두심,유인촌,정대홍"
20200627,ONCE,171902,180401,전원일기,,434회,전국,004459,드라마&영화,드라마,주말연속극,0,0,0,0,0,0.00094,0,0,0,0,0,0,0.08949,0.00538,"최불암,김혜자,김용건,김수미,고두심,유인촌,정대홍"
20200627,ONCE,181601,185758,전원일기,,435회,전국,004157,드라마&영화,드라마,주말연속극,0,0,0,0.07622,0.02679,0.00945,0,0,0,0,0.00693,0,0.02534,0,"최불암,김혜자,김용건,김수미,고두심,유인촌,정대홍"
20200627,ONCE,240637,243828,황후의품격,,27회,전국,003151,드라마&영화,드라마,미니시리즈,0.04719,0,0.00868,0,0,0.01666,0.0073,0,0,0.01107,0.00993,0.0187,0.23669,0,"오써니역:장나라,나왕식역:최진혁,이혁역:신성록,민유라역:이엘리야,태후강씨역:신은경,이윤역:오승윤,서강희역:윤소이,아리역:오아린,태황태후조씨역:박원숙,소진공주역:이희진,소현황후역:신고은,오금모역:윤다훈,오헬로역:스테파니리,변선생역:김명수,마필주역:윤주만,백도희역:황영희,나동식역:오한결,최팀장역:이수련,홍팀장역:김민옥,형사역:조동혁,수상역:고세원,나왕식역:태항호,사군자역:김수미,안형사역:안내상,강주승역:유건"
20200627,ONCE,243938,250756,황후의품격,,28회,전국,002818,드라마&영화,드라마,미니시리즈,0,0,0,0.00365,0,0,0,0,0,0,0.02898,0.01004,0.05072,0,"오써니역:장나라,나왕식역:최진혁,이혁역:신성록,민유라역:이엘리야,태후강씨역:신은경,이윤역:오승윤,서강희역:윤소이,아리역:오아린,태황태후조씨역:박원숙,소진공주역:이희진,소현황후역:신고은,오금모역:윤다훈,오헬로역:스테파니리,변선생역:김명수,마필주역:윤주만,백도희역:황영희,나동식역:오한결,최팀장역:이수련,홍팀장역:김민옥,형사역:조동혁,수상역:고세원,나왕식역:태항호,사군자역:김수미,안형사역:안내상,강주승역:유건"
20200627,ONCE,252053,255759,황후의품격,,29회,전국,003706,드라마&영화,드라마,미니시리즈,0.41515,0,0,0.06604,0.02728,0.07526,0.00229,0.40119,0,0.02226,0,0.11391,0.08956,0.00359,"오써니역:장나라,나왕식역:최진혁,이혁역:신성록,민유라역:이엘리야,태후강씨역:신은경,이윤역:오승윤,서강희역:윤소이,아리역:오아린,태황태후조씨역:박원숙,소진공주역:이희진,소현황후역:신고은,오금모역:윤다훈,오헬로역:스테파니리,변선생역:김명수,마필주역:윤주만,백도희역:황영희,나동식역:오한결,최팀장역:이수련,홍팀장역:김민옥,형사역:조동혁,수상역:고세원,나왕식역:태항호,사군자역:김수미,안형사역:안내상,강주승역:유건"
20200627,ONCE,255909,255959,황후의품격,,30회,전국,000050,드라마&영화,드라마,미니시리즈,0,0,0,0,0,0,0,0,0,0,0,0,0.23669,0,"오써니역:장나라,나왕식역:최진혁,이혁역:신성록,민유라역:이엘리야,태후강씨역:신은경,이윤역:오승윤,서강희역:윤소이,아리역:오아린,태황태후조씨역:박원숙,소진공주역:이희진,소현황후역:신고은,오금모역:윤다훈,오헬로역:스테파니리,변선생역:김명수,마필주역:윤주만,백도희역:황영희,나동식역:오한결,최팀장역:이수련,홍팀장역:김민옥,형사역:조동혁,수상역:고세원,나왕식역:태항호,사군자역:김수미,안형사역:안내상,강주승역:유건"
20200627,SKYUHD,020000,031148,화유기,,1회/2회,전국,011148,드라마&영화,드라마,미니시리즈,0,0,0,0,0,0,0,0,0,0,0,0,0,0,"손오공역:이승기,우마왕역:차승원,진선미역:오연서,저팔계역:이홍기,사오정역:장광,마비서역:이엘,이한주역:김성오,앨리스역:윤보라,좀비소녀역:이세영,수보리조사역:성지루,동장군역:성혁,강대성역:송종호,조나단역:마이클리,진선미어린시절역:갈소원,공작역:장근석,나찰녀역:김지수"
20200627,SKYUHD,100503,125542,화유기,,1회/2회,전국,025039,드라마&영화,드라마,미니시리즈,0,0,0,0,0,0,0,0,0,0,0,0,0,0,"손오공역:이승기,우마왕역:차승원,진선미역:오연서,저팔계역:이홍기,사오정역:장광,마비서역:이엘,이한주역:김성오,앨리스역:윤보라,좀비소녀역:이세영,수보리조사역:성지루,동장군역:성혁,강대성역:송종호,조나단역:마이클리,진선미어린시절역:갈소원,공작역:장근석,나찰녀역:김지수"
20200627,SKYUHD,201725,230804,화유기,,1회/2회,전국,025039,드라마&영화,드라마,미니시리즈,0,0,0,0,0,0,0,0,0,0,0,0,0,0,"손오공역:이승기,우마왕역:차승원,진선미역:오연서,저팔계역:이홍기,사오정역:장광,마비서역:이엘,이한주역:김성오,앨리스역:윤보라,좀비소녀역:이세영,수보리조사역:성지루,동장군역:성혁,강대성역:송종호,조나단역:마이클리,진선미어린시절역:갈소원,공작역:장근석,나찰녀역:김지수"
20200627,OCN Thrills,020000,024736,번외수사,,7회,전국,004736,드라마&영화,드라마,미니시리즈,0,0.02761,0,0,0,0.10032,0,0,0,0.00596,0,0,0.01743,0.01176,"진강호역:차태현,강무영역:이선빈,이반석역:정상훈,테디정역:윤경호,탁원역:지승현,민대진역:박정우,맨손역:박태산,연장역:장진희,지수철역:이영석,노순이역:민경옥"
20200627,OCN Thrills,030236,040812,번외수사,,8회,전국,010536,드라마&영화,드라마,미니시리즈,0,0,0,0.12044,0,0.00456,0.00204,0,0,0,0,0.00604,0.00315,0.04726,"진강호역:차태현,강무영역:이선빈,이반석역:정상훈,테디정역:윤경호,탁원역:지승현,민대진역:박정우,맨손역:박태산,연장역:장진희,지수철역:이영석,노순이역:민경옥"
20200627,OCN Thrills,041211,051148,번외수사,,9회,전국,005937,드라마&영화,드라마,미니시리즈,0.08283,0,0,0.78288,0.01673,0.0451,0.0091,0,0,0,0,0.03237,0.04944,0.00638,"진강호역:차태현,강무영역:이선빈,이반석역:정상훈,테디정역:윤경호,탁원역:지승현,민대진역:박정우,맨손역:박태산,연장역:장진희,지수철역:이영석,노순이역:민경옥"
20200627,OCN Thrills,051425,061502,번외수사,,10회,전국,010037,드라마&영화,드라마,미니시리즈,0,0,0,0.14797,0.05612,0.1003,0.04238,0,0,0,0,0.11265,0.16407,0.05621,"진강호역:차태현,강무영역:이선빈,이반석역:정상훈,테디정역:윤경호,탁원역:지승현,민대진역:박정우,맨손역:박태산,연장역:장진희,지수철역:이영석,노순이역:민경옥"
20200627,OCN Thrills,140610,150747,번외수사,,9회,전국,010137,드라마&영화,드라마,미니시리즈,0,0,0.04434,0.04313,0.01734,0.21762,0.02027,0,0,0.00667,0,0.17529,0.20584,0.07163,"진강호역:차태현,강무영역:이선빈,이반석역:정상훈,테디정역:윤경호,탁원역:지승현,민대진역:박정우,맨손역:박태산,연장역:장진희,지수철역:이영석,노순이역:민경옥"
20200627,OCN Thrills,151953,162145,번외수사,,10회,전국,010152,드라마&영화,드라마,미니시리즈,0,0.50565,0.00428,0.06767,0.34885,0.45093,0.02701,0.12317,0.00782,0.13759,0.16908,0.31259,0.33874,0.17287,"진강호역:차태현,강무영역:이선빈,이반석역:정상훈,테디정역:윤경호,탁원역:지승현,민대진역:박정우,맨손역:박태산,연장역:장진희,지수철역:이영석,노순이역:민경옥"
20200627,TRENDY,120029,130345,영혼수선공,,15회,전국,010316,드라마&영화,드라마,미니시리즈,0,0,0,0,0.00408,0,0.0063,0.01397,0,0,0.00379,0.0025,0.00761,0.03776,"이시준역:신하균,한우주역:정소민,인동혁역:태인호,지영원역:박예진,공지선역:주민경,조인혜역:조경숙,오기태역:박수영,박대하역:정해균,이택경역:최정우,노우정역:안동구,강누리역:하영,임세찬역:장유상,공지희역:박한솔,장유미역:김가란,김영석역:김강민,송민수역:류시원"
20200627,TRENDY,202133,212453,영혼수선공,,15회,전국,010320,드라마&영화,드라마,미니시리즈,0,0,0,0,0,0.00624,0.00167,0,0,0,0.00583,0.00312,0.00515,0.0011,"이시준역:신하균,한우주역:정소민,인동혁역:태인호,지영원역:박예진,공지선역:주민경,조인혜역:조경숙,오기태역:박수영,박대하역:정해균,이택경역:최정우,노우정역:안동구,강누리역:하영,임세찬역:장유상,공지희역:박한솔,장유미역:김가란,김영석역:김강민,송민수역:류시원"
20200628,KBS2,121028,131110,영혼수선공,<29회/30회>,29회/30회,전국,010042,드라마&영화,드라마,미니시리즈,1.7967,0.27189,0.23017,0.36696,0.54114,1.04606,0.58843,0,0.00734,0.0912,0.58359,0.8414,1.06918,0.93532,"이시준역:신하균,한우주역:정소민,인동혁역:태인호,지영원역:박예진,공지선역:주민경,조인혜역:조경숙,오기태역:박수영,박대하역:정해균,이택경역:최정우,노우정역:안동구,강누리역:하영,임세찬역:장유상,공지희역:박한솔,장유미역:김가란,김영석역:김강민,송민수역:류시원"
20200628,KBS2,132108,142016,영혼수선공,<31회/32회>,31회/32회,전국,005908,드라마&영화,드라마,미니시리즈,0.04849,0.3706,0.23254,0.27644,0.44945,0.8167,0.83028,0.06182,0.07771,0.21366,0.21689,0.60896,1.19305,1.21425,"이시준역:신하균,한우주역:정소민,인동혁역:태인호,지영원역:박예진,공지선역:주민경,조인혜역:조경숙,오기태역:박수영,박대하역:정해균,이택경역:최정우,노우정역:안동구,강누리역:하영,임세찬역:장유상,공지희역:박한솔,장유미역:김가란,김영석역:김강민,송민수역:류시원"
20200628,KBS2,154156,162116,한번다녀왔습니다,<53회>,53회,전국,003920,드라마&영화,드라마,주말연속극,0.97467,0.53787,1.27095,1.57868,1.36571,2.66013,2.18413,0.44645,0.72086,0.92598,0.98549,2.73476,3.52577,2.85463,"송영달역:천호진,장옥분역:차화연,최윤정역:김보연,강초연역:이정은,송나희역:이민정,윤규진역:이상엽,송준선역:오대환,송가희역:오윤아,송다희역:이초희,양치수역:안길강,장옥자역:백지원,성현경역:임정은,윤재석역:이상이,박효신역:기도훈,김지훈역:문우진,이주리역:김소라,김가연역:송다은,건어물역:신미영,꽈배기역:김가영,송서영역:이가연,송서진역:안서연,이정록역:알렉스,유보영역:손성윤,유시후역:송민재,박지연역:신수정,한기영역:강유석,홍성우역:김현목,신혜정역:김미은,심정희역:이상경,오연지역:한봄,오정봉역:오의식,이종수역:장원혁,김승현역:배호근,송이역:김주영,지원역:찬희,이현역:이필모"
20200628,KBS2,162230,165212,한번다녀왔습니다,<54회>,54회,전국,002942,드라마&영화,드라마,주말연속극,1.53331,1.85266,1.94483,2.24895,2.32084,5.1403,3.50543,2.38001,0.78085,1.55736,2.48212,3.73789,4.86408,4.39904,"송영달역:천호진,장옥분역:차화연,최윤정역:김보연,강초연역:이정은,송나희역:이민정,윤규진역:이상엽,송준선역:오대환,송가희역:오윤아,송다희역:이초희,양치수역:안길강,장옥자역:백지원,성현경역:임정은,윤재석역:이상이,박효신역:기도훈,김지훈역:문우진,이주리역:김소라,김가연역:송다은,건어물역:신미영,꽈배기역:김가영,송서영역:이가연,송서진역:안서연,이정록역:알렉스,유보영역:손성윤,유시후역:송민재,박지연역:신수정,한기영역:강유석,홍성우역:김현목,신혜정역:김미은,심정희역:이상경,오연지역:한봄,오정봉역:오의식,이종수역:장원혁,김승현역:배호근,송이역:김주영,지원역:찬희,이현역:이필모"
20200628,KBS2,200545,204323,한번다녀왔습니다,<55회>,55회,전국,003738,드라마&영화,드라마,주말연속극,8.64269,6.46695,5.23647,8.08269,9.50292,15.51659,23.07118,10.77518,5.55134,7.88299,10.9083,15.54951,22.50654,28.25653,"송영달역:천호진,장옥분역:차화연,최윤정역:김보연,강초연역:이정은,송나희역:이민정,윤규진역:이상엽,송준선역:오대환,송가희역:오윤아,송다희역:이초희,양치수역:안길강,장옥자역:백지원,성현경역:임정은,윤재석역:이상이,박효신역:기도훈,김지훈역:문우진,이주리역:김소라,김가연역:송다은,건어물역:신미영,꽈배기역:김가영,송서영역:이가연,송서진역:안서연,이정록역:알렉스,유보영역:손성윤,유시후역:송민재,박지연역:신수정,한기영역:강유석,홍성우역:김현목,신혜정역:김미은,심정희역:이상경,오연지역:한봄,오정봉역:오의식,이종수역:장원혁,김승현역:배호근,송이역:김주영,지원역:찬희,이현역:이필모"
20200628,KBS2,204552,211718,한번다녀왔습니다,<56회>,56회,전국,003126,드라마&영화,드라마,주말연속극,10.98706,7.28239,7.01796,9.4692,11.50901,20.03227,27.11372,12.91301,6.86165,9.85909,13.09857,20.18159,28.50198,32.50408,"송영달역:천호진,장옥분역:차화연,최윤정역:김보연,강초연역:이정은,송나희역:이민정,윤규진역:이상엽,송준선역:오대환,송가희역:오윤아,송다희역:이초희,양치수역:안길강,장옥자역:백지원,성현경역:임정은,윤재석역:이상이,박효신역:기도훈,김지훈역:문우진,이주리역:김소라,김가연역:송다은,건어물역:신미영,꽈배기역:김가영,송서영역:이가연,송서진역:안서연,이정록역:알렉스,유보영역:손성윤,유시후역:송민재,박지연역:신수정,한기영역:강유석,홍성우역:김현목,신혜정역:김미은,심정희역:이상경,오연지역:한봄,오정봉역:오의식,이종수역:장원혁,김승현역:배호근,송이역:김주영,지원역:찬희,이현역:이필모"
20200628,MBC,144512,151403,꼰대인턴,<21회>,21회,전국,002851,드라마&영화,드라마,미니시리즈,0.05426,0.29646,0.14236,0.72522,2.11963,1.10774,1.0232,0.27749,0.03484,0.92775,0.91006,2.36525,1.66591,1.3869,"가열찬역:박해진,이만식역:김응수,이태리역:한지은,남궁준수역:박기웅,탁정은역:박아인,주윤수역:노종현,오동근역:고건한,김승진역:홍승범,구자숙역:김선영,안상종역:손종학,남궁표역:고인범,엄한길역:김기천,옥경이역:문숙,고선녀역:정경순,열찬모역:전국향,박범준역:장성규,백범역:정성호,은혜수역:정영주,가열찬친구역:권수현,차형석역:영탁"
20200628,MBC,151546,154829,꼰대인턴,<22회>,22회,전국,003243,드라마&영화,드라마,미니시리즈,0.11707,0.15155,1.03506,0.95428,1.51911,1.98902,1.68453,0.23899,0.34328,1.57725,0.54647,2.34021,2.30072,2.04575,"가열찬역:박해진,이만식역:김응수,이태리역:한지은,남궁준수역:박기웅,탁정은역:박아인,주윤수역:노종현,오동근역:고건한,김승진역:홍승범,구자숙역:김선영,안상종역:손종학,남궁표역:고인범,엄한길역:김기천,옥경이역:문숙,고선녀역:정경순,열찬모역:전국향,박범준역:장성규,백범역:정성호,은혜수역:정영주,가열찬친구역:권수현,차형석역:영탁"
20200628,MBC,243007,250332,저녁같이드실래요,<17회>,17회,전국,003325,드라마&영화,드라마,미니시리즈,0.02805,0.29313,0.26617,0.4204,0.58752,1.22144,0.75873,0,0,0.77072,0.7265,1.05789,1.24621,0.80576,"김해경역:송승헌,우도희역:서지혜,정재혁역:이지훈,진노을역:손나은,남아영역:예지원,키에누역:박호산,박진규역:고규필,강건우역:이현진,이병진역:김서경,임소라역:오혜원,김정환역:안태환,이문정역:전국향,전성자역:윤복인,이영동역:김정현,이은서역:서은수,푸드트럭총각역:이시언,태진아역:태진아,환자역:박산다라"
20200628,MBC,250414,253800,저녁같이드실래요,<18회>,18회,전국,003346,드라마&영화,드라마,미니시리즈,0.07283,0.46048,0.08002,0.69428,1.10418,1.11086,0.9576,0.25153,0.4163,0.34782,0.94047,1.57855,1.05192,1.20809,"김해경역:송승헌,우도희역:서지혜,정재혁역:이지훈,진노을역:손나은,남아영역:예지원,키에누역:박호산,박진규역:고규필,강건우역:이현진,이병진역:김서경,임소라역:오혜원,김정환역:안태환,이문정역:전국향,전성자역:윤복인,이영동역:김정현,이은서역:서은수,푸드트럭총각역:이시언,태진아역:태진아,환자역:박산다라"
20200628,MBC,254159,255959,저녁같이드실래요,<19회>,19회,전국,001800,드라마&영화,드라마,미니시리즈,0,0.29313,0.26215,0.53988,0.39159,0.91422,1.22142,0,0,0.47548,0.8573,0.84384,0.8144,1.17306,"김해경역:송승헌,우도희역:서지혜,정재혁역:이지훈,진노을역:손나은,남아영역:예지원,키에누역:박호산,박진규역:고규필,강건우역:이현진,이병진역:김서경,임소라역:오혜원,김정환역:안태환,이문정역:전국향,전성자역:윤복인,이영동역:김정현,이은서역:서은수,푸드트럭총각역:이시언,태진아역:태진아,환자역:박산다라"
20200628,SBS,141324,144459,편의점샛별이,<1부>,4회,전국,003135,드라마&영화,드라마,미니시리즈,1.54063,1.83123,1.35777,1.2175,1.48346,1.82752,1.05276,1.7307,0.21149,0.09714,0.71079,1.45945,2.11808,1.70956,"최대현역:지창욱,정샛별역:김유정,유연주역:한선화,조승준역:도상우,정은별역:솔빈,공분희역:김선영,최용필역:이병준,한달식역:음문석,권의추역:우현,차기복역:이윤희,고광태역:배기범,김혜자역:견미리,최대순역:김지현,황금비역:서예화,차은조역:윤수,배부장역:허재호,강성태역:지찬,김정하역:신윤정,오현지역:한류은,강지욱역:김민규,유명기역:길용우"
20200628,SBS,144639,151448,편의점샛별이,<2부>,4회,전국,002809,드라마&영화,드라마,미니시리즈,1.97822,2.01475,1.23752,1.80616,1.53966,2.85382,1.03365,1.39036,0.36669,0.44306,0.85331,1.85782,1.63857,1.65158,"최대현역:지창욱,정샛별역:김유정,유연주역:한선화,조승준역:도상우,정은별역:솔빈,공분희역:김선영,최용필역:이병준,한달식역:음문석,권의추역:우현,차기복역:이윤희,고광태역:배기범,김혜자역:견미리,최대순역:김지현,황금비역:서예화,차은조역:윤수,배부장역:허재호,강성태역:지찬,김정하역:신윤정,오현지역:한류은,강지욱역:김민규,유명기역:길용우"
20200628,TV CHOSUN,024135,032621,운명과분노,,9회,전국,004446,드라마&영화,드라마,주말연속극,0,0.25834,0,0.23362,0.05258,0.22772,0.56547,0,0,0,0,0.40989,0.32277,0.28852,"태인준역:주상욱,구해라역:이민정,차수현역:소이현,진태오역:이기우,태필운역:고인범,한성숙역:송옥숙,태정호역:공정환,고아정역:심이영,태정민역:박수아,현정수역:조승연,구현주역:차수연,강선영역:정수영,강의건역:윤학,김창수역:허준석,차동규역:권태원,이은숙역:하민,김비서역:임지규,이현정역:한은선,김석진역:조완기,이정혜역:전현아,제니진역:김단우"
20200628,TV CHOSUN,200105,210230,바람과구름과비,,12회,전국,010125,드라마&영화,드라마,미니시리즈,0.00615,0.14471,0.57624,0.20394,0.4398,1.5662,1.49988,0.16416,0.20216,0.33106,0.54506,0.87814,1.7471,1.76947,"최천중역:박시후,봉련역:고성희,흥선대원군이하응역:전광렬,채인규역:성혁,김병운역:김승수,김좌근역:차광수,나합역:윤아정,김병학역:한재영,조대비역:김보연,철종역:정욱,이하전역:이루,명성황후민자영역:박정연,고종이재황역:박상훈,용팔룡역:조복래,주모역:김주령,적도사진상역:한동규,팽구철역:노형욱,만석역:박노식,연치성역:임현수,반달역:왕빛나,임종사관역:허태희,최천중어린시절역:강태우,봉련어린시절역:홍승희,채인규어린시절역:최정우,상복역:허성태,민승호역:이해우,저자이병주,출판그림같은세상2020.08.28.,e북무료판매처 1건"
20200628,TV CHOSUN,225716,240112,바람과구름과비,,13회,전국,010356,드라마&영화,드라마,미니시리즈,0.04264,0.51008,2.05024,0.88075,1.06921,4.20302,3.59685,0.44765,0.29033,0.74244,2.18852,1.12346,4.81506,4.32487,"최천중역:박시후,봉련역:고성희,흥선대원군이하응역:전광렬,채인규역:성혁,김병운역:김승수,김좌근역:차광수,나합역:윤아정,김병학역:한재영,조대비역:김보연,철종역:정욱,이하전역:이루,명성황후민자영역:박정연,고종이재황역:박상훈,용팔룡역:조복래,주모역:김주령,적도사진상역:한동규,팽구철역:노형욱,만석역:박노식,연치성역:임현수,반달역:왕빛나,임종사관역:허태희,최천중어린시절역:강태우,봉련어린시절역:홍승희,채인규어린시절역:최정우,상복역:허성태,민승호역:이해우,저자이병주,출판그림같은세상2020.08.28.,e북무료판매처 1건"
20200628,tvN,111741,123508,사이코지만괜찮아,,3회,전국,011727,드라마&영화,드라마,미니시리즈,1.92488,0.32283,0.12175,0.76246,0.93713,0.97241,0.71062,0.06331,0.3399,0.43442,1.48936,0.95631,1.31847,0.75889,"문강태역:김수현,고문영역:서예지,문상태역:오정세,남주리역:박규영,이상인역:김주헌,조재수역:강기둥,오지왕역:김창완,강순덕역:김미경,박행자역:장영남,선별역:장규리,권민석역:서준,오차용역:최우성,고대환역:이얼,간필옹역:김기천,주정태역:정재광,이아름역:지혜원,박옥란역:강지은,유선해역:주인영,강은자역:배해선,유승재역:박진주,문강태어린시절역:문우진,고문영어린시절역:김수인,권기도역:곽동연,훈남CEO역:최다니엘"
20200628,tvN,181812,193541,사이코지만괜찮아,,3회,전국,011729,드라마&영화,드라마,미니시리즈,0.06563,0.41122,0,0.41018,0.83631,0.45767,0.4335,0.00576,0.12402,0.10144,0.44876,1.10706,0.71948,0.38848,"문강태역:김수현,고문영역:서예지,문상태역:오정세,남주리역:박규영,이상인역:김주헌,조재수역:강기둥,오지왕역:김창완,강순덕역:김미경,박행자역:장영남,선별역:장규리,권민석역:서준,오차용역:최우성,고대환역:이얼,간필옹역:김기천,주정태역:정재광,이아름역:지혜원,박옥란역:강지은,유선해역:주인영,강은자역:배해선,유승재역:박진주,문강태어린시절역:문우진,고문영어린시절역:김수인,권기도역:곽동연,훈남CEO역:최다니엘"
20200628,tvN,211652,222821,사이코지만괜찮아,,4회,전국,011129,드라마&영화,드라마,미니시리즈,0.99774,2.17759,1.30284,1.97057,3.26615,3.08642,2.09687,0.42175,2.76446,3.04707,3.85264,7.73087,4.12017,1.99131,"문강태역:김수현,고문영역:서예지,문상태역:오정세,남주리역:박규영,이상인역:김주헌,조재수역:강기둥,오지왕역:김창완,강순덕역:김미경,박행자역:장영남,선별역:장규리,권민석역:서준,오차용역:최우성,고대환역:이얼,간필옹역:김기천,주정태역:정재광,이아름역:지혜원,박옥란역:강지은,유선해역:주인영,강은자역:배해선,유승재역:박진주,문강태어린시절역:문우진,고문영어린시절역:김수인,권기도역:곽동연,훈남CEO역:최다니엘"
20200628,tvN,244719,255959,사이코지만괜찮아,,3회,전국,011240,드라마&영화,드라마,미니시리즈,0,0.08357,0.68421,0.75537,0.64018,0.45211,0.50237,0,0.11337,0.05496,0.38022,0.57784,0.5101,0.29525,"문강태역:김수현,고문영역:서예지,문상태역:오정세,남주리역:박규영,이상인역:김주헌,조재수역:강기둥,오지왕역:김창완,강순덕역:김미경,박행자역:장영남,선별역:장규리,권민석역:서준,오차용역:최우성,고대환역:이얼,간필옹역:김기천,주정태역:정재광,이아름역:지혜원,박옥란역:강지은,유선해역:주인영,강은자역:배해선,유승재역:박진주,문강태어린시절역:문우진,고문영어린시절역:김수인,권기도역:곽동연,훈남CEO역:최다니엘"
20200628,국방TV,210036,212713,바람은불어도,,127회,전국,002637,드라마&영화,드라마,미니시리즈,0,0,0,0,0,0,0,0,0,0,0,0,0,0,"최수종,유호정,윤손하,송나영,송기윤,나문희"
20200628,국방TV,213036,215715,바람은불어도,,128회,전국,002639,드라마&영화,드라마,미니시리즈,0,0,0,0,0,0,0.00402,0,0,0,0,0,0,0.00468,"최수종,유호정,윤손하,송나영,송기윤,나문희"
20200628,국방TV,240036,242713,바람은불어도,,127회,전국,002637,드라마&영화,드라마,미니시리즈,0,0,0,0.03555,0,0.00212,0.00896,0.05357,0,0,0,0.01203,0.01189,0.01243,"최수종,유호정,윤손하,송나영,송기윤,나문희"
20200628,국방TV,243036,245715,바람은불어도,,128회,전국,002639,드라마&영화,드라마,미니시리즈,0,0,0,0,0,0,0,0,0,0,0,0,0,0,"최수종,유호정,윤손하,송나영,송기윤,나문희"
20200628,국방TV,250036,252445,바람은불어도,,129회,전국,002409,드라마&영화,드라마,미니시리즈,0,0,0,0,0,0,0,0,0,0,0,0,0,0,"최수종,유호정,윤손하,송나영,송기윤,나문희"
20200628,국방TV,253036,255412,바람은불어도,,130회,전국,002336,드라마&영화,드라마,미니시리즈,0,0,0,0,0,0,0.04508,0,0.00754,0.00316,0,0.00319,0,0,"최수종,유호정,윤손하,송나영,송기윤,나문희"
20200628,OCN Movies,025050,035218,번외수사,,11회,전국,010128,드라마&영화,드라마,미니시리즈,0,0,0.00967,0.29344,0.20921,0.49114,0.00606,0,0.01101,0.00506,0.00252,0.21935,0.22796,0.01257,"진강호역:차태현,강무영역:이선빈,이반석역:정상훈,테디정역:윤경호,탁원역:지승현,민대진역:박정우,맨손역:박태산,연장역:장진희,지수철역:이영석,노순이역:민경옥"
20200628,AXN,061604,072005,완전한사랑,,21회,전국,010401,드라마&영화,드라마,주간연속극,0,0,0,0,0.00559,0,0,0,0,0,0,0,0,0.04807,"박시우역:차인표,하영애역:김희애,문지나역:이승연,박회장역:김성원,장혜자역:강부자"
20200628,AXN,073752,084255,완전한사랑,,22회,전국,010503,드라마&영화,드라마,주간연속극,0.11353,0.07714,0,0,0.06196,0.01117,0,0,0,0.01425,0.05137,0,0.03194,0.08192,"박시우역:차인표,하영애역:김희애,문지나역:이승연,박회장역:김성원,장혜자역:강부자"
20200628,AXN,134050,144518,완전한사랑,,21회,전국,010428,드라마&영화,드라마,주간연속극,0,0.30511,0,0.00179,0,0.00595,0.01283,0,0,0,0,0.149,0,0.00984,"박시우역:차인표,하영애역:김희애,문지나역:이승연,박회장역:김성원,장혜자역:강부자"
20200628,AXN,150044,160630,완전한사랑,,22회,전국,010546,드라마&영화,드라마,주간연속극,0,0.29313,0,0,0,0.14794,0.06836,0,0,0,0.09402,0.15633,0.20252,0.04809,"박시우역:차인표,하영애역:김희애,문지나역:이승연,박회장역:김성원,장혜자역:강부자"
20200628,AXN,212547,222939,완전한사랑,,21회,전국,010352,드라마&영화,드라마,주간연속극,0,0,0,0,0,0,0.05751,0,0,0,0.00494,0,0,0.02838,"박시우역:차인표,하영애역:김희애,문지나역:이승연,박회장역:김성원,장혜자역:강부자"
20200628,AXN,224245,234739,완전한사랑,,22회,전국,010454,드라마&영화,드라마,주간연속극,0.13385,0.29313,0,0.00341,0.0172,0,0.06711,0.08516,0,0.00273,0.01099,0.17521,0.06299,0.00999,"박시우역:차인표,하영애역:김희애,문지나역:이승연,박회장역:김성원,장혜자역:강부자"
20200628,CHING,061618,071911,달의연인-보보경심:려,,5회,전국,010253,드라마&영화,드라마,주간연속극,0,0,0,0.01223,0,0,0.00295,0,0,0,0,0,0,0.00878,"4황자왕소역:이준기,해수역:이지은,8황자왕욱역:강하늘,3황자왕요역:홍종현,13황자왕욱역:남주혁,10황자왕은역:백현,14황자왕정역:지수,9황자왕원역:윤선우,정윤왕무역:김산호,최지몽역:김성균,황보연화역:강한나,태조왕건역:조민기,황후유씨역:박지영,황후황보씨역:정경순,박수경역:성동일,오상궁역:우희진,해씨부인역:박시은,채령역:진기주,우희역:서현,박순덕역:지헤라,박영규역:최병모,왕식렴역:박정학"
20200628,CHING,072823,083114,달의연인-보보경심:려,,6회,전국,010251,드라마&영화,드라마,주간연속극,0,0,0,0.00372,0,0,0,0,0,0,0,0,0,0.00203,"4황자왕소역:이준기,해수역:이지은,8황자왕욱역:강하늘,3황자왕요역:홍종현,13황자왕욱역:남주혁,10황자왕은역:백현,14황자왕정역:지수,9황자왕원역:윤선우,정윤왕무역:김산호,최지몽역:김성균,황보연화역:강한나,태조왕건역:조민기,황후유씨역:박지영,황후황보씨역:정경순,박수경역:성동일,오상궁역:우희진,해씨부인역:박시은,채령역:진기주,우희역:서현,박순덕역:지헤라,박영규역:최병모,왕식렴역:박정학"
20200628,CHING,084417,094719,달의연인-보보경심:려,,7회,전국,010302,드라마&영화,드라마,주간연속극,0,0,0,0,0,0.17008,0.03106,0,0,0,0,0.00408,0,0.00278,"4황자왕소역:이준기,해수역:이지은,8황자왕욱역:강하늘,3황자왕요역:홍종현,13황자왕욱역:남주혁,10황자왕은역:백현,14황자왕정역:지수,9황자왕원역:윤선우,정윤왕무역:김산호,최지몽역:김성균,황보연화역:강한나,태조왕건역:조민기,황후유씨역:박지영,황후황보씨역:정경순,박수경역:성동일,오상궁역:우희진,해씨부인역:박시은,채령역:진기주,우희역:서현,박순덕역:지헤라,박영규역:최병모,왕식렴역:박정학"
20200628,CHING,100136,110523,달의연인-보보경심:려,,8회,전국,010347,드라마&영화,드라마,주간연속극,0,0,0,0,0,0,0.01552,0,0,0,0,0.05092,0,0,"4황자왕소역:이준기,해수역:이지은,8황자왕욱역:강하늘,3황자왕요역:홍종현,13황자왕욱역:남주혁,10황자왕은역:백현,14황자왕정역:지수,9황자왕원역:윤선우,정윤왕무역:김산호,최지몽역:김성균,황보연화역:강한나,태조왕건역:조민기,황후유씨역:박지영,황후황보씨역:정경순,박수경역:성동일,오상궁역:우희진,해씨부인역:박시은,채령역:진기주,우희역:서현,박순덕역:지헤라,박영규역:최병모,왕식렴역:박정학"
20200628,CHING,182505,192753,달의연인-보보경심:려,,5회,전국,010248,드라마&영화,드라마,주간연속극,0,0,0,0.02383,0,0,0.00638,0,0,0,0.00851,0,0.02162,0.02148,"4황자왕소역:이준기,해수역:이지은,8황자왕욱역:강하늘,3황자왕요역:홍종현,13황자왕욱역:남주혁,10황자왕은역:백현,14황자왕정역:지수,9황자왕원역:윤선우,정윤왕무역:김산호,최지몽역:김성균,황보연화역:강한나,태조왕건역:조민기,황후유씨역:박지영,황후황보씨역:정경순,박수경역:성동일,오상궁역:우희진,해씨부인역:박시은,채령역:진기주,우희역:서현,박순덕역:지헤라,박영규역:최병모,왕식렴역:박정학"
20200628,CHING,194036,204322,달의연인-보보경심:려,,6회,전국,010246,드라마&영화,드라마,주간연속극,0,0,0,0,0,0,0.03398,0,0,0,0,0,0,0.02335,"4황자왕소역:이준기,해수역:이지은,8황자왕욱역:강하늘,3황자왕요역:홍종현,13황자왕욱역:남주혁,10황자왕은역:백현,14황자왕정역:지수,9황자왕원역:윤선우,정윤왕무역:김산호,최지몽역:김성균,황보연화역:강한나,태조왕건역:조민기,황후유씨역:박지영,황후황보씨역:정경순,박수경역:성동일,오상궁역:우희진,해씨부인역:박시은,채령역:진기주,우희역:서현,박순덕역:지헤라,박영규역:최병모,왕식렴역:박정학"
20200628,CHING,205813,220109,달의연인-보보경심:려,,7회,전국,010256,드라마&영화,드라마,주간연속극,0,0,0,0,0,0.06403,0.00092,0,0,0.06078,0,0,0.11765,0.00101,"4황자왕소역:이준기,해수역:이지은,8황자왕욱역:강하늘,3황자왕요역:홍종현,13황자왕욱역:남주혁,10황자왕은역:백현,14황자왕정역:지수,9황자왕원역:윤선우,정윤왕무역:김산호,최지몽역:김성균,황보연화역:강한나,태조왕건역:조민기,황후유씨역:박지영,황후황보씨역:정경순,박수경역:성동일,오상궁역:우희진,해씨부인역:박시은,채령역:진기주,우희역:서현,박순덕역:지헤라,박영규역:최병모,왕식렴역:박정학"
20200628,CHING,221226,231607,달의연인-보보경심:려,,8회,전국,010341,드라마&영화,드라마,주간연속극,0,0,0,0,0.09096,0,0,0,0,0,0,0.10192,0,0,"4황자왕소역:이준기,해수역:이지은,8황자왕욱역:강하늘,3황자왕요역:홍종현,13황자왕욱역:남주혁,10황자왕은역:백현,14황자왕정역:지수,9황자왕원역:윤선우,정윤왕무역:김산호,최지몽역:김성균,황보연화역:강한나,태조왕건역:조민기,황후유씨역:박지영,황후황보씨역:정경순,박수경역:성동일,오상궁역:우희진,해씨부인역:박시은,채령역:진기주,우희역:서현,박순덕역:지헤라,박영규역:최병모,왕식렴역:박정학"
20200628,CNTV,020555,025645,광개토태왕,,84회,전국,005050,드라마&영화,드라마,주말연속극,0,0,0.00379,0,0.01268,0,0.02183,0,0,0,0.01174,0.00839,0.00127,0.00272,"담덕역:이태곤,고운역:김승수,모용보역:임호,도영역:오지은,연살타역:홍경인,약연역:이인혜,고무역:김진태,고창역:남성진,모두영역:이원발,모두루역:임대호,모용수역:김동현,풍발역:정호근,개연수역:최동준,가라지역:오욱철,연도부역:반석진,계필역:선동혁,이영역:최상훈,담망역:정태우,이련역:송용태,고야역:이보희,담주역:조안,설도안역:김규철,설지역:김정화,마수역:고인범,여소이역:임병기,돌비수역:김정현,갈사무역:강신조,도광역:박승호,소모역:강지후,여문역:나주석,모용희역:조인표,거보역:김덕현,무갑역:유종근,여석개역:방형주,황회역:김명수,원봉역:박유승,하무지역:윤승원,사갈현역:김철기,아신역:박정철"
20200628,CNTV,070647,075657,광개토태왕,,85회,전국,005010,드라마&영화,드라마,주말연속극,0,0,0,0,0,0.12329,0.30511,0,0,0,0,0,0.22799,0.33223,"담덕역:이태곤,고운역:김승수,모용보역:임호,도영역:오지은,연살타역:홍경인,약연역:이인혜,고무역:김진태,고창역:남성진,모두영역:이원발,모두루역:임대호,모용수역:김동현,풍발역:정호근,개연수역:최동준,가라지역:오욱철,연도부역:반석진,계필역:선동혁,이영역:최상훈,담망역:정태우,이련역:송용태,고야역:이보희,담주역:조안,설도안역:김규철,설지역:김정화,마수역:고인범,여소이역:임병기,돌비수역:김정현,갈사무역:강신조,도광역:박승호,소모역:강지후,여문역:나주석,모용희역:조인표,거보역:김덕현,무갑역:유종근,여석개역:방형주,황회역:김명수,원봉역:박유승,하무지역:윤승원,사갈현역:김철기,아신역:박정철"
20200628,CNTV,080805,085954,광개토태왕,,86회,전국,005149,드라마&영화,드라마,주말연속극,0,0.21543,0.02345,0,0.01339,0.23016,0.50523,0,0,0.09321,0,0.02562,0.10034,0.66246,"담덕역:이태곤,고운역:김승수,모용보역:임호,도영역:오지은,연살타역:홍경인,약연역:이인혜,고무역:김진태,고창역:남성진,모두영역:이원발,모두루역:임대호,모용수역:김동현,풍발역:정호근,개연수역:최동준,가라지역:오욱철,연도부역:반석진,계필역:선동혁,이영역:최상훈,담망역:정태우,이련역:송용태,고야역:이보희,담주역:조안,설도안역:김규철,설지역:김정화,마수역:고인범,여소이역:임병기,돌비수역:김정현,갈사무역:강신조,도광역:박승호,소모역:강지후,여문역:나주석,모용희역:조인표,거보역:김덕현,무갑역:유종근,여석개역:방형주,황회역:김명수,원봉역:박유승,하무지역:윤승원,사갈현역:김철기,아신역:박정철"
20200628,CNTV,102211,112821,에덴의동쪽,,56회,전국,010610,드라마&영화,드라마,주간연속극,0,0.04627,0.07394,0.01488,0.08241,0.02433,0.04753,0,0.12457,0.00794,0.02492,0.02657,0.00969,0.06463,"이동철역:송승헌,이동욱역:연정훈,민혜린역:이다해,지현역:한지혜,신명훈역:박해진,국영란역:이연희,기순역:전소민,혜령역:정소영,제니스역:정혜영,마이크역:데니스오,백성현역:박성웅,미애역:신은정,신태환역:조민기,지현어린시절역:남지현"
20200628,CNTV,114721,125111,각시탈,,28회,전국,010350,드라마&영화,드라마,미니시리즈,0.02811,0.04607,0.17955,0,0.0177,0.2155,0.16438,0,0,0.16728,0.04755,0.38877,0.20713,0.0589,"이강토역:주원,목단역:진세연,기무라슌지역:박기웅,채홍주역:한채아,이강산역:신현준,한씨역:송옥숙,이선역:이일재,백건역:전현,담사리역:전노민,조단장역:손병호,오동년역:이경실,신난다역:이병준,선화역:손여은,계순역:서윤아,기무라타로역:천호진,기무라켄지역:박주형,우에노히데키역:전국환,가츠야마준역:안형준,이화경역:김정난,미나미타마오역:최대훈,콘노고지역:김응수,아베신지역:윤봉길,고이소타다노부역:윤진호,타샤역:지서윤,봉실장역:백재진,메리역:장준유,노상엽역:이재원,최명섭역:권태원,우병준역:김규철,이시용역:안석환,박인삼역:김태영,조영근역:고인범,긴페이가토역:브루스칸,박성모역:방중현,수지역:오은호,제니역:양희윤,안나역:반민정,득수역:김방원,진홍역:정은별,무라야마요시오역:김명수,양백역:김명곤,동진역:박성웅,심순이역:이슬비,송기자역:최대철,카카와역:최웅,안섭역:지민,타케다산상역:이주현,민규역:박보검,카네코역:한수아"
20200628,CNTV,130926,141258,바람과구름과비,,11회,전국,010332,드라마&영화,드라마,미니시리즈,0,0,0.29415,0.00255,0.0221,0.35568,0.28828,0,0.01153,0.07075,0.00262,0.05574,0.08324,0.38667,"최천중역:박시후,봉련역:고성희,흥선대원군이하응역:전광렬,채인규역:성혁,김병운역:김승수,김좌근역:차광수,나합역:윤아정,김병학역:한재영,조대비역:김보연,철종역:정욱,이하전역:이루,명성황후민자영역:박정연,고종이재황역:박상훈,용팔룡역:조복래,주모역:김주령,적도사진상역:한동규,팽구철역:노형욱,만석역:박노식,연치성역:임현수,반달역:왕빛나,임종사관역:허태희,최천중어린시절역:강태우,봉련어린시절역:홍승희,채인규어린시절역:최정우,상복역:허성태,민승호역:이해우,저자이병주,출판그림같은세상2020.08.28.,e북무료판매처 1건"
20200628,CNTV,164302,173342,광개토태왕,,85회,전국,005040,드라마&영화,드라마,주말연속극,0,0,0.00256,0.00629,0.23608,0.01914,0.25012,0.03624,0.01922,0.03068,0.02334,0.01243,0.07085,0.22232,"담덕역:이태곤,고운역:김승수,모용보역:임호,도영역:오지은,연살타역:홍경인,약연역:이인혜,고무역:김진태,고창역:남성진,모두영역:이원발,모두루역:임대호,모용수역:김동현,풍발역:정호근,개연수역:최동준,가라지역:오욱철,연도부역:반석진,계필역:선동혁,이영역:최상훈,담망역:정태우,이련역:송용태,고야역:이보희,담주역:조안,설도안역:김규철,설지역:김정화,마수역:고인범,여소이역:임병기,돌비수역:김정현,갈사무역:강신조,도광역:박승호,소모역:강지후,여문역:나주석,모용희역:조인표,거보역:김덕현,무갑역:유종근,여석개역:방형주,황회역:김명수,원봉역:박유승,하무지역:윤승원,사갈현역:김철기,아신역:박정철"
20200628,CNTV,175115,184304,광개토태왕,,86회,전국,005149,드라마&영화,드라마,주말연속극,0,0.28609,0,0,0.66178,0,0.53854,0.391,0.20733,0.12711,0,0.20502,0.11061,0.3792,"담덕역:이태곤,고운역:김승수,모용보역:임호,도영역:오지은,연살타역:홍경인,약연역:이인혜,고무역:김진태,고창역:남성진,모두영역:이원발,모두루역:임대호,모용수역:김동현,풍발역:정호근,개연수역:최동준,가라지역:오욱철,연도부역:반석진,계필역:선동혁,이영역:최상훈,담망역:정태우,이련역:송용태,고야역:이보희,담주역:조안,설도안역:김규철,설지역:김정화,마수역:고인범,여소이역:임병기,돌비수역:김정현,갈사무역:강신조,도광역:박승호,소모역:강지후,여문역:나주석,모용희역:조인표,거보역:김덕현,무갑역:유종근,여석개역:방형주,황회역:김명수,원봉역:박유승,하무지역:윤승원,사갈현역:김철기,아신역:박정철"
20200628,CNTV,190310,200919,에덴의동쪽,,56회,전국,010609,드라마&영화,드라마,주간연속극,0,0,0,0.00468,0,0.00368,0.22979,0,0,0,0.08286,0.08464,0.01583,0.11671,"이동철역:송승헌,이동욱역:연정훈,민혜린역:이다해,지현역:한지혜,신명훈역:박해진,국영란역:이연희,기순역:전소민,혜령역:정소영,제니스역:정혜영,마이크역:데니스오,백성현역:박성웅,미애역:신은정,신태환역:조민기,지현어린시절역:남지현"
20200628,CNTV,202706,213056,각시탈,,28회,전국,010350,드라마&영화,드라마,미니시리즈,0,0.06488,0.08515,0.04526,0.00785,0.14522,0.06122,0.03466,0,0,0,0.00879,0.04218,0.04768,"이강토역:주원,목단역:진세연,기무라슌지역:박기웅,채홍주역:한채아,이강산역:신현준,한씨역:송옥숙,이선역:이일재,백건역:전현,담사리역:전노민,조단장역:손병호,오동년역:이경실,신난다역:이병준,선화역:손여은,계순역:서윤아,기무라타로역:천호진,기무라켄지역:박주형,우에노히데키역:전국환,가츠야마준역:안형준,이화경역:김정난,미나미타마오역:최대훈,콘노고지역:김응수,아베신지역:윤봉길,고이소타다노부역:윤진호,타샤역:지서윤,봉실장역:백재진,메리역:장준유,노상엽역:이재원,최명섭역:권태원,우병준역:김규철,이시용역:안석환,박인삼역:김태영,조영근역:고인범,긴페이가토역:브루스칸,박성모역:방중현,수지역:오은호,제니역:양희윤,안나역:반민정,득수역:김방원,진홍역:정은별,무라야마요시오역:김명수,양백역:김명곤,동진역:박성웅,심순이역:이슬비,송기자역:최대철,카카와역:최웅,안섭역:지민,타케다산상역:이주현,민규역:박보검,카네코역:한수아"
20200628,CNTV,214742,225114,바람과구름과비,,11회,전국,010332,드라마&영화,드라마,미니시리즈,0,0.07333,0.01156,0.02934,0.00365,0.06433,0.20892,0,0,0.05282,0,0.15633,0.03972,0.31136,"최천중역:박시후,봉련역:고성희,흥선대원군이하응역:전광렬,채인규역:성혁,김병운역:김승수,김좌근역:차광수,나합역:윤아정,김병학역:한재영,조대비역:김보연,철종역:정욱,이하전역:이루,명성황후민자영역:박정연,고종이재황역:박상훈,용팔룡역:조복래,주모역:김주령,적도사진상역:한동규,팽구철역:노형욱,만석역:박노식,연치성역:임현수,반달역:왕빛나,임종사관역:허태희,최천중어린시절역:강태우,봉련어린시절역:홍승희,채인규어린시절역:최정우,상복역:허성태,민승호역:이해우,저자이병주,출판그림같은세상2020.08.28.,e북무료판매처 1건"
20200628,CNTV,251107,255959,광개토태왕,,85회,전국,004852,드라마&영화,드라마,주말연속극,0,0,0,0.00241,0,0,0.11494,0,0.14434,0,0,0.00949,0.18403,0.00531,"담덕역:이태곤,고운역:김승수,모용보역:임호,도영역:오지은,연살타역:홍경인,약연역:이인혜,고무역:김진태,고창역:남성진,모두영역:이원발,모두루역:임대호,모용수역:김동현,풍발역:정호근,개연수역:최동준,가라지역:오욱철,연도부역:반석진,계필역:선동혁,이영역:최상훈,담망역:정태우,이련역:송용태,고야역:이보희,담주역:조안,설도안역:김규철,설지역:김정화,마수역:고인범,여소이역:임병기,돌비수역:김정현,갈사무역:강신조,도광역:박승호,소모역:강지후,여문역:나주석,모용희역:조인표,거보역:김덕현,무갑역:유종근,여석개역:방형주,황회역:김명수,원봉역:박유승,하무지역:윤승원,사갈현역:김철기,아신역:박정철"
20200628,DRAMAcube,153558,163938,편의점샛별이,,3회,전국,010340,드라마&영화,드라마,미니시리즈,0,0.09767,0,0.27608,0.63938,0.1613,0.15761,0,0.08456,0.02985,0.24735,0.06203,0.1339,0.14396,"최대현역:지창욱,정샛별역:김유정,유연주역:한선화,조승준역:도상우,정은별역:솔빈,공분희역:김선영,최용필역:이병준,한달식역:음문석,권의추역:우현,차기복역:이윤희,고광태역:배기범,김혜자역:견미리,최대순역:김지현,황금비역:서예화,차은조역:윤수,배부장역:허재호,강성태역:지찬,김정하역:신윤정,오현지역:한류은,강지욱역:김민규,유명기역:길용우"
20200628,DRAMAcube,165432,175648,편의점샛별이,,4회,전국,010216,드라마&영화,드라마,미니시리즈,0.65446,0.40511,0.01421,0.11564,0.88118,0.28566,0.39238,0.02232,0.13529,0.22114,0.16571,0.32705,0.24003,0.77265,"최대현역:지창욱,정샛별역:김유정,유연주역:한선화,조승준역:도상우,정은별역:솔빈,공분희역:김선영,최용필역:이병준,한달식역:음문석,권의추역:우현,차기복역:이윤희,고광태역:배기범,김혜자역:견미리,최대순역:김지현,황금비역:서예화,차은조역:윤수,배부장역:허재호,강성태역:지찬,김정하역:신윤정,오현지역:한류은,강지욱역:김민규,유명기역:길용우"
20200628,DRAMAcube,181127,191507,편의점샛별이,,3회,전국,010340,드라마&영화,드라마,미니시리즈,0.40798,0.3749,0.00615,0.04526,0.6128,0.20709,0.33702,0,0.09156,0.08234,0.18461,0.05907,0.01734,0.3111,"최대현역:지창욱,정샛별역:김유정,유연주역:한선화,조승준역:도상우,정은별역:솔빈,공분희역:김선영,최용필역:이병준,한달식역:음문석,권의추역:우현,차기복역:이윤희,고광태역:배기범,김혜자역:견미리,최대순역:김지현,황금비역:서예화,차은조역:윤수,배부장역:허재호,강성태역:지찬,김정하역:신윤정,오현지역:한류은,강지욱역:김민규,유명기역:길용우"
20200628,DRAMAcube,193301,203517,편의점샛별이,,4회,전국,010216,드라마&영화,드라마,미니시리즈,0.27107,0.00946,0.15733,0.1082,0.69192,0.2016,0.24103,0,0.01445,0.19577,0.05538,0.13064,0.28012,0.29881,"최대현역:지창욱,정샛별역:김유정,유연주역:한선화,조승준역:도상우,정은별역:솔빈,공분희역:김선영,최용필역:이병준,한달식역:음문석,권의추역:우현,차기복역:이윤희,고광태역:배기범,김혜자역:견미리,최대순역:김지현,황금비역:서예화,차은조역:윤수,배부장역:허재호,강성태역:지찬,김정하역:신윤정,오현지역:한류은,강지욱역:김민규,유명기역:길용우"
20200628,DRAMAcube,243357,253737,편의점샛별이,,3회,전국,010340,드라마&영화,드라마,미니시리즈,0,0.01832,0.05085,0,0.06838,0.17768,0.02382,0,0,0,0.02779,0.48824,0.03663,0.02012,"최대현역:지창욱,정샛별역:김유정,유연주역:한선화,조승준역:도상우,정은별역:솔빈,공분희역:김선영,최용필역:이병준,한달식역:음문석,권의추역:우현,차기복역:이윤희,고광태역:배기범,김혜자역:견미리,최대순역:김지현,황금비역:서예화,차은조역:윤수,배부장역:허재호,강성태역:지찬,김정하역:신윤정,오현지역:한류은,강지욱역:김민규,유명기역:길용우"
20200628,DRAMAcube,254851,255959,편의점샛별이,,4회,전국,001108,드라마&영화,드라마,미니시리즈,0,0.08564,0,0,0,0.26037,0.12037,0,0.10789,0,0.02436,0.12026,0.08445,0.01061,"최대현역:지창욱,정샛별역:김유정,유연주역:한선화,조승준역:도상우,정은별역:솔빈,공분희역:김선영,최용필역:이병준,한달식역:음문석,권의추역:우현,차기복역:이윤희,고광태역:배기범,김혜자역:견미리,최대순역:김지현,황금비역:서예화,차은조역:윤수,배부장역:허재호,강성태역:지찬,김정하역:신윤정,오현지역:한류은,강지욱역:김민규,유명기역:길용우"
20200628,DramaH,020000,025228,번외수사,,9회,전국,005228,드라마&영화,드라마,미니시리즈,0,0,0.00267,0,0.00273,0.08356,0.00538,0,0,0.01148,0,0.20292,0.08225,0.00449,"진강호역:차태현,강무영역:이선빈,이반석역:정상훈,테디정역:윤경호,탁원역:지승현,민대진역:박정우,맨손역:박태산,연장역:장진희,지수철역:이영석,노순이역:민경옥"
20200628,DramaH,030334,040708,영혼수선공,,15회,전국,010334,드라마&영화,드라마,미니시리즈,0,0.02168,0,0,0.0147,0.04129,0.00187,0,0.05631,0,0,0.21697,0.04568,0.00126,"이시준역:신하균,한우주역:정소민,인동혁역:태인호,지영원역:박예진,공지선역:주민경,조인혜역:조경숙,오기태역:박수영,박대하역:정해균,이택경역:최정우,노우정역:안동구,강누리역:하영,임세찬역:장유상,공지희역:박한솔,장유미역:김가란,김영석역:김강민,송민수역:류시원"
20200628,DramaH,070447,080805,영혼수선공,,15회,전국,010318,드라마&영화,드라마,미니시리즈,0,0,0,0.01011,0,0.01958,0.0608,0,0,0,0,0.01728,0.01981,0.04178,"이시준역:신하균,한우주역:정소민,인동혁역:태인호,지영원역:박예진,공지선역:주민경,조인혜역:조경숙,오기태역:박수영,박대하역:정해균,이택경역:최정우,노우정역:안동구,강누리역:하영,임세찬역:장유상,공지희역:박한솔,장유미역:김가란,김영석역:김강민,송민수역:류시원"
20200628,DramaH,082057,092412,영혼수선공,,16회,전국,010315,드라마&영화,드라마,미니시리즈,0,0.00384,0,0,0.01135,0.05413,0.19151,0,0.00851,0,0.00798,0.00194,0.04691,0.13433,"이시준역:신하균,한우주역:정소민,인동혁역:태인호,지영원역:박예진,공지선역:주민경,조인혜역:조경숙,오기태역:박수영,박대하역:정해균,이택경역:최정우,노우정역:안동구,강누리역:하영,임세찬역:장유상,공지희역:박한솔,장유미역:김가란,김영석역:김강민,송민수역:류시원"
20200628,DramaH,094401,104745,바람과구름과비,,10회,전국,010344,드라마&영화,드라마,미니시리즈,0,0.00417,0.06645,0.02432,0.0029,0.02259,0.12897,0,0,0,0.06632,0.00228,0.02082,0.14345,"최천중역:박시후,봉련역:고성희,흥선대원군이하응역:전광렬,채인규역:성혁,김병운역:김승수,김좌근역:차광수,나합역:윤아정,김병학역:한재영,조대비역:김보연,철종역:정욱,이하전역:이루,명성황후민자영역:박정연,고종이재황역:박상훈,용팔룡역:조복래,주모역:김주령,적도사진상역:한동규,팽구철역:노형욱,만석역:박노식,연치성역:임현수,반달역:왕빛나,임종사관역:허태희,최천중어린시절역:강태우,봉련어린시절역:홍승희,채인규어린시절역:최정우,상복역:허성태,민승호역:이해우,저자이병주,출판그림같은세상2020.08.28.,e북무료판매처 1건"
20200628,DramaH,110529,120856,바람과구름과비,,11회,전국,010327,드라마&영화,드라마,미니시리즈,0,0,0.31698,0.05341,0,0.44707,0.25287,0,0,0.00511,0.00763,0.01242,0.46296,0.3048,"최천중역:박시후,봉련역:고성희,흥선대원군이하응역:전광렬,채인규역:성혁,김병운역:김승수,김좌근역:차광수,나합역:윤아정,김병학역:한재영,조대비역:김보연,철종역:정욱,이하전역:이루,명성황후민자영역:박정연,고종이재황역:박상훈,용팔룡역:조복래,주모역:김주령,적도사진상역:한동규,팽구철역:노형욱,만석역:박노식,연치성역:임현수,반달역:왕빛나,임종사관역:허태희,최천중어린시절역:강태우,봉련어린시절역:홍승희,채인규어린시절역:최정우,상복역:허성태,민승호역:이해우,저자이병주,출판그림같은세상2020.08.28.,e북무료판매처 1건"
20200628,DramaH,122938,133523,번외수사,,8회,전국,010545,드라마&영화,드라마,미니시리즈,0,0.04596,0,0.00303,0.36769,0.00217,0.18633,0.04838,0,0,0.00275,0.11633,0.25102,0.0868,"진강호역:차태현,강무영역:이선빈,이반석역:정상훈,테디정역:윤경호,탁원역:지승현,민대진역:박정우,맨손역:박태산,연장역:장진희,지수철역:이영석,노순이역:민경옥"
20200628,DramaH,135507,145511,번외수사,,9회,전국,010004,드라마&영화,드라마,미니시리즈,0,0,0,0,0.17888,0.00375,0.00034,0,0,0.01274,0.00551,0.2037,0.4302,0.00627,"진강호역:차태현,강무영역:이선빈,이반석역:정상훈,테디정역:윤경호,탁원역:지승현,민대진역:박정우,맨손역:박태산,연장역:장진희,지수철역:이영석,노순이역:민경옥"
20200628,DramaH,201135,211521,바람과구름과비,,10회,전국,010346,드라마&영화,드라마,미니시리즈,0,0,0.04876,0,0.00226,0.36263,0.0008,0,0,0,0,0.00286,0.09159,0.00053,"최천중역:박시후,봉련역:고성희,흥선대원군이하응역:전광렬,채인규역:성혁,김병운역:김승수,김좌근역:차광수,나합역:윤아정,김병학역:한재영,조대비역:김보연,철종역:정욱,이하전역:이루,명성황후민자영역:박정연,고종이재황역:박상훈,용팔룡역:조복래,주모역:김주령,적도사진상역:한동규,팽구철역:노형욱,만석역:박노식,연치성역:임현수,반달역:왕빛나,임종사관역:허태희,최천중어린시절역:강태우,봉련어린시절역:홍승희,채인규어린시절역:최정우,상복역:허성태,민승호역:이해우,저자이병주,출판그림같은세상2020.08.28.,e북무료판매처 1건"
20200628,DramaH,213433,223802,바람과구름과비,,11회,전국,010329,드라마&영화,드라마,미니시리즈,0,0.05341,0.0023,0.12479,0.00116,0.00522,0.21903,0,0,0.01935,0.00313,0.04565,0.10736,0.27666,"최천중역:박시후,봉련역:고성희,흥선대원군이하응역:전광렬,채인규역:성혁,김병운역:김승수,김좌근역:차광수,나합역:윤아정,김병학역:한재영,조대비역:김보연,철종역:정욱,이하전역:이루,명성황후민자영역:박정연,고종이재황역:박상훈,용팔룡역:조복래,주모역:김주령,적도사진상역:한동규,팽구철역:노형욱,만석역:박노식,연치성역:임현수,반달역:왕빛나,임종사관역:허태희,최천중어린시절역:강태우,봉련어린시절역:홍승희,채인규어린시절역:최정우,상복역:허성태,민승호역:이해우,저자이병주,출판그림같은세상2020.08.28.,e북무료판매처 1건"
20200628,DramaH,242808,252813,번외수사,,9회,전국,010005,드라마&영화,드라마,미니시리즈,0,0,0,0.00451,0.02092,0.12171,0.01432,0,0,0,0.00637,0.15984,0.02795,0.01091,"진강호역:차태현,강무영역:이선빈,이반석역:정상훈,테디정역:윤경호,탁원역:지승현,민대진역:박정우,맨손역:박태산,연장역:장진희,지수철역:이영석,노순이역:민경옥"
20200628,DramaH,253930,255959,번외수사,,10회,전국,002029,드라마&영화,드라마,미니시리즈,0,0,0,0,0,0,0,0,0,0,0,0,0.2155,0.14496,"진강호역:차태현,강무영역:이선빈,이반석역:정상훈,테디정역:윤경호,탁원역:지승현,민대진역:박정우,맨손역:박태산,연장역:장진희,지수철역:이영석,노순이역:민경옥"
20200628,Dramax,021444,031812,궁중잔혹사꽃들의전쟁,,23회,전국,010328,드라마&영화,드라마,주말연속극,0,0,0,0.0208,0,0.06135,0.08642,0,0,0.05967,0,0.00165,0.00468,0.07944,"소용조씨역:김현주,인조역:이덕화,민회빈강씨역:송선미,김자점역:정성모,소현세자역:정성운,봉림대군역:김주영,장렬왕후조씨역:고원희,남혁역:전태수,설죽역:서이숙,박숙의역:이서연,유덕역:이설희,소용조씨어린시절역:이채미,이형익역:손병호,심기원역:김규철,김인역:우현,한옥역:정선경,장귀인역:이혜은,이상궁역:연미주,김상궁역:엄유신,언년역:정유민"
20200628,Dramax,032620,042959,궁중잔혹사꽃들의전쟁,,24회,전국,010339,드라마&영화,드라마,주말연속극,0,0,0.01518,0,0,0,0.11043,0,0,0.03152,0,0,0,0.06482,"소용조씨역:김현주,인조역:이덕화,민회빈강씨역:송선미,김자점역:정성모,소현세자역:정성운,봉림대군역:김주영,장렬왕후조씨역:고원희,남혁역:전태수,설죽역:서이숙,박숙의역:이서연,유덕역:이설희,소용조씨어린시절역:이채미,이형익역:손병호,심기원역:김규철,김인역:우현,한옥역:정선경,장귀인역:이혜은,이상궁역:연미주,김상궁역:엄유신,언년역:정유민"
20200628,FOX채널,020000,025527,뷰티인사이드,,10회,전국,005527,드라마&영화,드라마,미니시리즈,0,0.03311,0,0,0.02246,0.01123,0.0171,0,0.12628,0,0,0.03458,0.01361,0.01093,"한세계역:서현진,서도재역:이민기,강사라역:이다희,류은호역:안재현,정주환역:이태리,유우미역:문지인,임정연역:나영희,임회장역:이문수,강대식역:강남길,한숙희역:김희정,채유리역:류화영,이희섭역:김승욱,은호부역:이한위,은호모역:김예령,김이사역:이철민"
20200628,FOX채널,103431,114432,뷰티인사이드,,10회,전국,011001,드라마&영화,드라마,미니시리즈,0,0,0,0,0,0,0.00718,0,0,0,0.00383,0,0.01078,0,"한세계역:서현진,서도재역:이민기,강사라역:이다희,류은호역:안재현,정주환역:이태리,유우미역:문지인,임정연역:나영희,임회장역:이문수,강대식역:강남길,한숙희역:김희정,채유리역:류화영,이희섭역:김승욱,은호부역:이한위,은호모역:김예령,김이사역:이철민"
20200628,FOX채널,144317,155317,뷰티인사이드,,10회,전국,011000,드라마&영화,드라마,미니시리즈,0,0,0,0.00404,0,0.00328,0.00058,0,0,0,0,0,0,0.03479,"한세계역:서현진,서도재역:이민기,강사라역:이다희,류은호역:안재현,정주환역:이태리,유우미역:문지인,임정연역:나영희,임회장역:이문수,강대식역:강남길,한숙희역:김희정,채유리역:류화영,이희섭역:김승욱,은호부역:이한위,은호모역:김예령,김이사역:이철민"
20200628,JTBC2,120756,131242,쌍갑포차,,11회,전국,010446,드라마&영화,드라마,미니시리즈,0,0,0.06625,0,0.13074,0.27087,0.16479,0,1.0873,0.03792,0.01043,0.55007,0.51923,0.04299,"월주역:황정음,한강배역:육성재,귀반장역:최원영,염부장역:이준혁,강여린역:정다은,최진동역:안태환,송미란역:박하나,박대리역:박주형,김원형역:나인우"
20200628,JTBC2,132923,143752,쌍갑포차,,12회,전국,010829,드라마&영화,드라마,미니시리즈,0.05024,0.22998,0,0.00893,0.35425,0.27828,0.18963,0,0.18734,0.12402,0,0.9701,0.33342,0.15763,"월주역:황정음,한강배역:육성재,귀반장역:최원영,염부장역:이준혁,강여린역:정다은,최진동역:안태환,송미란역:박하나,박대리역:박주형,김원형역:나인우"
20200628,KBS DRAMA,071452,075301,한번다녀왔습니다,,51회,전국,003809,드라마&영화,드라마,주말연속극,0,0,0.0073,0.08525,0.06117,0.35872,0.15135,0,0,0,0.11872,0.31406,0.33158,0.20585,"송영달역:천호진,장옥분역:차화연,최윤정역:김보연,강초연역:이정은,송나희역:이민정,윤규진역:이상엽,송준선역:오대환,송가희역:오윤아,송다희역:이초희,양치수역:안길강,장옥자역:백지원,성현경역:임정은,윤재석역:이상이,박효신역:기도훈,김지훈역:문우진,이주리역:김소라,김가연역:송다은,건어물역:신미영,꽈배기역:김가영,송서영역:이가연,송서진역:안서연,이정록역:알렉스,유보영역:손성윤,유시후역:송민재,박지연역:신수정,한기영역:강유석,홍성우역:김현목,신혜정역:김미은,심정희역:이상경,오연지역:한봄,오정봉역:오의식,이종수역:장원혁,김승현역:배호근,송이역:김주영,지원역:찬희,이현역:이필모"
20200628,KBS DRAMA,075411,082458,한번다녀왔습니다,,52회,전국,003047,드라마&영화,드라마,주말연속극,0,0,0.069,0.23138,0.27326,0.17033,0.54727,0.03449,0,0.02487,0.25381,0.53468,0.65258,0.63397,"송영달역:천호진,장옥분역:차화연,최윤정역:김보연,강초연역:이정은,송나희역:이민정,윤규진역:이상엽,송준선역:오대환,송가희역:오윤아,송다희역:이초희,양치수역:안길강,장옥자역:백지원,성현경역:임정은,윤재석역:이상이,박효신역:기도훈,김지훈역:문우진,이주리역:김소라,김가연역:송다은,건어물역:신미영,꽈배기역:김가영,송서영역:이가연,송서진역:안서연,이정록역:알렉스,유보영역:손성윤,유시후역:송민재,박지연역:신수정,한기영역:강유석,홍성우역:김현목,신혜정역:김미은,심정희역:이상경,오연지역:한봄,오정봉역:오의식,이종수역:장원혁,김승현역:배호근,송이역:김주영,지원역:찬희,이현역:이필모"
20200628,KBS DRAMA,083723,091733,한번다녀왔습니다,,53회,전국,004010,드라마&영화,드라마,주말연속극,0.04612,0.07454,0.01066,0.04175,0.34665,0.6637,0.39614,0.07878,0,0,0.34626,0.59784,0.92177,0.60032,"송영달역:천호진,장옥분역:차화연,최윤정역:김보연,강초연역:이정은,송나희역:이민정,윤규진역:이상엽,송준선역:오대환,송가희역:오윤아,송다희역:이초희,양치수역:안길강,장옥자역:백지원,성현경역:임정은,윤재석역:이상이,박효신역:기도훈,김지훈역:문우진,이주리역:김소라,김가연역:송다은,건어물역:신미영,꽈배기역:김가영,송서영역:이가연,송서진역:안서연,이정록역:알렉스,유보영역:손성윤,유시후역:송민재,박지연역:신수정,한기영역:강유석,홍성우역:김현목,신혜정역:김미은,심정희역:이상경,오연지역:한봄,오정봉역:오의식,이종수역:장원혁,김승현역:배호근,송이역:김주영,지원역:찬희,이현역:이필모"
20200628,KBS DRAMA,091844,094722,한번다녀왔습니다,,54회,전국,002838,드라마&영화,드라마,주말연속극,0.01254,0,0.02799,0.35378,0.29988,1.01766,0.5351,0,0.00532,0.13257,0.84717,0.86143,1.81938,0.48924,"송영달역:천호진,장옥분역:차화연,최윤정역:김보연,강초연역:이정은,송나희역:이민정,윤규진역:이상엽,송준선역:오대환,송가희역:오윤아,송다희역:이초희,양치수역:안길강,장옥자역:백지원,성현경역:임정은,윤재석역:이상이,박효신역:기도훈,김지훈역:문우진,이주리역:김소라,김가연역:송다은,건어물역:신미영,꽈배기역:김가영,송서영역:이가연,송서진역:안서연,이정록역:알렉스,유보영역:손성윤,유시후역:송민재,박지연역:신수정,한기영역:강유석,홍성우역:김현목,신혜정역:김미은,심정희역:이상경,오연지역:한봄,오정봉역:오의식,이종수역:장원혁,김승현역:배호근,송이역:김주영,지원역:찬희,이현역:이필모"
20200628,KBS DRAMA,172254,180105,한번다녀왔습니다,,51회,전국,003811,드라마&영화,드라마,주말연속극,0,0,0.01029,0,0.2364,0.35093,0.074,0,0,0.17167,0.01434,0.1413,0.30227,0.18201,"송영달역:천호진,장옥분역:차화연,최윤정역:김보연,강초연역:이정은,송나희역:이민정,윤규진역:이상엽,송준선역:오대환,송가희역:오윤아,송다희역:이초희,양치수역:안길강,장옥자역:백지원,성현경역:임정은,윤재석역:이상이,박효신역:기도훈,김지훈역:문우진,이주리역:김소라,김가연역:송다은,건어물역:신미영,꽈배기역:김가영,송서영역:이가연,송서진역:안서연,이정록역:알렉스,유보영역:손성윤,유시후역:송민재,박지연역:신수정,한기영역:강유석,홍성우역:김현목,신혜정역:김미은,심정희역:이상경,오연지역:한봄,오정봉역:오의식,이종수역:장원혁,김승현역:배호근,송이역:김주영,지원역:찬희,이현역:이필모"
20200628,KBS DRAMA,180214,183302,한번다녀왔습니다,,52회,전국,003048,드라마&영화,드라마,주말연속극,0,0,0.02856,0.24301,0.49712,0.26546,0.14969,0,0,0.13575,0.14812,0.09161,0.33133,0.35685,"송영달역:천호진,장옥분역:차화연,최윤정역:김보연,강초연역:이정은,송나희역:이민정,윤규진역:이상엽,송준선역:오대환,송가희역:오윤아,송다희역:이초희,양치수역:안길강,장옥자역:백지원,성현경역:임정은,윤재석역:이상이,박효신역:기도훈,김지훈역:문우진,이주리역:김소라,김가연역:송다은,건어물역:신미영,꽈배기역:김가영,송서영역:이가연,송서진역:안서연,이정록역:알렉스,유보영역:손성윤,유시후역:송민재,박지연역:신수정,한기영역:강유석,홍성우역:김현목,신혜정역:김미은,심정희역:이상경,오연지역:한봄,오정봉역:오의식,이종수역:장원혁,김승현역:배호근,송이역:김주영,지원역:찬희,이현역:이필모"
20200628,KBS DRAMA,184640,192653,한번다녀왔습니다,,53회,전국,004013,드라마&영화,드라마,주말연속극,0.06606,0.00564,0,0.27654,0.73006,0.43385,0.34132,0,0,0.09522,0.30316,0.65619,0.76409,0.65502,"송영달역:천호진,장옥분역:차화연,최윤정역:김보연,강초연역:이정은,송나희역:이민정,윤규진역:이상엽,송준선역:오대환,송가희역:오윤아,송다희역:이초희,양치수역:안길강,장옥자역:백지원,성현경역:임정은,윤재석역:이상이,박효신역:기도훈,김지훈역:문우진,이주리역:김소라,김가연역:송다은,건어물역:신미영,꽈배기역:김가영,송서영역:이가연,송서진역:안서연,이정록역:알렉스,유보영역:손성윤,유시후역:송민재,박지연역:신수정,한기영역:강유석,홍성우역:김현목,신혜정역:김미은,심정희역:이상경,오연지역:한봄,오정봉역:오의식,이종수역:장원혁,김승현역:배호근,송이역:김주영,지원역:찬희,이현역:이필모"
20200628,KBS DRAMA,192803,195641,한번다녀왔습니다,,54회,전국,002838,드라마&영화,드라마,주말연속극,0.27215,0,0.06383,0.31808,0.47954,0.61841,0.48272,0,0,0.36658,0.52432,0.70341,0.286,0.65608,"송영달역:천호진,장옥분역:차화연,최윤정역:김보연,강초연역:이정은,송나희역:이민정,윤규진역:이상엽,송준선역:오대환,송가희역:오윤아,송다희역:이초희,양치수역:안길강,장옥자역:백지원,성현경역:임정은,윤재석역:이상이,박효신역:기도훈,김지훈역:문우진,이주리역:김소라,김가연역:송다은,건어물역:신미영,꽈배기역:김가영,송서영역:이가연,송서진역:안서연,이정록역:알렉스,유보영역:손성윤,유시후역:송민재,박지연역:신수정,한기영역:강유석,홍성우역:김현목,신혜정역:김미은,심정희역:이상경,오연지역:한봄,오정봉역:오의식,이종수역:장원혁,김승현역:배호근,송이역:김주영,지원역:찬희,이현역:이필모"
20200628,KBS W,020141,025309,젊은이의양지,,45회,전국,005128,드라마&영화,드라마,주말연속극,0,0.07637,0,0,0.02781,0.01728,0.07529,0,0,0.00348,0.01384,0.03116,0.13223,0.02617,"저자서,출판하북스2020.11.04.,e북900원판매처 4건,저자시어도어드라이저,출판일신서적출판사1995.06.01.,도서10,800원판매처 5건,저자시어도어드라이저,출판일신서적출판사1995.06.01.,리뷰1건,도서10,800원판매처 2건,저자시어도어드라이저,출판범우사1989.02.01.,저자시어도어드라이저,출판범우사1989.02.01.,저자시어도어드라이저,출판숨은책1995.10.01.,리뷰1건"
20200628,KBS W,030401,035305,젊은이의양지,,46회,전국,004904,드라마&영화,드라마,주말연속극,0,0,0,0.0047,0,0,0.01147,0,0,0.02382,0,0,0.00417,0.00987,"저자서,출판하북스2020.11.04.,e북900원판매처 4건,저자시어도어드라이저,출판일신서적출판사1995.06.01.,도서10,800원판매처 5건,저자시어도어드라이저,출판일신서적출판사1995.06.01.,리뷰1건,도서10,800원판매처 2건,저자시어도어드라이저,출판범우사1989.02.01.,저자시어도어드라이저,출판범우사1989.02.01.,저자시어도어드라이저,출판숨은책1995.10.01.,리뷰1건"
20200628,KBS W,073356,080807,위험한약속,,58회,전국,003411,드라마&영화,드라마,일일연속극,0,0.11697,0.03317,0,0,0.01633,0.14537,0,0,0.01055,0,0,0.02747,0.16307,"차은동역:박하나,강태인역:고세원,최준혁역:강성민,오혜원역:박영린,한지훈역:이창욱,차만종역:이대연,차은찬역:유준서,공영심역:유지연,봉석구역:현우섭,강일섭역:강신일,연두심역:이칸희,한광훈역:길용우,한서주역:김혜지,최명희역:김나운,고재숙역:윤복인,최영국역:송민형,민주란역:오영실,최준경역:이효나,이창욱역:김정운"
20200628,KBS W,080814,084214,위험한약속,,59회,전국,003400,드라마&영화,드라마,일일연속극,0,0,0.16111,0,0.01948,0.02722,0.30181,0,0,0.00541,0.00877,0.02182,0.09308,0.19677,"차은동역:박하나,강태인역:고세원,최준혁역:강성민,오혜원역:박영린,한지훈역:이창욱,차만종역:이대연,차은찬역:유준서,공영심역:유지연,봉석구역:현우섭,강일섭역:강신일,연두심역:이칸희,한광훈역:길용우,한서주역:김혜지,최명희역:김나운,고재숙역:윤복인,최영국역:송민형,민주란역:오영실,최준경역:이효나,이창욱역:김정운"
20200628,KBS W,085309,092721,위험한약속,,60회,전국,003412,드라마&영화,드라마,일일연속극,0,0,0.16111,0,0,0.02177,0.34212,0,0,0,0,0,0.08886,0.33608,"차은동역:박하나,강태인역:고세원,최준혁역:강성민,오혜원역:박영린,한지훈역:이창욱,차만종역:이대연,차은찬역:유준서,공영심역:유지연,봉석구역:현우섭,강일섭역:강신일,연두심역:이칸희,한광훈역:길용우,한서주역:김혜지,최명희역:김나운,고재숙역:윤복인,최영국역:송민형,민주란역:오영실,최준경역:이효나,이창욱역:김정운"
20200628,KBS W,092728,100130,위험한약속,,61회,전국,003402,드라마&영화,드라마,일일연속극,0,0,0.16111,0,0.00417,0.17856,0.43131,0,0,0,0,0.00474,0.19314,0.26048,"차은동역:박하나,강태인역:고세원,최준혁역:강성민,오혜원역:박영린,한지훈역:이창욱,차만종역:이대연,차은찬역:유준서,공영심역:유지연,봉석구역:현우섭,강일섭역:강신일,연두심역:이칸희,한광훈역:길용우,한서주역:김혜지,최명희역:김나운,고재숙역:윤복인,최영국역:송민형,민주란역:오영실,최준경역:이효나,이창욱역:김정운"
20200628,KBS W,111952,114613,동백꽃필무렵,,21회,전국,002621,드라마&영화,드라마,미니시리즈,0,0.03177,0,0,0,0,0.04307,0,0,0,0,0.01203,0.02268,0.05015,"동백역:공효진,황용식역:강하늘,강종렬역:김지석,제시카역:지이수,노규태역:오정세,홍자영역:염혜란,향미역:손담비,필구역:김강훈,곽덕순역:고두심,정숙역:이정은,변소장역:전배수,박찬숙역:김선영,송진배역:김동현,김재영역:김미화,정귀련역:이선희,조애정역:한예주,양승엽역:이상이,양승희역:김모아,오지현역:백현주,한태희역:이중열,최종록역:진용욱,박흥식역:이규성,헬레나역:카슨,권오준역:이재우,박성민역:박연우,이화자역:황영희,홍은실역:전국향"
20200628,KBS W,114620,122116,동백꽃필무렵,,22회,전국,003456,드라마&영화,드라마,미니시리즈,0,0.07006,0.13017,0.01611,0.00692,0.08561,0.13999,0,0,0,0.00837,0.00512,0.0873,0.23076,"동백역:공효진,황용식역:강하늘,강종렬역:김지석,제시카역:지이수,노규태역:오정세,홍자영역:염혜란,향미역:손담비,필구역:김강훈,곽덕순역:고두심,정숙역:이정은,변소장역:전배수,박찬숙역:김선영,송진배역:김동현,김재영역:김미화,정귀련역:이선희,조애정역:한예주,양승엽역:이상이,양승희역:김모아,오지현역:백현주,한태희역:이중열,최종록역:진용욱,박흥식역:이규성,헬레나역:카슨,권오준역:이재우,박성민역:박연우,이화자역:황영희,홍은실역:전국향"
20200628,KBS W,123234,130026,동백꽃필무렵,,23회,전국,002752,드라마&영화,드라마,미니시리즈,0,0.00874,0,0,0.05735,0.00914,0.26168,0,0,0.00702,0,0.06641,0.2349,0.33086,"동백역:공효진,황용식역:강하늘,강종렬역:김지석,제시카역:지이수,노규태역:오정세,홍자영역:염혜란,향미역:손담비,필구역:김강훈,곽덕순역:고두심,정숙역:이정은,변소장역:전배수,박찬숙역:김선영,송진배역:김동현,김재영역:김미화,정귀련역:이선희,조애정역:한예주,양승엽역:이상이,양승희역:김모아,오지현역:백현주,한태희역:이중열,최종록역:진용욱,박흥식역:이규성,헬레나역:카슨,권오준역:이재우,박성민역:박연우,이화자역:황영희,홍은실역:전국향"
20200628,KBS W,130033,133550,동백꽃필무렵,,24회,전국,003517,드라마&영화,드라마,미니시리즈,0,0,0,0.01684,0.20468,0,0.2354,0,0,0,0.01732,0.01796,0.12569,0.34244,"동백역:공효진,황용식역:강하늘,강종렬역:김지석,제시카역:지이수,노규태역:오정세,홍자영역:염혜란,향미역:손담비,필구역:김강훈,곽덕순역:고두심,정숙역:이정은,변소장역:전배수,박찬숙역:김선영,송진배역:김동현,김재영역:김미화,정귀련역:이선희,조애정역:한예주,양승엽역:이상이,양승희역:김모아,오지현역:백현주,한태희역:이중열,최종록역:진용욱,박흥식역:이규성,헬레나역:카슨,권오준역:이재우,박성민역:박연우,이화자역:황영희,홍은실역:전국향"
20200628,KBS W,134848,141619,동백꽃필무렵,,25회,전국,002731,드라마&영화,드라마,미니시리즈,0,0,0,0,0,0.00654,0.15624,0,0,0,0.09301,0,0.04368,0.1425,"동백역:공효진,황용식역:강하늘,강종렬역:김지석,제시카역:지이수,노규태역:오정세,홍자영역:염혜란,향미역:손담비,필구역:김강훈,곽덕순역:고두심,정숙역:이정은,변소장역:전배수,박찬숙역:김선영,송진배역:김동현,김재영역:김미화,정귀련역:이선희,조애정역:한예주,양승엽역:이상이,양승희역:김모아,오지현역:백현주,한태희역:이중열,최종록역:진용욱,박흥식역:이규성,헬레나역:카슨,권오준역:이재우,박성민역:박연우,이화자역:황영희,홍은실역:전국향"
20200628,KBS W,141626,145016,동백꽃필무렵,,26회,전국,003350,드라마&영화,드라마,미니시리즈,0,0,0,0.0069,0,0.00779,0.14004,0,0,0,0,0.05694,0,0.18239,"동백역:공효진,황용식역:강하늘,강종렬역:김지석,제시카역:지이수,노규태역:오정세,홍자영역:염혜란,향미역:손담비,필구역:김강훈,곽덕순역:고두심,정숙역:이정은,변소장역:전배수,박찬숙역:김선영,송진배역:김동현,김재영역:김미화,정귀련역:이선희,조애정역:한예주,양승엽역:이상이,양승희역:김모아,오지현역:백현주,한태희역:이중열,최종록역:진용욱,박흥식역:이규성,헬레나역:카슨,권오준역:이재우,박성민역:박연우,이화자역:황영희,홍은실역:전국향"
20200628,KBS W,150140,153155,동백꽃필무렵,,27회,전국,003015,드라마&영화,드라마,미니시리즈,0,0.03306,0.01075,0,0.01102,0.0148,0.0009,0,0,0,0.01027,0.3568,0.01437,0.0605,"동백역:공효진,황용식역:강하늘,강종렬역:김지석,제시카역:지이수,노규태역:오정세,홍자영역:염혜란,향미역:손담비,필구역:김강훈,곽덕순역:고두심,정숙역:이정은,변소장역:전배수,박찬숙역:김선영,송진배역:김동현,김재영역:김미화,정귀련역:이선희,조애정역:한예주,양승엽역:이상이,양승희역:김모아,오지현역:백현주,한태희역:이중열,최종록역:진용욱,박흥식역:이규성,헬레나역:카슨,권오준역:이재우,박성민역:박연우,이화자역:황영희,홍은실역:전국향"
20200628,KBS W,153202,160329,동백꽃필무렵,,28회,전국,003127,드라마&영화,드라마,미니시리즈,0,0,0.12597,0,0,0.08285,0.01094,0,0,0,0.09768,0.34761,0.05359,0.03795,"동백역:공효진,황용식역:강하늘,강종렬역:김지석,제시카역:지이수,노규태역:오정세,홍자영역:염혜란,향미역:손담비,필구역:김강훈,곽덕순역:고두심,정숙역:이정은,변소장역:전배수,박찬숙역:김선영,송진배역:김동현,김재영역:김미화,정귀련역:이선희,조애정역:한예주,양승엽역:이상이,양승희역:김모아,오지현역:백현주,한태희역:이중열,최종록역:진용욱,박흥식역:이규성,헬레나역:카슨,권오준역:이재우,박성민역:박연우,이화자역:황영희,홍은실역:전국향"
20200628,KBS W,161624,164721,동백꽃필무렵,,29회,전국,003057,드라마&영화,드라마,미니시리즈,0,0,0.29394,0,0.00781,0.20467,0.02748,0,0,0,0.09768,0.31843,0.0993,0.12155,"동백역:공효진,황용식역:강하늘,강종렬역:김지석,제시카역:지이수,노규태역:오정세,홍자영역:염혜란,향미역:손담비,필구역:김강훈,곽덕순역:고두심,정숙역:이정은,변소장역:전배수,박찬숙역:김선영,송진배역:김동현,김재영역:김미화,정귀련역:이선희,조애정역:한예주,양승엽역:이상이,양승희역:김모아,오지현역:백현주,한태희역:이중열,최종록역:진용욱,박흥식역:이규성,헬레나역:카슨,권오준역:이재우,박성민역:박연우,이화자역:황영희,홍은실역:전국향"
20200628,KBS W,164728,171810,동백꽃필무렵,,30회,전국,003042,드라마&영화,드라마,미니시리즈,0,0,0.65086,0,0.0039,0.42807,0.0175,0,0,0,0.05041,0.34761,0.21987,0.08234,"동백역:공효진,황용식역:강하늘,강종렬역:김지석,제시카역:지이수,노규태역:오정세,홍자영역:염혜란,향미역:손담비,필구역:김강훈,곽덕순역:고두심,정숙역:이정은,변소장역:전배수,박찬숙역:김선영,송진배역:김동현,김재영역:김미화,정귀련역:이선희,조애정역:한예주,양승엽역:이상이,양승희역:김모아,오지현역:백현주,한태희역:이중열,최종록역:진용욱,박흥식역:이규성,헬레나역:카슨,권오준역:이재우,박성민역:박연우,이화자역:황영희,홍은실역:전국향"
20200628,KBS W,172936,175826,동백꽃필무렵,,31회,전국,002850,드라마&영화,드라마,미니시리즈,0,0,0.18596,0,0.00432,0.1458,0,0,0,0.10467,0,0.34761,0.14773,0.04653,"동백역:공효진,황용식역:강하늘,강종렬역:김지석,제시카역:지이수,노규태역:오정세,홍자영역:염혜란,향미역:손담비,필구역:김강훈,곽덕순역:고두심,정숙역:이정은,변소장역:전배수,박찬숙역:김선영,송진배역:김동현,김재영역:김미화,정귀련역:이선희,조애정역:한예주,양승엽역:이상이,양승희역:김모아,오지현역:백현주,한태희역:이중열,최종록역:진용욱,박흥식역:이규성,헬레나역:카슨,권오준역:이재우,박성민역:박연우,이화자역:황영희,홍은실역:전국향"
20200628,KBS W,175833,183121,동백꽃필무렵,,32회,전국,003248,드라마&영화,드라마,미니시리즈,0,0,0,0,0.04809,0,0,0,0,0,0,0.34761,0,0.04096,"동백역:공효진,황용식역:강하늘,강종렬역:김지석,제시카역:지이수,노규태역:오정세,홍자영역:염혜란,향미역:손담비,필구역:김강훈,곽덕순역:고두심,정숙역:이정은,변소장역:전배수,박찬숙역:김선영,송진배역:김동현,김재영역:김미화,정귀련역:이선희,조애정역:한예주,양승엽역:이상이,양승희역:김모아,오지현역:백현주,한태희역:이중열,최종록역:진용욱,박흥식역:이규성,헬레나역:카슨,권오준역:이재우,박성민역:박연우,이화자역:황영희,홍은실역:전국향"
20200628,KBS W,184419,191412,동백꽃필무렵,,33회,전국,002953,드라마&영화,드라마,미니시리즈,0,0,0,0,0,0.06686,0,0,0,0.08988,0.00267,0.40894,0.02521,0.07173,"동백역:공효진,황용식역:강하늘,강종렬역:김지석,제시카역:지이수,노규태역:오정세,홍자영역:염혜란,향미역:손담비,필구역:김강훈,곽덕순역:고두심,정숙역:이정은,변소장역:전배수,박찬숙역:김선영,송진배역:김동현,김재영역:김미화,정귀련역:이선희,조애정역:한예주,양승엽역:이상이,양승희역:김모아,오지현역:백현주,한태희역:이중열,최종록역:진용욱,박흥식역:이규성,헬레나역:카슨,권오준역:이재우,박성민역:박연우,이화자역:황영희,홍은실역:전국향"
20200628,KBS W,191419,194623,동백꽃필무렵,,34회,전국,003204,드라마&영화,드라마,미니시리즈,0,0,0,0,0,0.01902,0,0,0,0,0,0.37684,0.00308,0.05142,"동백역:공효진,황용식역:강하늘,강종렬역:김지석,제시카역:지이수,노규태역:오정세,홍자영역:염혜란,향미역:손담비,필구역:김강훈,곽덕순역:고두심,정숙역:이정은,변소장역:전배수,박찬숙역:김선영,송진배역:김동현,김재영역:김미화,정귀련역:이선희,조애정역:한예주,양승엽역:이상이,양승희역:김모아,오지현역:백현주,한태희역:이중열,최종록역:진용욱,박흥식역:이규성,헬레나역:카슨,권오준역:이재우,박성민역:박연우,이화자역:황영희,홍은실역:전국향"
20200628,KBS W,195833,202502,동백꽃필무렵,,35회,전국,002629,드라마&영화,드라마,미니시리즈,0,0.07712,0.17523,0,0,0.12724,0.00347,0,0,0,0.14097,0.29034,0.1604,0.01168,"동백역:공효진,황용식역:강하늘,강종렬역:김지석,제시카역:지이수,노규태역:오정세,홍자영역:염혜란,향미역:손담비,필구역:김강훈,곽덕순역:고두심,정숙역:이정은,변소장역:전배수,박찬숙역:김선영,송진배역:김동현,김재영역:김미화,정귀련역:이선희,조애정역:한예주,양승엽역:이상이,양승희역:김모아,오지현역:백현주,한태희역:이중열,최종록역:진용욱,박흥식역:이규성,헬레나역:카슨,권오준역:이재우,박성민역:박연우,이화자역:황영희,홍은실역:전국향"
20200628,KBS W,202509,210514,동백꽃필무렵,,36회,전국,004005,드라마&영화,드라마,미니시리즈,0,0,0.65086,0,0,0.42807,0.0124,0,0,0,0,0.26489,0.52337,0.00168,"동백역:공효진,황용식역:강하늘,강종렬역:김지석,제시카역:지이수,노규태역:오정세,홍자영역:염혜란,향미역:손담비,필구역:김강훈,곽덕순역:고두심,정숙역:이정은,변소장역:전배수,박찬숙역:김선영,송진배역:김동현,김재영역:김미화,정귀련역:이선희,조애정역:한예주,양승엽역:이상이,양승희역:김모아,오지현역:백현주,한태희역:이중열,최종록역:진용욱,박흥식역:이규성,헬레나역:카슨,권오준역:이재우,박성민역:박연우,이화자역:황영희,홍은실역:전국향"
20200628,KBS W,211643,215000,동백꽃필무렵,,37회,전국,003317,드라마&영화,드라마,미니시리즈,0,0.02549,0.13806,0.0048,0.00871,0.0908,0.00339,0,0.02412,0,0.0048,0.25686,0.34146,0.00357,"동백역:공효진,황용식역:강하늘,강종렬역:김지석,제시카역:지이수,노규태역:오정세,홍자영역:염혜란,향미역:손담비,필구역:김강훈,곽덕순역:고두심,정숙역:이정은,변소장역:전배수,박찬숙역:김선영,송진배역:김동현,김재영역:김미화,정귀련역:이선희,조애정역:한예주,양승엽역:이상이,양승희역:김모아,오지현역:백현주,한태희역:이중열,최종록역:진용욱,박흥식역:이규성,헬레나역:카슨,권오준역:이재우,박성민역:박연우,이화자역:황영희,홍은실역:전국향"
20200628,KBS W,215007,222506,동백꽃필무렵,,38회,전국,003459,드라마&영화,드라마,미니시리즈,0,0.08901,0.57648,0.00905,0,0.38571,0.00038,0,0,0,0.07045,0.26489,0.48956,0,"동백역:공효진,황용식역:강하늘,강종렬역:김지석,제시카역:지이수,노규태역:오정세,홍자영역:염혜란,향미역:손담비,필구역:김강훈,곽덕순역:고두심,정숙역:이정은,변소장역:전배수,박찬숙역:김선영,송진배역:김동현,김재영역:김미화,정귀련역:이선희,조애정역:한예주,양승엽역:이상이,양승희역:김모아,오지현역:백현주,한태희역:이중열,최종록역:진용욱,박흥식역:이규성,헬레나역:카슨,권오준역:이재우,박성민역:박연우,이화자역:황영희,홍은실역:전국향"
20200628,KBS W,223600,231307,동백꽃필무렵,,39회,전국,003707,드라마&영화,드라마,미니시리즈,0,0.01137,0.65086,0.05613,0.00388,0.42807,0.00151,0,0.2403,0.08558,0,0.34059,0.63864,0.04415,"동백역:공효진,황용식역:강하늘,강종렬역:김지석,제시카역:지이수,노규태역:오정세,홍자영역:염혜란,향미역:손담비,필구역:김강훈,곽덕순역:고두심,정숙역:이정은,변소장역:전배수,박찬숙역:김선영,송진배역:김동현,김재영역:김미화,정귀련역:이선희,조애정역:한예주,양승엽역:이상이,양승희역:김모아,오지현역:백현주,한태희역:이중열,최종록역:진용욱,박흥식역:이규성,헬레나역:카슨,권오준역:이재우,박성민역:박연우,이화자역:황영희,홍은실역:전국향"
20200628,KBS W,231314,235003,동백꽃필무렵,,40회,전국,003649,드라마&영화,드라마,미니시리즈,0,0.05546,0.17591,0.02131,0.04472,0.15428,0.02726,0.13175,0,0.12453,0.0607,0.37133,0.4079,0.06372,"동백역:공효진,황용식역:강하늘,강종렬역:김지석,제시카역:지이수,노규태역:오정세,홍자영역:염혜란,향미역:손담비,필구역:김강훈,곽덕순역:고두심,정숙역:이정은,변소장역:전배수,박찬숙역:김선영,송진배역:김동현,김재영역:김미화,정귀련역:이선희,조애정역:한예주,양승엽역:이상이,양승희역:김모아,오지현역:백현주,한태희역:이중열,최종록역:진용욱,박흥식역:이규성,헬레나역:카슨,권오준역:이재우,박성민역:박연우,이화자역:황영희,홍은실역:전국향"
20200628,KBS W,250146,255959,부부클리닉사랑과전쟁2,,120회,전국,005813,드라마&영화,드라마,단막극,0,0,0,0.00399,0.02106,0,0.03317,0,0,0,0.00202,0.0147,0.01209,0.06099,"이재만,민지영,최영완,이정수,장가현,손유경,이준우"
20200628,K-STAR,100153,110849,부부클리닉사랑과전쟁,,431회,전국,010656,드라마&영화,드라마,주간연속극,0,0,0.00223,0.01682,0.14114,0.09011,0.22381,0,0,0,0.00512,0,0.06886,0.09147,"이재만,민지영,최영완,이정수,장가현,손유경,이준우"
20200628,KTV,080631,090456,대추나무사랑걸렸네,,151회,전국,005825,드라마&영화,드라마,시추에이션드라마,0,0,0,0,0,0,0.18759,0,0,0,0,0.07811,0,0.01972,"박덕보역:김성겸,박태민역:백일섭,두심역:윤미라,순자역:송채환,현욱역:심양홍,현숙역:서혜린,만길역:권용운,상훈역:안병경,유분역:은세연"
20200628,KTV,120146,125710,대추나무사랑걸렸네,,152회,전국,005524,드라마&영화,드라마,시추에이션드라마,0,0.01803,0.00586,0,0.00601,0.05185,0,0,0,0,0,0.00501,0.02727,0.04374,"박덕보역:김성겸,박태민역:백일섭,두심역:윤미라,순자역:송채환,현욱역:심양홍,현숙역:서혜린,만길역:권용운,상훈역:안병경,유분역:은세연"
20200628,KTV,141158,145408,전원일기,,319회,전국,004210,드라마&영화,드라마,주말연속극,0,0,0,0,0.22717,0,0.01092,0,0,0,0,0.00301,0.01539,0.02178,"최불암,김혜자,김용건,김수미,고두심,유인촌,정대홍"
20200628,KTV,174001,182200,전원일기,,320회,전국,004159,드라마&영화,드라마,주말연속극,0,0,0,0,0.0328,0.00881,0.08478,0,0,0,0,0.02409,0.00682,0.03184,"최불암,김혜자,김용건,김수미,고두심,유인촌,정대홍"
20200628,KTV,195254,204555,파랑새는있다,,41회,전국,005301,드라마&영화,드라마,주간연속극,0,0,0.00796,0,0.00431,0.00897,0.04913,0,0,0,0,0,0.01764,0.09966,"이상인,정선경,백윤식,송경철,박남현,한진희,동방우,양금석"
20200628,KTV,210804,215012,전원일기,,319회,전국,004208,드라마&영화,드라마,주말연속극,0,0,0.53867,0,0,0.21021,0.31503,0,0,0.10314,0,0,0.19793,0.47881,"최불암,김혜자,김용건,김수미,고두심,유인촌,정대홍"
20200628,KTV,215208,224731,대추나무사랑걸렸네,,152회,전국,005523,드라마&영화,드라마,시추에이션드라마,0,0,0.21428,0,0,0.15115,0.30364,0,0,0,0,0,0.24689,0.38202,"박덕보역:김성겸,박태민역:백일섭,두심역:윤미라,순자역:송채환,현욱역:심양홍,현숙역:서혜린,만길역:권용운,상훈역:안병경,유분역:은세연"
20200628,KTV,234115,243416,파랑새는있다,,41회,전국,005301,드라마&영화,드라마,주간연속극,0,0,0,0,0,0,0.03171,0,0,0,0,0,0,0.07495,"이상인,정선경,백윤식,송경철,박남현,한진희,동방우,양금석"
20200628,KTV,243612,251440,전원일기,,321회,전국,003828,드라마&영화,드라마,주말연속극,0,0,0,0.00568,0,0,0.08669,0,0,0.07164,0.01832,0,0.17333,0.27465,"최불암,김혜자,김용건,김수미,고두심,유인촌,정대홍"
20200628,O tvN,020000,030039,아는건별로없지만가족입니다,,8회,전국,010039,드라마&영화,드라마,미니시리즈,0,0,0,0.23462,0.1031,0.09003,0.03496,0,0.02509,0,0,0.05704,0.28999,0.05975,"김은희역:한예리,박찬혁역:김지석,김은주역:추자현,김상식역:정진영,이진숙역:원미경,김지우역:신재하,임건주역:신동욱,윤태형역:김태훈,젊은상식역:한준우,젊은진숙역:조아영,유선일역:서상원,안효석역:이종원,서경옥역:가득희,윤서영역:혜정,전하라역:배윤경,유민우역:권율"
20200628,O tvN,082023,092935,오마이베이비,,13회,전국,010912,드라마&영화,드라마,미니시리즈,0,0,0,0.0206,0.05367,0.00119,0.05216,0,0.13438,0,0,0.04566,0.01797,0.00735,"장하리역:장나라,한이상역:고준,윤재영역:박병은,최강으뜸역:정건주,이옥란역:김혜옥,남수철역:조희봉,김은영역:이미도,김철중역:유승목,주승태역:전진기,박연호역:백승희,최효주역:박수영,주선생역:문현정,심정화역:김재화,이소윤역:정라엘,이옥희역:김예령,박재한역:이한위,김상희역:손화령,순남역:이주실,조회장역:장광,조아저씨역:최홍일,강효주역:전혜빈"
20200628,O tvN,094132,105107,오마이베이비,,14회,전국,010935,드라마&영화,드라마,미니시리즈,0,0.01274,0.03017,0.00623,0.04655,0.00363,0.02512,0,0.09314,0,0.03089,0.04961,0.1126,0.0051,"장하리역:장나라,한이상역:고준,윤재영역:박병은,최강으뜸역:정건주,이옥란역:김혜옥,남수철역:조희봉,김은영역:이미도,김철중역:유승목,주승태역:전진기,박연호역:백승희,최효주역:박수영,주선생역:문현정,심정화역:김재화,이소윤역:정라엘,이옥희역:김예령,박재한역:이한위,김상희역:손화령,순남역:이주실,조회장역:장광,조아저씨역:최홍일,강효주역:전혜빈"
20200628,O tvN,110553,121743,아는건별로없지만가족입니다,,7회,전국,011150,드라마&영화,드라마,미니시리즈,0,0.00405,0.03774,0.02307,0.00401,0,0.03847,0,0.00449,0.00272,0,0.10209,0.17152,0.02182,"김은희역:한예리,박찬혁역:김지석,김은주역:추자현,김상식역:정진영,이진숙역:원미경,김지우역:신재하,임건주역:신동욱,윤태형역:김태훈,젊은상식역:한준우,젊은진숙역:조아영,유선일역:서상원,안효석역:이종원,서경옥역:가득희,윤서영역:혜정,전하라역:배윤경,유민우역:권율"
20200628,O tvN,123153,134319,아는건별로없지만가족입니다,,8회,전국,011126,드라마&영화,드라마,미니시리즈,0,0,0,0.18978,0.04189,0.07193,0.31969,0,0,0.25422,0.18042,0.10706,0.3592,0.17807,"김은희역:한예리,박찬혁역:김지석,김은주역:추자현,김상식역:정진영,이진숙역:원미경,김지우역:신재하,임건주역:신동욱,윤태형역:김태훈,젊은상식역:한준우,젊은진숙역:조아영,유선일역:서상원,안효석역:이종원,서경옥역:가득희,윤서영역:혜정,전하라역:배윤경,유민우역:권율"
20200628,O tvN,135913,151510,사이코지만괜찮아,,1회,전국,011557,드라마&영화,드라마,미니시리즈,0.09271,0.01234,0,0.02161,0.02488,0.01994,0.03338,0,0.01412,0.18851,0.10088,0.21312,0.1315,0.09161,"문강태역:김수현,고문영역:서예지,문상태역:오정세,남주리역:박규영,이상인역:김주헌,조재수역:강기둥,오지왕역:김창완,강순덕역:김미경,박행자역:장영남,선별역:장규리,권민석역:서준,오차용역:최우성,고대환역:이얼,간필옹역:김기천,주정태역:정재광,이아름역:지혜원,박옥란역:강지은,유선해역:주인영,강은자역:배해선,유승재역:박진주,문강태어린시절역:문우진,고문영어린시절역:김수인,권기도역:곽동연,훈남CEO역:최다니엘"
20200628,O tvN,153134,164618,사이코지만괜찮아,,2회,전국,011444,드라마&영화,드라마,미니시리즈,0.31796,0,0,0.03672,0.06561,0.02437,0.08042,0,0,0,0.22162,0.16743,0.03517,0.18495,"문강태역:김수현,고문영역:서예지,문상태역:오정세,남주리역:박규영,이상인역:김주헌,조재수역:강기둥,오지왕역:김창완,강순덕역:김미경,박행자역:장영남,선별역:장규리,권민석역:서준,오차용역:최우성,고대환역:이얼,간필옹역:김기천,주정태역:정재광,이아름역:지혜원,박옥란역:강지은,유선해역:주인영,강은자역:배해선,유승재역:박진주,문강태어린시절역:문우진,고문영어린시절역:김수인,권기도역:곽동연,훈남CEO역:최다니엘"
20200628,O tvN,170253,184040,응답하라1988,,12회,전국,013747,드라마&영화,드라마,주간연속극,0.0111,0,0,0.03603,0.0443,0.01404,0.21037,0.05412,0,0.01179,0.24219,0.25955,0.10276,0.27722,"성동일역:성동일,이일화역:이일화,라미란역:라미란,김성균역:김성균,최무성역:최무성,김선영역:김선영,류재명역:유재명,보라역:류혜영,덕선역:혜리,정환역:류준열,선우역:고경표,택역:박보검,정봉역:안재홍,동룡역:이동휘,노을역:최성원,미옥역:이민지,자현역:이세영,진주역:김설,선도부역:차엽,매점주인역:김수로,어른덕선역:이미연,어른택역:김주혁,어른보라역:전미선,종훈역:박정민,의사역:김태훈,기자역:박지윤,어른노을역:우현,보라친구역:정유민,노을여자친구역:이수경,남궁늘보역:이청미,반장역:권은수,미옥아빠역:고창석"
20200628,O tvN,185943,204215,응답하라1988,,13회,전국,014232,드라마&영화,드라마,주간연속극,0,0.22485,0.07073,0.14954,0.30387,0.04973,0.55327,0.49201,0.40421,0.16345,0.17916,1.02663,0.12544,0.54993,"성동일역:성동일,이일화역:이일화,라미란역:라미란,김성균역:김성균,최무성역:최무성,김선영역:김선영,류재명역:유재명,보라역:류혜영,덕선역:혜리,정환역:류준열,선우역:고경표,택역:박보검,정봉역:안재홍,동룡역:이동휘,노을역:최성원,미옥역:이민지,자현역:이세영,진주역:김설,선도부역:차엽,매점주인역:김수로,어른덕선역:이미연,어른택역:김주혁,어른보라역:전미선,종훈역:박정민,의사역:김태훈,기자역:박지윤,어른노을역:우현,보라친구역:정유민,노을여자친구역:이수경,남궁늘보역:이청미,반장역:권은수,미옥아빠역:고창석"
20200628,O tvN,205941,224018,응답하라1988,,14회,전국,014037,드라마&영화,드라마,주간연속극,0,0,0,0.0642,0.41136,0.05331,0.23663,0,0.36926,0.00707,0.00594,0.35236,0.10234,0.13062,"성동일역:성동일,이일화역:이일화,라미란역:라미란,김성균역:김성균,최무성역:최무성,김선영역:김선영,류재명역:유재명,보라역:류혜영,덕선역:혜리,정환역:류준열,선우역:고경표,택역:박보검,정봉역:안재홍,동룡역:이동휘,노을역:최성원,미옥역:이민지,자현역:이세영,진주역:김설,선도부역:차엽,매점주인역:김수로,어른덕선역:이미연,어른택역:김주혁,어른보라역:전미선,종훈역:박정민,의사역:김태훈,기자역:박지윤,어른노을역:우현,보라친구역:정유민,노을여자친구역:이수경,남궁늘보역:이청미,반장역:권은수,미옥아빠역:고창석"
20200628,O tvN,230315,241505,아는건별로없지만가족입니다,,7회,전국,011150,드라마&영화,드라마,미니시리즈,0,0,0,0.00242,0.00831,0.01275,0.03207,0,0,0,0,0.00549,0.07791,0.03961,"김은희역:한예리,박찬혁역:김지석,김은주역:추자현,김상식역:정진영,이진숙역:원미경,김지우역:신재하,임건주역:신동욱,윤태형역:김태훈,젊은상식역:한준우,젊은진숙역:조아영,유선일역:서상원,안효석역:이종원,서경옥역:가득희,윤서영역:혜정,전하라역:배윤경,유민우역:권율"
20200628,O tvN,243447,254613,아는건별로없지만가족입니다,,8회,전국,011126,드라마&영화,드라마,미니시리즈,0,0,0,0,0.00592,0.01567,0.06584,0,0.08538,0,0.00668,0.00301,0.02836,0.04103,"김은희역:한예리,박찬혁역:김지석,김은주역:추자현,김상식역:정진영,이진숙역:원미경,김지우역:신재하,임건주역:신동욱,윤태형역:김태훈,젊은상식역:한준우,젊은진숙역:조아영,유선일역:서상원,안효석역:이종원,서경옥역:가득희,윤서영역:혜정,전하라역:배윤경,유민우역:권율"
20200628,OCN,050311,060326,번외수사,,11회,전국,010015,드라마&영화,드라마,미니시리즈,0.02225,0.00924,0.00469,0,0.28935,0.20213,0.22495,0.02502,0.00746,0.00353,0.01487,0.07952,0.32386,0.28563,"진강호역:차태현,강무영역:이선빈,이반석역:정상훈,테디정역:윤경호,탁원역:지승현,민대진역:박정우,맨손역:박태산,연장역:장진희,지수철역:이영석,노순이역:민경옥"
20200628,OCN,161123,171623,번외수사,,7회,전국,010500,드라마&영화,드라마,미니시리즈,0.03019,0.20044,0.30508,0.22256,0.2964,0.30513,0.22479,0,0.05232,0.07727,0.1945,0.56678,0.15777,0.19996,"진강호역:차태현,강무영역:이선빈,이반석역:정상훈,테디정역:윤경호,탁원역:지승현,민대진역:박정우,맨손역:박태산,연장역:장진희,지수철역:이영석,노순이역:민경옥"
20200628,OCN,173240,183958,번외수사,,8회,전국,010718,드라마&영화,드라마,미니시리즈,0,0.15575,0.00207,0.16863,0.01369,0.65552,0.17156,0,0.00606,0.23342,0.1797,0.17479,0.47509,0.04808,"진강호역:차태현,강무영역:이선빈,이반석역:정상훈,테디정역:윤경호,탁원역:지승현,민대진역:박정우,맨손역:박태산,연장역:장진희,지수철역:이영석,노순이역:민경옥"
20200628,OCN,185859,200030,번외수사,,9회,전국,010131,드라마&영화,드라마,미니시리즈,0,0.329,0.01269,0.00256,0.29597,0.42174,0.07914,0.08198,0.16266,0.07813,0.07372,0.45996,0.44018,0.06611,"진강호역:차태현,강무영역:이선빈,이반석역:정상훈,테디정역:윤경호,탁원역:지승현,민대진역:박정우,맨손역:박태산,연장역:장진희,지수철역:이영석,노순이역:민경옥"
20200628,OCN,202010,212156,번외수사,,10회,전국,010146,드라마&영화,드라마,미니시리즈,0.07422,0,0.14476,0.31344,0.35882,1.02447,0.29313,0,0.28996,0.58654,0.15336,0.82231,0.54192,0.23527,"진강호역:차태현,강무영역:이선빈,이반석역:정상훈,테디정역:윤경호,탁원역:지승현,민대진역:박정우,맨손역:박태산,연장역:장진희,지수철역:이영석,노순이역:민경옥"
20200628,OCN,213959,224138,번외수사,,11회,전국,010139,드라마&영화,드라마,미니시리즈,0.08041,1.06132,0.20568,1.28874,1.59359,2.23785,0.72089,0.35979,2.00863,0.97285,1.07233,1.7732,1.356,0.8233,"진강호역:차태현,강무영역:이선빈,이반석역:정상훈,테디정역:윤경호,탁원역:지승현,민대진역:박정우,맨손역:박태산,연장역:장진희,지수철역:이영석,노순이역:민경옥"
20200628,OCN,225900,240659,번외수사,,12회,전국,010759,드라마&영화,드라마,미니시리즈,0.07213,0.9416,1.40292,2.26745,4.72766,3.33227,1.73265,0.53462,2.70126,1.08606,2.82532,5.01712,2.51692,1.70179,"진강호역:차태현,강무영역:이선빈,이반석역:정상훈,테디정역:윤경호,탁원역:지승현,민대진역:박정우,맨손역:박태산,연장역:장진희,지수철역:이영석,노순이역:민경옥"
20200628,SBS플러스,102530,112639,편의점샛별이,,4회,전국,010109,드라마&영화,드라마,미니시리즈,0,0.72833,0.16431,0.33082,0.60746,0.10576,0.3023,0.60026,0.1639,0,0.92707,0.80305,0.68504,0.26276,"최대현역:지창욱,정샛별역:김유정,유연주역:한선화,조승준역:도상우,정은별역:솔빈,공분희역:김선영,최용필역:이병준,한달식역:음문석,권의추역:우현,차기복역:이윤희,고광태역:배기범,김혜자역:견미리,최대순역:김지현,황금비역:서예화,차은조역:윤수,배부장역:허재호,강성태역:지찬,김정하역:신윤정,오현지역:한류은,강지욱역:김민규,유명기역:길용우"
20200628,SBS플러스,193314,203631,편의점샛별이,,3회,전국,010317,드라마&영화,드라마,미니시리즈,0.95482,0.33108,0.01007,0.16627,0.49969,0.36024,0.15232,0.03466,0.01575,0,0.22249,0.26252,0.49169,0.16563,"최대현역:지창욱,정샛별역:김유정,유연주역:한선화,조승준역:도상우,정은별역:솔빈,공분희역:김선영,최용필역:이병준,한달식역:음문석,권의추역:우현,차기복역:이윤희,고광태역:배기범,김혜자역:견미리,최대순역:김지현,황금비역:서예화,차은조역:윤수,배부장역:허재호,강성태역:지찬,김정하역:신윤정,오현지역:한류은,강지욱역:김민규,유명기역:길용우"
20200628,SBS플러스,205051,215200,편의점샛별이,,4회,전국,010109,드라마&영화,드라마,미니시리즈,0.01088,0.34563,0.03281,0.00385,0.42485,0.29199,0.08499,0.10715,0,0.16631,0.16516,0.32237,0.24314,0.0677,"최대현역:지창욱,정샛별역:김유정,유연주역:한선화,조승준역:도상우,정은별역:솔빈,공분희역:김선영,최용필역:이병준,한달식역:음문석,권의추역:우현,차기복역:이윤희,고광태역:배기범,김혜자역:견미리,최대순역:김지현,황금비역:서예화,차은조역:윤수,배부장역:허재호,강성태역:지찬,김정하역:신윤정,오현지역:한류은,강지욱역:김민규,유명기역:길용우"
20200628,SKY,093707,103923,편의점샛별이,,3회,전국,010216,드라마&영화,드라마,미니시리즈,0,0,0.03131,0.08223,0.38043,0.36345,0.2365,0,0.20227,0.04228,0.00473,0.77329,0.1631,0.49072,"최대현역:지창욱,정샛별역:김유정,유연주역:한선화,조승준역:도상우,정은별역:솔빈,공분희역:김선영,최용필역:이병준,한달식역:음문석,권의추역:우현,차기복역:이윤희,고광태역:배기범,김혜자역:견미리,최대순역:김지현,황금비역:서예화,차은조역:윤수,배부장역:허재호,강성태역:지찬,김정하역:신윤정,오현지역:한류은,강지욱역:김민규,유명기역:길용우"
20200628,SKY,105527,115536,편의점샛별이,,4회,전국,010009,드라마&영화,드라마,미니시리즈,0,0,0.03443,0.02217,0.12608,0.34186,0.17452,0.03682,0,0.31648,0.10319,0.44104,0.17636,0.49647,"최대현역:지창욱,정샛별역:김유정,유연주역:한선화,조승준역:도상우,정은별역:솔빈,공분희역:김선영,최용필역:이병준,한달식역:음문석,권의추역:우현,차기복역:이윤희,고광태역:배기범,김혜자역:견미리,최대순역:김지현,황금비역:서예화,차은조역:윤수,배부장역:허재호,강성태역:지찬,김정하역:신윤정,오현지역:한류은,강지욱역:김민규,유명기역:길용우"
20200628,SKY,154640,164859,편의점샛별이,,3회,전국,010219,드라마&영화,드라마,미니시리즈,0,0,0.01422,0.20359,0.11708,0.24886,0.12086,0,0.18549,0.01939,0.0273,0.29337,0.14613,0.01171,"최대현역:지창욱,정샛별역:김유정,유연주역:한선화,조승준역:도상우,정은별역:솔빈,공분희역:김선영,최용필역:이병준,한달식역:음문석,권의추역:우현,차기복역:이윤희,고광태역:배기범,김혜자역:견미리,최대순역:김지현,황금비역:서예화,차은조역:윤수,배부장역:허재호,강성태역:지찬,김정하역:신윤정,오현지역:한류은,강지욱역:김민규,유명기역:길용우"
20200628,SKY,170146,180156,편의점샛별이,,4회,전국,010010,드라마&영화,드라마,미니시리즈,0,0.01232,0.18511,0.33009,0.19205,0.36917,0.04081,0,0.00347,0.14066,0.05534,0.24517,0.15553,0.02721,"최대현역:지창욱,정샛별역:김유정,유연주역:한선화,조승준역:도상우,정은별역:솔빈,공분희역:김선영,최용필역:이병준,한달식역:음문석,권의추역:우현,차기복역:이윤희,고광태역:배기범,김혜자역:견미리,최대순역:김지현,황금비역:서예화,차은조역:윤수,배부장역:허재호,강성태역:지찬,김정하역:신윤정,오현지역:한류은,강지욱역:김민규,유명기역:길용우"
20200628,SKY,194745,204755,편의점샛별이,,4회,전국,010010,드라마&영화,드라마,미니시리즈,0.07212,0,0.00328,0.03965,0.11272,0.08538,0.04218,0,0.00373,0.0795,0.01928,0.02658,0.05108,0.04788,"최대현역:지창욱,정샛별역:김유정,유연주역:한선화,조승준역:도상우,정은별역:솔빈,공분희역:김선영,최용필역:이병준,한달식역:음문석,권의추역:우현,차기복역:이윤희,고광태역:배기범,김혜자역:견미리,최대순역:김지현,황금비역:서예화,차은조역:윤수,배부장역:허재호,강성태역:지찬,김정하역:신윤정,오현지역:한류은,강지욱역:김민규,유명기역:길용우"
20200628,SKY,230331,240550,편의점샛별이,,3회,전국,010219,드라마&영화,드라마,미니시리즈,0,0.08983,0.00352,0,0.0877,0.05966,0.03458,0.2134,0,0,0.01729,0.06808,0.04817,0.02177,"최대현역:지창욱,정샛별역:김유정,유연주역:한선화,조승준역:도상우,정은별역:솔빈,공분희역:김선영,최용필역:이병준,한달식역:음문석,권의추역:우현,차기복역:이윤희,고광태역:배기범,김혜자역:견미리,최대순역:김지현,황금비역:서예화,차은조역:윤수,배부장역:허재호,강성태역:지찬,김정하역:신윤정,오현지역:한류은,강지욱역:김민규,유명기역:길용우"
20200628,SKY,242322,252332,편의점샛별이,,4회,전국,010010,드라마&영화,드라마,미니시리즈,0.0544,0,0,0.36998,0.19254,0.01646,0.01153,0,0,0,0.02196,0.04714,0,0.03608,"최대현역:지창욱,정샛별역:김유정,유연주역:한선화,조승준역:도상우,정은별역:솔빈,공분희역:김선영,최용필역:이병준,한달식역:음문석,권의추역:우현,차기복역:이윤희,고광태역:배기범,김혜자역:견미리,최대순역:김지현,황금비역:서예화,차은조역:윤수,배부장역:허재호,강성태역:지찬,김정하역:신윤정,오현지역:한류은,강지욱역:김민규,유명기역:길용우"
20200628,ONCE,020000,022215,황후의품격,,30회,전국,002215,드라마&영화,드라마,미니시리즈,0,0,0.12517,0,0,0.06614,0.00577,0,0.14249,0,0.05031,0.15004,0.0392,0,"오써니역:장나라,나왕식역:최진혁,이혁역:신성록,민유라역:이엘리야,태후강씨역:신은경,이윤역:오승윤,서강희역:윤소이,아리역:오아린,태황태후조씨역:박원숙,소진공주역:이희진,소현황후역:신고은,오금모역:윤다훈,오헬로역:스테파니리,변선생역:김명수,마필주역:윤주만,백도희역:황영희,나동식역:오한결,최팀장역:이수련,홍팀장역:김민옥,형사역:조동혁,수상역:고세원,나왕식역:태항호,사군자역:김수미,안형사역:안내상,강주승역:유건"
20200628,ONCE,023242,030538,황후의품격,,31회,전국,003256,드라마&영화,드라마,미니시리즈,0,0,0,0,0.00862,0,0.00314,0,0,0,0,0,0,0.01254,"오써니역:장나라,나왕식역:최진혁,이혁역:신성록,민유라역:이엘리야,태후강씨역:신은경,이윤역:오승윤,서강희역:윤소이,아리역:오아린,태황태후조씨역:박원숙,소진공주역:이희진,소현황후역:신고은,오금모역:윤다훈,오헬로역:스테파니리,변선생역:김명수,마필주역:윤주만,백도희역:황영희,나동식역:오한결,최팀장역:이수련,홍팀장역:김민옥,형사역:조동혁,수상역:고세원,나왕식역:태항호,사군자역:김수미,안형사역:안내상,강주승역:유건"
20200628,ONCE,030648,033405,황후의품격,,32회,전국,002717,드라마&영화,드라마,미니시리즈,0,0,0,0,0,0.05259,0.00791,0,0,0,0,0.04632,0,0.00264,"오써니역:장나라,나왕식역:최진혁,이혁역:신성록,민유라역:이엘리야,태후강씨역:신은경,이윤역:오승윤,서강희역:윤소이,아리역:오아린,태황태후조씨역:박원숙,소진공주역:이희진,소현황후역:신고은,오금모역:윤다훈,오헬로역:스테파니리,변선생역:김명수,마필주역:윤주만,백도희역:황영희,나동식역:오한결,최팀장역:이수련,홍팀장역:김민옥,형사역:조동혁,수상역:고세원,나왕식역:태항호,사군자역:김수미,안형사역:안내상,강주승역:유건"
20200628,ONCE,034422,041724,황후의품격,,33회,전국,003302,드라마&영화,드라마,미니시리즈,0,0,0.00395,0.01907,0,0.01081,0,0,0,0,0,0.00189,0,0.13259,"오써니역:장나라,나왕식역:최진혁,이혁역:신성록,민유라역:이엘리야,태후강씨역:신은경,이윤역:오승윤,서강희역:윤소이,아리역:오아린,태황태후조씨역:박원숙,소진공주역:이희진,소현황후역:신고은,오금모역:윤다훈,오헬로역:스테파니리,변선생역:김명수,마필주역:윤주만,백도희역:황영희,나동식역:오한결,최팀장역:이수련,홍팀장역:김민옥,형사역:조동혁,수상역:고세원,나왕식역:태항호,사군자역:김수미,안형사역:안내상,강주승역:유건"
20200628,ONCE,041834,044520,황후의품격,,34회,전국,002646,드라마&영화,드라마,미니시리즈,0,0,0,0,0,0,0,0,0,0,0,0,0,0.02764,"오써니역:장나라,나왕식역:최진혁,이혁역:신성록,민유라역:이엘리야,태후강씨역:신은경,이윤역:오승윤,서강희역:윤소이,아리역:오아린,태황태후조씨역:박원숙,소진공주역:이희진,소현황후역:신고은,오금모역:윤다훈,오헬로역:스테파니리,변선생역:김명수,마필주역:윤주만,백도희역:황영희,나동식역:오한결,최팀장역:이수련,홍팀장역:김민옥,형사역:조동혁,수상역:고세원,나왕식역:태항호,사군자역:김수미,안형사역:안내상,강주승역:유건"
20200628,ONCE,055214,063713,전원일기,,434회,전국,004459,드라마&영화,드라마,주말연속극,0,0,0,0.02054,0,0.02094,0.02103,0,0,0,0.18394,0,0.06324,0.01552,"최불암,김혜자,김용건,김수미,고두심,유인촌,정대홍"
20200628,ONCE,064914,073110,전원일기,,435회,전국,004156,드라마&영화,드라마,주말연속극,0,0.02792,0,0,0.02251,0.01184,0.00205,0,0,0,0.02666,0.02523,0.00623,0.05225,"최불암,김혜자,김용건,김수미,고두심,유인촌,정대홍"
20200628,ONCE,074016,084501,동이,,57회,전국,010445,드라마&영화,드라마,주간연속극,0,0,0,0.06844,0,0.03309,0.15456,0,0,0.0033,0.22795,0,0.00486,0.1459,"동이역:한효주,숙종역:지진희,희빈장씨역:이소연,차천수역:배수빈,서용기역:정진영,인현왕후역:박하선,오태석역:정동환,이종욱역:이정훈,홍태윤역:손일권,박도식역:최재호,도승지역:신국,오호양역:여호민,황주식역:이희도,정인국역:나성균,최효원역:천호진,장익헌역:이재용,김환역:정인기,은금역:한다민,오태풍역:이계인,태풍처역:이숙,장희재역:김유석,설희역:김혜진,게둬라부역:정은표,오윤역:최철호,게둬라역:최수한,심운택역:김동윤,동이어린시절역:김유정,봉상궁역:김소이,조상궁역:안여진,유상궁역:임성민,정임역:정유미,애종역:강유미,시비역:오은호,미지역:최하나,대전내관역:정선일,명성대비역:박정수,정상궁역:김혜선,영달역:이광수,최동주역:정성운,장무열역:최종환,이금역:이형석,경종역:윤찬,김구선역:맹상훈,인원왕후역:오연서"
20200628,ONCE,085812,095640,동이,,58회,전국,005828,드라마&영화,드라마,주간연속극,0,0,0,0,0,0.34434,0.28553,0,0,0,0.25989,0.04796,0.15835,0.30152,"동이역:한효주,숙종역:지진희,희빈장씨역:이소연,차천수역:배수빈,서용기역:정진영,인현왕후역:박하선,오태석역:정동환,이종욱역:이정훈,홍태윤역:손일권,박도식역:최재호,도승지역:신국,오호양역:여호민,황주식역:이희도,정인국역:나성균,최효원역:천호진,장익헌역:이재용,김환역:정인기,은금역:한다민,오태풍역:이계인,태풍처역:이숙,장희재역:김유석,설희역:김혜진,게둬라부역:정은표,오윤역:최철호,게둬라역:최수한,심운택역:김동윤,동이어린시절역:김유정,봉상궁역:김소이,조상궁역:안여진,유상궁역:임성민,정임역:정유미,애종역:강유미,시비역:오은호,미지역:최하나,대전내관역:정선일,명성대비역:박정수,정상궁역:김혜선,영달역:이광수,최동주역:정성운,장무열역:최종환,이금역:이형석,경종역:윤찬,김구선역:맹상훈,인원왕후역:오연서"
20200628,ONCE,142342,150841,전원일기,,434회,전국,004459,드라마&영화,드라마,주말연속극,0,0.06402,0.01429,0.00183,0.15716,0.01874,0.26365,0,0,0,0,0.16741,0.11198,0.26676,"최불암,김혜자,김용건,김수미,고두심,유인촌,정대홍"
20200628,ONCE,151541,155738,전원일기,,435회,전국,004157,드라마&영화,드라마,주말연속극,0,0.00622,0.02921,0.00337,0.34451,0.00741,0.24505,0.71379,0,0.00368,0,0.06327,0.14696,0.27959,"최불암,김혜자,김용건,김수미,고두심,유인촌,정대홍"
20200628,ONCE,161144,171629,동이,,57회,전국,010445,드라마&영화,드라마,주간연속극,0,0.00593,0.08546,0.14476,0.41923,0,0.16479,1.15305,0.00956,0.01581,0.02564,0.00869,0.06153,0.08803,"동이역:한효주,숙종역:지진희,희빈장씨역:이소연,차천수역:배수빈,서용기역:정진영,인현왕후역:박하선,오태석역:정동환,이종욱역:이정훈,홍태윤역:손일권,박도식역:최재호,도승지역:신국,오호양역:여호민,황주식역:이희도,정인국역:나성균,최효원역:천호진,장익헌역:이재용,김환역:정인기,은금역:한다민,오태풍역:이계인,태풍처역:이숙,장희재역:김유석,설희역:김혜진,게둬라부역:정은표,오윤역:최철호,게둬라역:최수한,심운택역:김동윤,동이어린시절역:김유정,봉상궁역:김소이,조상궁역:안여진,유상궁역:임성민,정임역:정유미,애종역:강유미,시비역:오은호,미지역:최하나,대전내관역:정선일,명성대비역:박정수,정상궁역:김혜선,영달역:이광수,최동주역:정성운,장무열역:최종환,이금역:이형석,경종역:윤찬,김구선역:맹상훈,인원왕후역:오연서"
20200628,ONCE,173041,182907,동이,,58회,전국,005826,드라마&영화,드라마,주간연속극,0,0.01274,0.03593,0.23965,0.25535,0.06075,0.26121,0,0.05636,0,0.15031,0.29493,0.05044,0.34853,"동이역:한효주,숙종역:지진희,희빈장씨역:이소연,차천수역:배수빈,서용기역:정진영,인현왕후역:박하선,오태석역:정동환,이종욱역:이정훈,홍태윤역:손일권,박도식역:최재호,도승지역:신국,오호양역:여호민,황주식역:이희도,정인국역:나성균,최효원역:천호진,장익헌역:이재용,김환역:정인기,은금역:한다민,오태풍역:이계인,태풍처역:이숙,장희재역:김유석,설희역:김혜진,게둬라부역:정은표,오윤역:최철호,게둬라역:최수한,심운택역:김동윤,동이어린시절역:김유정,봉상궁역:김소이,조상궁역:안여진,유상궁역:임성민,정임역:정유미,애종역:강유미,시비역:오은호,미지역:최하나,대전내관역:정선일,명성대비역:박정수,정상궁역:김혜선,영달역:이광수,최동주역:정성운,장무열역:최종환,이금역:이형석,경종역:윤찬,김구선역:맹상훈,인원왕후역:오연서"
20200628,ONCE,242820,250526,황후의품격,,29회,전국,003706,드라마&영화,드라마,미니시리즈,0.00515,0,0,0,0.04684,0.01061,0.07059,0.0058,0.01327,0.07229,0.01378,0.11297,0.02919,0.0095,"오써니역:장나라,나왕식역:최진혁,이혁역:신성록,민유라역:이엘리야,태후강씨역:신은경,이윤역:오승윤,서강희역:윤소이,아리역:오아린,태황태후조씨역:박원숙,소진공주역:이희진,소현황후역:신고은,오금모역:윤다훈,오헬로역:스테파니리,변선생역:김명수,마필주역:윤주만,백도희역:황영희,나동식역:오한결,최팀장역:이수련,홍팀장역:김민옥,형사역:조동혁,수상역:고세원,나왕식역:태항호,사군자역:김수미,안형사역:안내상,강주승역:유건"
20200628,ONCE,250636,252942,황후의품격,,30회,전국,002306,드라마&영화,드라마,미니시리즈,0,0,0,0,0.052,0,0,0,0,0,0.00174,0.21924,0,0.00556,"오써니역:장나라,나왕식역:최진혁,이혁역:신성록,민유라역:이엘리야,태후강씨역:신은경,이윤역:오승윤,서강희역:윤소이,아리역:오아린,태황태후조씨역:박원숙,소진공주역:이희진,소현황후역:신고은,오금모역:윤다훈,오헬로역:스테파니리,변선생역:김명수,마필주역:윤주만,백도희역:황영희,나동식역:오한결,최팀장역:이수련,홍팀장역:김민옥,형사역:조동혁,수상역:고세원,나왕식역:태항호,사군자역:김수미,안형사역:안내상,강주승역:유건"
20200628,ONCE,254209,255959,황후의품격,,31회,전국,001750,드라마&영화,드라마,미니시리즈,0,0,0,0,0,0,0.05031,0,0,0,0.01111,0,0,0.00607,"오써니역:장나라,나왕식역:최진혁,이혁역:신성록,민유라역:이엘리야,태후강씨역:신은경,이윤역:오승윤,서강희역:윤소이,아리역:오아린,태황태후조씨역:박원숙,소진공주역:이희진,소현황후역:신고은,오금모역:윤다훈,오헬로역:스테파니리,변선생역:김명수,마필주역:윤주만,백도희역:황영희,나동식역:오한결,최팀장역:이수련,홍팀장역:김민옥,형사역:조동혁,수상역:고세원,나왕식역:태항호,사군자역:김수미,안형사역:안내상,강주승역:유건"
20200628,SKYUHD,131543,152707,야식남녀,,7회/8회,전국,021124,드라마&영화,드라마,미니시리즈,0,0,0,0,0,0,0,0,0,0,0,0,0,0,"박진성역:정일우,김아진역:강지영,강태완역:이학주,이상영역:김승수,차주희역:김수진,남규장역:양대혁,유성은역:공민정,노재수역:박성준,박진우역:최재현"
20200628,SKYUHD,233800,254924,야식남녀,,7회/8회,전국,021124,드라마&영화,드라마,미니시리즈,0,0,0,0,0,0,0.0013,0,0,0,0,0,0.00131,0,"박진성역:정일우,김아진역:강지영,강태완역:이학주,이상영역:김승수,차주희역:김수진,남규장역:양대혁,유성은역:공민정,노재수역:박성준,박진우역:최재현"
20200628,OCN Thrills,081908,092038,번외수사,,11회,전국,010130,드라마&영화,드라마,미니시리즈,0,0.16939,0,0.18249,0.03638,0.28275,0.05346,0,0,0.02327,0.05233,0.02289,0.16884,0.03341,"진강호역:차태현,강무영역:이선빈,이반석역:정상훈,테디정역:윤경호,탁원역:지승현,민대진역:박정우,맨손역:박태산,연장역:장진희,지수철역:이영석,노순이역:민경옥"
20200628,TRENDY,115600,125913,영혼수선공,,16회,전국,010313,드라마&영화,드라마,미니시리즈,0,0.07457,0.03395,0.00322,0.05571,0,0.00295,0,0.23746,0,0.05144,0.0346,0.00227,0.00828,"이시준역:신하균,한우주역:정소민,인동혁역:태인호,지영원역:박예진,공지선역:주민경,조인혜역:조경숙,오기태역:박수영,박대하역:정해균,이택경역:최정우,노우정역:안동구,강누리역:하영,임세찬역:장유상,공지희역:박한솔,장유미역:김가란,김영석역:김강민,송민수역:류시원"
20200628,TRENDY,202123,212440,영혼수선공,,16회,전국,010317,드라마&영화,드라마,미니시리즈,0,0,0,0,0,0.00535,0.01309,0,0,0,0,0.0221,0.01086,0.0021,"이시준역:신하균,한우주역:정소민,인동혁역:태인호,지영원역:박예진,공지선역:주민경,조인혜역:조경숙,오기태역:박수영,박대하역:정해균,이택경역:최정우,노우정역:안동구,강누리역:하영,임세찬역:장유상,공지희역:박한솔,장유미역:김가란,김영석역:김강민,송민수역:류시원"
20200629,KBS1,203105,205919,기막힌유산,,50회,전국,002814,드라마&영화,드라마,일일연속극,2.92717,2.53,4.0603,5.31748,5.08401,10.20419,27.12349,3.44784,1.793,3.41845,4.73703,7.80578,16.76464,32.40233,"부영배역:박인환,공계옥역:강세정,부설악역:신정윤,부백두역:강신조,윤민주역:이아현,부금강역:남성진,신애리역:김가연,정미희역:박순천,김용미역:이응경,부한라역:박신우,성판금역:조양자,부가온역:김비주,부태희역:김연지,부혜교역:김효경,부지현역:강유라,공소영역:김난주,이장원역:이일준,김수민역:조서후,김종두역:이춘식,차정건역:조순창,이청아역:정서하,손보미역:박민지,김영지역:주민하,강선희역:박현정,천호식역:백신,이정태역:노상보,고향숙역:박소정"
20200629,KBS2,090507,093329,기막힌유산,,49회,전국,002822,드라마&영화,드라마,일일연속극,1.8971,1.5317,0.95824,0.54428,2.20871,2.00092,2.84863,0.06856,0.77671,0.37798,0.47582,2.96802,2.15787,3.32831,"부영배역:박인환,공계옥역:강세정,부설악역:신정윤,부백두역:강신조,윤민주역:이아현,부금강역:남성진,신애리역:김가연,정미희역:박순천,김용미역:이응경,부한라역:박신우,성판금역:조양자,부가온역:김비주,부태희역:김연지,부혜교역:김효경,부지현역:강유라,공소영역:김난주,이장원역:이일준,김수민역:조서후,김종두역:이춘식,차정건역:조순창,이청아역:정서하,손보미역:박민지,김영지역:주민하,강선희역:박현정,천호식역:백신,이정태역:노상보,고향숙역:박소정"
20200629,KBS2,194945,202425,위험한약속,,62회,전국,003440,드라마&영화,드라마,일일연속극,4.05795,2.7412,2.81478,4.49843,4.09746,7.65789,20.32389,3.55676,1.40244,2.92698,5.8129,7.22556,14.55167,25.6612,"차은동역:박하나,강태인역:고세원,최준혁역:강성민,오혜원역:박영린,한지훈역:이창욱,차만종역:이대연,차은찬역:유준서,공영심역:유지연,봉석구역:현우섭,강일섭역:강신일,연두심역:이칸희,한광훈역:길용우,한서주역:김혜지,최명희역:김나운,고재숙역:윤복인,최영국역:송민형,민주란역:오영실,최준경역:이효나,이창욱역:김정운"
20200629,MBC,020000,021516,저녁같이드실래요,<19회>,19회,전국,001516,드라마&영화,드라마,미니시리즈,0.11363,0.3816,0.03592,0.14311,0.18534,0.49914,0.06708,0,0,0.1654,0.11538,0.41717,0.5276,0.2004,"김해경역:송승헌,우도희역:서지혜,정재혁역:이지훈,진노을역:손나은,남아영역:예지원,키에누역:박호산,박진규역:고규필,강건우역:이현진,이병진역:김서경,임소라역:오혜원,김정환역:안태환,이문정역:전국향,전성자역:윤복인,이영동역:김정현,이은서역:서은수,푸드트럭총각역:이시언,태진아역:태진아,환자역:박산다라"
20200629,MBC,021526,024908,저녁같이드실래요,<20회>,20회,전국,003342,드라마&영화,드라마,미니시리즈,0.29224,0.21391,0.22414,0.57212,0.41702,1.20916,0.58154,0.35735,0.30081,0.32975,0.46488,1.0381,0.93304,0.82055,"김해경역:송승헌,우도희역:서지혜,정재혁역:이지훈,진노을역:손나은,남아영역:예지원,키에누역:박호산,박진규역:고규필,강건우역:이현진,이병진역:김서경,임소라역:오혜원,김정환역:안태환,이문정역:전국향,전성자역:윤복인,이영동역:김정현,이은서역:서은수,푸드트럭총각역:이시언,태진아역:태진아,환자역:박산다라"
20200629,MBC,104531,110047,저녁같이드실래요,<19회>,19회,서울/경기/부산/대전/대구/광주/울산/강원/충북/충남/전북/전남/경북/경남,001516,드라마&영화,드라마,미니시리즈,0.01032,0.56411,0.18487,0.30271,0.4296,0.29478,0.77591,0.33978,0.02225,0,0.03979,0.85939,0.61881,0.90411,"김해경역:송승헌,우도희역:서지혜,정재혁역:이지훈,진노을역:손나은,남아영역:예지원,키에누역:박호산,박진규역:고규필,강건우역:이현진,이병진역:김서경,임소라역:오혜원,김정환역:안태환,이문정역:전국향,전성자역:윤복인,이영동역:김정현,이은서역:서은수,푸드트럭총각역:이시언,태진아역:태진아,환자역:박산다라"
20200629,MBC,111136,112928,저녁같이드실래요,<19회>,19회,서울/경기/부산/대전/대구/광주/울산/강원/충북/충남/전북/전남/경북/경남,001752,드라마&영화,드라마,미니시리즈,0.20052,0.04958,0.1319,0,0.42104,0.32276,0.66337,0.33978,0,0.19199,0.09106,0.49826,0.30697,0.83584,"김해경역:송승헌,우도희역:서지혜,정재혁역:이지훈,진노을역:손나은,남아영역:예지원,키에누역:박호산,박진규역:고규필,강건우역:이현진,이병진역:김서경,임소라역:오혜원,김정환역:안태환,이문정역:전국향,전성자역:윤복인,이영동역:김정현,이은서역:서은수,푸드트럭총각역:이시언,태진아역:태진아,환자역:박산다라"
20200629,MBC,113042,120422,저녁같이드실래요,<20회>,20회,서울/경기/부산/대전/대구/광주/울산/강원/충북/충남/전북/전남/경북/경남,003340,드라마&영화,드라마,미니시리즈,0.18908,0.01691,0.13656,0.28491,0.41072,0.25552,0.54004,0.39613,0.1569,0.53546,0.91091,0.5273,0.47167,0.95596,"김해경역:송승헌,우도희역:서지혜,정재혁역:이지훈,진노을역:손나은,남아영역:예지원,키에누역:박호산,박진규역:고규필,강건우역:이현진,이병진역:김서경,임소라역:오혜원,김정환역:안태환,이문정역:전국향,전성자역:윤복인,이영동역:김정현,이은서역:서은수,푸드트럭총각역:이시언,태진아역:태진아,환자역:박산다라"
20200629,MBC,192240,195333,찬란한내인생,,1회,전국,003053,드라마&영화,드라마,일일연속극,1.21266,0.07753,0.60152,0.82079,1.27788,2.43377,2.24248,0.5678,0.38919,1.18826,1.1259,2.46612,3.15516,2.71493,"박복희역:심이영,고상아역:진예솔,장시경역:최성재,기차반역:원기준,고충역:이정길,조은임역:김영란,정영숙역:오미연,심숙역:양혜진,남지애역:한소영,박현희역:유하,이동윤역:정시훈,기은수역:최승훈,기은하역:권지민,임세라역:김민서,기신역:안석환,유정우역:강석정"
20200629,MBC,213105,220712,저녁같이드실래요,<21회>,21회,전국,003607,드라마&영화,드라마,미니시리즈,0.80962,0.99188,0.64891,0.61423,1.63196,4.75794,2.0998,0,0.45646,1.00636,2.4935,3.56704,4.26295,2.18688,"김해경역:송승헌,우도희역:서지혜,정재혁역:이지훈,진노을역:손나은,남아영역:예지원,키에누역:박호산,박진규역:고규필,강건우역:이현진,이병진역:김서경,임소라역:오혜원,김정환역:안태환,이문정역:전국향,전성자역:윤복인,이영동역:김정현,이은서역:서은수,푸드트럭총각역:이시언,태진아역:태진아,환자역:박산다라"
20200629,MBC,220754,223855,저녁같이드실래요,<22회>,22회,전국,003101,드라마&영화,드라마,미니시리즈,1.38457,1.29495,1.11849,1.14472,1.70223,5.34258,2.37752,0.04497,0.65518,1.83618,3.0246,4.85301,5.42511,2.82202,"김해경역:송승헌,우도희역:서지혜,정재혁역:이지훈,진노을역:손나은,남아영역:예지원,키에누역:박호산,박진규역:고규필,강건우역:이현진,이병진역:김서경,임소라역:오혜원,김정환역:안태환,이문정역:전국향,전성자역:윤복인,이영동역:김정현,이은서역:서은수,푸드트럭총각역:이시언,태진아역:태진아,환자역:박산다라"
20200629,SBS,083757,090847,엄마가바람났다,,41회,전국,003050,드라마&영화,드라마,아침드라마,1.90727,1.79884,1.47288,1.3907,4.15704,3.17941,5.00682,0.33728,1.61607,0.45428,1.55848,3.46398,3.63691,7.00018,"오필정역:현쥬니,강석준역:이재황,이은주역:문보령,강석환역:김형범,오순정역:남이안,김복순역:박순천,박민호역:길정우,박민지역:홍제이,김해정역:양금석,강태수역:이원재,이태우역:서현석,최동석역:김동균,최은자역:이진아,최유경역:이영은,최미영역:전은채,왕기범역:차승우,하열도역:김영훈,홍수경역:노정명,박태섭역:강서준,박혜진역:박지수"
20200629,OBS,093948,104212,구가의서,,20회,전국,010224,드라마&영화,드라마,주간연속극,0,0,0,0.04838,0,0.04817,0.0563,0,0,0,0.05591,0,0.14361,0.13087,"최강치역:이승기,담여울역:수지,조관웅역:이성재,담평준역:조성하,박태서역:유연석,박청조역:이유비,곤역:성준,구월령역:최진혁,윤서화역:이연희,소정법사역:김희원,천수련역:정혜영,자홍명역:윤세아,박무솔역:엄효섭,월선역:손승우,이순신역:유동근,마봉출역:조재윤,카게시마역:데이비드맥기니스,한노역:박주형,윤씨역:김희정,억만역:김기방,윤정윤역:이다윗,담이역:김보미,필목역:송영규,공달선생역:이도경"
20200629,OBS,182025,192247,구가의서,,21회,전국,010222,드라마&영화,드라마,주간연속극,0,0,0.03176,0.00366,0,0.14932,0.16042,0,0,0.02414,0,0.01017,0.10253,0.22869,"최강치역:이승기,담여울역:수지,조관웅역:이성재,담평준역:조성하,박태서역:유연석,박청조역:이유비,곤역:성준,구월령역:최진혁,윤서화역:이연희,소정법사역:김희원,천수련역:정혜영,자홍명역:윤세아,박무솔역:엄효섭,월선역:손승우,이순신역:유동근,마봉출역:조재윤,카게시마역:데이비드맥기니스,한노역:박주형,윤씨역:김희정,억만역:김기방,윤정윤역:이다윗,담이역:김보미,필목역:송영규,공달선생역:이도경"
20200629,JTBC,213502,224250,야식남녀,,11회,전국,010748,드라마&영화,드라마,미니시리즈,0.06371,0,0.02004,0.31659,0.70884,0.42274,0.14013,0,0.01954,0.10682,0.28934,0.50162,0.25358,0.17981,"박진성역:정일우,김아진역:강지영,강태완역:이학주,이상영역:김승수,차주희역:김수진,남규장역:양대혁,유성은역:공민정,노재수역:박성준,박진우역:최재현"
20200629,TV CHOSUN,025206,033631,운명과분노,,10회,전국,004425,드라마&영화,드라마,주말연속극,0,0.174,0.01694,0,0.03107,0.01611,0.25791,0,0.01974,0,0.25403,0.01934,0.23705,0.17658,"태인준역:주상욱,구해라역:이민정,차수현역:소이현,진태오역:이기우,태필운역:고인범,한성숙역:송옥숙,태정호역:공정환,고아정역:심이영,태정민역:박수아,현정수역:조승연,구현주역:차수연,강선영역:정수영,강의건역:윤학,김창수역:허준석,차동규역:권태원,이은숙역:하민,김비서역:임지규,이현정역:한은선,김석진역:조완기,이정혜역:전현아,제니진역:김단우"
20200629,TV CHOSUN,200613,205437,바람과구름과비,,12회,전국,004824,드라마&영화,드라마,미니시리즈,0,0.10086,0.20947,0.10907,0.39365,1.04645,0.81919,0,0.21286,0.11506,0.58893,0.56981,0.66389,1.58576,"최천중역:박시후,봉련역:고성희,흥선대원군이하응역:전광렬,채인규역:성혁,김병운역:김승수,김좌근역:차광수,나합역:윤아정,김병학역:한재영,조대비역:김보연,철종역:정욱,이하전역:이루,명성황후민자영역:박정연,고종이재황역:박상훈,용팔룡역:조복래,주모역:김주령,적도사진상역:한동규,팽구철역:노형욱,만석역:박노식,연치성역:임현수,반달역:왕빛나,임종사관역:허태희,최천중어린시절역:강태우,봉련어린시절역:홍승희,채인규어린시절역:최정우,상복역:허성태,민승호역:이해우,저자이병주,출판그림같은세상2020.08.28.,e북무료판매처 1건"
20200629,tvN,020000,020447,사이코지만괜찮아,,3회,전국,000447,드라마&영화,드라마,미니시리즈,0,0,0,0.34591,0.64901,0.2232,0.29684,0,0,0,0.34819,0.2786,0.17067,0.0447,"문강태역:김수현,고문영역:서예지,문상태역:오정세,남주리역:박규영,이상인역:김주헌,조재수역:강기둥,오지왕역:김창완,강순덕역:김미경,박행자역:장영남,선별역:장규리,권민석역:서준,오차용역:최우성,고대환역:이얼,간필옹역:김기천,주정태역:정재광,이아름역:지혜원,박옥란역:강지은,유선해역:주인영,강은자역:배해선,유승재역:박진주,문강태어린시절역:문우진,고문영어린시절역:김수인,권기도역:곽동연,훈남CEO역:최다니엘"
20200629,tvN,022304,033418,사이코지만괜찮아,,4회,전국,011114,드라마&영화,드라마,미니시리즈,0,0.04035,0.00769,0.22745,0.18405,0.23836,0.25891,0,0,0,0.20841,0.16858,0.14018,0.08638,"문강태역:김수현,고문영역:서예지,문상태역:오정세,남주리역:박규영,이상인역:김주헌,조재수역:강기둥,오지왕역:김창완,강순덕역:김미경,박행자역:장영남,선별역:장규리,권민석역:서준,오차용역:최우성,고대환역:이얼,간필옹역:김기천,주정태역:정재광,이아름역:지혜원,박옥란역:강지은,유선해역:주인영,강은자역:배해선,유승재역:박진주,문강태어린시절역:문우진,고문영어린시절역:김수인,권기도역:곽동연,훈남CEO역:최다니엘"
20200629,tvN,081408,092830,미스터션샤인,,9회,전국,011422,드라마&영화,드라마,미니시리즈,0.52857,0.05801,0.0023,0.10529,0.59896,0.10266,0.25476,0,0.05789,0.0549,0.61736,0.6225,0.44909,0.49743,"유진초이역:이병헌,고애신역:김태리,구동매역:유연석,김희성역:변요한,쿠도히나역:김민정,황은산역:김갑수,장승구역:최무성,고사홍역:이호재,이완익역:김의성,모리타카시역:김남희,김안평역:김동균,윤호선역:김혜은,고애순역:박아인,일식이역:김병철,춘식이역:배정남,조씨부인역:김나운,행랑아범역:신정근,함안댁역:이정은,고종역:이승준,정문역:강신일,카일무어역:데이비드맥기니스,홍파역:서유정,임관수역:조우진,이세훈역:최진호,윤남종역:박보미,유죠역:윤주만,츠다역:이정현,소아역:오아연,도미역:고우림,유진엄마역:이시아,호타루역:김용지,스즈키역:정태야,준영역:장동윤,귀단역:김시은,유진초이어린시절역:김강훈,고상완역:진구,희진역:김지원,김판서역:김응수"
20200629,tvN,094457,110017,미스터션샤인,,10회,전국,011520,드라마&영화,드라마,미니시리즈,0.53023,0.00416,0.26523,0.43121,0.94255,0.7197,0.18532,0,0.05277,0.36343,0.96912,0.92357,0.64363,0.31344,"유진초이역:이병헌,고애신역:김태리,구동매역:유연석,김희성역:변요한,쿠도히나역:김민정,황은산역:김갑수,장승구역:최무성,고사홍역:이호재,이완익역:김의성,모리타카시역:김남희,김안평역:김동균,윤호선역:김혜은,고애순역:박아인,일식이역:김병철,춘식이역:배정남,조씨부인역:김나운,행랑아범역:신정근,함안댁역:이정은,고종역:이승준,정문역:강신일,카일무어역:데이비드맥기니스,홍파역:서유정,임관수역:조우진,이세훈역:최진호,윤남종역:박보미,유죠역:윤주만,츠다역:이정현,소아역:오아연,도미역:고우림,유진엄마역:이시아,호타루역:김용지,스즈키역:정태야,준영역:장동윤,귀단역:김시은,유진초이어린시절역:김강훈,고상완역:진구,희진역:김지원,김판서역:김응수"
20200629,tvN,125710,141437,사이코지만괜찮아,,3회,전국,011727,드라마&영화,드라마,미니시리즈,0.0084,0.24345,0.1714,0.05644,0.38301,0.31368,0.39375,0.07149,0.25259,0.41762,0.89005,0.69872,0.69313,0.43478,"문강태역:김수현,고문영역:서예지,문상태역:오정세,남주리역:박규영,이상인역:김주헌,조재수역:강기둥,오지왕역:김창완,강순덕역:김미경,박행자역:장영남,선별역:장규리,권민석역:서준,오차용역:최우성,고대환역:이얼,간필옹역:김기천,주정태역:정재광,이아름역:지혜원,박옥란역:강지은,유선해역:주인영,강은자역:배해선,유승재역:박진주,문강태어린시절역:문우진,고문영어린시절역:김수인,권기도역:곽동연,훈남CEO역:최다니엘"
20200629,tvN,143503,154619,사이코지만괜찮아,,4회,전국,011116,드라마&영화,드라마,미니시리즈,0.6239,0.21169,0.21502,0.00627,0.39997,0.27735,0.82405,0.1681,0.26238,0.38993,0.99009,0.71772,1.12252,0.5314,"문강태역:김수현,고문영역:서예지,문상태역:오정세,남주리역:박규영,이상인역:김주헌,조재수역:강기둥,오지왕역:김창완,강순덕역:김미경,박행자역:장영남,선별역:장규리,권민석역:서준,오차용역:최우성,고대환역:이얼,간필옹역:김기천,주정태역:정재광,이아름역:지혜원,박옥란역:강지은,유선해역:주인영,강은자역:배해선,유승재역:박진주,문강태어린시절역:문우진,고문영어린시절역:김수인,권기도역:곽동연,훈남CEO역:최다니엘"
20200629,tvN,210043,221550,아는건별로없지만가족입니다,,9회,전국,011507,드라마&영화,드라마,미니시리즈,0.71837,0.88678,1.08506,1.09681,1.42635,2.77248,1.6637,0.08365,0.65431,1.32895,1.31464,4.19457,4.61937,1.70257,"김은희역:한예리,박찬혁역:김지석,김은주역:추자현,김상식역:정진영,이진숙역:원미경,김지우역:신재하,임건주역:신동욱,윤태형역:김태훈,젊은상식역:한준우,젊은진숙역:조아영,유선일역:서상원,안효석역:이종원,서경옥역:가득희,윤서영역:혜정,전하라역:배윤경,유민우역:권율"
20200629,국방TV,210035,212444,바람은불어도,,129회,전국,002409,드라마&영화,드라마,미니시리즈,0,0,0,0,0,0,0.0172,0,0,0,0,0,0,0.01805,"최수종,유호정,윤손하,송나영,송기윤,나문희"
20200629,국방TV,213035,215410,바람은불어도,,130회,전국,002335,드라마&영화,드라마,미니시리즈,0,0,0.03562,0,0,0,0.00497,0,0,0.08273,0,0,0,0.02785,"최수종,유호정,윤손하,송나영,송기윤,나문희"
20200629,국방TV,240035,242444,바람은불어도,,129회,전국,002409,드라마&영화,드라마,미니시리즈,0,0,0,0.01143,0,0,0,0,0,0,0,0,0,0,"최수종,유호정,윤손하,송나영,송기윤,나문희"
20200629,국방TV,243035,245410,바람은불어도,,130회,전국,002335,드라마&영화,드라마,미니시리즈,0,0,0,0,0,0,0,0,0,0,0,0,0,0,"최수종,유호정,윤손하,송나영,송기윤,나문희"
20200629,국방TV,250035,252914,바람은불어도,,131회,전국,002839,드라마&영화,드라마,미니시리즈,0,0,0,0,0,0,0,0,0,0,0,0,0.02026,0,"최수종,유호정,윤손하,송나영,송기윤,나문희"
20200629,국방TV,253057,255803,바람은불어도,,132회,전국,002706,드라마&영화,드라마,미니시리즈,0,0,0,0.00414,0,0,0.00186,0,0,0,0,0,0,0.00119,"최수종,유호정,윤손하,송나영,송기윤,나문희"
20200629,OCN Movies,030937,041738,번외수사,,12회,전국,010801,드라마&영화,드라마,미니시리즈,0,0,0.01086,0,0.10769,0.22833,0.08962,0,0.00525,0.00226,0,0.16471,0.32029,0.08171,"진강호역:차태현,강무영역:이선빈,이반석역:정상훈,테디정역:윤경호,탁원역:지승현,민대진역:박정우,맨손역:박태산,연장역:장진희,지수철역:이영석,노순이역:민경옥"
20200629,OCN Movies,141939,152122,번외수사,,11회,전국,010143,드라마&영화,드라마,미니시리즈,0.01965,0,0,0.02881,0.0089,0.29713,0.01745,0.02159,0.02788,0.13888,0.1863,0.47812,0.15542,0.17777,"진강호역:차태현,강무영역:이선빈,이반석역:정상훈,테디정역:윤경호,탁원역:지승현,민대진역:박정우,맨손역:박태산,연장역:장진희,지수철역:이영석,노순이역:민경옥"
20200629,OCN Movies,153720,164504,번외수사,,12회,전국,010744,드라마&영화,드라마,미니시리즈,0.12677,0.36263,0,0.21631,0.3471,0.30509,0.25909,0,0.1889,0.17837,0.21351,0.87585,0.63308,0.45657,"진강호역:차태현,강무영역:이선빈,이반석역:정상훈,테디정역:윤경호,탁원역:지승현,민대진역:박정우,맨손역:박태산,연장역:장진희,지수철역:이영석,노순이역:민경옥"
20200629,AXN,081059,091346,넝쿨째굴러온당신,,5회,전국,010247,드라마&영화,드라마,주말연속극,0,0,0,0,0,0,0,0,0,0,0.03809,0,0.02124,0,"차윤희역:김남주,방귀남역:유준상,엄청애역:윤여정,방장수역:장용,전막례역:강부자,한만희역:김영란,차세중역:김용희,민지영역:진경,차세광역:강민혁,엄보애역:유지인,엄순애역:양희경,방일숙역:양정아,방이숙역:조윤희,방말숙역:오연서,장양실역:나영희,방정배역:김상호,고옥역:심이영,방장군역:곽동연,천재용역:이희준,윤빈역:김원준,남남구역:김형범,고시생역:김승우,예능국PD역:김준현,라디오DJ역:양희은,홍은희역:홍은희,송수지역:박수진,매니저역:이수근,목사역:지진희,차태봉역:차태현,성시갱역:성시경,노래강사역:이종박,한규현역:강동호,태영역:김형진,지피디역:곽민석,강혜수역:최윤소,동대문옷가게상인역:탁재훈,소개팅남역:이정신,유신혜역:유인영,지환역:이도현,김장훈역:김장훈,뚱보아버지역:유민상,뚱보아들역:김수영,인기여배우역:이혜영,인기남배우역:송준근,심사위원역:김종민,막장모녀엄마역:정경미,막장모녀딸역:박소영,신세경역:신세경,재용첫째누나역:김서형,재용둘째누나역:조민아,재용막내누나역:이제인,호들갑남역:공형진,라디오DJ역:박소현,귀남의양아버지역:길용우,귀남의양어머니역:김창숙,천재용아버지역:이재용,배PD역:이지영,방귀남어린시절역:홍현택"
20200629,AXN,093302,103540,넝쿨째굴러온당신,,6회,전국,010238,드라마&영화,드라마,주말연속극,0,0,0.00225,0,0,0.01517,0.03004,0,0,0,0,0.00105,0.03488,0.02286,"차윤희역:김남주,방귀남역:유준상,엄청애역:윤여정,방장수역:장용,전막례역:강부자,한만희역:김영란,차세중역:김용희,민지영역:진경,차세광역:강민혁,엄보애역:유지인,엄순애역:양희경,방일숙역:양정아,방이숙역:조윤희,방말숙역:오연서,장양실역:나영희,방정배역:김상호,고옥역:심이영,방장군역:곽동연,천재용역:이희준,윤빈역:김원준,남남구역:김형범,고시생역:김승우,예능국PD역:김준현,라디오DJ역:양희은,홍은희역:홍은희,송수지역:박수진,매니저역:이수근,목사역:지진희,차태봉역:차태현,성시갱역:성시경,노래강사역:이종박,한규현역:강동호,태영역:김형진,지피디역:곽민석,강혜수역:최윤소,동대문옷가게상인역:탁재훈,소개팅남역:이정신,유신혜역:유인영,지환역:이도현,김장훈역:김장훈,뚱보아버지역:유민상,뚱보아들역:김수영,인기여배우역:이혜영,인기남배우역:송준근,심사위원역:김종민,막장모녀엄마역:정경미,막장모녀딸역:박소영,신세경역:신세경,재용첫째누나역:김서형,재용둘째누나역:조민아,재용막내누나역:이제인,호들갑남역:공형진,라디오DJ역:박소현,귀남의양아버지역:길용우,귀남의양어머니역:김창숙,천재용아버지역:이재용,배PD역:이지영,방귀남어린시절역:홍현택"
20200629,AXN,135040,145427,넝쿨째굴러온당신,,5회,전국,010347,드라마&영화,드라마,주말연속극,0,0,0,0.05829,0,0,0.06701,0,0.02782,0,0.03864,0,0.05462,0.08261,"차윤희역:김남주,방귀남역:유준상,엄청애역:윤여정,방장수역:장용,전막례역:강부자,한만희역:김영란,차세중역:김용희,민지영역:진경,차세광역:강민혁,엄보애역:유지인,엄순애역:양희경,방일숙역:양정아,방이숙역:조윤희,방말숙역:오연서,장양실역:나영희,방정배역:김상호,고옥역:심이영,방장군역:곽동연,천재용역:이희준,윤빈역:김원준,남남구역:김형범,고시생역:김승우,예능국PD역:김준현,라디오DJ역:양희은,홍은희역:홍은희,송수지역:박수진,매니저역:이수근,목사역:지진희,차태봉역:차태현,성시갱역:성시경,노래강사역:이종박,한규현역:강동호,태영역:김형진,지피디역:곽민석,강혜수역:최윤소,동대문옷가게상인역:탁재훈,소개팅남역:이정신,유신혜역:유인영,지환역:이도현,김장훈역:김장훈,뚱보아버지역:유민상,뚱보아들역:김수영,인기여배우역:이혜영,인기남배우역:송준근,심사위원역:김종민,막장모녀엄마역:정경미,막장모녀딸역:박소영,신세경역:신세경,재용첫째누나역:김서형,재용둘째누나역:조민아,재용막내누나역:이제인,호들갑남역:공형진,라디오DJ역:박소현,귀남의양아버지역:길용우,귀남의양어머니역:김창숙,천재용아버지역:이재용,배PD역:이지영,방귀남어린시절역:홍현택"
20200629,AXN,151012,161356,넝쿨째굴러온당신,,6회,전국,010344,드라마&영화,드라마,주말연속극,0,0,0,0.20302,0,0.00203,0.18631,0,0,0.04713,0.14015,0,0.06573,0.07869,"차윤희역:김남주,방귀남역:유준상,엄청애역:윤여정,방장수역:장용,전막례역:강부자,한만희역:김영란,차세중역:김용희,민지영역:진경,차세광역:강민혁,엄보애역:유지인,엄순애역:양희경,방일숙역:양정아,방이숙역:조윤희,방말숙역:오연서,장양실역:나영희,방정배역:김상호,고옥역:심이영,방장군역:곽동연,천재용역:이희준,윤빈역:김원준,남남구역:김형범,고시생역:김승우,예능국PD역:김준현,라디오DJ역:양희은,홍은희역:홍은희,송수지역:박수진,매니저역:이수근,목사역:지진희,차태봉역:차태현,성시갱역:성시경,노래강사역:이종박,한규현역:강동호,태영역:김형진,지피디역:곽민석,강혜수역:최윤소,동대문옷가게상인역:탁재훈,소개팅남역:이정신,유신혜역:유인영,지환역:이도현,김장훈역:김장훈,뚱보아버지역:유민상,뚱보아들역:김수영,인기여배우역:이혜영,인기남배우역:송준근,심사위원역:김종민,막장모녀엄마역:정경미,막장모녀딸역:박소영,신세경역:신세경,재용첫째누나역:김서형,재용둘째누나역:조민아,재용막내누나역:이제인,호들갑남역:공형진,라디오DJ역:박소현,귀남의양아버지역:길용우,귀남의양어머니역:김창숙,천재용아버지역:이재용,배PD역:이지영,방귀남어린시절역:홍현택"
20200629,AXN,212047,222440,넝쿨째굴러온당신,,5회,전국,010353,드라마&영화,드라마,주말연속극,0,0.01122,0,0.02721,0.33445,0.02013,0.00277,0.8784,0.01272,0.00106,0.0392,0.07382,0.01127,0.04198,"차윤희역:김남주,방귀남역:유준상,엄청애역:윤여정,방장수역:장용,전막례역:강부자,한만희역:김영란,차세중역:김용희,민지영역:진경,차세광역:강민혁,엄보애역:유지인,엄순애역:양희경,방일숙역:양정아,방이숙역:조윤희,방말숙역:오연서,장양실역:나영희,방정배역:김상호,고옥역:심이영,방장군역:곽동연,천재용역:이희준,윤빈역:김원준,남남구역:김형범,고시생역:김승우,예능국PD역:김준현,라디오DJ역:양희은,홍은희역:홍은희,송수지역:박수진,매니저역:이수근,목사역:지진희,차태봉역:차태현,성시갱역:성시경,노래강사역:이종박,한규현역:강동호,태영역:김형진,지피디역:곽민석,강혜수역:최윤소,동대문옷가게상인역:탁재훈,소개팅남역:이정신,유신혜역:유인영,지환역:이도현,김장훈역:김장훈,뚱보아버지역:유민상,뚱보아들역:김수영,인기여배우역:이혜영,인기남배우역:송준근,심사위원역:김종민,막장모녀엄마역:정경미,막장모녀딸역:박소영,신세경역:신세경,재용첫째누나역:김서형,재용둘째누나역:조민아,재용막내누나역:이제인,호들갑남역:공형진,라디오DJ역:박소현,귀남의양아버지역:길용우,귀남의양어머니역:김창숙,천재용아버지역:이재용,배PD역:이지영,방귀남어린시절역:홍현택"
20200629,AXN,224108,234452,넝쿨째굴러온당신,,6회,전국,010344,드라마&영화,드라마,주말연속극,0,0.00487,0.00853,0,0.33263,0.07363,0.04545,0.88929,0,0.0395,0,0.00254,0.02972,0.05365,"차윤희역:김남주,방귀남역:유준상,엄청애역:윤여정,방장수역:장용,전막례역:강부자,한만희역:김영란,차세중역:김용희,민지영역:진경,차세광역:강민혁,엄보애역:유지인,엄순애역:양희경,방일숙역:양정아,방이숙역:조윤희,방말숙역:오연서,장양실역:나영희,방정배역:김상호,고옥역:심이영,방장군역:곽동연,천재용역:이희준,윤빈역:김원준,남남구역:김형범,고시생역:김승우,예능국PD역:김준현,라디오DJ역:양희은,홍은희역:홍은희,송수지역:박수진,매니저역:이수근,목사역:지진희,차태봉역:차태현,성시갱역:성시경,노래강사역:이종박,한규현역:강동호,태영역:김형진,지피디역:곽민석,강혜수역:최윤소,동대문옷가게상인역:탁재훈,소개팅남역:이정신,유신혜역:유인영,지환역:이도현,김장훈역:김장훈,뚱보아버지역:유민상,뚱보아들역:김수영,인기여배우역:이혜영,인기남배우역:송준근,심사위원역:김종민,막장모녀엄마역:정경미,막장모녀딸역:박소영,신세경역:신세경,재용첫째누나역:김서형,재용둘째누나역:조민아,재용막내누나역:이제인,호들갑남역:공형진,라디오DJ역:박소현,귀남의양아버지역:길용우,귀남의양어머니역:김창숙,천재용아버지역:이재용,배PD역:이지영,방귀남어린시절역:홍현택"
20200629,CHING,085723,092524,인어아가씨,,121회,전국,002801,드라마&영화,드라마,주간연속극,0,0,0,0,0,0,0,0,0,0,0,0,0,0,"은아리영역:장서희,한경혜역:정영숙,은진섭역:박근형,심수정역:한혜숙,은예영역:우희진,이주왕역:김성민,이성수역:김병기,금옥선역:사미자,금실라역:김용림,조수아역:고두심,마마준역:정보석,마마린역:이재은"
20200629,CHING,092635,095444,인어아가씨,,122회,전국,002809,드라마&영화,드라마,주간연속극,0,0,0,0,0,0,0,0,0,0,0,0,0,0,"은아리영역:장서희,한경혜역:정영숙,은진섭역:박근형,심수정역:한혜숙,은예영역:우희진,이주왕역:김성민,이성수역:김병기,금옥선역:사미자,금실라역:김용림,조수아역:고두심,마마준역:정보석,마마린역:이재은"
20200629,CHING,101037,103820,인어아가씨,,123회,전국,002743,드라마&영화,드라마,주간연속극,0,0,0,0,0,0,0,0,0,0,0,0,0,0,"은아리영역:장서희,한경혜역:정영숙,은진섭역:박근형,심수정역:한혜숙,은예영역:우희진,이주왕역:김성민,이성수역:김병기,금옥선역:사미자,금실라역:김용림,조수아역:고두심,마마준역:정보석,마마린역:이재은"
20200629,CHING,103932,110802,인어아가씨,,124회,전국,002830,드라마&영화,드라마,주간연속극,0,0,0,0,0.44382,0,0,0,0,0,0,0,0,0,"은아리영역:장서희,한경혜역:정영숙,은진섭역:박근형,심수정역:한혜숙,은예영역:우희진,이주왕역:김성민,이성수역:김병기,금옥선역:사미자,금실라역:김용림,조수아역:고두심,마마준역:정보석,마마린역:이재은"
20200629,CHING,144215,151016,인어아가씨,,121회,전국,002801,드라마&영화,드라마,주간연속극,0,0,0,0,0,0,0.01571,0,0,0,0,0,0,0.08874,"은아리영역:장서희,한경혜역:정영숙,은진섭역:박근형,심수정역:한혜숙,은예영역:우희진,이주왕역:김성민,이성수역:김병기,금옥선역:사미자,금실라역:김용림,조수아역:고두심,마마준역:정보석,마마린역:이재은"
20200629,CHING,151128,153936,인어아가씨,,122회,전국,002808,드라마&영화,드라마,주간연속극,0,0,0,0,0,0,0.02075,0,0,0,0,0,0,0.10554,"은아리영역:장서희,한경혜역:정영숙,은진섭역:박근형,심수정역:한혜숙,은예영역:우희진,이주왕역:김성민,이성수역:김병기,금옥선역:사미자,금실라역:김용림,조수아역:고두심,마마준역:정보석,마마린역:이재은"
20200629,CHING,155122,161906,인어아가씨,,123회,전국,002744,드라마&영화,드라마,주간연속극,0,0,0,0,0,0,0.04396,0,0.00489,0,0,0.00415,0,0.08849,"은아리영역:장서희,한경혜역:정영숙,은진섭역:박근형,심수정역:한혜숙,은예영역:우희진,이주왕역:김성민,이성수역:김병기,금옥선역:사미자,금실라역:김용림,조수아역:고두심,마마준역:정보석,마마린역:이재은"
20200629,CHING,162017,164847,인어아가씨,,124회,전국,002830,드라마&영화,드라마,주간연속극,0,0,0,0,0,0,0.00361,0,0.00943,0,0,0.00801,0,0.08849,"은아리영역:장서희,한경혜역:정영숙,은진섭역:박근형,심수정역:한혜숙,은예영역:우희진,이주왕역:김성민,이성수역:김병기,금옥선역:사미자,금실라역:김용림,조수아역:고두심,마마준역:정보석,마마린역:이재은"
20200629,CHING,170358,180402,번외수사,,9회,전국,010004,드라마&영화,드라마,미니시리즈,0,0,0.00352,0.02398,0.00236,0,0.00096,0,0,0,0,0.0014,0.00161,0.00437,"진강호역:차태현,강무영역:이선빈,이반석역:정상훈,테디정역:윤경호,탁원역:지승현,민대진역:박정우,맨손역:박태산,연장역:장진희,지수철역:이영석,노순이역:민경옥"
20200629,CHING,182110,192127,번외수사,,10회,전국,010017,드라마&영화,드라마,미니시리즈,0.03739,0,0,0,0.05226,0,0.01064,0,0.01332,0,0,0.02388,0.05362,0,"진강호역:차태현,강무영역:이선빈,이반석역:정상훈,테디정역:윤경호,탁원역:지승현,민대진역:박정우,맨손역:박태산,연장역:장진희,지수철역:이영석,노순이역:민경옥"
20200629,CHING,230202,233003,인어아가씨,,121회,전국,002801,드라마&영화,드라마,주간연속극,0,0,0,0,0,0.06403,0.04021,0,0,0.00722,0.08716,0,0.01228,0.10805,"은아리영역:장서희,한경혜역:정영숙,은진섭역:박근형,심수정역:한혜숙,은예영역:우희진,이주왕역:김성민,이성수역:김병기,금옥선역:사미자,금실라역:김용림,조수아역:고두심,마마준역:정보석,마마린역:이재은"
20200629,CHING,233114,235923,인어아가씨,,122회,전국,002809,드라마&영화,드라마,주간연속극,0,0,0,0,0,0.12057,0.08713,0,0,0,0.12202,0,0,0.17255,"은아리영역:장서희,한경혜역:정영숙,은진섭역:박근형,심수정역:한혜숙,은예영역:우희진,이주왕역:김성민,이성수역:김병기,금옥선역:사미자,금실라역:김용림,조수아역:고두심,마마준역:정보석,마마린역:이재은"
20200629,CHING,240849,243632,인어아가씨,,123회,전국,002743,드라마&영화,드라마,주간연속극,0,0,0,0,0,0,0.00417,0,0,0,0.01743,0,0,0.00996,"은아리영역:장서희,한경혜역:정영숙,은진섭역:박근형,심수정역:한혜숙,은예영역:우희진,이주왕역:김성민,이성수역:김병기,금옥선역:사미자,금실라역:김용림,조수아역:고두심,마마준역:정보석,마마린역:이재은"
20200629,CHING,243743,250614,인어아가씨,,124회,전국,002831,드라마&영화,드라마,주간연속극,0,0,0,0,0,0,0,0,0,0,0,0,0,0,"은아리영역:장서희,한경혜역:정영숙,은진섭역:박근형,심수정역:한혜숙,은예영역:우희진,이주왕역:김성민,이성수역:김병기,금옥선역:사미자,금실라역:김용림,조수아역:고두심,마마준역:정보석,마마린역:이재은"
20200629,CHING,251855,255959,번외수사,,9회,전국,004104,드라마&영화,드라마,미니시리즈,0,0,0,0,0.00321,0.01052,0.02384,0,0,0.00349,0,0.0132,0.03864,0.02867,"진강호역:차태현,강무영역:이선빈,이반석역:정상훈,테디정역:윤경호,탁원역:지승현,민대진역:박정우,맨손역:박태산,연장역:장진희,지수철역:이영석,노순이역:민경옥"
20200629,CNTV,020000,020118,광개토태왕,,85회,전국,000118,드라마&영화,드라마,주말연속극,0,0,0,0,0,0,0.0763,0,0,0,0,0,0,0,"담덕역:이태곤,고운역:김승수,모용보역:임호,도영역:오지은,연살타역:홍경인,약연역:이인혜,고무역:김진태,고창역:남성진,모두영역:이원발,모두루역:임대호,모용수역:김동현,풍발역:정호근,개연수역:최동준,가라지역:오욱철,연도부역:반석진,계필역:선동혁,이영역:최상훈,담망역:정태우,이련역:송용태,고야역:이보희,담주역:조안,설도안역:김규철,설지역:김정화,마수역:고인범,여소이역:임병기,돌비수역:김정현,갈사무역:강신조,도광역:박승호,소모역:강지후,여문역:나주석,모용희역:조인표,거보역:김덕현,무갑역:유종근,여석개역:방형주,황회역:김명수,원봉역:박유승,하무지역:윤승원,사갈현역:김철기,아신역:박정철"
20200629,CNTV,021120,030240,광개토태왕,,86회,전국,005120,드라마&영화,드라마,주말연속극,0,0,0,0,0.03551,0.035,0.02054,0,0,0.02221,0.00298,0.02939,0.00595,0,"담덕역:이태곤,고운역:김승수,모용보역:임호,도영역:오지은,연살타역:홍경인,약연역:이인혜,고무역:김진태,고창역:남성진,모두영역:이원발,모두루역:임대호,모용수역:김동현,풍발역:정호근,개연수역:최동준,가라지역:오욱철,연도부역:반석진,계필역:선동혁,이영역:최상훈,담망역:정태우,이련역:송용태,고야역:이보희,담주역:조안,설도안역:김규철,설지역:김정화,마수역:고인범,여소이역:임병기,돌비수역:김정현,갈사무역:강신조,도광역:박승호,소모역:강지후,여문역:나주석,모용희역:조인표,거보역:김덕현,무갑역:유종근,여석개역:방형주,황회역:김명수,원봉역:박유승,하무지역:윤승원,사갈현역:김철기,아신역:박정철"
20200629,CNTV,060533,065748,용의눈물,,95회,전국,005215,드라마&영화,드라마,주간연속극,0.01537,0,0,0.00126,0.03172,0,0.07757,0.01689,0,0,0.10398,0.15991,0.02949,0.08701,"유동근,최명길,이민우,안재모,김무생,김혜리"
20200629,CNTV,071114,080108,용의눈물,,96회,전국,004954,드라마&영화,드라마,주간연속극,0,0.02872,0.00429,0,0.04517,0.00308,0.0159,0,0,0,0,0.01005,0.00111,0.04026,"유동근,최명길,이민우,안재모,김무생,김혜리"
20200629,CNTV,092421,102752,바람과구름과비,,10회,전국,010331,드라마&영화,드라마,미니시리즈,0,0,0.00179,0,0,0.00107,0.1062,0,0,0.01832,0.00377,0,0.0148,0.20209,"최천중역:박시후,봉련역:고성희,흥선대원군이하응역:전광렬,채인규역:성혁,김병운역:김승수,김좌근역:차광수,나합역:윤아정,김병학역:한재영,조대비역:김보연,철종역:정욱,이하전역:이루,명성황후민자영역:박정연,고종이재황역:박상훈,용팔룡역:조복래,주모역:김주령,적도사진상역:한동규,팽구철역:노형욱,만석역:박노식,연치성역:임현수,반달역:왕빛나,임종사관역:허태희,최천중어린시절역:강태우,봉련어린시절역:홍승희,채인규어린시절역:최정우,상복역:허성태,민승호역:이해우,저자이병주,출판그림같은세상2020.08.28.,e북무료판매처 1건"
20200629,CNTV,104712,114822,야인시대,,54회,전국,010110,드라마&영화,드라마,주간연속극,0,0,0.15172,0.31808,0.20532,0.03094,0.34598,0,0,0,0.39455,0.03637,0,0.19503,"청년김두한역:안재모,소년김두한역:곽정욱,장년김두한역:김영철,장년정진영역:차광수,구마적역:이원종,쌍칼역:박준규,김무옥역:이혁재,문영철역:장세진,장년개코역:성동일,신마적역:최철호,하야시역:이창훈,가미소리역:이상인,시바루역:이세창,나미꼬역:이세은,시라소니역:조상구,최동열역:정동환,미와역:이재용,마루오까역:최재성,설향역:허영란,애란역:조여정,정운경역:심형탁,김좌진역:최동준,오숙근역:이덕희,박계숙역:전미선,원노인역:이순재,유진산역:이효정,이정재역:김영호,조병옥역:김학철,이화룡역:안승훈,청년개코역:이동훈,신영균역:윤용현,청년정진영역:김정민,김영태역:박영록,박인애역:정소영,이영숙역:이일화,김두한어린시절역:곽정욱"
20200629,CNTV,120809,125805,광개토태왕,,87회,전국,004956,드라마&영화,드라마,주말연속극,0,0,0,0.0601,0.20517,0,0.50601,0,0.01509,0.00915,0,0.00649,0.22,0.60348,"담덕역:이태곤,고운역:김승수,모용보역:임호,도영역:오지은,연살타역:홍경인,약연역:이인혜,고무역:김진태,고창역:남성진,모두영역:이원발,모두루역:임대호,모용수역:김동현,풍발역:정호근,개연수역:최동준,가라지역:오욱철,연도부역:반석진,계필역:선동혁,이영역:최상훈,담망역:정태우,이련역:송용태,고야역:이보희,담주역:조안,설도안역:김규철,설지역:김정화,마수역:고인범,여소이역:임병기,돌비수역:김정현,갈사무역:강신조,도광역:박승호,소모역:강지후,여문역:나주석,모용희역:조인표,거보역:김덕현,무갑역:유종근,여석개역:방형주,황회역:김명수,원봉역:박유승,하무지역:윤승원,사갈현역:김철기,아신역:박정철"
20200629,CNTV,131543,140838,용의눈물,,95회,전국,005255,드라마&영화,드라마,주간연속극,0,0.12933,0,0.00871,0,0.00287,0.53263,0,0.12255,0,0,0,0.00169,0.31726,"유동근,최명길,이민우,안재모,김무생,김혜리"
20200629,CNTV,142704,151728,용의눈물,,96회,전국,005024,드라마&영화,드라마,주간연속극,0.07304,0.4032,0,0.00461,0.06121,0.00129,0.53323,0.07979,0.38208,0.00748,0.10515,0.02733,0.06099,0.31213,"유동근,최명길,이민우,안재모,김무생,김혜리"
20200629,CNTV,154022,164408,바람과구름과비,,10회,전국,010346,드라마&영화,드라마,미니시리즈,0.23969,0.05926,0.00207,0.10447,0.08291,0.16689,0.33223,0,0,0.04549,0.09129,0.18955,0.42118,0.51493,"최천중역:박시후,봉련역:고성희,흥선대원군이하응역:전광렬,채인규역:성혁,김병운역:김승수,김좌근역:차광수,나합역:윤아정,김병학역:한재영,조대비역:김보연,철종역:정욱,이하전역:이루,명성황후민자영역:박정연,고종이재황역:박상훈,용팔룡역:조복래,주모역:김주령,적도사진상역:한동규,팽구철역:노형욱,만석역:박노식,연치성역:임현수,반달역:왕빛나,임종사관역:허태희,최천중어린시절역:강태우,봉련어린시절역:홍승희,채인규어린시절역:최정우,상복역:허성태,민승호역:이해우,저자이병주,출판그림같은세상2020.08.28.,e북무료판매처 1건"
20200629,CNTV,170328,180437,야인시대,,54회,전국,010109,드라마&영화,드라마,주간연속극,0,0,0.09055,0,0.00717,0.06366,0.38646,0,0,0,0,0.01816,0.11976,0.10369,"청년김두한역:안재모,소년김두한역:곽정욱,장년김두한역:김영철,장년정진영역:차광수,구마적역:이원종,쌍칼역:박준규,김무옥역:이혁재,문영철역:장세진,장년개코역:성동일,신마적역:최철호,하야시역:이창훈,가미소리역:이상인,시바루역:이세창,나미꼬역:이세은,시라소니역:조상구,최동열역:정동환,미와역:이재용,마루오까역:최재성,설향역:허영란,애란역:조여정,정운경역:심형탁,김좌진역:최동준,오숙근역:이덕희,박계숙역:전미선,원노인역:이순재,유진산역:이효정,이정재역:김영호,조병옥역:김학철,이화룡역:안승훈,청년개코역:이동훈,신영균역:윤용현,청년정진영역:김정민,김영태역:박영록,박인애역:정소영,이영숙역:이일화,김두한어린시절역:곽정욱"
20200629,CNTV,182124,191123,광개토태왕,,87회,전국,004959,드라마&영화,드라마,주말연속극,0,0.16691,0.14137,0.01012,0.20446,0.25171,0.48071,0.02802,0,0,0.00375,0.3129,0.68598,0.17746,"담덕역:이태곤,고운역:김승수,모용보역:임호,도영역:오지은,연살타역:홍경인,약연역:이인혜,고무역:김진태,고창역:남성진,모두영역:이원발,모두루역:임대호,모용수역:김동현,풍발역:정호근,개연수역:최동준,가라지역:오욱철,연도부역:반석진,계필역:선동혁,이영역:최상훈,담망역:정태우,이련역:송용태,고야역:이보희,담주역:조안,설도안역:김규철,설지역:김정화,마수역:고인범,여소이역:임병기,돌비수역:김정현,갈사무역:강신조,도광역:박승호,소모역:강지후,여문역:나주석,모용희역:조인표,거보역:김덕현,무갑역:유종근,여석개역:방형주,황회역:김명수,원봉역:박유승,하무지역:윤승원,사갈현역:김철기,아신역:박정철"
20200629,CNTV,193211,202452,용의눈물,,95회,전국,005241,드라마&영화,드라마,주간연속극,0,0.03531,0,0.05794,0.02651,0.02042,0.31554,0,0,0,0.00292,0.01394,0.02423,0.2568,"유동근,최명길,이민우,안재모,김무생,김혜리"
20200629,CNTV,204227,213251,용의눈물,,96회,전국,005024,드라마&영화,드라마,주간연속극,0,0,0,0.10599,0.0643,0.02037,0.16186,0,0.00796,0.03499,0.11092,0.00613,0.14435,0.14603,"유동근,최명길,이민우,안재모,김무생,김혜리"
20200629,CNTV,215035,225421,바람과구름과비,,10회,전국,010346,드라마&영화,드라마,미니시리즈,0,0.0725,0.02258,0.00996,0.00949,0.2345,0.28681,0,0.00967,0.01525,0.00423,0.22733,0.02453,0.27234,"최천중역:박시후,봉련역:고성희,흥선대원군이하응역:전광렬,채인규역:성혁,김병운역:김승수,김좌근역:차광수,나합역:윤아정,김병학역:한재영,조대비역:김보연,철종역:정욱,이하전역:이루,명성황후민자영역:박정연,고종이재황역:박상훈,용팔룡역:조복래,주모역:김주령,적도사진상역:한동규,팽구철역:노형욱,만석역:박노식,연치성역:임현수,반달역:왕빛나,임종사관역:허태희,최천중어린시절역:강태우,봉련어린시절역:홍승희,채인규어린시절역:최정우,상복역:허성태,민승호역:이해우,저자이병주,출판그림같은세상2020.08.28.,e북무료판매처 1건"
20200629,CNTV,231044,241154,야인시대,,54회,전국,010110,드라마&영화,드라마,주간연속극,0,0,0,0.00439,0,0.3222,0.09723,0,0.00445,0.01905,0.0537,0.00648,0.03585,0.01861,"청년김두한역:안재모,소년김두한역:곽정욱,장년김두한역:김영철,장년정진영역:차광수,구마적역:이원종,쌍칼역:박준규,김무옥역:이혁재,문영철역:장세진,장년개코역:성동일,신마적역:최철호,하야시역:이창훈,가미소리역:이상인,시바루역:이세창,나미꼬역:이세은,시라소니역:조상구,최동열역:정동환,미와역:이재용,마루오까역:최재성,설향역:허영란,애란역:조여정,정운경역:심형탁,김좌진역:최동준,오숙근역:이덕희,박계숙역:전미선,원노인역:이순재,유진산역:이효정,이정재역:김영호,조병옥역:김학철,이화룡역:안승훈,청년개코역:이동훈,신영균역:윤용현,청년정진영역:김정민,김영태역:박영록,박인애역:정소영,이영숙역:이일화,김두한어린시절역:곽정욱"
20200629,CNTV,242356,251354,광개토태왕,,87회,전국,004958,드라마&영화,드라마,주말연속극,0,0,0,0,0.09721,0.28086,0.22333,0.16739,0.18397,0,0,0.07358,0,0.17761,"담덕역:이태곤,고운역:김승수,모용보역:임호,도영역:오지은,연살타역:홍경인,약연역:이인혜,고무역:김진태,고창역:남성진,모두영역:이원발,모두루역:임대호,모용수역:김동현,풍발역:정호근,개연수역:최동준,가라지역:오욱철,연도부역:반석진,계필역:선동혁,이영역:최상훈,담망역:정태우,이련역:송용태,고야역:이보희,담주역:조안,설도안역:김규철,설지역:김정화,마수역:고인범,여소이역:임병기,돌비수역:김정현,갈사무역:강신조,도광역:박승호,소모역:강지후,여문역:나주석,모용희역:조인표,거보역:김덕현,무갑역:유종근,여석개역:방형주,황회역:김명수,원봉역:박유승,하무지역:윤승원,사갈현역:김철기,아신역:박정철"
20200629,CNTV,252438,255959,태조왕건,,2회,전국,003521,드라마&영화,드라마,주간연속극,0,0,0,0,0,0,0.05802,0,0,0,0,0,0,0.09101,"왕건역:최수종,궁예역:김영철,강비역:김혜리,견훤역:서인석"
20200629,DRAMAcube,020000,025107,편의점샛별이,,4회,전국,005107,드라마&영화,드라마,미니시리즈,0,0,0,0,0,0.20119,0.14072,0,0.18489,0,0,0.09954,0.12524,0,"최대현역:지창욱,정샛별역:김유정,유연주역:한선화,조승준역:도상우,정은별역:솔빈,공분희역:김선영,최용필역:이병준,한달식역:음문석,권의추역:우현,차기복역:이윤희,고광태역:배기범,김혜자역:견미리,최대순역:김지현,황금비역:서예화,차은조역:윤수,배부장역:허재호,강성태역:지찬,김정하역:신윤정,오현지역:한류은,강지욱역:김민규,유명기역:길용우"
20200629,DRAMAcube,053005,060136,아이템,,13회,전국,003131,드라마&영화,드라마,미니시리즈,0,0,0,0,0,0.00356,0.00582,0,0,0,0,0,0.00247,0.00183,"강곤역:주지훈,신소영역:진세연,조세황역:김강우,한유나역:김유리,구동영역:박원상,신구철역:이대연,방학재역:김민교,하승목역:황동주,서요한역:오승훈,이한길역:최진호,최호준역:김도현,유철조역:정인겸,김대흥역:최권,정진만역:임영식,강다인역:신린아"
20200629,DRAMAcube,060145,063013,아이템,,14회,전국,002828,드라마&영화,드라마,미니시리즈,0,0,0,0.02228,0.13737,0,0.00136,0,0,0,0,0,0,0.00213,"강곤역:주지훈,신소영역:진세연,조세황역:김강우,한유나역:김유리,구동영역:박원상,신구철역:이대연,방학재역:김민교,하승목역:황동주,서요한역:오승훈,이한길역:최진호,최호준역:김도현,유철조역:정인겸,김대흥역:최권,정진만역:임영식,강다인역:신린아"
20200629,DRAMAcube,063354,073345,배가본드,,16회,전국,005951,드라마&영화,드라마,미니시리즈,0,0,0,0.0081,0.01216,0,0.07295,0,0,0,0.01333,0.01257,0,0.02653,"차달건역:이승기,고해리역:배수지,기태웅역:신성록,제시카리역:문정희,정국표역:백윤식,홍순조역:문성근,에드워드박역:이경영,강주철역:이기영,윤한기역:김민종,민재식역:정만식,공화숙역:황보라,박만영역:최광일,안기동역:김종수,김세훈역:신승환,한기수역:김민서,미키역:류원,홍승범역:김정현,릴리역:박아인,박광덕역:고규필,제롬역:유태오,김우기역:장혁진,오상미역:강경헌,김도수역:최대철"
20200629,DRAMAcube,104241,114621,편의점샛별이,,3회,전국,010340,드라마&영화,드라마,미니시리즈,0,0.21702,0.0107,0,0.16591,0.15221,0.10547,0,0,0,0,0.18848,0.17534,0.04632,"최대현역:지창욱,정샛별역:김유정,유연주역:한선화,조승준역:도상우,정은별역:솔빈,공분희역:김선영,최용필역:이병준,한달식역:음문석,권의추역:우현,차기복역:이윤희,고광태역:배기범,김혜자역:견미리,최대순역:김지현,황금비역:서예화,차은조역:윤수,배부장역:허재호,강성태역:지찬,김정하역:신윤정,오현지역:한류은,강지욱역:김민규,유명기역:길용우"
20200629,DRAMAcube,115705,125921,편의점샛별이,,4회,전국,010216,드라마&영화,드라마,미니시리즈,0,0.04528,0.16579,0.07724,0.18048,0.15675,0.02021,0,0.14605,0.02615,0.07488,0.24175,0.24073,0.07798,"최대현역:지창욱,정샛별역:김유정,유연주역:한선화,조승준역:도상우,정은별역:솔빈,공분희역:김선영,최용필역:이병준,한달식역:음문석,권의추역:우현,차기복역:이윤희,고광태역:배기범,김혜자역:견미리,최대순역:김지현,황금비역:서예화,차은조역:윤수,배부장역:허재호,강성태역:지찬,김정하역:신윤정,오현지역:한류은,강지욱역:김민규,유명기역:길용우"
20200629,DRAMAcube,200307,210645,편의점샛별이,,3회,전국,010338,드라마&영화,드라마,미니시리즈,0.01512,0.46488,0.16851,0.05368,0.3145,0.18976,0.12427,0.00686,0,0.21208,0.10041,0.48014,0.05953,0.15554,"최대현역:지창욱,정샛별역:김유정,유연주역:한선화,조승준역:도상우,정은별역:솔빈,공분희역:김선영,최용필역:이병준,한달식역:음문석,권의추역:우현,차기복역:이윤희,고광태역:배기범,김혜자역:견미리,최대순역:김지현,황금비역:서예화,차은조역:윤수,배부장역:허재호,강성태역:지찬,김정하역:신윤정,오현지역:한류은,강지욱역:김민규,유명기역:길용우"
20200629,DRAMAcube,211905,222121,편의점샛별이,,4회,전국,010216,드라마&영화,드라마,미니시리즈,0.00936,0.46538,0.42888,0.30594,0.63213,0.11582,0.28368,0,0.51568,0,0.31088,0.71644,0.29895,0.06084,"최대현역:지창욱,정샛별역:김유정,유연주역:한선화,조승준역:도상우,정은별역:솔빈,공분희역:김선영,최용필역:이병준,한달식역:음문석,권의추역:우현,차기복역:이윤희,고광태역:배기범,김혜자역:견미리,최대순역:김지현,황금비역:서예화,차은조역:윤수,배부장역:허재호,강성태역:지찬,김정하역:신윤정,오현지역:한류은,강지욱역:김민규,유명기역:길용우"
20200629,DramaH,020000,023947,번외수사,,10회,전국,003947,드라마&영화,드라마,미니시리즈,0,0,0,0,0,0.14308,0,0,0,0,0,0,0.19512,0.0508,"진강호역:차태현,강무영역:이선빈,이반석역:정상훈,테디정역:윤경호,탁원역:지승현,민대진역:박정우,맨손역:박태산,연장역:장진희,지수철역:이영석,노순이역:민경옥"
20200629,DramaH,024635,034950,영혼수선공,,16회,전국,010315,드라마&영화,드라마,미니시리즈,0,0,0,0,0,0.10964,0.02703,0,0,0,0,0,0.00944,0.00099,"이시준역:신하균,한우주역:정소민,인동혁역:태인호,지영원역:박예진,공지선역:주민경,조인혜역:조경숙,오기태역:박수영,박대하역:정해균,이택경역:최정우,노우정역:안동구,강누리역:하영,임세찬역:장유상,공지희역:박한솔,장유미역:김가란,김영석역:김강민,송민수역:류시원"
20200629,DramaH,095522,105526,번외수사,,9회,전국,010004,드라마&영화,드라마,미니시리즈,0,0,0,0.00373,0.00647,0.01033,0.03235,0,0,0,0.15173,0.00378,0.00933,0.01922,"진강호역:차태현,강무영역:이선빈,이반석역:정상훈,테디정역:윤경호,탁원역:지승현,민대진역:박정우,맨손역:박태산,연장역:장진희,지수철역:이영석,노순이역:민경옥"
20200629,DramaH,111451,121508,번외수사,,10회,전국,010017,드라마&영화,드라마,미니시리즈,0,0,0,0,0.01015,0.00523,0.08996,0,0,0,0.10303,0.04371,0,0.09685,"진강호역:차태현,강무영역:이선빈,이반석역:정상훈,테디정역:윤경호,탁원역:지승현,민대진역:박정우,맨손역:박태산,연장역:장진희,지수철역:이영석,노순이역:민경옥"
20200629,DramaH,153310,163313,번외수사,,9회,전국,010003,드라마&영화,드라마,미니시리즈,0,0,0,0,0.00266,0,0.07101,0,0,0,0.04315,0,0.01105,0.07783,"진강호역:차태현,강무영역:이선빈,이반석역:정상훈,테디정역:윤경호,탁원역:지승현,민대진역:박정우,맨손역:박태산,연장역:장진희,지수철역:이영석,노순이역:민경옥"
20200629,DramaH,165019,175019,번외수사,,10회,전국,010000,드라마&영화,드라마,미니시리즈,0,0,0,0.00769,0,0.00311,0.00117,0,0,0,0,0,0.01933,0.01975,"진강호역:차태현,강무영역:이선빈,이반석역:정상훈,테디정역:윤경호,탁원역:지승현,민대진역:박정우,맨손역:박태산,연장역:장진희,지수철역:이영석,노순이역:민경옥"
20200629,DramaH,222037,232404,바람과구름과비,,11회,전국,010327,드라마&영화,드라마,미니시리즈,0,0,0.06252,0,0,0.04188,0.18362,0,0.00337,0.00513,0.01319,0.13887,0.15663,0.2471,"최천중역:박시후,봉련역:고성희,흥선대원군이하응역:전광렬,채인규역:성혁,김병운역:김승수,김좌근역:차광수,나합역:윤아정,김병학역:한재영,조대비역:김보연,철종역:정욱,이하전역:이루,명성황후민자영역:박정연,고종이재황역:박상훈,용팔룡역:조복래,주모역:김주령,적도사진상역:한동규,팽구철역:노형욱,만석역:박노식,연치성역:임현수,반달역:왕빛나,임종사관역:허태희,최천중어린시절역:강태우,봉련어린시절역:홍승희,채인규어린시절역:최정우,상복역:허성태,민승호역:이해우,저자이병주,출판그림같은세상2020.08.28.,e북무료판매처 1건"
20200629,DramaH,234445,244832,바람과구름과비,,12회,전국,010347,드라마&영화,드라마,미니시리즈,0,0,0.0547,0.00522,0.00869,0.05542,0.30903,0,0.17315,0,0.06041,0.3464,0.24686,0.26486,"최천중역:박시후,봉련역:고성희,흥선대원군이하응역:전광렬,채인규역:성혁,김병운역:김승수,김좌근역:차광수,나합역:윤아정,김병학역:한재영,조대비역:김보연,철종역:정욱,이하전역:이루,명성황후민자영역:박정연,고종이재황역:박상훈,용팔룡역:조복래,주모역:김주령,적도사진상역:한동규,팽구철역:노형욱,만석역:박노식,연치성역:임현수,반달역:왕빛나,임종사관역:허태희,최천중어린시절역:강태우,봉련어린시절역:홍승희,채인규어린시절역:최정우,상복역:허성태,민승호역:이해우,저자이병주,출판그림같은세상2020.08.28.,e북무료판매처 1건"
20200629,Dramax,054250,061442,당신의하우스헬퍼,,11회,전국,003152,드라마&영화,드라마,미니시리즈,0,0,0,0,0,0,0,0,0,0,0,0,0,0,"김지운역:하석진,임다영역:보나,권진국역:이지훈,윤상아역:고원희,한소미역:서은아,강혜주역:전수진,고태수역:조희봉,박가람역:연준석,장용건역:윤주상,조팀장역:정석용,안진홍역:이민영,오윤기역:임지규,서호기역:김민석,백장미역:송상은,최나리역:이노아,방철수역:이도겸,이소희역:심이영"
20200629,Dramax,061553,064333,당신의하우스헬퍼,,12회,전국,002740,드라마&영화,드라마,미니시리즈,0,0,0.00803,0,0,0.01376,0.00158,0,0,0,0,0.03128,0.01254,0.04344,"김지운역:하석진,임다영역:보나,권진국역:이지훈,윤상아역:고원희,한소미역:서은아,강혜주역:전수진,고태수역:조희봉,박가람역:연준석,장용건역:윤주상,조팀장역:정석용,안진홍역:이민영,오윤기역:임지규,서호기역:김민석,백장미역:송상은,최나리역:이노아,방철수역:이도겸,이소희역:심이영"
20200629,Dramax,065425,072516,당신의하우스헬퍼,,13회,전국,003051,드라마&영화,드라마,미니시리즈,0,0,0,0.15142,0,0,0,0,0,0,0,0,0,0.07966,"김지운역:하석진,임다영역:보나,권진국역:이지훈,윤상아역:고원희,한소미역:서은아,강혜주역:전수진,고태수역:조희봉,박가람역:연준석,장용건역:윤주상,조팀장역:정석용,안진홍역:이민영,오윤기역:임지규,서호기역:김민석,백장미역:송상은,최나리역:이노아,방철수역:이도겸,이소희역:심이영"
20200629,Dramax,072627,075546,당신의하우스헬퍼,,14회,전국,002919,드라마&영화,드라마,미니시리즈,0,0,0,0.05384,0,0,0,0,0,0,0.10853,0,0,0.03472,"김지운역:하석진,임다영역:보나,권진국역:이지훈,윤상아역:고원희,한소미역:서은아,강혜주역:전수진,고태수역:조희봉,박가람역:연준석,장용건역:윤주상,조팀장역:정석용,안진홍역:이민영,오윤기역:임지규,서호기역:김민석,백장미역:송상은,최나리역:이노아,방철수역:이도겸,이소희역:심이영"
20200629,Dramax,141846,152346,낭만닥터김사부2,,9회,전국,010500,드라마&영화,드라마,미니시리즈,0,0,0,0.02697,0,0,0.23316,0,0,0,0.02186,0,0.04925,0.12767,"김사부역:한석규,서우진역:안효섭,차은재역:이성경,박민국역:김주헌,배문정역:신동욱,윤아름역:소주연,정인수역:윤나무,여운영역:김홍파,오명심역:진경,장기태역:임원희,남도일역:변우민,박은탁역:김민재,양호준역:고상호,심혜진역:박효주,허영규역:배명진,도윤완역:최진호,엄현정역:정지안,주영미역:윤보라,주지배인역:서영"
20200629,E채널,072541,082546,닥터스,,11회,전국,010005,드라마&영화,드라마,주간연속극,0.21551,0.12826,0,0.00214,0.0954,0.0051,0.2537,0,0,0,0.08597,0.01695,0.09257,0.00816,"홍지홍역:김래원,유혜정역:박신혜,정윤도역:윤균상,진서우역:이성경,강말순역:김영애,유민호역:정해균,이가진역:박지아,유유나역:한보배,김수철역:지수,천순희역:문지인,홍두식역:이호재,조인주역:유다인,진성종역:전국환,진명훈역:엄효섭,윤지영역:윤해영,김태호역:장현성,강경준역:김강현,피영국역:백성현,안중대역:조현식,최강수역:김민석,백호민역:정진,정파란역:이선호,황보태양역:최성재,현수진간호사역:표예진,유별간호사역:지이수,조직보스역:이기우,오영미역:정경순,이수정역:임지연,조수지역:한혜진,안성수역:조달환,남바람역:남궁민,예비신랑역:이상엽"
20200629,E채널,084058,094124,닥터스,,12회,전국,010026,드라마&영화,드라마,주간연속극,0,0.02079,0.01141,0.00764,0.02522,0.13193,0.17248,0,0,0.00942,0.02174,0.18228,0.01559,0.06628,"홍지홍역:김래원,유혜정역:박신혜,정윤도역:윤균상,진서우역:이성경,강말순역:김영애,유민호역:정해균,이가진역:박지아,유유나역:한보배,김수철역:지수,천순희역:문지인,홍두식역:이호재,조인주역:유다인,진성종역:전국환,진명훈역:엄효섭,윤지영역:윤해영,김태호역:장현성,강경준역:김강현,피영국역:백성현,안중대역:조현식,최강수역:김민석,백호민역:정진,정파란역:이선호,황보태양역:최성재,현수진간호사역:표예진,유별간호사역:지이수,조직보스역:이기우,오영미역:정경순,이수정역:임지연,조수지역:한혜진,안성수역:조달환,남바람역:남궁민,예비신랑역:이상엽"
20200629,FX,041840,052020,야인시대,,109회,전국,010140,드라마&영화,드라마,주간연속극,0,0,0,0,0,0,0.03879,0,0,0,0,0,0,0.00652,"청년김두한역:안재모,소년김두한역:곽정욱,장년김두한역:김영철,장년정진영역:차광수,구마적역:이원종,쌍칼역:박준규,김무옥역:이혁재,문영철역:장세진,장년개코역:성동일,신마적역:최철호,하야시역:이창훈,가미소리역:이상인,시바루역:이세창,나미꼬역:이세은,시라소니역:조상구,최동열역:정동환,미와역:이재용,마루오까역:최재성,설향역:허영란,애란역:조여정,정운경역:심형탁,김좌진역:최동준,오숙근역:이덕희,박계숙역:전미선,원노인역:이순재,유진산역:이효정,이정재역:김영호,조병옥역:김학철,이화룡역:안승훈,청년개코역:이동훈,신영균역:윤용현,청년정진영역:김정민,김영태역:박영록,박인애역:정소영,이영숙역:이일화,김두한어린시절역:곽정욱"
20200629,FX,084831,094038,허준,,49회,전국,005207,드라마&영화,드라마,주간연속극,0.01691,0,0,0,0.03723,0,0.08023,0.01197,0,0,0.00398,0,0,0.0014,"허준역:전광렬,유의태역:이순재,유도지역:김병세,예진역:황수정,임오근역:임현식,구일서역:이희도"
20200629,FX,095235,104609,허준,,50회,전국,005334,드라마&영화,드라마,주간연속극,0,0,0,0,0,0,0.09265,0,0,0,0,0.0058,0.01276,0.00889,"허준역:전광렬,유의태역:이순재,유도지역:김병세,예진역:황수정,임오근역:임현식,구일서역:이희도"
20200629,FX,175437,185814,야인시대,,109회,전국,010337,드라마&영화,드라마,주간연속극,0,0,0,0,0,0,0.0592,0,0,0,0,0.00566,0.02056,0.04195,"청년김두한역:안재모,소년김두한역:곽정욱,장년김두한역:김영철,장년정진영역:차광수,구마적역:이원종,쌍칼역:박준규,김무옥역:이혁재,문영철역:장세진,장년개코역:성동일,신마적역:최철호,하야시역:이창훈,가미소리역:이상인,시바루역:이세창,나미꼬역:이세은,시라소니역:조상구,최동열역:정동환,미와역:이재용,마루오까역:최재성,설향역:허영란,애란역:조여정,정운경역:심형탁,김좌진역:최동준,오숙근역:이덕희,박계숙역:전미선,원노인역:이순재,유진산역:이효정,이정재역:김영호,조병옥역:김학철,이화룡역:안승훈,청년개코역:이동훈,신영균역:윤용현,청년정진영역:김정민,김영태역:박영록,박인애역:정소영,이영숙역:이일화,김두한어린시절역:곽정욱"
20200629,FX,242201,252538,야인시대,,109회,전국,010337,드라마&영화,드라마,주간연속극,0,0,0,0.00441,0,0.00428,0.02607,0,0,0,0,0,0.00511,0.01897,"청년김두한역:안재모,소년김두한역:곽정욱,장년김두한역:김영철,장년정진영역:차광수,구마적역:이원종,쌍칼역:박준규,김무옥역:이혁재,문영철역:장세진,장년개코역:성동일,신마적역:최철호,하야시역:이창훈,가미소리역:이상인,시바루역:이세창,나미꼬역:이세은,시라소니역:조상구,최동열역:정동환,미와역:이재용,마루오까역:최재성,설향역:허영란,애란역:조여정,정운경역:심형탁,김좌진역:최동준,오숙근역:이덕희,박계숙역:전미선,원노인역:이순재,유진산역:이효정,이정재역:김영호,조병옥역:김학철,이화룡역:안승훈,청년개코역:이동훈,신영균역:윤용현,청년정진영역:김정민,김영태역:박영록,박인애역:정소영,이영숙역:이일화,김두한어린시절역:곽정욱"
20200629,KBS DRAMA,045600,052358,기막힌유산,,48회,전국,002758,드라마&영화,드라마,일일연속극,0,0.06991,0,0,0,0.0779,0.47704,0,0,0.0134,0.23498,0,0.51762,0.18535,"부영배역:박인환,공계옥역:강세정,부설악역:신정윤,부백두역:강신조,윤민주역:이아현,부금강역:남성진,신애리역:김가연,정미희역:박순천,김용미역:이응경,부한라역:박신우,성판금역:조양자,부가온역:김비주,부태희역:김연지,부혜교역:김효경,부지현역:강유라,공소영역:김난주,이장원역:이일준,김수민역:조서후,김종두역:이춘식,차정건역:조순창,이청아역:정서하,손보미역:박민지,김영지역:주민하,강선희역:박현정,천호식역:백신,이정태역:노상보,고향숙역:박소정"
20200629,KBS DRAMA,052405,055158,기막힌유산,,49회,전국,002753,드라마&영화,드라마,일일연속극,0.0628,0.32305,0,0,0.12391,0.20443,0.51134,0.04446,0,0,0.44819,0.30427,0.56576,0.22938,"부영배역:박인환,공계옥역:강세정,부설악역:신정윤,부백두역:강신조,윤민주역:이아현,부금강역:남성진,신애리역:김가연,정미희역:박순천,김용미역:이응경,부한라역:박신우,성판금역:조양자,부가온역:김비주,부태희역:김연지,부혜교역:김효경,부지현역:강유라,공소영역:김난주,이장원역:이일준,김수민역:조서후,김종두역:이춘식,차정건역:조순창,이청아역:정서하,손보미역:박민지,김영지역:주민하,강선희역:박현정,천호식역:백신,이정태역:노상보,고향숙역:박소정"
20200629,KBS DRAMA,055558,063006,위험한약속,,57회,전국,003408,드라마&영화,드라마,일일연속극,0,0.50252,0,0,0.65322,0.09585,0.76968,0,0,0,0.35065,0.21577,0.49513,0.83655,"차은동역:박하나,강태인역:고세원,최준혁역:강성민,오혜원역:박영린,한지훈역:이창욱,차만종역:이대연,차은찬역:유준서,공영심역:유지연,봉석구역:현우섭,강일섭역:강신일,연두심역:이칸희,한광훈역:길용우,한서주역:김혜지,최명희역:김나운,고재숙역:윤복인,최영국역:송민형,민주란역:오영실,최준경역:이효나,이창욱역:김정운"
20200629,KBS DRAMA,063013,070414,위험한약속,,58회,전국,003401,드라마&영화,드라마,일일연속극,0,0.50252,0,0.01957,0.65322,0.16432,0.44477,0,0,0.19024,0.39877,0.22214,0.52465,0.94377,"차은동역:박하나,강태인역:고세원,최준혁역:강성민,오혜원역:박영린,한지훈역:이창욱,차만종역:이대연,차은찬역:유준서,공영심역:유지연,봉석구역:현우섭,강일섭역:강신일,연두심역:이칸희,한광훈역:길용우,한서주역:김혜지,최명희역:김나운,고재숙역:윤복인,최영국역:송민형,민주란역:오영실,최준경역:이효나,이창욱역:김정운"
20200629,KBS DRAMA,071501,074909,위험한약속,,59회,전국,003408,드라마&영화,드라마,일일연속극,0.35217,0.57928,0.11339,0.00783,0.72485,0.08077,0.58194,0,0,0,0.01202,0.23432,0.22593,1.18939,"차은동역:박하나,강태인역:고세원,최준혁역:강성민,오혜원역:박영린,한지훈역:이창욱,차만종역:이대연,차은찬역:유준서,공영심역:유지연,봉석구역:현우섭,강일섭역:강신일,연두심역:이칸희,한광훈역:길용우,한서주역:김혜지,최명희역:김나운,고재숙역:윤복인,최영국역:송민형,민주란역:오영실,최준경역:이효나,이창욱역:김정운"
20200629,KBS DRAMA,074916,082320,위험한약속,,60회,전국,003404,드라마&영화,드라마,일일연속극,1.10826,1.07665,0.50031,0.06304,0.90297,0.37022,1.09251,0,0.03219,0.03834,0.16427,0.44934,0.49306,1.82966,"차은동역:박하나,강태인역:고세원,최준혁역:강성민,오혜원역:박영린,한지훈역:이창욱,차만종역:이대연,차은찬역:유준서,공영심역:유지연,봉석구역:현우섭,강일섭역:강신일,연두심역:이칸희,한광훈역:길용우,한서주역:김혜지,최명희역:김나운,고재숙역:윤복인,최영국역:송민형,민주란역:오영실,최준경역:이효나,이창욱역:김정운"
20200629,KBS DRAMA,082327,085729,위험한약속,,61회,전국,003402,드라마&영화,드라마,일일연속극,1.70443,1.19721,0.62594,0.13984,0.49897,0.26766,0.9976,0.29056,0.43624,0,0.51109,0.66018,0.79326,1.4973,"차은동역:박하나,강태인역:고세원,최준혁역:강성민,오혜원역:박영린,한지훈역:이창욱,차만종역:이대연,차은찬역:유준서,공영심역:유지연,봉석구역:현우섭,강일섭역:강신일,연두심역:이칸희,한광훈역:길용우,한서주역:김혜지,최명희역:김나운,고재숙역:윤복인,최영국역:송민형,민주란역:오영실,최준경역:이효나,이창욱역:김정운"
20200629,KBS DRAMA,091125,095135,한번다녀왔습니다,,53회,전국,004010,드라마&영화,드라마,주말연속극,0,0,0,0.16137,0.02753,0.31344,0.46971,0,0,0.04268,0.40108,0.31443,0.20109,0.60137,"송영달역:천호진,장옥분역:차화연,최윤정역:김보연,강초연역:이정은,송나희역:이민정,윤규진역:이상엽,송준선역:오대환,송가희역:오윤아,송다희역:이초희,양치수역:안길강,장옥자역:백지원,성현경역:임정은,윤재석역:이상이,박효신역:기도훈,김지훈역:문우진,이주리역:김소라,김가연역:송다은,건어물역:신미영,꽈배기역:김가영,송서영역:이가연,송서진역:안서연,이정록역:알렉스,유보영역:손성윤,유시후역:송민재,박지연역:신수정,한기영역:강유석,홍성우역:김현목,신혜정역:김미은,심정희역:이상경,오연지역:한봄,오정봉역:오의식,이종수역:장원혁,김승현역:배호근,송이역:김주영,지원역:찬희,이현역:이필모"
20200629,KBS DRAMA,095246,102125,한번다녀왔습니다,,54회,전국,002839,드라마&영화,드라마,주말연속극,0,0,0.00913,0.44315,0.01175,0.46183,0.63402,0,0,0.21876,0.36582,0.52312,0.56777,0.50963,"송영달역:천호진,장옥분역:차화연,최윤정역:김보연,강초연역:이정은,송나희역:이민정,윤규진역:이상엽,송준선역:오대환,송가희역:오윤아,송다희역:이초희,양치수역:안길강,장옥자역:백지원,성현경역:임정은,윤재석역:이상이,박효신역:기도훈,김지훈역:문우진,이주리역:김소라,김가연역:송다은,건어물역:신미영,꽈배기역:김가영,송서영역:이가연,송서진역:안서연,이정록역:알렉스,유보영역:손성윤,유시후역:송민재,박지연역:신수정,한기영역:강유석,홍성우역:김현목,신혜정역:김미은,심정희역:이상경,오연지역:한봄,오정봉역:오의식,이종수역:장원혁,김승현역:배호근,송이역:김주영,지원역:찬희,이현역:이필모"
20200629,KBS DRAMA,103520,111349,한번다녀왔습니다,,55회,전국,003829,드라마&영화,드라마,주말연속극,0,0,0.33861,0.30783,0.02847,0.32427,0.41319,0,0,0.03202,0.20651,0.47571,0.78962,0.38184,"송영달역:천호진,장옥분역:차화연,최윤정역:김보연,강초연역:이정은,송나희역:이민정,윤규진역:이상엽,송준선역:오대환,송가희역:오윤아,송다희역:이초희,양치수역:안길강,장옥자역:백지원,성현경역:임정은,윤재석역:이상이,박효신역:기도훈,김지훈역:문우진,이주리역:김소라,김가연역:송다은,건어물역:신미영,꽈배기역:김가영,송서영역:이가연,송서진역:안서연,이정록역:알렉스,유보영역:손성윤,유시후역:송민재,박지연역:신수정,한기영역:강유석,홍성우역:김현목,신혜정역:김미은,심정희역:이상경,오연지역:한봄,오정봉역:오의식,이종수역:장원혁,김승현역:배호근,송이역:김주영,지원역:찬희,이현역:이필모"
20200629,KBS DRAMA,111459,114521,한번다녀왔습니다,,56회,전국,003022,드라마&영화,드라마,주말연속극,0.03134,0,0.38005,0.30783,0.05717,0.24731,0.38076,0,0,0.04028,0.36888,0.40004,0.60789,0.49409,"송영달역:천호진,장옥분역:차화연,최윤정역:김보연,강초연역:이정은,송나희역:이민정,윤규진역:이상엽,송준선역:오대환,송가희역:오윤아,송다희역:이초희,양치수역:안길강,장옥자역:백지원,성현경역:임정은,윤재석역:이상이,박효신역:기도훈,김지훈역:문우진,이주리역:김소라,김가연역:송다은,건어물역:신미영,꽈배기역:김가영,송서영역:이가연,송서진역:안서연,이정록역:알렉스,유보영역:손성윤,유시후역:송민재,박지연역:신수정,한기영역:강유석,홍성우역:김현목,신혜정역:김미은,심정희역:이상경,오연지역:한봄,오정봉역:오의식,이종수역:장원혁,김승현역:배호근,송이역:김주영,지원역:찬희,이현역:이필모"
20200629,KBS DRAMA,164015,172028,한번다녀왔습니다,,53회,전국,004013,드라마&영화,드라마,주말연속극,0,0.28547,0.24182,0.06538,0.23508,0.21163,0.73375,0,0,0.11202,0.33078,0.11046,0.57305,0.5889,"송영달역:천호진,장옥분역:차화연,최윤정역:김보연,강초연역:이정은,송나희역:이민정,윤규진역:이상엽,송준선역:오대환,송가희역:오윤아,송다희역:이초희,양치수역:안길강,장옥자역:백지원,성현경역:임정은,윤재석역:이상이,박효신역:기도훈,김지훈역:문우진,이주리역:김소라,김가연역:송다은,건어물역:신미영,꽈배기역:김가영,송서영역:이가연,송서진역:안서연,이정록역:알렉스,유보영역:손성윤,유시후역:송민재,박지연역:신수정,한기영역:강유석,홍성우역:김현목,신혜정역:김미은,심정희역:이상경,오연지역:한봄,오정봉역:오의식,이종수역:장원혁,김승현역:배호근,송이역:김주영,지원역:찬희,이현역:이필모"
20200629,KBS DRAMA,172137,175016,한번다녀왔습니다,,54회,전국,002839,드라마&영화,드라마,주말연속극,0.03112,0.29129,0.21148,0.28733,0.27575,0.23373,0.72497,0,0,0.16658,0.06289,0.33204,0.56095,0.73442,"송영달역:천호진,장옥분역:차화연,최윤정역:김보연,강초연역:이정은,송나희역:이민정,윤규진역:이상엽,송준선역:오대환,송가희역:오윤아,송다희역:이초희,양치수역:안길강,장옥자역:백지원,성현경역:임정은,윤재석역:이상이,박효신역:기도훈,김지훈역:문우진,이주리역:김소라,김가연역:송다은,건어물역:신미영,꽈배기역:김가영,송서영역:이가연,송서진역:안서연,이정록역:알렉스,유보영역:손성윤,유시후역:송민재,박지연역:신수정,한기영역:강유석,홍성우역:김현목,신혜정역:김미은,심정희역:이상경,오연지역:한봄,오정봉역:오의식,이종수역:장원혁,김승현역:배호근,송이역:김주영,지원역:찬희,이현역:이필모"
20200629,KBS DRAMA,180409,184240,한번다녀왔습니다,,55회,전국,003831,드라마&영화,드라마,주말연속극,0.26709,0.01104,0.31898,0.13449,0.12538,0.38003,0.38442,0.16884,0.13106,0.57758,0.08081,0.89813,0.35471,0.63313,"송영달역:천호진,장옥분역:차화연,최윤정역:김보연,강초연역:이정은,송나희역:이민정,윤규진역:이상엽,송준선역:오대환,송가희역:오윤아,송다희역:이초희,양치수역:안길강,장옥자역:백지원,성현경역:임정은,윤재석역:이상이,박효신역:기도훈,김지훈역:문우진,이주리역:김소라,김가연역:송다은,건어물역:신미영,꽈배기역:김가영,송서영역:이가연,송서진역:안서연,이정록역:알렉스,유보영역:손성윤,유시후역:송민재,박지연역:신수정,한기영역:강유석,홍성우역:김현목,신혜정역:김미은,심정희역:이상경,오연지역:한봄,오정봉역:오의식,이종수역:장원혁,김승현역:배호근,송이역:김주영,지원역:찬희,이현역:이필모"
20200629,KBS DRAMA,184349,191412,한번다녀왔습니다,,56회,전국,003023,드라마&영화,드라마,주말연속극,0.46153,0.25785,0.34225,0.23144,0.11024,0.50558,0.58858,0.24144,0.21467,0.18319,0.10261,1.05214,1.02886,0.50215,"송영달역:천호진,장옥분역:차화연,최윤정역:김보연,강초연역:이정은,송나희역:이민정,윤규진역:이상엽,송준선역:오대환,송가희역:오윤아,송다희역:이초희,양치수역:안길강,장옥자역:백지원,성현경역:임정은,윤재석역:이상이,박효신역:기도훈,김지훈역:문우진,이주리역:김소라,김가연역:송다은,건어물역:신미영,꽈배기역:김가영,송서영역:이가연,송서진역:안서연,이정록역:알렉스,유보영역:손성윤,유시후역:송민재,박지연역:신수정,한기영역:강유석,홍성우역:김현목,신혜정역:김미은,심정희역:이상경,오연지역:한봄,오정봉역:오의식,이종수역:장원혁,김승현역:배호근,송이역:김주영,지원역:찬희,이현역:이필모"
20200629,KBS W,020000,020429,부부클리닉사랑과전쟁2,,120회,전국,000429,드라마&영화,드라마,단막극,0,0,0,0,0,0,0.01254,0,0,0.25845,0,0,0,0,"이재만,민지영,최영완,이정수,장가현,손유경,이준우"
20200629,KBS W,021629,030046,젊은이의양지,,47회,전국,004417,드라마&영화,드라마,주말연속극,0,0,0,0,0,0.00414,0.00133,0,0,0,0,0,0.00496,0.00237,"저자서,출판하북스2020.11.04.,e북900원판매처 4건,저자시어도어드라이저,출판일신서적출판사1995.06.01.,도서10,800원판매처 5건,저자시어도어드라이저,출판일신서적출판사1995.06.01.,리뷰1건,도서10,800원판매처 2건,저자시어도어드라이저,출판범우사1989.02.01.,저자시어도어드라이저,출판범우사1989.02.01.,저자시어도어드라이저,출판숨은책1995.10.01.,리뷰1건"
20200629,KBS W,031137,040107,젊은이의양지,,48회,전국,004930,드라마&영화,드라마,주말연속극,0.01337,0.01273,0,0.06944,0.00993,0.03228,0.06349,0.01423,0,0.00292,0,0.01985,0.00797,0.04194,"저자서,출판하북스2020.11.04.,e북900원판매처 4건,저자시어도어드라이저,출판일신서적출판사1995.06.01.,도서10,800원판매처 5건,저자시어도어드라이저,출판일신서적출판사1995.06.01.,리뷰1건,도서10,800원판매처 2건,저자시어도어드라이저,출판범우사1989.02.01.,저자시어도어드라이저,출판범우사1989.02.01.,저자시어도어드라이저,출판숨은책1995.10.01.,리뷰1건"
20200629,KBS W,082824,092747,부부클리닉사랑과전쟁,,425회,전국,005923,드라마&영화,드라마,단막극,0,0,0,0,0.24649,0,0.13711,0,0,0.01247,0,0,0.00372,0.0819,"이재만,민지영,최영완,이정수,장가현,손유경,이준우"
20200629,KBS W,094045,104348,부부클리닉사랑과전쟁,,426회,전국,010303,드라마&영화,드라마,단막극,0.15124,0.09001,0.00855,0,0.08503,0,0.08192,0,0,0,0.06301,0.00837,0.01539,0.12301,"이재만,민지영,최영완,이정수,장가현,손유경,이준우"
20200629,KBS W,105449,115621,부부클리닉사랑과전쟁,,427회,전국,010132,드라마&영화,드라마,단막극,0,0,0.01766,0,0.00801,0.00611,0.00259,0,0,0,0,0.0429,0.00731,0.08372,"이재만,민지영,최영완,이정수,장가현,손유경,이준우"
20200629,KBS W,120921,131219,넝쿨째굴러온당신,,31회,전국,010258,드라마&영화,드라마,주말연속극,0,0,0,0,0,0.00187,0.10556,0,0,0,0,0.09021,0,0.06023,"차윤희역:김남주,방귀남역:유준상,엄청애역:윤여정,방장수역:장용,전막례역:강부자,한만희역:김영란,차세중역:김용희,민지영역:진경,차세광역:강민혁,엄보애역:유지인,엄순애역:양희경,방일숙역:양정아,방이숙역:조윤희,방말숙역:오연서,장양실역:나영희,방정배역:김상호,고옥역:심이영,방장군역:곽동연,천재용역:이희준,윤빈역:김원준,남남구역:김형범,고시생역:김승우,예능국PD역:김준현,라디오DJ역:양희은,홍은희역:홍은희,송수지역:박수진,매니저역:이수근,목사역:지진희,차태봉역:차태현,성시갱역:성시경,노래강사역:이종박,한규현역:강동호,태영역:김형진,지피디역:곽민석,강혜수역:최윤소,동대문옷가게상인역:탁재훈,소개팅남역:이정신,유신혜역:유인영,지환역:이도현,김장훈역:김장훈,뚱보아버지역:유민상,뚱보아들역:김수영,인기여배우역:이혜영,인기남배우역:송준근,심사위원역:김종민,막장모녀엄마역:정경미,막장모녀딸역:박소영,신세경역:신세경,재용첫째누나역:김서형,재용둘째누나역:조민아,재용막내누나역:이제인,호들갑남역:공형진,라디오DJ역:박소현,귀남의양아버지역:길용우,귀남의양어머니역:김창숙,천재용아버지역:이재용,배PD역:이지영,방귀남어린시절역:홍현택"
20200629,KBS W,132317,142647,넝쿨째굴러온당신,,32회,전국,010330,드라마&영화,드라마,주말연속극,0,0,0,0.00609,0,0.0316,0.11564,0,0,0,0.00447,0,0.13694,0.05083,"차윤희역:김남주,방귀남역:유준상,엄청애역:윤여정,방장수역:장용,전막례역:강부자,한만희역:김영란,차세중역:김용희,민지영역:진경,차세광역:강민혁,엄보애역:유지인,엄순애역:양희경,방일숙역:양정아,방이숙역:조윤희,방말숙역:오연서,장양실역:나영희,방정배역:김상호,고옥역:심이영,방장군역:곽동연,천재용역:이희준,윤빈역:김원준,남남구역:김형범,고시생역:김승우,예능국PD역:김준현,라디오DJ역:양희은,홍은희역:홍은희,송수지역:박수진,매니저역:이수근,목사역:지진희,차태봉역:차태현,성시갱역:성시경,노래강사역:이종박,한규현역:강동호,태영역:김형진,지피디역:곽민석,강혜수역:최윤소,동대문옷가게상인역:탁재훈,소개팅남역:이정신,유신혜역:유인영,지환역:이도현,김장훈역:김장훈,뚱보아버지역:유민상,뚱보아들역:김수영,인기여배우역:이혜영,인기남배우역:송준근,심사위원역:김종민,막장모녀엄마역:정경미,막장모녀딸역:박소영,신세경역:신세경,재용첫째누나역:김서형,재용둘째누나역:조민아,재용막내누나역:이제인,호들갑남역:공형진,라디오DJ역:박소현,귀남의양아버지역:길용우,귀남의양어머니역:김창숙,천재용아버지역:이재용,배PD역:이지영,방귀남어린시절역:홍현택"
20200629,KBS W,143747,154142,넝쿨째굴러온당신,,33회,전국,010355,드라마&영화,드라마,주말연속극,0,0,0,0,0,0.00124,0.0713,0,0,0,0,0,0,0.03452,"차윤희역:김남주,방귀남역:유준상,엄청애역:윤여정,방장수역:장용,전막례역:강부자,한만희역:김영란,차세중역:김용희,민지영역:진경,차세광역:강민혁,엄보애역:유지인,엄순애역:양희경,방일숙역:양정아,방이숙역:조윤희,방말숙역:오연서,장양실역:나영희,방정배역:김상호,고옥역:심이영,방장군역:곽동연,천재용역:이희준,윤빈역:김원준,남남구역:김형범,고시생역:김승우,예능국PD역:김준현,라디오DJ역:양희은,홍은희역:홍은희,송수지역:박수진,매니저역:이수근,목사역:지진희,차태봉역:차태현,성시갱역:성시경,노래강사역:이종박,한규현역:강동호,태영역:김형진,지피디역:곽민석,강혜수역:최윤소,동대문옷가게상인역:탁재훈,소개팅남역:이정신,유신혜역:유인영,지환역:이도현,김장훈역:김장훈,뚱보아버지역:유민상,뚱보아들역:김수영,인기여배우역:이혜영,인기남배우역:송준근,심사위원역:김종민,막장모녀엄마역:정경미,막장모녀딸역:박소영,신세경역:신세경,재용첫째누나역:김서형,재용둘째누나역:조민아,재용막내누나역:이제인,호들갑남역:공형진,라디오DJ역:박소현,귀남의양아버지역:길용우,귀남의양어머니역:김창숙,천재용아버지역:이재용,배PD역:이지영,방귀남어린시절역:홍현택"
20200629,KBS W,155549,162345,기막힌유산,,48회,전국,002756,드라마&영화,드라마,일일연속극,0,0,0,0,0,0,0.15385,0,0,0,0,0.06731,0.03263,0.0157,"부영배역:박인환,공계옥역:강세정,부설악역:신정윤,부백두역:강신조,윤민주역:이아현,부금강역:남성진,신애리역:김가연,정미희역:박순천,김용미역:이응경,부한라역:박신우,성판금역:조양자,부가온역:김비주,부태희역:김연지,부혜교역:김효경,부지현역:강유라,공소영역:김난주,이장원역:이일준,김수민역:조서후,김종두역:이춘식,차정건역:조순창,이청아역:정서하,손보미역:박민지,김영지역:주민하,강선희역:박현정,천호식역:백신,이정태역:노상보,고향숙역:박소정"
20200629,KBS W,162352,165143,기막힌유산,,49회,전국,002751,드라마&영화,드라마,일일연속극,0,0,0,0,0,0,0.22701,0,0,0.01231,0,0.00841,0.08934,0.15523,"부영배역:박인환,공계옥역:강세정,부설악역:신정윤,부백두역:강신조,윤민주역:이아현,부금강역:남성진,신애리역:김가연,정미희역:박순천,김용미역:이응경,부한라역:박신우,성판금역:조양자,부가온역:김비주,부태희역:김연지,부혜교역:김효경,부지현역:강유라,공소영역:김난주,이장원역:이일준,김수민역:조서후,김종두역:이춘식,차정건역:조순창,이청아역:정서하,손보미역:박민지,김영지역:주민하,강선희역:박현정,천호식역:백신,이정태역:노상보,고향숙역:박소정"
20200629,KBS W,170440,173851,위험한약속,,58회,전국,003411,드라마&영화,드라마,일일연속극,0,0,0,0,0,0,0.16948,0,0,0,0,0,0.00384,0.14701,"차은동역:박하나,강태인역:고세원,최준혁역:강성민,오혜원역:박영린,한지훈역:이창욱,차만종역:이대연,차은찬역:유준서,공영심역:유지연,봉석구역:현우섭,강일섭역:강신일,연두심역:이칸희,한광훈역:길용우,한서주역:김혜지,최명희역:김나운,고재숙역:윤복인,최영국역:송민형,민주란역:오영실,최준경역:이효나,이창욱역:김정운"
20200629,KBS W,173858,181259,위험한약속,,59회,전국,003401,드라마&영화,드라마,일일연속극,0,0.24948,0.02214,0,0,0.0068,0.29274,0,0,0,0.07496,0,0.00671,0.36201,"차은동역:박하나,강태인역:고세원,최준혁역:강성민,오혜원역:박영린,한지훈역:이창욱,차만종역:이대연,차은찬역:유준서,공영심역:유지연,봉석구역:현우섭,강일섭역:강신일,연두심역:이칸희,한광훈역:길용우,한서주역:김혜지,최명희역:김나운,고재숙역:윤복인,최영국역:송민형,민주란역:오영실,최준경역:이효나,이창욱역:김정운"
20200629,KBS W,182352,185805,위험한약속,,60회,전국,003413,드라마&영화,드라마,일일연속극,0.02113,0.32625,0,0.05222,0.00345,0.01463,0.2809,0.01667,0,0,0.07932,0.01701,0,0.18833,"차은동역:박하나,강태인역:고세원,최준혁역:강성민,오혜원역:박영린,한지훈역:이창욱,차만종역:이대연,차은찬역:유준서,공영심역:유지연,봉석구역:현우섭,강일섭역:강신일,연두심역:이칸희,한광훈역:길용우,한서주역:김혜지,최명희역:김나운,고재숙역:윤복인,최영국역:송민형,민주란역:오영실,최준경역:이효나,이창욱역:김정운"
20200629,KBS W,185812,193215,위험한약속,,61회,전국,003403,드라마&영화,드라마,일일연속극,0,0.32625,0.07815,0.01357,0,0.05214,0.24951,0,0,0.1772,0,0,0.14553,0.24449,"차은동역:박하나,강태인역:고세원,최준혁역:강성민,오혜원역:박영린,한지훈역:이창욱,차만종역:이대연,차은찬역:유준서,공영심역:유지연,봉석구역:현우섭,강일섭역:강신일,연두심역:이칸희,한광훈역:길용우,한서주역:김혜지,최명희역:김나운,고재숙역:윤복인,최영국역:송민형,민주란역:오영실,최준경역:이효나,이창욱역:김정운"
20200629,KBS W,222132,231537,부부클리닉사랑과전쟁,,408회,전국,005405,드라마&영화,드라마,단막극,0,0,0,0,0,0.07453,0.00682,0,0,0.06868,0,0.24014,0.16855,0.09371,"이재만,민지영,최영완,이정수,장가현,손유경,이준우"
20200629,KBS W,232636,242641,부부클리닉사랑과전쟁,,409회,전국,010005,드라마&영화,드라마,단막극,0,0,0,0,0.01406,0.03597,0.00447,0,0,0.03394,0,0.17916,0,0,"이재만,민지영,최영완,이정수,장가현,손유경,이준우"
20200629,KBS W,243941,250740,기막힌유산,,49회,전국,002759,드라마&영화,드라마,일일연속극,0.04681,0,0,0.11372,0.04472,0,0.1363,0.27719,0.05217,0,0.14963,0.02519,0.01751,0.14347,"부영배역:박인환,공계옥역:강세정,부설악역:신정윤,부백두역:강신조,윤민주역:이아현,부금강역:남성진,신애리역:김가연,정미희역:박순천,김용미역:이응경,부한라역:박신우,성판금역:조양자,부가온역:김비주,부태희역:김연지,부혜교역:김효경,부지현역:강유라,공소영역:김난주,이장원역:이일준,김수민역:조서후,김종두역:이춘식,차정건역:조순창,이청아역:정서하,손보미역:박민지,김영지역:주민하,강선희역:박현정,천호식역:백신,이정태역:노상보,고향숙역:박소정"
20200629,KBS W,250747,253531,기막힌유산,,50회,전국,002744,드라마&영화,드라마,일일연속극,0,0,0,0.11838,0.32559,0.10432,0.16782,0.1895,0.04347,0,0.11905,0.02099,0,0.21533,"부영배역:박인환,공계옥역:강세정,부설악역:신정윤,부백두역:강신조,윤민주역:이아현,부금강역:남성진,신애리역:김가연,정미희역:박순천,김용미역:이응경,부한라역:박신우,성판금역:조양자,부가온역:김비주,부태희역:김연지,부혜교역:김효경,부지현역:강유라,공소영역:김난주,이장원역:이일준,김수민역:조서후,김종두역:이춘식,차정건역:조순창,이청아역:정서하,손보미역:박민지,김영지역:주민하,강선희역:박현정,천호식역:백신,이정태역:노상보,고향숙역:박소정"
20200629,KBS W,254855,255959,위험한약속,,60회,전국,001104,드라마&영화,드라마,일일연속극,0,0,0,0.11838,0,0,0.1505,0,0,0,0.08264,0,0,0.04376,"차은동역:박하나,강태인역:고세원,최준혁역:강성민,오혜원역:박영린,한지훈역:이창욱,차만종역:이대연,차은찬역:유준서,공영심역:유지연,봉석구역:현우섭,강일섭역:강신일,연두심역:이칸희,한광훈역:길용우,한서주역:김혜지,최명희역:김나운,고재숙역:윤복인,최영국역:송민형,민주란역:오영실,최준경역:이효나,이창욱역:김정운"
20200629,K-STAR,113242,123735,부부클리닉사랑과전쟁,,432회,전국,010453,드라마&영화,드라마,주간연속극,0,0,0,0.00813,0.00471,0.0095,0.14895,0,0,0,0.12171,0.05618,0.06118,0.11176,"이재만,민지영,최영완,이정수,장가현,손유경,이준우"
20200629,K-STAR,165059,175552,부부클리닉사랑과전쟁,,432회,전국,010453,드라마&영화,드라마,주간연속극,0,0,0,0.02097,0,0.16068,0.12965,0,0,0,0,0.21355,0.11647,0.34924,"이재만,민지영,최영완,이정수,장가현,손유경,이준우"
20200629,K-STAR,222441,232933,부부클리닉사랑과전쟁,,432회,전국,010452,드라마&영화,드라마,주간연속극,0,0.02008,0,0,0.00998,0.16984,0.22735,0,0,0,0.15554,0,0.27109,0.09968,"이재만,민지영,최영완,이정수,장가현,손유경,이준우"
20200629,KTV,061107,065904,전원일기,,784회,전국,004757,드라마&영화,드라마,주말연속극,0,0,0,0,0,0,0.01329,0,0,0,0,0,0,0.1033,"최불암,김혜자,김용건,김수미,고두심,유인촌,정대홍"
20200629,KTV,210634,213626,파랑새는있다,<1부>,42회,전국,002952,드라마&영화,드라마,주간연속극,0,0,0,0,0.00237,0.00272,0.02485,0,0,0,0,0.00194,0,0.11943,"이상인,정선경,백윤식,송경철,박남현,한진희,동방우,양금석"
20200629,KTV,213749,215948,파랑새는있다,<2부>,42회,전국,002159,드라마&영화,드라마,주간연속극,0,0,0.00911,0,0,0.00457,0.26199,0,0,0,0,0,0.00535,0.23232,"이상인,정선경,백윤식,송경철,박남현,한진희,동방우,양금석"
20200629,KTV,220128,222036,전원일기,<1부>,408회,전국,001908,드라마&영화,드라마,주말연속극,0,0,0.31381,0,0,0.18906,0.14253,0,0,0.006,0,0,0.31538,0.24632,"최불암,김혜자,김용건,김수미,고두심,유인촌,정대홍"
20200629,KTV,222219,224656,전원일기,<2부>,408회,전국,002437,드라마&영화,드라마,주말연속극,0,0,0.43254,0,0,0.31215,0.22214,0,0,0,0,0,0.53313,0.38935,"최불암,김혜자,김용건,김수미,고두심,유인촌,정대홍"
20200629,KTV,224901,231400,바람은불어도,,149회,전국,002459,드라마&영화,드라마,주간연속극,0.01979,0,0.2005,0,0.02224,0.10434,0.22337,0,0,0.01243,0.06194,0,0.05648,0.4114,"최수종,유호정,윤손하,송나영,송기윤,나문희"
20200629,KTV,231648,234428,바람은불어도,,150회,전국,002740,드라마&영화,드라마,주간연속극,0,0,0.2005,0,0,0.10056,0.26255,0,0,0,0.01147,0,0.04371,0.50673,"최수종,유호정,윤손하,송나영,송기윤,나문희"
20200629,KTV,243630,252811,파랑새는있다,,42회,전국,005141,드라마&영화,드라마,주간연속극,0,0,0,0,0,0.09185,0.16484,0,0,0,0,0,0.00512,0.3311,"이상인,정선경,백윤식,송경철,박남현,한진희,동방우,양금석"
20200629,MBC M,100343,103336,내뒤에테리우스,,1회,전국,002953,드라마&영화,드라마,미니시리즈,0,0,0,0,0,0,0,0,0,0,0,0.03096,0,0,"김본역:소지섭,고애린역:정인선,진용태역:손호준,유지연역:임세미,심은하역:김여진,봉선미역:정시아,김상렬역:강기영,권영실역:서이숙,심우철역:엄효섭,라도우역:성주,차준수역:김건우,차준희역:옥예린,차정일역:양동근,조서현역:황지아,한유라역:김단우,케이역:조태관,박수일역:이현걸,윤춘상역:김병옥,최연경역:남규리,이지숙역:박순천"
20200629,MBC M,103407,110352,내뒤에테리우스,,2회,전국,002945,드라마&영화,드라마,미니시리즈,0,0,0,0.02249,0,0,0.01904,0,0,0,0.32414,0,0,0.01051,"김본역:소지섭,고애린역:정인선,진용태역:손호준,유지연역:임세미,심은하역:김여진,봉선미역:정시아,김상렬역:강기영,권영실역:서이숙,심우철역:엄효섭,라도우역:성주,차준수역:김건우,차준희역:옥예린,차정일역:양동근,조서현역:황지아,한유라역:김단우,케이역:조태관,박수일역:이현걸,윤춘상역:김병옥,최연경역:남규리,이지숙역:박순천"
20200629,MBC M,111350,114311,내뒤에테리우스,,3회,전국,002921,드라마&영화,드라마,미니시리즈,0,0,0,0,0,0,0,0,0,0,0,0.00188,0.00845,0,"김본역:소지섭,고애린역:정인선,진용태역:손호준,유지연역:임세미,심은하역:김여진,봉선미역:정시아,김상렬역:강기영,권영실역:서이숙,심우철역:엄효섭,라도우역:성주,차준수역:김건우,차준희역:옥예린,차정일역:양동근,조서현역:황지아,한유라역:김단우,케이역:조태관,박수일역:이현걸,윤춘상역:김병옥,최연경역:남규리,이지숙역:박순천"
20200629,MBC M,114348,121411,내뒤에테리우스,,4회,전국,003023,드라마&영화,드라마,미니시리즈,0,0,0,0,0,0,0,0,0,0,0,0,0,0,"김본역:소지섭,고애린역:정인선,진용태역:손호준,유지연역:임세미,심은하역:김여진,봉선미역:정시아,김상렬역:강기영,권영실역:서이숙,심우철역:엄효섭,라도우역:성주,차준수역:김건우,차준희역:옥예린,차정일역:양동근,조서현역:황지아,한유라역:김단우,케이역:조태관,박수일역:이현걸,윤춘상역:김병옥,최연경역:남규리,이지숙역:박순천"
20200629,O tvN,095707,113830,응답하라1988,,15회,전국,014123,드라마&영화,드라마,주간연속극,0.04399,0.02418,0.3407,0.03478,0.00523,0.01693,0.20435,0,0,0,0.056,0.27531,0.19871,0.17093,"성동일역:성동일,이일화역:이일화,라미란역:라미란,김성균역:김성균,최무성역:최무성,김선영역:김선영,류재명역:유재명,보라역:류혜영,덕선역:혜리,정환역:류준열,선우역:고경표,택역:박보검,정봉역:안재홍,동룡역:이동휘,노을역:최성원,미옥역:이민지,자현역:이세영,진주역:김설,선도부역:차엽,매점주인역:김수로,어른덕선역:이미연,어른택역:김주혁,어른보라역:전미선,종훈역:박정민,의사역:김태훈,기자역:박지윤,어른노을역:우현,보라친구역:정유민,노을여자친구역:이수경,남궁늘보역:이청미,반장역:권은수,미옥아빠역:고창석"
20200629,O tvN,115503,133847,응답하라1988,,16회,전국,014344,드라마&영화,드라마,주간연속극,0,0.00408,0.05475,0.03055,0.06652,0.08571,0.29435,0.05912,0.05863,0.14513,0.04926,0.30843,0.1519,0.21907,"성동일역:성동일,이일화역:이일화,라미란역:라미란,김성균역:김성균,최무성역:최무성,김선영역:김선영,류재명역:유재명,보라역:류혜영,덕선역:혜리,정환역:류준열,선우역:고경표,택역:박보검,정봉역:안재홍,동룡역:이동휘,노을역:최성원,미옥역:이민지,자현역:이세영,진주역:김설,선도부역:차엽,매점주인역:김수로,어른덕선역:이미연,어른택역:김주혁,어른보라역:전미선,종훈역:박정민,의사역:김태훈,기자역:박지윤,어른노을역:우현,보라친구역:정유민,노을여자친구역:이수경,남궁늘보역:이청미,반장역:권은수,미옥아빠역:고창석"
20200629,O tvN,135432,150624,아는건별로없지만가족입니다,,7회,전국,011152,드라마&영화,드라마,미니시리즈,0,0.02994,0,0.04835,0,0.15799,0.01748,0,0,0,0.03097,0.00886,0.00054,0.15397,"김은희역:한예리,박찬혁역:김지석,김은주역:추자현,김상식역:정진영,이진숙역:원미경,김지우역:신재하,임건주역:신동욱,윤태형역:김태훈,젊은상식역:한준우,젊은진숙역:조아영,유선일역:서상원,안효석역:이종원,서경옥역:가득희,윤서영역:혜정,전하라역:배윤경,유민우역:권율"
20200629,O tvN,152109,163237,아는건별로없지만가족입니다,,8회,전국,011128,드라마&영화,드라마,미니시리즈,0.00555,0,0.37048,0.00596,0.33477,0.16919,0.19277,0.0061,0,0.1536,0.00336,0.18933,0.20098,0.09491,"김은희역:한예리,박찬혁역:김지석,김은주역:추자현,김상식역:정진영,이진숙역:원미경,김지우역:신재하,임건주역:신동욱,윤태형역:김태훈,젊은상식역:한준우,젊은진숙역:조아영,유선일역:서상원,안효석역:이종원,서경옥역:가득희,윤서영역:혜정,전하라역:배윤경,유민우역:권율"
20200629,O tvN,164657,180528,슬기로운의사생활,,9회,전국,011831,드라마&영화,드라마,미니시리즈,0.10696,0.16795,0,0,0.13796,0.04812,0.06088,0,0.00869,0.31719,0.2079,0.27295,0.23516,0.0491,"이익준역:조정석,안정원역:유연석,김준완역:정경호,양석형역:김대명,채송화역:전미도,정로사역:김해숙,주종수역:김갑수,도재학역:정문성,용석민역:문태유,장겨울역:신현빈,안치홍역:김준한,봉광현역:최영준,추민하역:안은진,허선빈역:하윤경,명은원역:김혜인,장윤복역:조이현,장홍도역:배현성,송수빈역:김수진,소이현역:윤혜리,배준희역:신도현,주전역:조승연,황재신역:양조아,이우주역:김준,민기준역:서진원,종세혁역:전광진,이영하역:이노아,김재환역:이달,국해성역:이혜은,함덕주역:김비비,한현희역:이지원,한승주역:김지성,은선진역:설유진,이익순역:곽선영,조영혜역:문희경,양태양역:남명렬,김태연역:이소윤,천명태역:최영우,선우희수역:박한솔,장겨울남동생역:박정우,고아라역:고아라"
20200629,O tvN,182158,193757,사이코지만괜찮아,,1회,전국,011559,드라마&영화,드라마,미니시리즈,0,0,0.01868,0.06816,0.11783,0.00279,0.1442,0.29857,0.06097,0.10117,0.02226,0.08341,0.02389,0.1381,"문강태역:김수현,고문영역:서예지,문상태역:오정세,남주리역:박규영,이상인역:김주헌,조재수역:강기둥,오지왕역:김창완,강순덕역:김미경,박행자역:장영남,선별역:장규리,권민석역:서준,오차용역:최우성,고대환역:이얼,간필옹역:김기천,주정태역:정재광,이아름역:지혜원,박옥란역:강지은,유선해역:주인영,강은자역:배해선,유승재역:박진주,문강태어린시절역:문우진,고문영어린시절역:김수인,권기도역:곽동연,훈남CEO역:최다니엘"
20200629,O tvN,195509,210955,사이코지만괜찮아,,2회,전국,011446,드라마&영화,드라마,미니시리즈,0,0,0.23204,0.18504,0,0,0.06539,0,0,0.10568,0.10216,0.12657,0.24816,0.00084,"문강태역:김수현,고문영역:서예지,문상태역:오정세,남주리역:박규영,이상인역:김주헌,조재수역:강기둥,오지왕역:김창완,강순덕역:김미경,박행자역:장영남,선별역:장규리,권민석역:서준,오차용역:최우성,고대환역:이얼,간필옹역:김기천,주정태역:정재광,이아름역:지혜원,박옥란역:강지은,유선해역:주인영,강은자역:배해선,유승재역:박진주,문강태어린시절역:문우진,고문영어린시절역:김수인,권기도역:곽동연,훈남CEO역:최다니엘"
20200629,OCN,191234,201419,번외수사,,11회,전국,010145,드라마&영화,드라마,미니시리즈,0,0.20339,0.17458,0.33211,0.26518,0.53108,0.15876,0.06089,0.07269,0.12336,0.07413,0.47081,0.42482,0.12676,"진강호역:차태현,강무영역:이선빈,이반석역:정상훈,테디정역:윤경호,탁원역:지승현,민대진역:박정우,맨손역:박태산,연장역:장진희,지수철역:이영석,노순이역:민경옥"
20200629,OCN,203659,214445,번외수사,,12회,전국,010746,드라마&영화,드라마,미니시리즈,0.0506,0.26704,0.72244,0.57446,0.97596,0.90246,0.27763,0,0.09991,0.65829,0.28075,0.68941,0.91366,0.54549,"진강호역:차태현,강무영역:이선빈,이반석역:정상훈,테디정역:윤경호,탁원역:지승현,민대진역:박정우,맨손역:박태산,연장역:장진희,지수철역:이영석,노순이역:민경옥"
20200629,On Style,133031,143920,남자친구,,1회,전국,010849,드라마&영화,드라마,미니시리즈,0.01706,0,0.03304,0.0225,0.03714,0.06327,0.06871,0.04682,0,0,0.00355,0.00477,0.01581,0.0556,"차수현역:송혜교,김진혁역:박보검,정우석역:장승조,차종현역:문성근,진미옥역:남기애,남명식역:고창석,장미진역:곽선영,김장수역:신정근,주연자역:백지원,김진명역:표지훈,이대찬역:김주헌,김화진역:차화연,김선주역:김혜은,조혜인역:전소니,이진호역:김호창,박한길역:이시훈,구은진역:박진주"
20200629,On Style,144336,155531,남자친구,,2회,전국,011155,드라마&영화,드라마,미니시리즈,0,0,0,0,0.00901,0.13407,0.10062,0,0,0,0.00216,0.2312,0.03757,0.11891,"차수현역:송혜교,김진혁역:박보검,정우석역:장승조,차종현역:문성근,진미옥역:남기애,남명식역:고창석,장미진역:곽선영,김장수역:신정근,주연자역:백지원,김진명역:표지훈,이대찬역:김주헌,김화진역:차화연,김선주역:김혜은,조혜인역:전소니,이진호역:김호창,박한길역:이시훈,구은진역:박진주"
20200629,On Style,155839,170422,남자친구,,3회,전국,010543,드라마&영화,드라마,미니시리즈,0,0,0.00298,0.00275,0,0.00855,0.08351,0,0,0.00678,0,0.0053,0.02398,0.0761,"차수현역:송혜교,김진혁역:박보검,정우석역:장승조,차종현역:문성근,진미옥역:남기애,남명식역:고창석,장미진역:곽선영,김장수역:신정근,주연자역:백지원,김진명역:표지훈,이대찬역:김주헌,김화진역:차화연,김선주역:김혜은,조혜인역:전소니,이진호역:김호창,박한길역:이시훈,구은진역:박진주"
20200629,On Style,170639,181021,남자친구,,4회,전국,010342,드라마&영화,드라마,미니시리즈,0,0.09407,0,0,0.00186,0.00521,0.222,0,0.00773,0,0.00383,0.34617,0.00444,0.26092,"차수현역:송혜교,김진혁역:박보검,정우석역:장승조,차종현역:문성근,진미옥역:남기애,남명식역:고창석,장미진역:곽선영,김장수역:신정근,주연자역:백지원,김진명역:표지훈,이대찬역:김주헌,김화진역:차화연,김선주역:김혜은,조혜인역:전소니,이진호역:김호창,박한길역:이시훈,구은진역:박진주"
20200629,SBS플러스,065507,072709,엄마가바람났다,,39회,전국,003202,드라마&영화,드라마,아침드라마,0,0,0,0,0.33268,0,0.32215,0,0,0,0.11666,0.39456,0.68114,0.15963,"오필정역:현쥬니,강석준역:이재황,이은주역:문보령,강석환역:김형범,오순정역:남이안,김복순역:박순천,박민호역:길정우,박민지역:홍제이,김해정역:양금석,강태수역:이원재,이태우역:서현석,최동석역:김동균,최은자역:이진아,최유경역:이영은,최미영역:전은채,왕기범역:차승우,하열도역:김영훈,홍수경역:노정명,박태섭역:강서준,박혜진역:박지수"
20200629,SBS플러스,072820,075902,엄마가바람났다,,40회,전국,003042,드라마&영화,드라마,아침드라마,0,0,0.04124,0,0.35559,0.15278,0.58251,0,0,0,0.13763,0.22137,0.72308,0.46002,"오필정역:현쥬니,강석준역:이재황,이은주역:문보령,강석환역:김형범,오순정역:남이안,김복순역:박순천,박민호역:길정우,박민지역:홍제이,김해정역:양금석,강태수역:이원재,이태우역:서현석,최동석역:김동균,최은자역:이진아,최유경역:이영은,최미영역:전은채,왕기범역:차승우,하열도역:김영훈,홍수경역:노정명,박태섭역:강서준,박혜진역:박지수"
20200629,SBS플러스,081511,092012,주군의태양,,14회,전국,010501,드라마&영화,드라마,미니시리즈,0.02806,0.00355,0.0042,0.15924,0.08141,0.01342,0.09562,0,0,0.00448,0.17747,0.02133,0.06261,0.11053,"주중원역:소지섭,태공실역:공효진,강우역:서인국,태이령역:김유리,김귀도역:최정우,주성란역:김미경,도석철역:이종원,태공리역:박희본,이한주역:이재원,안진주역:정가은,주중원어린시절역:김명수,TV프로그램자역:김상중,미경역:송채윤,하유진역:김보라,가영역:방민아,이은설역:이혜인,차희주역:한보름,주중원아버지역:김용건,이승모역:이도현,이승준역:홍은택,선영역:김보미,지우역:유민규,강길자역:김희정,루이장역:정찬,박서현역:서효림,이재석역:이종혁,이회장역:이재용,한나브라운역:황선희,유진우역:이천희,고여사역:이용녀,유혜성역:진이한"
20200629,SBS플러스,153637,163953,편의점샛별이,,3회,전국,010316,드라마&영화,드라마,미니시리즈,0,0,0,0.13059,0.10318,0.3691,0.14813,0,0.11899,0.50869,0.1167,0.07755,0.48678,0.09377,"최대현역:지창욱,정샛별역:김유정,유연주역:한선화,조승준역:도상우,정은별역:솔빈,공분희역:김선영,최용필역:이병준,한달식역:음문석,권의추역:우현,차기복역:이윤희,고광태역:배기범,김혜자역:견미리,최대순역:김지현,황금비역:서예화,차은조역:윤수,배부장역:허재호,강성태역:지찬,김정하역:신윤정,오현지역:한류은,강지욱역:김민규,유명기역:길용우"
20200629,SBS플러스,165356,175505,편의점샛별이,,4회,전국,010109,드라마&영화,드라마,미니시리즈,0,0,0.24659,0.08024,0.53541,0.18745,0.22477,0,0.06394,0.59062,0.47904,0.85319,0.13045,0.30602,"최대현역:지창욱,정샛별역:김유정,유연주역:한선화,조승준역:도상우,정은별역:솔빈,공분희역:김선영,최용필역:이병준,한달식역:음문석,권의추역:우현,차기복역:이윤희,고광태역:배기범,김혜자역:견미리,최대순역:김지현,황금비역:서예화,차은조역:윤수,배부장역:허재호,강성태역:지찬,김정하역:신윤정,오현지역:한류은,강지욱역:김민규,유명기역:길용우"
20200629,SKY,092746,103003,편의점샛별이,,3회,전국,010217,드라마&영화,드라마,미니시리즈,0.01871,0,0.20552,0.04654,0.0634,0.06256,0.09096,0,0.00655,0.01058,0.09684,0.05008,0.20902,0.10288,"최대현역:지창욱,정샛별역:김유정,유연주역:한선화,조승준역:도상우,정은별역:솔빈,공분희역:김선영,최용필역:이병준,한달식역:음문석,권의추역:우현,차기복역:이윤희,고광태역:배기범,김혜자역:견미리,최대순역:김지현,황금비역:서예화,차은조역:윤수,배부장역:허재호,강성태역:지찬,김정하역:신윤정,오현지역:한류은,강지욱역:김민규,유명기역:길용우"
20200629,SKY,104807,114815,편의점샛별이,,4회,전국,010008,드라마&영화,드라마,미니시리즈,0.02493,0.01197,0.15793,0.00523,0.01757,0.18484,0.30846,0,0.00406,0.01403,0.18409,0.2552,0.33393,0.18277,"최대현역:지창욱,정샛별역:김유정,유연주역:한선화,조승준역:도상우,정은별역:솔빈,공분희역:김선영,최용필역:이병준,한달식역:음문석,권의추역:우현,차기복역:이윤희,고광태역:배기범,김혜자역:견미리,최대순역:김지현,황금비역:서예화,차은조역:윤수,배부장역:허재호,강성태역:지찬,김정하역:신윤정,오현지역:한류은,강지욱역:김민규,유명기역:길용우"
20200629,SKY,133524,143741,편의점샛별이,,3회,전국,010217,드라마&영화,드라마,미니시리즈,0,0,0.02364,0.00341,0.00772,0.32175,0.04483,0,0.25145,0.27759,0.10058,0.43778,0.05689,0.11739,"최대현역:지창욱,정샛별역:김유정,유연주역:한선화,조승준역:도상우,정은별역:솔빈,공분희역:김선영,최용필역:이병준,한달식역:음문석,권의추역:우현,차기복역:이윤희,고광태역:배기범,김혜자역:견미리,최대순역:김지현,황금비역:서예화,차은조역:윤수,배부장역:허재호,강성태역:지찬,김정하역:신윤정,오현지역:한류은,강지욱역:김민규,유명기역:길용우"
20200629,SKY,145620,155630,편의점샛별이,,4회,전국,010010,드라마&영화,드라마,미니시리즈,0,0,0.01079,0.00201,0.14217,0.57985,0.05454,0,0.33671,0.2619,0.0181,0.47843,0.15511,0.13541,"최대현역:지창욱,정샛별역:김유정,유연주역:한선화,조승준역:도상우,정은별역:솔빈,공분희역:김선영,최용필역:이병준,한달식역:음문석,권의추역:우현,차기복역:이윤희,고광태역:배기범,김혜자역:견미리,최대순역:김지현,황금비역:서예화,차은조역:윤수,배부장역:허재호,강성태역:지찬,김정하역:신윤정,오현지역:한류은,강지욱역:김민규,유명기역:길용우"
20200629,SKY,181616,191835,편의점샛별이,,3회,전국,010219,드라마&영화,드라마,미니시리즈,0,0,0.01954,0.04266,0.09669,0.02615,0.13962,0,0,0.09354,0.04707,0.01487,0.11094,0.03498,"최대현역:지창욱,정샛별역:김유정,유연주역:한선화,조승준역:도상우,정은별역:솔빈,공분희역:김선영,최용필역:이병준,한달식역:음문석,권의추역:우현,차기복역:이윤희,고광태역:배기범,김혜자역:견미리,최대순역:김지현,황금비역:서예화,차은조역:윤수,배부장역:허재호,강성태역:지찬,김정하역:신윤정,오현지역:한류은,강지욱역:김민규,유명기역:길용우"
20200629,SKY,193457,203507,편의점샛별이,,4회,전국,010010,드라마&영화,드라마,미니시리즈,0,0,0.00668,0.05801,0.33796,0.45034,0.05751,0,0,0.39417,0.06831,0.06843,0.35942,0.08611,"최대현역:지창욱,정샛별역:김유정,유연주역:한선화,조승준역:도상우,정은별역:솔빈,공분희역:김선영,최용필역:이병준,한달식역:음문석,권의추역:우현,차기복역:이윤희,고광태역:배기범,김혜자역:견미리,최대순역:김지현,황금비역:서예화,차은조역:윤수,배부장역:허재호,강성태역:지찬,김정하역:신윤정,오현지역:한류은,강지욱역:김민규,유명기역:길용우"
20200629,SKY,223007,233226,편의점샛별이,,3회,전국,010219,드라마&영화,드라마,미니시리즈,0.02002,0.0654,0.0584,0.05432,0.072,0.24245,0.02009,0,0.0852,0.02609,0.00471,0.20996,0.28811,0.06812,"최대현역:지창욱,정샛별역:김유정,유연주역:한선화,조승준역:도상우,정은별역:솔빈,공분희역:김선영,최용필역:이병준,한달식역:음문석,권의추역:우현,차기복역:이윤희,고광태역:배기범,김혜자역:견미리,최대순역:김지현,황금비역:서예화,차은조역:윤수,배부장역:허재호,강성태역:지찬,김정하역:신윤정,오현지역:한류은,강지욱역:김민규,유명기역:길용우"
20200629,SKY,234658,244708,편의점샛별이,,4회,전국,010010,드라마&영화,드라마,미니시리즈,0,0.0156,0.33109,0.24966,0,0.29264,0,0,0.14065,0.06648,0.11555,0.14592,0.24955,0.05077,"최대현역:지창욱,정샛별역:김유정,유연주역:한선화,조승준역:도상우,정은별역:솔빈,공분희역:김선영,최용필역:이병준,한달식역:음문석,권의추역:우현,차기복역:이윤희,고광태역:배기범,김혜자역:견미리,최대순역:김지현,황금비역:서예화,차은조역:윤수,배부장역:허재호,강성태역:지찬,김정하역:신윤정,오현지역:한류은,강지욱역:김민규,유명기역:길용우"
20200629,ONCE,020000,021506,황후의품격,,31회,전국,001506,드라마&영화,드라마,미니시리즈,0,0,0,0.03843,0,0.03352,0.0026,0,0,0,0,0,0.01457,0.0042,"오써니역:장나라,나왕식역:최진혁,이혁역:신성록,민유라역:이엘리야,태후강씨역:신은경,이윤역:오승윤,서강희역:윤소이,아리역:오아린,태황태후조씨역:박원숙,소진공주역:이희진,소현황후역:신고은,오금모역:윤다훈,오헬로역:스테파니리,변선생역:김명수,마필주역:윤주만,백도희역:황영희,나동식역:오한결,최팀장역:이수련,홍팀장역:김민옥,형사역:조동혁,수상역:고세원,나왕식역:태항호,사군자역:김수미,안형사역:안내상,강주승역:유건"
20200629,ONCE,021616,024333,황후의품격,,32회,전국,002717,드라마&영화,드라마,미니시리즈,0,0,0,0,0,0.01437,0.02186,0,0,0.00817,0.04358,0,0.03462,0.02489,"오써니역:장나라,나왕식역:최진혁,이혁역:신성록,민유라역:이엘리야,태후강씨역:신은경,이윤역:오승윤,서강희역:윤소이,아리역:오아린,태황태후조씨역:박원숙,소진공주역:이희진,소현황후역:신고은,오금모역:윤다훈,오헬로역:스테파니리,변선생역:김명수,마필주역:윤주만,백도희역:황영희,나동식역:오한결,최팀장역:이수련,홍팀장역:김민옥,형사역:조동혁,수상역:고세원,나왕식역:태항호,사군자역:김수미,안형사역:안내상,강주승역:유건"
20200629,ONCE,025419,032723,황후의품격,,33회,전국,003304,드라마&영화,드라마,미니시리즈,0,0,0,0.02495,0,0.00565,0.00592,0,0,0,0,0.04522,0.00351,0.01396,"오써니역:장나라,나왕식역:최진혁,이혁역:신성록,민유라역:이엘리야,태후강씨역:신은경,이윤역:오승윤,서강희역:윤소이,아리역:오아린,태황태후조씨역:박원숙,소진공주역:이희진,소현황후역:신고은,오금모역:윤다훈,오헬로역:스테파니리,변선생역:김명수,마필주역:윤주만,백도희역:황영희,나동식역:오한결,최팀장역:이수련,홍팀장역:김민옥,형사역:조동혁,수상역:고세원,나왕식역:태항호,사군자역:김수미,안형사역:안내상,강주승역:유건"
20200629,ONCE,032834,035519,황후의품격,,34회,전국,002645,드라마&영화,드라마,미니시리즈,0,0,0,0.11442,0,0.18727,0,0,0,0,0,0.07606,0.04473,0,"오써니역:장나라,나왕식역:최진혁,이혁역:신성록,민유라역:이엘리야,태후강씨역:신은경,이윤역:오승윤,서강희역:윤소이,아리역:오아린,태황태후조씨역:박원숙,소진공주역:이희진,소현황후역:신고은,오금모역:윤다훈,오헬로역:스테파니리,변선생역:김명수,마필주역:윤주만,백도희역:황영희,나동식역:오한결,최팀장역:이수련,홍팀장역:김민옥,형사역:조동혁,수상역:고세원,나왕식역:태항호,사군자역:김수미,안형사역:안내상,강주승역:유건"
20200629,ONCE,050540,053847,황후의품격,,37회,전국,003307,드라마&영화,드라마,미니시리즈,0,0,0,0,0,0.03077,0.00363,0,0,0.01514,0,0,0,0.00181,"오써니역:장나라,나왕식역:최진혁,이혁역:신성록,민유라역:이엘리야,태후강씨역:신은경,이윤역:오승윤,서강희역:윤소이,아리역:오아린,태황태후조씨역:박원숙,소진공주역:이희진,소현황후역:신고은,오금모역:윤다훈,오헬로역:스테파니리,변선생역:김명수,마필주역:윤주만,백도희역:황영희,나동식역:오한결,최팀장역:이수련,홍팀장역:김민옥,형사역:조동혁,수상역:고세원,나왕식역:태항호,사군자역:김수미,안형사역:안내상,강주승역:유건"
20200629,ONCE,053958,060704,황후의품격,,38회,전국,002706,드라마&영화,드라마,미니시리즈,0,0,0,0.10255,0,0,0,0,0,0,0,0.06516,0,0,"오써니역:장나라,나왕식역:최진혁,이혁역:신성록,민유라역:이엘리야,태후강씨역:신은경,이윤역:오승윤,서강희역:윤소이,아리역:오아린,태황태후조씨역:박원숙,소진공주역:이희진,소현황후역:신고은,오금모역:윤다훈,오헬로역:스테파니리,변선생역:김명수,마필주역:윤주만,백도희역:황영희,나동식역:오한결,최팀장역:이수련,홍팀장역:김민옥,형사역:조동혁,수상역:고세원,나왕식역:태항호,사군자역:김수미,안형사역:안내상,강주승역:유건"
20200629,ONCE,061140,064246,황후의품격,,39회,전국,003106,드라마&영화,드라마,미니시리즈,0,0,0,0,0,0.03405,0.01222,0,0,0,0,0,0.05651,0,"오써니역:장나라,나왕식역:최진혁,이혁역:신성록,민유라역:이엘리야,태후강씨역:신은경,이윤역:오승윤,서강희역:윤소이,아리역:오아린,태황태후조씨역:박원숙,소진공주역:이희진,소현황후역:신고은,오금모역:윤다훈,오헬로역:스테파니리,변선생역:김명수,마필주역:윤주만,백도희역:황영희,나동식역:오한결,최팀장역:이수련,홍팀장역:김민옥,형사역:조동혁,수상역:고세원,나왕식역:태항호,사군자역:김수미,안형사역:안내상,강주승역:유건"
20200629,ONCE,064357,071303,황후의품격,,40회,전국,002906,드라마&영화,드라마,미니시리즈,0,0,0,0,0,0,0.03496,0,0,0,0,0,0,0.02429,"오써니역:장나라,나왕식역:최진혁,이혁역:신성록,민유라역:이엘리야,태후강씨역:신은경,이윤역:오승윤,서강희역:윤소이,아리역:오아린,태황태후조씨역:박원숙,소진공주역:이희진,소현황후역:신고은,오금모역:윤다훈,오헬로역:스테파니리,변선생역:김명수,마필주역:윤주만,백도희역:황영희,나동식역:오한결,최팀장역:이수련,홍팀장역:김민옥,형사역:조동혁,수상역:고세원,나왕식역:태항호,사군자역:김수미,안형사역:안내상,강주승역:유건"
20200629,ONCE,072456,082942,동이,,57회,전국,010446,드라마&영화,드라마,주간연속극,0,0,0.10819,0.09032,0.00196,0.10964,0.16129,0,0,0.11814,0,0,0.07423,0.12486,"동이역:한효주,숙종역:지진희,희빈장씨역:이소연,차천수역:배수빈,서용기역:정진영,인현왕후역:박하선,오태석역:정동환,이종욱역:이정훈,홍태윤역:손일권,박도식역:최재호,도승지역:신국,오호양역:여호민,황주식역:이희도,정인국역:나성균,최효원역:천호진,장익헌역:이재용,김환역:정인기,은금역:한다민,오태풍역:이계인,태풍처역:이숙,장희재역:김유석,설희역:김혜진,게둬라부역:정은표,오윤역:최철호,게둬라역:최수한,심운택역:김동윤,동이어린시절역:김유정,봉상궁역:김소이,조상궁역:안여진,유상궁역:임성민,정임역:정유미,애종역:강유미,시비역:오은호,미지역:최하나,대전내관역:정선일,명성대비역:박정수,정상궁역:김혜선,영달역:이광수,최동주역:정성운,장무열역:최종환,이금역:이형석,경종역:윤찬,김구선역:맹상훈,인원왕후역:오연서"
20200629,ONCE,083842,093711,동이,,58회,전국,005829,드라마&영화,드라마,주간연속극,0,0,0.05164,0.13395,0,0.39018,0.24306,0,0,0.05639,0,0.117,0.03377,0.27293,"동이역:한효주,숙종역:지진희,희빈장씨역:이소연,차천수역:배수빈,서용기역:정진영,인현왕후역:박하선,오태석역:정동환,이종욱역:이정훈,홍태윤역:손일권,박도식역:최재호,도승지역:신국,오호양역:여호민,황주식역:이희도,정인국역:나성균,최효원역:천호진,장익헌역:이재용,김환역:정인기,은금역:한다민,오태풍역:이계인,태풍처역:이숙,장희재역:김유석,설희역:김혜진,게둬라부역:정은표,오윤역:최철호,게둬라역:최수한,심운택역:김동윤,동이어린시절역:김유정,봉상궁역:김소이,조상궁역:안여진,유상궁역:임성민,정임역:정유미,애종역:강유미,시비역:오은호,미지역:최하나,대전내관역:정선일,명성대비역:박정수,정상궁역:김혜선,영달역:이광수,최동주역:정성운,장무열역:최종환,이금역:이형석,경종역:윤찬,김구선역:맹상훈,인원왕후역:오연서"
20200629,ONCE,094911,105325,동이,,59회,전국,010414,드라마&영화,드라마,주간연속극,0,0,0.13023,0.13186,0,0.38727,0.23685,0,0,0.14221,0,0.48464,0.13145,0.26255,"동이역:한효주,숙종역:지진희,희빈장씨역:이소연,차천수역:배수빈,서용기역:정진영,인현왕후역:박하선,오태석역:정동환,이종욱역:이정훈,홍태윤역:손일권,박도식역:최재호,도승지역:신국,오호양역:여호민,황주식역:이희도,정인국역:나성균,최효원역:천호진,장익헌역:이재용,김환역:정인기,은금역:한다민,오태풍역:이계인,태풍처역:이숙,장희재역:김유석,설희역:김혜진,게둬라부역:정은표,오윤역:최철호,게둬라역:최수한,심운택역:김동윤,동이어린시절역:김유정,봉상궁역:김소이,조상궁역:안여진,유상궁역:임성민,정임역:정유미,애종역:강유미,시비역:오은호,미지역:최하나,대전내관역:정선일,명성대비역:박정수,정상궁역:김혜선,영달역:이광수,최동주역:정성운,장무열역:최종환,이금역:이형석,경종역:윤찬,김구선역:맹상훈,인원왕후역:오연서"
20200629,ONCE,110525,120905,동이,,60회,전국,010340,드라마&영화,드라마,주간연속극,0,0,0.14049,0.01674,0.11322,0.20821,0.37028,0,0,0.1678,0,0.31388,0.17073,0.47367,"동이역:한효주,숙종역:지진희,희빈장씨역:이소연,차천수역:배수빈,서용기역:정진영,인현왕후역:박하선,오태석역:정동환,이종욱역:이정훈,홍태윤역:손일권,박도식역:최재호,도승지역:신국,오호양역:여호민,황주식역:이희도,정인국역:나성균,최효원역:천호진,장익헌역:이재용,김환역:정인기,은금역:한다민,오태풍역:이계인,태풍처역:이숙,장희재역:김유석,설희역:김혜진,게둬라부역:정은표,오윤역:최철호,게둬라역:최수한,심운택역:김동윤,동이어린시절역:김유정,봉상궁역:김소이,조상궁역:안여진,유상궁역:임성민,정임역:정유미,애종역:강유미,시비역:오은호,미지역:최하나,대전내관역:정선일,명성대비역:박정수,정상궁역:김혜선,영달역:이광수,최동주역:정성운,장무열역:최종환,이금역:이형석,경종역:윤찬,김구선역:맹상훈,인원왕후역:오연서"
20200629,ONCE,122002,131701,하늘이시여,,1회,전국,005659,드라마&영화,드라마,주말연속극,0,0,0.12165,0.02748,0,0.01663,0.05029,0,0,0.05738,0,0.02137,0.03437,0.02563,"지영선역:한혜숙,이자경역:윤정희,구왕모역:이태곤,김청하역:조연우,구슬아역:이수경,강예리역:왕빛나,강이리역:강지섭,김배득역:박해미,왕마리아역:정혜선,이홍파역:임채무,모란실역:반효정,김미향역:이보희,강동춘역:현석,봉은지역:김영란,소피아역:이숙,문옥역:금단비"
20200629,ONCE,133001,143109,하늘이시여,,2회,전국,010108,드라마&영화,드라마,주말연속극,0,0,0.00399,0.00269,0.00192,0,0.06335,0,0,0,0.14881,0,0.0533,0.01595,"지영선역:한혜숙,이자경역:윤정희,구왕모역:이태곤,김청하역:조연우,구슬아역:이수경,강예리역:왕빛나,강이리역:강지섭,김배득역:박해미,왕마리아역:정혜선,이홍파역:임채무,모란실역:반효정,김미향역:이보희,강동춘역:현석,봉은지역:김영란,소피아역:이숙,문옥역:금단비"
20200629,ONCE,172440,182140,하늘이시여,,1회,전국,005700,드라마&영화,드라마,주말연속극,0,0.06567,0.01092,0.0029,0.05121,0.00345,0.06663,0,0,0.00748,0.00945,0.09206,0.01632,0.06784,"지영선역:한혜숙,이자경역:윤정희,구왕모역:이태곤,김청하역:조연우,구슬아역:이수경,강예리역:왕빛나,강이리역:강지섭,김배득역:박해미,왕마리아역:정혜선,이홍파역:임채무,모란실역:반효정,김미향역:이보희,강동춘역:현석,봉은지역:김영란,소피아역:이숙,문옥역:금단비"
20200629,ONCE,183510,193618,하늘이시여,,2회,전국,010108,드라마&영화,드라마,주말연속극,0.03533,0,0,0.02201,0,0,0,0,0.01572,0.01679,0.00318,0.08427,0.05091,0.01854,"지영선역:한혜숙,이자경역:윤정희,구왕모역:이태곤,김청하역:조연우,구슬아역:이수경,강예리역:왕빛나,강이리역:강지섭,김배득역:박해미,왕마리아역:정혜선,이홍파역:임채무,모란실역:반효정,김미향역:이보희,강동춘역:현석,봉은지역:김영란,소피아역:이숙,문옥역:금단비"
20200629,ONCE,204752,215207,동이,,59회,전국,010415,드라마&영화,드라마,주간연속극,0.03255,0,0.14005,0.0928,0.10328,0.01581,0.22413,0,0,0.14714,0.16743,0.16049,0.12138,0.46527,"동이역:한효주,숙종역:지진희,희빈장씨역:이소연,차천수역:배수빈,서용기역:정진영,인현왕후역:박하선,오태석역:정동환,이종욱역:이정훈,홍태윤역:손일권,박도식역:최재호,도승지역:신국,오호양역:여호민,황주식역:이희도,정인국역:나성균,최효원역:천호진,장익헌역:이재용,김환역:정인기,은금역:한다민,오태풍역:이계인,태풍처역:이숙,장희재역:김유석,설희역:김혜진,게둬라부역:정은표,오윤역:최철호,게둬라역:최수한,심운택역:김동윤,동이어린시절역:김유정,봉상궁역:김소이,조상궁역:안여진,유상궁역:임성민,정임역:정유미,애종역:강유미,시비역:오은호,미지역:최하나,대전내관역:정선일,명성대비역:박정수,정상궁역:김혜선,영달역:이광수,최동주역:정성운,장무열역:최종환,이금역:이형석,경종역:윤찬,김구선역:맹상훈,인원왕후역:오연서"
20200629,ONCE,220517,230856,동이,,60회,전국,010339,드라마&영화,드라마,주간연속극,0,0,0.23265,0.36086,0.19751,0.14513,0.19597,0,0.06648,0.16414,0.33992,0.58779,0.1464,0.25819,"동이역:한효주,숙종역:지진희,희빈장씨역:이소연,차천수역:배수빈,서용기역:정진영,인현왕후역:박하선,오태석역:정동환,이종욱역:이정훈,홍태윤역:손일권,박도식역:최재호,도승지역:신국,오호양역:여호민,황주식역:이희도,정인국역:나성균,최효원역:천호진,장익헌역:이재용,김환역:정인기,은금역:한다민,오태풍역:이계인,태풍처역:이숙,장희재역:김유석,설희역:김혜진,게둬라부역:정은표,오윤역:최철호,게둬라역:최수한,심운택역:김동윤,동이어린시절역:김유정,봉상궁역:김소이,조상궁역:안여진,유상궁역:임성민,정임역:정유미,애종역:강유미,시비역:오은호,미지역:최하나,대전내관역:정선일,명성대비역:박정수,정상궁역:김혜선,영달역:이광수,최동주역:정성운,장무열역:최종환,이금역:이형석,경종역:윤찬,김구선역:맹상훈,인원왕후역:오연서"
20200629,ONCE,251852,255959,하늘이시여,,1회,전국,004107,드라마&영화,드라마,주말연속극,0,0,0,0,0.41025,0,0.13775,0,0,0,0,0,0.12639,0,"지영선역:한혜숙,이자경역:윤정희,구왕모역:이태곤,김청하역:조연우,구슬아역:이수경,강예리역:왕빛나,강이리역:강지섭,김배득역:박해미,왕마리아역:정혜선,이홍파역:임채무,모란실역:반효정,김미향역:이보희,강동춘역:현석,봉은지역:김영란,소피아역:이숙,문옥역:금단비"
20200629,OCN Thrills,051910,062438,번외수사,,12회,전국,010528,드라마&영화,드라마,미니시리즈,0,0.01418,0.42113,0.00739,0.13542,0.40603,0.00155,0.03168,0,0,0.00229,0.20528,0.2125,0.00294,"진강호역:차태현,강무영역:이선빈,이반석역:정상훈,테디정역:윤경호,탁원역:지승현,민대진역:박정우,맨손역:박태산,연장역:장진희,지수철역:이영석,노순이역:민경옥"
20200629,TRENDY,072307,082420,부부클리닉사랑과전쟁2,,44회,전국,010113,드라마&영화,드라마,단막극,0,0,0,0.0661,0,0.00408,0.06014,0,0,0,0.06131,0.06746,0,0.08969,"이재만,민지영,최영완,이정수,장가현,손유경,이준우"
20200629,TRENDY,083355,093403,부부클리닉사랑과전쟁2,,56회,전국,010008,드라마&영화,드라마,단막극,0,0,0,0,0.1003,0.00921,0.01291,0,0,0,0,0.00193,0.0363,0.15569,"이재만,민지영,최영완,이정수,장가현,손유경,이준우"
20200629,TRENDY,140948,151104,부부클리닉사랑과전쟁2,,44회,전국,010116,드라마&영화,드라마,단막극,0,0,0.00737,0.01358,0.00189,0.09836,0.08928,0,0,0,0.0248,0.03235,0.04985,0.07284,"이재만,민지영,최영완,이정수,장가현,손유경,이준우"
20200629,TRENDY,152406,162419,부부클리닉사랑과전쟁2,,56회,전국,010013,드라마&영화,드라마,단막극,0,0,0,0,0,0,0.20187,0,0,0.07292,0.00923,0,0.08109,0.02331,"이재만,민지영,최영완,이정수,장가현,손유경,이준우"
20200629,TRENDY,225828,235944,부부클리닉사랑과전쟁2,,44회,전국,010116,드라마&영화,드라마,단막극,0,0.02012,0,0.19476,0.00523,0.00797,0.00681,0,0,0,0.01252,0.01895,0.01069,0.13985,"이재만,민지영,최영완,이정수,장가현,손유경,이준우"
20200629,TRENDY,241201,251213,부부클리닉사랑과전쟁2,,56회,전국,010012,드라마&영화,드라마,단막극,0,0,0,0.19476,0,0.16355,0.00793,0,0,0.36904,0,0.00226,0.18328,0.17083,"이재만,민지영,최영완,이정수,장가현,손유경,이준우"
20200629,WeLike,195951,210336,아테나:전쟁의여신,,13회,전국,010345,드라마&영화,드라마,미니시리즈,0,0,0,0,0,0,0.00856,0,0,0,0,0,0,0.00574,"이정우역:정우성,손혁역:차승원,윤혜인역:수애,한재희역:이지아,김기수역:김민종,김준호역:시원,조명호역:이정길,최진희역:김영애,권용관역:유동근,박철영역:김승우,조수영역:이보영,오숙경역:오윤아,한정필역:전국환,제시카역:연민지,앤디역:션리차드,철규역:정찬우,최태현역:최강창민,김선화역:김소연,박성철역:이한위"
20200629,WeLike,211712,221944,아테나:전쟁의여신,,14회,전국,010232,드라마&영화,드라마,미니시리즈,0,0,0.00458,0.00385,0,0.00974,0.00192,0,0,0.00795,0,0.00515,0.00518,0.00413,"이정우역:정우성,손혁역:차승원,윤혜인역:수애,한재희역:이지아,김기수역:김민종,김준호역:시원,조명호역:이정길,최진희역:김영애,권용관역:유동근,박철영역:김승우,조수영역:이보영,오숙경역:오윤아,한정필역:전국환,제시카역:연민지,앤디역:션리차드,철규역:정찬우,최태현역:최강창민,김선화역:김소연,박성철역:이한위"
20200630,KBS1,203055,205920,기막힌유산,,51회,전국,002825,드라마&영화,드라마,일일연속극,3.30385,3.27197,3.59151,4.20734,4.72917,8.40474,24.88096,2.29035,2.41211,2.45177,5.00183,6.33802,12.90864,28.89701,"부영배역:박인환,공계옥역:강세정,부설악역:신정윤,부백두역:강신조,윤민주역:이아현,부금강역:남성진,신애리역:김가연,정미희역:박순천,김용미역:이응경,부한라역:박신우,성판금역:조양자,부가온역:김비주,부태희역:김연지,부혜교역:김효경,부지현역:강유라,공소영역:김난주,이장원역:이일준,김수민역:조서후,김종두역:이춘식,차정건역:조순창,이청아역:정서하,손보미역:박민지,김영지역:주민하,강선희역:박현정,천호식역:백신,이정태역:노상보,고향숙역:박소정"
20200630,KBS2,090449,093303,기막힌유산,,50회,전국,002814,드라마&영화,드라마,일일연속극,0,0.80475,1.14334,1.21875,0.80479,1.91486,3.21257,0.22716,0.20327,0.30307,0.84874,2.37647,2.49946,3.52933,"부영배역:박인환,공계옥역:강세정,부설악역:신정윤,부백두역:강신조,윤민주역:이아현,부금강역:남성진,신애리역:김가연,정미희역:박순천,김용미역:이응경,부한라역:박신우,성판금역:조양자,부가온역:김비주,부태희역:김연지,부혜교역:김효경,부지현역:강유라,공소영역:김난주,이장원역:이일준,김수민역:조서후,김종두역:이춘식,차정건역:조순창,이청아역:정서하,손보미역:박민지,김영지역:주민하,강선희역:박현정,천호식역:백신,이정태역:노상보,고향숙역:박소정"
20200630,KBS2,195059,202543,위험한약속,,63회,전국,003444,드라마&영화,드라마,일일연속극,1.46926,2.48235,3.61001,4.55035,3.15679,7.47003,19.37033,2.91656,1.18081,2.5643,5.65193,5.06551,14.01051,23.59866,"차은동역:박하나,강태인역:고세원,최준혁역:강성민,오혜원역:박영린,한지훈역:이창욱,차만종역:이대연,차은찬역:유준서,공영심역:유지연,봉석구역:현우섭,강일섭역:강신일,연두심역:이칸희,한광훈역:길용우,한서주역:김혜지,최명희역:김나운,고재숙역:윤복인,최영국역:송민형,민주란역:오영실,최준경역:이효나,이창욱역:김정운"
20200630,MBC,075215,082306,찬란한내인생,,1회,전국,003051,드라마&영화,드라마,일일연속극,1.70272,0.26947,0.63613,1.01411,1.58806,1.07025,2.49817,1.56355,0.52168,0.22708,1.37034,1.92293,1.82851,2.22639,"박복희역:심이영,고상아역:진예솔,장시경역:최성재,기차반역:원기준,고충역:이정길,조은임역:김영란,정영숙역:오미연,심숙역:양혜진,남지애역:한소영,박현희역:유하,이동윤역:정시훈,기은수역:최승훈,기은하역:권지민,임세라역:김민서,기신역:안석환,유정우역:강석정"
20200630,MBC,104459,112106,저녁같이드실래요,<21회>,21회,전국,003607,드라마&영화,드라마,미니시리즈,0,0.00337,0.01102,0.09724,0.1936,0.16028,0.82675,0.04287,0.3227,0.09953,0.66862,0.1654,0.6443,0.91721,"김해경역:송승헌,우도희역:서지혜,정재혁역:이지훈,진노을역:손나은,남아영역:예지원,키에누역:박호산,박진규역:고규필,강건우역:이현진,이병진역:김서경,임소라역:오혜원,김정환역:안태환,이문정역:전국향,전성자역:윤복인,이영동역:김정현,이은서역:서은수,푸드트럭총각역:이시언,태진아역:태진아,환자역:박산다라"
20200630,MBC,112220,115320,저녁같이드실래요,<22회>,22회,전국,003100,드라마&영화,드라마,미니시리즈,0.08123,0.43099,0.19155,0.95466,0.55481,0.47513,0.89519,0.4157,0.35857,0.2544,1.1743,0.90336,0.84443,1.01351,"김해경역:송승헌,우도희역:서지혜,정재혁역:이지훈,진노을역:손나은,남아영역:예지원,키에누역:박호산,박진규역:고규필,강건우역:이현진,이병진역:김서경,임소라역:오혜원,김정환역:안태환,이문정역:전국향,전성자역:윤복인,이영동역:김정현,이은서역:서은수,푸드트럭총각역:이시언,태진아역:태진아,환자역:박산다라"
20200630,MBC,191831,194926,찬란한내인생,,2회,전국,003055,드라마&영화,드라마,일일연속극,0.54563,0.20295,0.93639,0.97239,1.06214,2.12531,2.11882,1.32193,0.03083,1.04909,1.61536,1.68947,3.1528,2.49468,"박복희역:심이영,고상아역:진예솔,장시경역:최성재,기차반역:원기준,고충역:이정길,조은임역:김영란,정영숙역:오미연,심숙역:양혜진,남지애역:한소영,박현희역:유하,이동윤역:정시훈,기은수역:최승훈,기은하역:권지민,임세라역:김민서,기신역:안석환,유정우역:강석정"
20200630,MBC,212645,220003,저녁같이드실래요,<23회>,23회,전국,003318,드라마&영화,드라마,미니시리즈,2.25929,1.29088,0.83357,0.36965,1.58531,2.82568,2.22325,0.1765,0.51827,0.81205,2.15309,3.0089,3.03497,2.15399,"김해경역:송승헌,우도희역:서지혜,정재혁역:이지훈,진노을역:손나은,남아영역:예지원,키에누역:박호산,박진규역:고규필,강건우역:이현진,이병진역:김서경,임소라역:오혜원,김정환역:안태환,이문정역:전국향,전성자역:윤복인,이영동역:김정현,이은서역:서은수,푸드트럭총각역:이시언,태진아역:태진아,환자역:박산다라"
20200630,MBC,220117,223522,저녁같이드실래요,<24회>,24회,전국,003405,드라마&영화,드라마,미니시리즈,1.86872,1.70712,1.1482,0.66189,1.57491,4.21482,2.76466,0.09239,0.58202,1.68943,2.19712,4.26147,3.69107,3.21457,"김해경역:송승헌,우도희역:서지혜,정재혁역:이지훈,진노을역:손나은,남아영역:예지원,키에누역:박호산,박진규역:고규필,강건우역:이현진,이병진역:김서경,임소라역:오혜원,김정환역:안태환,이문정역:전국향,전성자역:윤복인,이영동역:김정현,이은서역:서은수,푸드트럭총각역:이시언,태진아역:태진아,환자역:박산다라"
20200630,MBC,234222,241111,꼰대인턴,<21회>,21회,전국,002849,드라마&영화,드라마,미니시리즈,0.15105,0.01101,0.60617,0.2658,0.92871,1.08426,0.83154,0.09625,0.33401,0.19239,0.3053,1.60939,0.66704,1.1247,"가열찬역:박해진,이만식역:김응수,이태리역:한지은,남궁준수역:박기웅,탁정은역:박아인,주윤수역:노종현,오동근역:고건한,김승진역:홍승범,구자숙역:김선영,안상종역:손종학,남궁표역:고인범,엄한길역:김기천,옥경이역:문숙,고선녀역:정경순,열찬모역:전국향,박범준역:장성규,백범역:정성호,은혜수역:정영주,가열찬친구역:권수현,차형석역:영탁"
20200630,MBC,241226,244511,꼰대인턴,<22회>,22회,전국,003245,드라마&영화,드라마,미니시리즈,0.66866,0.03695,0.53169,0.32542,0.63578,1.57467,0.72168,0,0.53059,0.25028,0.64014,1.13612,1.14094,1.09522,"가열찬역:박해진,이만식역:김응수,이태리역:한지은,남궁준수역:박기웅,탁정은역:박아인,주윤수역:노종현,오동근역:고건한,김승진역:홍승범,구자숙역:김선영,안상종역:손종학,남궁표역:고인범,엄한길역:김기천,옥경이역:문숙,고선녀역:정경순,열찬모역:전국향,박범준역:장성규,백범역:정성호,은혜수역:정영주,가열찬친구역:권수현,차형석역:영탁"
20200630,SBS,083551,090659,엄마가바람났다,,42회,전국,003108,드라마&영화,드라마,아침드라마,0.58412,1.64067,2.49208,1.28294,3.50738,3.62874,6.56328,0.45139,1.1029,0.72506,2.24418,4.48752,4.82559,7.25711,"오필정역:현쥬니,강석준역:이재황,이은주역:문보령,강석환역:김형범,오순정역:남이안,김복순역:박순천,박민호역:길정우,박민지역:홍제이,김해정역:양금석,강태수역:이원재,이태우역:서현석,최동석역:김동균,최은자역:이진아,최유경역:이영은,최미영역:전은채,왕기범역:차승우,하열도역:김영훈,홍수경역:노정명,박태섭역:강서준,박혜진역:박지수"
20200630,OBS,094948,105208,구가의서,,21회,전국,010220,드라마&영화,드라마,주간연속극,0,0,0,0.1538,0,0,0.0777,0,0.01407,0.0216,0.17027,0.01972,0.09687,0.12885,"최강치역:이승기,담여울역:수지,조관웅역:이성재,담평준역:조성하,박태서역:유연석,박청조역:이유비,곤역:성준,구월령역:최진혁,윤서화역:이연희,소정법사역:김희원,천수련역:정혜영,자홍명역:윤세아,박무솔역:엄효섭,월선역:손승우,이순신역:유동근,마봉출역:조재윤,카게시마역:데이비드맥기니스,한노역:박주형,윤씨역:김희정,억만역:김기방,윤정윤역:이다윗,담이역:김보미,필목역:송영규,공달선생역:이도경"
20200630,OBS,182116,192341,구가의서,,22회,전국,010225,드라마&영화,드라마,주간연속극,0,0,0.01123,0,0.01847,0.00758,0.2278,0,0,0.00629,0,0.07386,0.0916,0.29463,"최강치역:이승기,담여울역:수지,조관웅역:이성재,담평준역:조성하,박태서역:유연석,박청조역:이유비,곤역:성준,구월령역:최진혁,윤서화역:이연희,소정법사역:김희원,천수련역:정혜영,자홍명역:윤세아,박무솔역:엄효섭,월선역:손승우,이순신역:유동근,마봉출역:조재윤,카게시마역:데이비드맥기니스,한노역:박주형,윤씨역:김희정,억만역:김기방,윤정윤역:이다윗,담이역:김보미,필목역:송영규,공달선생역:이도경"
20200630,JTBC,213523,224448,야식남녀,,12회,전국,010925,드라마&영화,드라마,미니시리즈,0.20031,0,0.08726,0.15627,0.30614,0.35464,0.61875,0,0.03702,0.15297,0.13516,0.67671,1.01796,1.06609,"박진성역:정일우,김아진역:강지영,강태완역:이학주,이상영역:김승수,차주희역:김수진,남규장역:양대혁,유성은역:공민정,노재수역:박성준,박진우역:최재현"
20200630,TV CHOSUN,025048,033540,운명과분노,,11회,전국,004452,드라마&영화,드라마,주말연속극,0,0,0,0.18168,0.1137,0.1256,0.00808,0,0,0,0.01993,0,0.05831,0.10992,"태인준역:주상욱,구해라역:이민정,차수현역:소이현,진태오역:이기우,태필운역:고인범,한성숙역:송옥숙,태정호역:공정환,고아정역:심이영,태정민역:박수아,현정수역:조승연,구현주역:차수연,강선영역:정수영,강의건역:윤학,김창수역:허준석,차동규역:권태원,이은숙역:하민,김비서역:임지규,이현정역:한은선,김석진역:조완기,이정혜역:전현아,제니진역:김단우"
20200630,TV CHOSUN,200535,205517,바람과구름과비,,13회,전국,004942,드라마&영화,드라마,미니시리즈,0,0.15623,0.35574,0.27753,0.15018,0.85761,1.07225,0.33337,0.27562,0.10045,0.5426,0.17858,1.15666,0.82227,"최천중역:박시후,봉련역:고성희,흥선대원군이하응역:전광렬,채인규역:성혁,김병운역:김승수,김좌근역:차광수,나합역:윤아정,김병학역:한재영,조대비역:김보연,철종역:정욱,이하전역:이루,명성황후민자영역:박정연,고종이재황역:박상훈,용팔룡역:조복래,주모역:김주령,적도사진상역:한동규,팽구철역:노형욱,만석역:박노식,연치성역:임현수,반달역:왕빛나,임종사관역:허태희,최천중어린시절역:강태우,봉련어린시절역:홍승희,채인규어린시절역:최정우,상복역:허성태,민승호역:이해우,저자이병주,출판그림같은세상2020.08.28.,e북무료판매처 1건"
20200630,tvN,022706,034221,호텔델루나,,9회,전국,011515,드라마&영화,드라마,미니시리즈,0.01886,0.02881,0.01732,0.2764,0.26873,0.03011,0.13211,0.0686,0.33665,0.17014,0.26407,0.66132,0.06051,0.13386,"장만월역:이지은,구찬성역:여진구,산체스역:조현철,이미라역:박유나,김선비역:신정근,최서희역:배해선,지현중역:표지훈,김유나역:강미나,노준석역:정동환,마고신역:서이숙,사신역:강홍석,고청명역:이도현,연우역:이태선,설지원역:이다윗,구현모역:오지호,왕지은역:설리,베로니카역:서은수,황문숙역:황영희,강만영역:이승준,이세영역:소희정,호텔블루문사장역:김수현"
20200630,tvN,035616,051623,호텔델루나,,10회,전국,012007,드라마&영화,드라마,미니시리즈,0,0,0.00521,0.19692,0.38545,0.03911,0.15531,0,0,0.02075,0.27436,0.30878,0.08739,0.05857,"장만월역:이지은,구찬성역:여진구,산체스역:조현철,이미라역:박유나,김선비역:신정근,최서희역:배해선,지현중역:표지훈,김유나역:강미나,노준석역:정동환,마고신역:서이숙,사신역:강홍석,고청명역:이도현,연우역:이태선,설지원역:이다윗,구현모역:오지호,왕지은역:설리,베로니카역:서은수,황문숙역:황영희,강만영역:이승준,이세영역:소희정,호텔블루문사장역:김수현"
20200630,tvN,074312,085818,미스터션샤인,,11회,전국,011506,드라마&영화,드라마,미니시리즈,1.06039,0.07411,0.00312,0.18054,0.24591,0.14132,0.38167,0.00283,0,0.03842,0.77497,0.51274,0.25455,0.37178,"유진초이역:이병헌,고애신역:김태리,구동매역:유연석,김희성역:변요한,쿠도히나역:김민정,황은산역:김갑수,장승구역:최무성,고사홍역:이호재,이완익역:김의성,모리타카시역:김남희,김안평역:김동균,윤호선역:김혜은,고애순역:박아인,일식이역:김병철,춘식이역:배정남,조씨부인역:김나운,행랑아범역:신정근,함안댁역:이정은,고종역:이승준,정문역:강신일,카일무어역:데이비드맥기니스,홍파역:서유정,임관수역:조우진,이세훈역:최진호,윤남종역:박보미,유죠역:윤주만,츠다역:이정현,소아역:오아연,도미역:고우림,유진엄마역:이시아,호타루역:김용지,스즈키역:정태야,준영역:장동윤,귀단역:김시은,유진초이어린시절역:김강훈,고상완역:진구,희진역:김지원,김판서역:김응수"
20200630,tvN,091408,102909,미스터션샤인,,12회,전국,011501,드라마&영화,드라마,미니시리즈,0.60478,0,0.12341,0.28139,0.43742,0.50077,0.42573,0.16258,0,0.28659,0.77613,0.77133,0.39387,0.75652,"유진초이역:이병헌,고애신역:김태리,구동매역:유연석,김희성역:변요한,쿠도히나역:김민정,황은산역:김갑수,장승구역:최무성,고사홍역:이호재,이완익역:김의성,모리타카시역:김남희,김안평역:김동균,윤호선역:김혜은,고애순역:박아인,일식이역:김병철,춘식이역:배정남,조씨부인역:김나운,행랑아범역:신정근,함안댁역:이정은,고종역:이승준,정문역:강신일,카일무어역:데이비드맥기니스,홍파역:서유정,임관수역:조우진,이세훈역:최진호,윤남종역:박보미,유죠역:윤주만,츠다역:이정현,소아역:오아연,도미역:고우림,유진엄마역:이시아,호타루역:김용지,스즈키역:정태야,준영역:장동윤,귀단역:김시은,유진초이어린시절역:김강훈,고상완역:진구,희진역:김지원,김판서역:김응수"
20200630,tvN,120337,131825,아는건별로없지만가족입니다,,9회,전국,011448,드라마&영화,드라마,미니시리즈,0.05312,0,0.20636,0.53309,0.41462,0.23663,0.52305,0.04415,0,0.15319,0.63569,1.07633,0.44222,0.81196,"김은희역:한예리,박찬혁역:김지석,김은주역:추자현,김상식역:정진영,이진숙역:원미경,김지우역:신재하,임건주역:신동욱,윤태형역:김태훈,젊은상식역:한준우,젊은진숙역:조아영,유선일역:서상원,안효석역:이종원,서경옥역:가득희,윤서영역:혜정,전하라역:배윤경,유민우역:권율"
20200630,tvN,205959,221526,아는건별로없지만가족입니다,,10회,전국,011527,드라마&영화,드라마,미니시리즈,0,1.04109,1.04735,1.2031,2.19556,2.7663,1.94837,0.76398,0.53615,1.48476,1.73207,5.55855,5.43298,2.19706,"김은희역:한예리,박찬혁역:김지석,김은주역:추자현,김상식역:정진영,이진숙역:원미경,김지우역:신재하,임건주역:신동욱,윤태형역:김태훈,젊은상식역:한준우,젊은진숙역:조아영,유선일역:서상원,안효석역:이종원,서경옥역:가득희,윤서영역:혜정,전하라역:배윤경,유민우역:권율"
20200630,국방TV,210035,212912,바람은불어도,,131회,전국,002837,드라마&영화,드라마,미니시리즈,0,0,0,0,0.01805,0,0,0,0,0,0,0,0,0.00413,"최수종,유호정,윤손하,송나영,송기윤,나문희"
20200630,국방TV,213116,215820,바람은불어도,,132회,전국,002704,드라마&영화,드라마,미니시리즈,0,0,0,0,0,0,0,0,0,0,0,0,0,0,"최수종,유호정,윤손하,송나영,송기윤,나문희"
20200630,국방TV,240035,242912,바람은불어도,,131회,전국,002837,드라마&영화,드라마,미니시리즈,0,0,0,0.02063,0,0,0.01151,0,0,0,0.03958,0,0,0.0175,"최수종,유호정,윤손하,송나영,송기윤,나문희"
20200630,국방TV,243037,245741,바람은불어도,,132회,전국,002704,드라마&영화,드라마,미니시리즈,0,0,0,0,0,0,0,0,0,0,0,0,0,0,"최수종,유호정,윤손하,송나영,송기윤,나문희"
20200630,국방TV,250019,252849,바람은불어도,,133회,전국,002830,드라마&영화,드라마,미니시리즈,0,0,0,0,0,0,0,0,0,0,0.0101,0,0.00486,0,"최수종,유호정,윤손하,송나영,송기윤,나문희"
20200630,국방TV,253029,255755,바람은불어도,,134회,전국,002726,드라마&영화,드라마,미니시리즈,0,0,0,0,0,0,0,0,0,0,0,0.03878,0,0,"최수종,유호정,윤손하,송나영,송기윤,나문희"
20200630,AXN,081104,091239,넝쿨째굴러온당신,,7회,전국,010135,드라마&영화,드라마,주말연속극,0,0,0,0,0,0.00734,0.01009,0,0,0,0.04207,0,0.0019,0.03232,"차윤희역:김남주,방귀남역:유준상,엄청애역:윤여정,방장수역:장용,전막례역:강부자,한만희역:김영란,차세중역:김용희,민지영역:진경,차세광역:강민혁,엄보애역:유지인,엄순애역:양희경,방일숙역:양정아,방이숙역:조윤희,방말숙역:오연서,장양실역:나영희,방정배역:김상호,고옥역:심이영,방장군역:곽동연,천재용역:이희준,윤빈역:김원준,남남구역:김형범,고시생역:김승우,예능국PD역:김준현,라디오DJ역:양희은,홍은희역:홍은희,송수지역:박수진,매니저역:이수근,목사역:지진희,차태봉역:차태현,성시갱역:성시경,노래강사역:이종박,한규현역:강동호,태영역:김형진,지피디역:곽민석,강혜수역:최윤소,동대문옷가게상인역:탁재훈,소개팅남역:이정신,유신혜역:유인영,지환역:이도현,김장훈역:김장훈,뚱보아버지역:유민상,뚱보아들역:김수영,인기여배우역:이혜영,인기남배우역:송준근,심사위원역:김종민,막장모녀엄마역:정경미,막장모녀딸역:박소영,신세경역:신세경,재용첫째누나역:김서형,재용둘째누나역:조민아,재용막내누나역:이제인,호들갑남역:공형진,라디오DJ역:박소현,귀남의양아버지역:길용우,귀남의양어머니역:김창숙,천재용아버지역:이재용,배PD역:이지영,방귀남어린시절역:홍현택"
20200630,AXN,093258,103458,넝쿨째굴러온당신,,8회,전국,010200,드라마&영화,드라마,주말연속극,0.08999,0.04047,0.00827,0,0,0.03192,0.01089,0,0,0,0.07853,0.04463,0.06148,0.01149,"차윤희역:김남주,방귀남역:유준상,엄청애역:윤여정,방장수역:장용,전막례역:강부자,한만희역:김영란,차세중역:김용희,민지영역:진경,차세광역:강민혁,엄보애역:유지인,엄순애역:양희경,방일숙역:양정아,방이숙역:조윤희,방말숙역:오연서,장양실역:나영희,방정배역:김상호,고옥역:심이영,방장군역:곽동연,천재용역:이희준,윤빈역:김원준,남남구역:김형범,고시생역:김승우,예능국PD역:김준현,라디오DJ역:양희은,홍은희역:홍은희,송수지역:박수진,매니저역:이수근,목사역:지진희,차태봉역:차태현,성시갱역:성시경,노래강사역:이종박,한규현역:강동호,태영역:김형진,지피디역:곽민석,강혜수역:최윤소,동대문옷가게상인역:탁재훈,소개팅남역:이정신,유신혜역:유인영,지환역:이도현,김장훈역:김장훈,뚱보아버지역:유민상,뚱보아들역:김수영,인기여배우역:이혜영,인기남배우역:송준근,심사위원역:김종민,막장모녀엄마역:정경미,막장모녀딸역:박소영,신세경역:신세경,재용첫째누나역:김서형,재용둘째누나역:조민아,재용막내누나역:이제인,호들갑남역:공형진,라디오DJ역:박소현,귀남의양아버지역:길용우,귀남의양어머니역:김창숙,천재용아버지역:이재용,배PD역:이지영,방귀남어린시절역:홍현택"
20200630,AXN,134959,145234,넝쿨째굴러온당신,,7회,전국,010235,드라마&영화,드라마,주말연속극,0,0,0.09817,0.04154,0,0.04043,0.15557,0,0,0,0,0.01639,0.04557,0.07393,"차윤희역:김남주,방귀남역:유준상,엄청애역:윤여정,방장수역:장용,전막례역:강부자,한만희역:김영란,차세중역:김용희,민지영역:진경,차세광역:강민혁,엄보애역:유지인,엄순애역:양희경,방일숙역:양정아,방이숙역:조윤희,방말숙역:오연서,장양실역:나영희,방정배역:김상호,고옥역:심이영,방장군역:곽동연,천재용역:이희준,윤빈역:김원준,남남구역:김형범,고시생역:김승우,예능국PD역:김준현,라디오DJ역:양희은,홍은희역:홍은희,송수지역:박수진,매니저역:이수근,목사역:지진희,차태봉역:차태현,성시갱역:성시경,노래강사역:이종박,한규현역:강동호,태영역:김형진,지피디역:곽민석,강혜수역:최윤소,동대문옷가게상인역:탁재훈,소개팅남역:이정신,유신혜역:유인영,지환역:이도현,김장훈역:김장훈,뚱보아버지역:유민상,뚱보아들역:김수영,인기여배우역:이혜영,인기남배우역:송준근,심사위원역:김종민,막장모녀엄마역:정경미,막장모녀딸역:박소영,신세경역:신세경,재용첫째누나역:김서형,재용둘째누나역:조민아,재용막내누나역:이제인,호들갑남역:공형진,라디오DJ역:박소현,귀남의양아버지역:길용우,귀남의양어머니역:김창숙,천재용아버지역:이재용,배PD역:이지영,방귀남어린시절역:홍현택"
20200630,AXN,150927,161227,넝쿨째굴러온당신,,8회,전국,010300,드라마&영화,드라마,주말연속극,0.02794,0,0.21465,0,0.03502,0.00855,0.09907,0,0,0,0,0.02026,0.10863,0.06005,"차윤희역:김남주,방귀남역:유준상,엄청애역:윤여정,방장수역:장용,전막례역:강부자,한만희역:김영란,차세중역:김용희,민지영역:진경,차세광역:강민혁,엄보애역:유지인,엄순애역:양희경,방일숙역:양정아,방이숙역:조윤희,방말숙역:오연서,장양실역:나영희,방정배역:김상호,고옥역:심이영,방장군역:곽동연,천재용역:이희준,윤빈역:김원준,남남구역:김형범,고시생역:김승우,예능국PD역:김준현,라디오DJ역:양희은,홍은희역:홍은희,송수지역:박수진,매니저역:이수근,목사역:지진희,차태봉역:차태현,성시갱역:성시경,노래강사역:이종박,한규현역:강동호,태영역:김형진,지피디역:곽민석,강혜수역:최윤소,동대문옷가게상인역:탁재훈,소개팅남역:이정신,유신혜역:유인영,지환역:이도현,김장훈역:김장훈,뚱보아버지역:유민상,뚱보아들역:김수영,인기여배우역:이혜영,인기남배우역:송준근,심사위원역:김종민,막장모녀엄마역:정경미,막장모녀딸역:박소영,신세경역:신세경,재용첫째누나역:김서형,재용둘째누나역:조민아,재용막내누나역:이제인,호들갑남역:공형진,라디오DJ역:박소현,귀남의양아버지역:길용우,귀남의양어머니역:김창숙,천재용아버지역:이재용,배PD역:이지영,방귀남어린시절역:홍현택"
20200630,AXN,212153,222428,넝쿨째굴러온당신,,7회,전국,010235,드라마&영화,드라마,주말연속극,0,0.30067,0,0,0.15989,0,0.05876,0,0,0.03314,0.01619,0.12085,0.04909,0.00519,"차윤희역:김남주,방귀남역:유준상,엄청애역:윤여정,방장수역:장용,전막례역:강부자,한만희역:김영란,차세중역:김용희,민지영역:진경,차세광역:강민혁,엄보애역:유지인,엄순애역:양희경,방일숙역:양정아,방이숙역:조윤희,방말숙역:오연서,장양실역:나영희,방정배역:김상호,고옥역:심이영,방장군역:곽동연,천재용역:이희준,윤빈역:김원준,남남구역:김형범,고시생역:김승우,예능국PD역:김준현,라디오DJ역:양희은,홍은희역:홍은희,송수지역:박수진,매니저역:이수근,목사역:지진희,차태봉역:차태현,성시갱역:성시경,노래강사역:이종박,한규현역:강동호,태영역:김형진,지피디역:곽민석,강혜수역:최윤소,동대문옷가게상인역:탁재훈,소개팅남역:이정신,유신혜역:유인영,지환역:이도현,김장훈역:김장훈,뚱보아버지역:유민상,뚱보아들역:김수영,인기여배우역:이혜영,인기남배우역:송준근,심사위원역:김종민,막장모녀엄마역:정경미,막장모녀딸역:박소영,신세경역:신세경,재용첫째누나역:김서형,재용둘째누나역:조민아,재용막내누나역:이제인,호들갑남역:공형진,라디오DJ역:박소현,귀남의양아버지역:길용우,귀남의양어머니역:김창숙,천재용아버지역:이재용,배PD역:이지영,방귀남어린시절역:홍현택"
20200630,AXN,224208,234508,넝쿨째굴러온당신,,8회,전국,010300,드라마&영화,드라마,주말연속극,0,0,0.10903,0.01186,0,0.00103,0.0809,0,0,0,0,0.01365,0.00718,0.01559,"차윤희역:김남주,방귀남역:유준상,엄청애역:윤여정,방장수역:장용,전막례역:강부자,한만희역:김영란,차세중역:김용희,민지영역:진경,차세광역:강민혁,엄보애역:유지인,엄순애역:양희경,방일숙역:양정아,방이숙역:조윤희,방말숙역:오연서,장양실역:나영희,방정배역:김상호,고옥역:심이영,방장군역:곽동연,천재용역:이희준,윤빈역:김원준,남남구역:김형범,고시생역:김승우,예능국PD역:김준현,라디오DJ역:양희은,홍은희역:홍은희,송수지역:박수진,매니저역:이수근,목사역:지진희,차태봉역:차태현,성시갱역:성시경,노래강사역:이종박,한규현역:강동호,태영역:김형진,지피디역:곽민석,강혜수역:최윤소,동대문옷가게상인역:탁재훈,소개팅남역:이정신,유신혜역:유인영,지환역:이도현,김장훈역:김장훈,뚱보아버지역:유민상,뚱보아들역:김수영,인기여배우역:이혜영,인기남배우역:송준근,심사위원역:김종민,막장모녀엄마역:정경미,막장모녀딸역:박소영,신세경역:신세경,재용첫째누나역:김서형,재용둘째누나역:조민아,재용막내누나역:이제인,호들갑남역:공형진,라디오DJ역:박소현,귀남의양아버지역:길용우,귀남의양어머니역:김창숙,천재용아버지역:이재용,배PD역:이지영,방귀남어린시절역:홍현택"
20200630,CHING,020000,021859,번외수사,,7회,전국,001859,드라마&영화,드라마,미니시리즈,0,0,0,0,0.00681,0,0.02391,0,0,0,0,0.00872,0.0151,0,"진강호역:차태현,강무영역:이선빈,이반석역:정상훈,테디정역:윤경호,탁원역:지승현,민대진역:박정우,맨손역:박태산,연장역:장진희,지수철역:이영석,노순이역:민경옥"
20200630,CHING,023922,033939,번외수사,,8회,전국,010017,드라마&영화,드라마,미니시리즈,0,0,0.00452,0,0,0,0,0,0,0,0,0,0,0,"진강호역:차태현,강무영역:이선빈,이반석역:정상훈,테디정역:윤경호,탁원역:지승현,민대진역:박정우,맨손역:박태산,연장역:장진희,지수철역:이영석,노순이역:민경옥"
20200630,CHING,085722,092527,인어아가씨,,125회,전국,002805,드라마&영화,드라마,주간연속극,0,0,0,0,0.00254,0,0.0369,0,0,0,0,0.00279,0,0,"은아리영역:장서희,한경혜역:정영숙,은진섭역:박근형,심수정역:한혜숙,은예영역:우희진,이주왕역:김성민,이성수역:김병기,금옥선역:사미자,금실라역:김용림,조수아역:고두심,마마준역:정보석,마마린역:이재은"
20200630,CHING,092638,095410,인어아가씨,,126회,전국,002732,드라마&영화,드라마,주간연속극,0,0,0,0,0,0,0,0,0,0,0,0,0,0,"은아리영역:장서희,한경혜역:정영숙,은진섭역:박근형,심수정역:한혜숙,은예영역:우희진,이주왕역:김성민,이성수역:김병기,금옥선역:사미자,금실라역:김용림,조수아역:고두심,마마준역:정보석,마마린역:이재은"
20200630,CHING,100919,103715,인어아가씨,,127회,전국,002756,드라마&영화,드라마,주간연속극,0,0,0,0,0,0,0,0,0,0,0,0,0,0,"은아리영역:장서희,한경혜역:정영숙,은진섭역:박근형,심수정역:한혜숙,은예영역:우희진,이주왕역:김성민,이성수역:김병기,금옥선역:사미자,금실라역:김용림,조수아역:고두심,마마준역:정보석,마마린역:이재은"
20200630,CHING,103826,110626,인어아가씨,,128회,전국,002800,드라마&영화,드라마,주간연속극,0,0,0,0,0,0,0.00132,0,0,0,0,0,0,0.0019,"은아리영역:장서희,한경혜역:정영숙,은진섭역:박근형,심수정역:한혜숙,은예영역:우희진,이주왕역:김성민,이성수역:김병기,금옥선역:사미자,금실라역:김용림,조수아역:고두심,마마준역:정보석,마마린역:이재은"
20200630,CHING,143930,150735,인어아가씨,,125회,전국,002805,드라마&영화,드라마,주간연속극,0,0,0,0,0,0,0.10593,0,0,0,0,0,0,0.09135,"은아리영역:장서희,한경혜역:정영숙,은진섭역:박근형,심수정역:한혜숙,은예영역:우희진,이주왕역:김성민,이성수역:김병기,금옥선역:사미자,금실라역:김용림,조수아역:고두심,마마준역:정보석,마마린역:이재은"
20200630,CHING,150846,153618,인어아가씨,,126회,전국,002732,드라마&영화,드라마,주간연속극,0,0,0,0,0,0,0.08987,0,0,0,0,0,0,0.0887,"은아리영역:장서희,한경혜역:정영숙,은진섭역:박근형,심수정역:한혜숙,은예영역:우희진,이주왕역:김성민,이성수역:김병기,금옥선역:사미자,금실라역:김용림,조수아역:고두심,마마준역:정보석,마마린역:이재은"
20200630,CHING,154759,161556,인어아가씨,,127회,전국,002757,드라마&영화,드라마,주간연속극,0,0,0.01803,0,0.01871,0.01106,0.00963,0,0,0,0,0.01082,0.01216,0.0887,"은아리영역:장서희,한경혜역:정영숙,은진섭역:박근형,심수정역:한혜숙,은예영역:우희진,이주왕역:김성민,이성수역:김병기,금옥선역:사미자,금실라역:김용림,조수아역:고두심,마마준역:정보석,마마린역:이재은"
20200630,CHING,161707,164506,인어아가씨,,128회,전국,002759,드라마&영화,드라마,주간연속극,0,0,0.0541,0,0,0.03318,0.01764,0,0,0,0,0,0.03648,0.10646,"은아리영역:장서희,한경혜역:정영숙,은진섭역:박근형,심수정역:한혜숙,은예영역:우희진,이주왕역:김성민,이성수역:김병기,금옥선역:사미자,금실라역:김용림,조수아역:고두심,마마준역:정보석,마마린역:이재은"
20200630,CHING,165924,180422,이산,,33회,전국,010458,드라마&영화,드라마,주간연속극,0,0,0.01748,0,0,0.08154,0.00377,0,0,0,0,0,0.01178,0.03901,"정조이산역:이서진,성송연역:한지민,영조역:이순재,정순왕후역:김여진,화완옹주역:성현아,정후겸역:조연우,박대수역:이종수,효의왕후역:박은혜,혜경궁홍씨역:견미리,사도세자역:이창훈,홍국영역:한상진,최석주역:조경환,채제공역:한인수,정약용역:송창의,장태우역:이재용,민주식역:정호근,박제가역:정재곤,남사초역:맹상훈,박달호역:이희도,김정금상궁역:김소이,강미비상궁역:이숙,원빈홍씨역:지성원,화빈윤씨역:유연지,박영문역:신국,초비역:이도은,이천역:지상렬,탁지수역:유민혁,이산어린시절역:박지빈,성송연어린시절역:이한나,박대수어린시절역:권오민,정후겸어린시절역:이인성"
20200630,CHING,182021,192754,이산,,34회,전국,010733,드라마&영화,드라마,주간연속극,0,0,0,0,0.01549,0.06482,0.03679,0,0,0,0,0.04373,0.02439,0.00104,"정조이산역:이서진,성송연역:한지민,영조역:이순재,정순왕후역:김여진,화완옹주역:성현아,정후겸역:조연우,박대수역:이종수,효의왕후역:박은혜,혜경궁홍씨역:견미리,사도세자역:이창훈,홍국영역:한상진,최석주역:조경환,채제공역:한인수,정약용역:송창의,장태우역:이재용,민주식역:정호근,박제가역:정재곤,남사초역:맹상훈,박달호역:이희도,김정금상궁역:김소이,강미비상궁역:이숙,원빈홍씨역:지성원,화빈윤씨역:유연지,박영문역:신국,초비역:이도은,이천역:지상렬,탁지수역:유민혁,이산어린시절역:박지빈,성송연어린시절역:이한나,박대수어린시절역:권오민,정후겸어린시절역:이인성"
20200630,CHING,230208,233013,인어아가씨,,125회,전국,002805,드라마&영화,드라마,주간연속극,0,0,0,0,0,0,0.0066,0,0,0,0,0,0,0.01011,"은아리영역:장서희,한경혜역:정영숙,은진섭역:박근형,심수정역:한혜숙,은예영역:우희진,이주왕역:김성민,이성수역:김병기,금옥선역:사미자,금실라역:김용림,조수아역:고두심,마마준역:정보석,마마린역:이재은"
20200630,CHING,233124,235856,인어아가씨,,126회,전국,002732,드라마&영화,드라마,주간연속극,0,0,0,0,0,0,0.0082,0,0,0,0,0,0,0,"은아리영역:장서희,한경혜역:정영숙,은진섭역:박근형,심수정역:한혜숙,은예영역:우희진,이주왕역:김성민,이성수역:김병기,금옥선역:사미자,금실라역:김용림,조수아역:고두심,마마준역:정보석,마마린역:이재은"
20200630,CHING,241036,243832,인어아가씨,,127회,전국,002756,드라마&영화,드라마,주간연속극,0,0,0,0,0,0,0.0041,0,0,0,0,0,0,0,"은아리영역:장서희,한경혜역:정영숙,은진섭역:박근형,심수정역:한혜숙,은예영역:우희진,이주왕역:김성민,이성수역:김병기,금옥선역:사미자,금실라역:김용림,조수아역:고두심,마마준역:정보석,마마린역:이재은"
20200630,CHING,243943,250742,인어아가씨,,128회,전국,002759,드라마&영화,드라마,주간연속극,0,0,0,0,0,0.03942,0.01073,0,0,0,0,0.04184,0,0,"은아리영역:장서희,한경혜역:정영숙,은진섭역:박근형,심수정역:한혜숙,은예영역:우희진,이주왕역:김성민,이성수역:김병기,금옥선역:사미자,금실라역:김용림,조수아역:고두심,마마준역:정보석,마마린역:이재은"
20200630,CHING,251955,255959,이산,,33회,전국,004004,드라마&영화,드라마,주간연속극,0,0,0,0,0,0,0,0,0,0,0,0,0,0,"정조이산역:이서진,성송연역:한지민,영조역:이순재,정순왕후역:김여진,화완옹주역:성현아,정후겸역:조연우,박대수역:이종수,효의왕후역:박은혜,혜경궁홍씨역:견미리,사도세자역:이창훈,홍국영역:한상진,최석주역:조경환,채제공역:한인수,정약용역:송창의,장태우역:이재용,민주식역:정호근,박제가역:정재곤,남사초역:맹상훈,박달호역:이희도,김정금상궁역:김소이,강미비상궁역:이숙,원빈홍씨역:지성원,화빈윤씨역:유연지,박영문역:신국,초비역:이도은,이천역:지상렬,탁지수역:유민혁,이산어린시절역:박지빈,성송연어린시절역:이한나,박대수어린시절역:권오민,정후겸어린시절역:이인성"
20200630,CNTV,020000,022024,태조왕건,,2회,전국,002024,드라마&영화,드라마,주간연속극,0,0,0,0,0,0.00488,0.06221,0,0,0,0,0,0,0.06051,"왕건역:최수종,궁예역:김영철,강비역:김혜리,견훤역:서인석"
20200630,CNTV,022828,031954,태조왕건,,3회,전국,005126,드라마&영화,드라마,주간연속극,0,0,0,0,0,0,0.2039,0,0,0,0,0.00183,0,0.07054,"왕건역:최수종,궁예역:김영철,강비역:김혜리,견훤역:서인석"
20200630,CNTV,032656,040132,녹두꽃,,31회,전국,003436,드라마&영화,드라마,미니시리즈,0,0,0,0,0,0.00731,0.05408,0,0.09738,0,0,0.04418,0,0.05706,"백이강역:조정석,백이현역:윤시윤,송자인역:한예리,전봉준역:최무성,백가역:박혁권,최덕기역:김상호,황석주역:최원영,채씨역:황영희,백이화역:백은혜,유월이역:서영희,남서방역:정선철,최경선역:민성욱,해승역:안길강,버들이역:노행하,번개역:병헌,동록개역:정규수,김가역:박지환,김개남역:김정호,손화중역:홍우진,송희옥역:이태검,황명심역:박규영,홍가역:조희봉,억쇠역:조현식,철두역:김도연,박원명역:김하균,송봉길역:박지일,김당손역:문원주,김문현역:이순원,김학진역:남문철,홍계훈역:윤서현,이규태역:손우현,이두황역:서종봉,대원군역:전국환,민비역:김지현,고종역:이윤건,조병갑역:장광,이용태역:이정헌,최시형역:전무송,다케다요스케역:이기찬,김홍집역:황만익"
20200630,CNTV,040157,043034,녹두꽃,,32회,전국,002837,드라마&영화,드라마,미니시리즈,0,0,0,0,0.03439,0.02198,0.00359,0,0.02612,0,0,0.01185,0.00502,0.01233,"백이강역:조정석,백이현역:윤시윤,송자인역:한예리,전봉준역:최무성,백가역:박혁권,최덕기역:김상호,황석주역:최원영,채씨역:황영희,백이화역:백은혜,유월이역:서영희,남서방역:정선철,최경선역:민성욱,해승역:안길강,버들이역:노행하,번개역:병헌,동록개역:정규수,김가역:박지환,김개남역:김정호,손화중역:홍우진,송희옥역:이태검,황명심역:박규영,홍가역:조희봉,억쇠역:조현식,철두역:김도연,박원명역:김하균,송봉길역:박지일,김당손역:문원주,김문현역:이순원,김학진역:남문철,홍계훈역:윤서현,이규태역:손우현,이두황역:서종봉,대원군역:전국환,민비역:김지현,고종역:이윤건,조병갑역:장광,이용태역:이정헌,최시형역:전무송,다케다요스케역:이기찬,김홍집역:황만익"
20200630,CNTV,060429,065910,용의눈물,,97회,전국,005441,드라마&영화,드라마,주간연속극,0.00733,0,0,0,0.01012,0.00296,0.10859,0.00771,0,0,0.04201,0,0.00732,0.08028,"유동근,최명길,이민우,안재모,김무생,김혜리"
20200630,CNTV,071121,080510,용의눈물,,98회,전국,005349,드라마&영화,드라마,주간연속극,0,0,0.07683,0.02947,0.00474,0.06289,0.18093,0,0,0,0.10707,0.0506,0.03734,0.14867,"유동근,최명길,이민우,안재모,김무생,김혜리"
20200630,CNTV,092652,103010,바람과구름과비,,11회,전국,010318,드라마&영화,드라마,미니시리즈,0,0,0,0,0.05359,0.05936,0.26686,0,0,0,0,0.14653,0.05273,0.21907,"최천중역:박시후,봉련역:고성희,흥선대원군이하응역:전광렬,채인규역:성혁,김병운역:김승수,김좌근역:차광수,나합역:윤아정,김병학역:한재영,조대비역:김보연,철종역:정욱,이하전역:이루,명성황후민자영역:박정연,고종이재황역:박상훈,용팔룡역:조복래,주모역:김주령,적도사진상역:한동규,팽구철역:노형욱,만석역:박노식,연치성역:임현수,반달역:왕빛나,임종사관역:허태희,최천중어린시절역:강태우,봉련어린시절역:홍승희,채인규어린시절역:최정우,상복역:허성태,민승호역:이해우,저자이병주,출판그림같은세상2020.08.28.,e북무료판매처 1건"
20200630,CNTV,104733,114842,야인시대,,55회,전국,010109,드라마&영화,드라마,주간연속극,0.02578,0.01315,0,0.00139,0.03621,0.03819,0.32668,0,0,0,0.00863,0.02535,0.00846,0.20204,"청년김두한역:안재모,소년김두한역:곽정욱,장년김두한역:김영철,장년정진영역:차광수,구마적역:이원종,쌍칼역:박준규,김무옥역:이혁재,문영철역:장세진,장년개코역:성동일,신마적역:최철호,하야시역:이창훈,가미소리역:이상인,시바루역:이세창,나미꼬역:이세은,시라소니역:조상구,최동열역:정동환,미와역:이재용,마루오까역:최재성,설향역:허영란,애란역:조여정,정운경역:심형탁,김좌진역:최동준,오숙근역:이덕희,박계숙역:전미선,원노인역:이순재,유진산역:이효정,이정재역:김영호,조병옥역:김학철,이화룡역:안승훈,청년개코역:이동훈,신영균역:윤용현,청년정진영역:김정민,김영태역:박영록,박인애역:정소영,이영숙역:이일화,김두한어린시절역:곽정욱"
20200630,CNTV,120739,125946,광개토태왕,,88회,전국,005207,드라마&영화,드라마,주말연속극,0,0,0.13671,0.03009,0.21858,0.02004,0.56406,0,0.01266,0,0,0.00426,0.23639,0.19846,"담덕역:이태곤,고운역:김승수,모용보역:임호,도영역:오지은,연살타역:홍경인,약연역:이인혜,고무역:김진태,고창역:남성진,모두영역:이원발,모두루역:임대호,모용수역:김동현,풍발역:정호근,개연수역:최동준,가라지역:오욱철,연도부역:반석진,계필역:선동혁,이영역:최상훈,담망역:정태우,이련역:송용태,고야역:이보희,담주역:조안,설도안역:김규철,설지역:김정화,마수역:고인범,여소이역:임병기,돌비수역:김정현,갈사무역:강신조,도광역:박승호,소모역:강지후,여문역:나주석,모용희역:조인표,거보역:김덕현,무갑역:유종근,여석개역:방형주,황회역:김명수,원봉역:박유승,하무지역:윤승원,사갈현역:김철기,아신역:박정철"
20200630,CNTV,131941,141502,용의눈물,,97회,전국,005521,드라마&영화,드라마,주간연속극,0,0.00554,0,0.02305,0.02505,0.18747,0.51829,0.01269,0.03713,0.00336,0.05589,0.01119,0.148,0.45564,"유동근,최명길,이민우,안재모,김무생,김혜리"
20200630,CNTV,143251,152710,용의눈물,,98회,전국,005419,드라마&영화,드라마,주간연속극,0.07859,0.11976,0.01901,0.00169,0.2164,0.0951,0.38336,0.1532,0.16003,0,0.0239,0.15613,0.0765,0.30658,"유동근,최명길,이민우,안재모,김무생,김혜리"
20200630,CNTV,155009,165342,바람과구름과비,,11회,전국,010333,드라마&영화,드라마,미니시리즈,0.05261,0,0,0.22226,0.37994,0.20574,0.45842,0.0265,0.27776,0,0.11251,0.31458,0.05637,0.30954,"최천중역:박시후,봉련역:고성희,흥선대원군이하응역:전광렬,채인규역:성혁,김병운역:김승수,김좌근역:차광수,나합역:윤아정,김병학역:한재영,조대비역:김보연,철종역:정욱,이하전역:이루,명성황후민자영역:박정연,고종이재황역:박상훈,용팔룡역:조복래,주모역:김주령,적도사진상역:한동규,팽구철역:노형욱,만석역:박노식,연치성역:임현수,반달역:왕빛나,임종사관역:허태희,최천중어린시절역:강태우,봉련어린시절역:홍승희,채인규어린시절역:최정우,상복역:허성태,민승호역:이해우,저자이병주,출판그림같은세상2020.08.28.,e북무료판매처 1건"
20200630,CNTV,171232,181340,야인시대,,55회,전국,010108,드라마&영화,드라마,주간연속극,0,0.0299,0.01084,0.12001,0.12669,0.07523,0.3852,0,0,0,0.09164,0.02677,0.11811,0.22835,"청년김두한역:안재모,소년김두한역:곽정욱,장년김두한역:김영철,장년정진영역:차광수,구마적역:이원종,쌍칼역:박준규,김무옥역:이혁재,문영철역:장세진,장년개코역:성동일,신마적역:최철호,하야시역:이창훈,가미소리역:이상인,시바루역:이세창,나미꼬역:이세은,시라소니역:조상구,최동열역:정동환,미와역:이재용,마루오까역:최재성,설향역:허영란,애란역:조여정,정운경역:심형탁,김좌진역:최동준,오숙근역:이덕희,박계숙역:전미선,원노인역:이순재,유진산역:이효정,이정재역:김영호,조병옥역:김학철,이화룡역:안승훈,청년개코역:이동훈,신영균역:윤용현,청년정진영역:김정민,김영태역:박영록,박인애역:정소영,이영숙역:이일화,김두한어린시절역:곽정욱"
20200630,CNTV,183026,192235,광개토태왕,,88회,전국,005209,드라마&영화,드라마,주말연속극,0,0,0.00267,0,0.44429,0.50174,0.21988,0.10648,0.05779,0,0.00145,0.24128,0.09154,0.39923,"담덕역:이태곤,고운역:김승수,모용보역:임호,도영역:오지은,연살타역:홍경인,약연역:이인혜,고무역:김진태,고창역:남성진,모두영역:이원발,모두루역:임대호,모용수역:김동현,풍발역:정호근,개연수역:최동준,가라지역:오욱철,연도부역:반석진,계필역:선동혁,이영역:최상훈,담망역:정태우,이련역:송용태,고야역:이보희,담주역:조안,설도안역:김규철,설지역:김정화,마수역:고인범,여소이역:임병기,돌비수역:김정현,갈사무역:강신조,도광역:박승호,소모역:강지후,여문역:나주석,모용희역:조인표,거보역:김덕현,무갑역:유종근,여석개역:방형주,황회역:김명수,원봉역:박유승,하무지역:윤승원,사갈현역:김철기,아신역:박정철"
20200630,CNTV,194238,203744,용의눈물,,97회,전국,005506,드라마&영화,드라마,주간연속극,0.23149,0,0,0,0.02995,0.00481,0.07913,0,0,0.15304,0.05119,0.00664,0.02071,0.03229,"유동근,최명길,이민우,안재모,김무생,김혜리"
20200630,CNTV,205409,214827,용의눈물,,98회,전국,005418,드라마&영화,드라마,주간연속극,0,0,0.01403,0,0.01847,0.05903,0.12698,0,0,0.17514,0,0.04883,0.10217,0.10013,"유동근,최명길,이민우,안재모,김무생,김혜리"
20200630,CNTV,220527,230900,바람과구름과비,,11회,전국,010333,드라마&영화,드라마,미니시리즈,0,0.03018,0,0.0027,0.01876,0.24229,0.20518,0,0.03882,0.4072,0.02681,0.2715,0.40751,0.19072,"최천중역:박시후,봉련역:고성희,흥선대원군이하응역:전광렬,채인규역:성혁,김병운역:김승수,김좌근역:차광수,나합역:윤아정,김병학역:한재영,조대비역:김보연,철종역:정욱,이하전역:이루,명성황후민자영역:박정연,고종이재황역:박상훈,용팔룡역:조복래,주모역:김주령,적도사진상역:한동규,팽구철역:노형욱,만석역:박노식,연치성역:임현수,반달역:왕빛나,임종사관역:허태희,최천중어린시절역:강태우,봉련어린시절역:홍승희,채인규어린시절역:최정우,상복역:허성태,민승호역:이해우,저자이병주,출판그림같은세상2020.08.28.,e북무료판매처 1건"
20200630,CNTV,232233,242341,야인시대,,55회,전국,010108,드라마&영화,드라마,주간연속극,0.04342,0,0.18965,0.01543,0.25086,0.19108,0.18017,0,0,0,0.00996,0.26952,0.23226,0.03297,"청년김두한역:안재모,소년김두한역:곽정욱,장년김두한역:김영철,장년정진영역:차광수,구마적역:이원종,쌍칼역:박준규,김무옥역:이혁재,문영철역:장세진,장년개코역:성동일,신마적역:최철호,하야시역:이창훈,가미소리역:이상인,시바루역:이세창,나미꼬역:이세은,시라소니역:조상구,최동열역:정동환,미와역:이재용,마루오까역:최재성,설향역:허영란,애란역:조여정,정운경역:심형탁,김좌진역:최동준,오숙근역:이덕희,박계숙역:전미선,원노인역:이순재,유진산역:이효정,이정재역:김영호,조병옥역:김학철,이화룡역:안승훈,청년개코역:이동훈,신영균역:윤용현,청년정진영역:김정민,김영태역:박영록,박인애역:정소영,이영숙역:이일화,김두한어린시절역:곽정욱"
20200630,CNTV,243543,252751,광개토태왕,,88회,전국,005208,드라마&영화,드라마,주말연속극,0,0,0.01459,0.06914,0.10068,0.34609,0.23635,0,0.02185,0,0.00452,0.04705,0.07563,0.26217,"담덕역:이태곤,고운역:김승수,모용보역:임호,도영역:오지은,연살타역:홍경인,약연역:이인혜,고무역:김진태,고창역:남성진,모두영역:이원발,모두루역:임대호,모용수역:김동현,풍발역:정호근,개연수역:최동준,가라지역:오욱철,연도부역:반석진,계필역:선동혁,이영역:최상훈,담망역:정태우,이련역:송용태,고야역:이보희,담주역:조안,설도안역:김규철,설지역:김정화,마수역:고인범,여소이역:임병기,돌비수역:김정현,갈사무역:강신조,도광역:박승호,소모역:강지후,여문역:나주석,모용희역:조인표,거보역:김덕현,무갑역:유종근,여석개역:방형주,황회역:김명수,원봉역:박유승,하무지역:윤승원,사갈현역:김철기,아신역:박정철"
20200630,CNTV,253554,255959,태조왕건,,4회,전국,002405,드라마&영화,드라마,주간연속극,0,0,0.0122,0,0,0.12795,0.10304,0,0,0,0,0.10729,0.25744,0,"왕건역:최수종,궁예역:김영철,강비역:김혜리,견훤역:서인석"
20200630,DRAMAcube,041941,052438,야식남녀,,9회,전국,010457,드라마&영화,드라마,미니시리즈,0,0.01383,0,0.01331,0,0.01802,0.06149,0,0.01955,0,0,0.06673,0.0379,0,"박진성역:정일우,김아진역:강지영,강태완역:이학주,이상영역:김승수,차주희역:김수진,남규장역:양대혁,유성은역:공민정,노재수역:박성준,박진우역:최재현"
20200630,DRAMAcube,052731,055617,아이템,,15회,전국,002846,드라마&영화,드라마,미니시리즈,0,0.00859,0,0.01766,0,0.01697,0.00856,0,0,0,0.01366,0.00945,0.03316,0.00673,"강곤역:주지훈,신소영역:진세연,조세황역:김강우,한유나역:김유리,구동영역:박원상,신구철역:이대연,방학재역:김민교,하승목역:황동주,서요한역:오승훈,이한길역:최진호,최호준역:김도현,유철조역:정인겸,김대흥역:최권,정진만역:임영식,강다인역:신린아"
20200630,DRAMAcube,055626,062737,아이템,,16회,전국,003111,드라마&영화,드라마,미니시리즈,0,0,0.02649,0,0.00329,0.0122,0.07873,0,0,0,0,0.01605,0,0.03124,"강곤역:주지훈,신소영역:진세연,조세황역:김강우,한유나역:김유리,구동영역:박원상,신구철역:이대연,방학재역:김민교,하승목역:황동주,서요한역:오승훈,이한길역:최진호,최호준역:김도현,유철조역:정인겸,김대흥역:최권,정진만역:임영식,강다인역:신린아"
20200630,DRAMAcube,090304,100514,편의점샛별이,,4회,전국,010210,드라마&영화,드라마,미니시리즈,0,0.12896,0.01609,0,0.22643,0.01204,0.01685,0,0,0,0.08818,0.22635,0.00308,0,"최대현역:지창욱,정샛별역:김유정,유연주역:한선화,조승준역:도상우,정은별역:솔빈,공분희역:김선영,최용필역:이병준,한달식역:음문석,권의추역:우현,차기복역:이윤희,고광태역:배기범,김혜자역:견미리,최대순역:김지현,황금비역:서예화,차은조역:윤수,배부장역:허재호,강성태역:지찬,김정하역:신윤정,오현지역:한류은,강지욱역:김민규,유명기역:길용우"
20200630,DRAMAcube,164245,174624,편의점샛별이,,3회,전국,010339,드라마&영화,드라마,미니시리즈,0,0.32234,0.00374,0.06565,0.05484,0.04975,0.04485,0,0,0.14418,0.08409,0.1532,0.1504,0.07095,"최대현역:지창욱,정샛별역:김유정,유연주역:한선화,조승준역:도상우,정은별역:솔빈,공분희역:김선영,최용필역:이병준,한달식역:음문석,권의추역:우현,차기복역:이윤희,고광태역:배기범,김혜자역:견미리,최대순역:김지현,황금비역:서예화,차은조역:윤수,배부장역:허재호,강성태역:지찬,김정하역:신윤정,오현지역:한류은,강지욱역:김민규,유명기역:길용우"
20200630,DRAMAcube,180013,190229,편의점샛별이,,4회,전국,010216,드라마&영화,드라마,미니시리즈,0.40813,0.01299,0.11674,0,0.03509,0.18706,0,0.02471,0.23022,0,0.02479,0.53089,0.33564,0.01079,"최대현역:지창욱,정샛별역:김유정,유연주역:한선화,조승준역:도상우,정은별역:솔빈,공분희역:김선영,최용필역:이병준,한달식역:음문석,권의추역:우현,차기복역:이윤희,고광태역:배기범,김혜자역:견미리,최대순역:김지현,황금비역:서예화,차은조역:윤수,배부장역:허재호,강성태역:지찬,김정하역:신윤정,오현지역:한류은,강지욱역:김민규,유명기역:길용우"
20200630,DramaH,094112,104439,바람과구름과비,,11회,전국,010327,드라마&영화,드라마,미니시리즈,0,0,0,0.06033,0.01009,0.20761,0.09405,0,0.00341,0.00523,0.01093,0.36533,0.17663,0.1948,"최천중역:박시후,봉련역:고성희,흥선대원군이하응역:전광렬,채인규역:성혁,김병운역:김승수,김좌근역:차광수,나합역:윤아정,김병학역:한재영,조대비역:김보연,철종역:정욱,이하전역:이루,명성황후민자영역:박정연,고종이재황역:박상훈,용팔룡역:조복래,주모역:김주령,적도사진상역:한동규,팽구철역:노형욱,만석역:박노식,연치성역:임현수,반달역:왕빛나,임종사관역:허태희,최천중어린시절역:강태우,봉련어린시절역:홍승희,채인규어린시절역:최정우,상복역:허성태,민승호역:이해우,저자이병주,출판그림같은세상2020.08.28.,e북무료판매처 1건"
20200630,DramaH,110315,120703,바람과구름과비,,12회,전국,010348,드라마&영화,드라마,미니시리즈,0,0,0,0.02837,0.11304,0.2395,0.65854,0,0,0,0.02814,0.17502,0.45073,0.79467,"최천중역:박시후,봉련역:고성희,흥선대원군이하응역:전광렬,채인규역:성혁,김병운역:김승수,김좌근역:차광수,나합역:윤아정,김병학역:한재영,조대비역:김보연,철종역:정욱,이하전역:이루,명성황후민자영역:박정연,고종이재황역:박상훈,용팔룡역:조복래,주모역:김주령,적도사진상역:한동규,팽구철역:노형욱,만석역:박노식,연치성역:임현수,반달역:왕빛나,임종사관역:허태희,최천중어린시절역:강태우,봉련어린시절역:홍승희,채인규어린시절역:최정우,상복역:허성태,민승호역:이해우,저자이병주,출판그림같은세상2020.08.28.,e북무료판매처 1건"
20200630,DramaH,225401,235749,바람과구름과비,,12회,전국,010348,드라마&영화,드라마,미니시리즈,0,0.02241,0,0.01218,0.24159,0.1336,0.08185,0,0,0.02272,0.01412,0.17331,0.23021,0.23436,"최천중역:박시후,봉련역:고성희,흥선대원군이하응역:전광렬,채인규역:성혁,김병운역:김승수,김좌근역:차광수,나합역:윤아정,김병학역:한재영,조대비역:김보연,철종역:정욱,이하전역:이루,명성황후민자영역:박정연,고종이재황역:박상훈,용팔룡역:조복래,주모역:김주령,적도사진상역:한동규,팽구철역:노형욱,만석역:박노식,연치성역:임현수,반달역:왕빛나,임종사관역:허태희,최천중어린시절역:강태우,봉련어린시절역:홍승희,채인규어린시절역:최정우,상복역:허성태,민승호역:이해우,저자이병주,출판그림같은세상2020.08.28.,e북무료판매처 1건"
20200630,DramaH,241059,251309,바람과구름과비,,13회,전국,010210,드라마&영화,드라마,미니시리즈,0,0,0.00577,0,0.26769,0.10903,0.22469,0,0.09773,0,0.14969,0.47229,0.27055,0.34569,"최천중역:박시후,봉련역:고성희,흥선대원군이하응역:전광렬,채인규역:성혁,김병운역:김승수,김좌근역:차광수,나합역:윤아정,김병학역:한재영,조대비역:김보연,철종역:정욱,이하전역:이루,명성황후민자영역:박정연,고종이재황역:박상훈,용팔룡역:조복래,주모역:김주령,적도사진상역:한동규,팽구철역:노형욱,만석역:박노식,연치성역:임현수,반달역:왕빛나,임종사관역:허태희,최천중어린시절역:강태우,봉련어린시절역:홍승희,채인규어린시절역:최정우,상복역:허성태,민승호역:이해우,저자이병주,출판그림같은세상2020.08.28.,e북무료판매처 1건"
20200630,Dramax,050101,053318,당신의하우스헬퍼,,15회,전국,003217,드라마&영화,드라마,미니시리즈,0,0,0,0,0,0,0,0,0,0,0,0.01387,0.00409,0.02058,"김지운역:하석진,임다영역:보나,권진국역:이지훈,윤상아역:고원희,한소미역:서은아,강혜주역:전수진,고태수역:조희봉,박가람역:연준석,장용건역:윤주상,조팀장역:정석용,안진홍역:이민영,오윤기역:임지규,서호기역:김민석,백장미역:송상은,최나리역:이노아,방철수역:이도겸,이소희역:심이영"
20200630,Dramax,053429,060108,당신의하우스헬퍼,,16회,전국,002639,드라마&영화,드라마,미니시리즈,0,0,0,0,0,0,0,0,0,0,0,0,0,0.01562,"김지운역:하석진,임다영역:보나,권진국역:이지훈,윤상아역:고원희,한소미역:서은아,강혜주역:전수진,고태수역:조희봉,박가람역:연준석,장용건역:윤주상,조팀장역:정석용,안진홍역:이민영,오윤기역:임지규,서호기역:김민석,백장미역:송상은,최나리역:이노아,방철수역:이도겸,이소희역:심이영"
20200630,Dramax,061315,064558,당신의하우스헬퍼,,17회,전국,003243,드라마&영화,드라마,미니시리즈,0.13336,0.04145,0,0,0.03766,0,0.00613,0,0,0,0,0.03412,0,0.05471,"김지운역:하석진,임다영역:보나,권진국역:이지훈,윤상아역:고원희,한소미역:서은아,강혜주역:전수진,고태수역:조희봉,박가람역:연준석,장용건역:윤주상,조팀장역:정석용,안진홍역:이민영,오윤기역:임지규,서호기역:김민석,백장미역:송상은,최나리역:이노아,방철수역:이도겸,이소희역:심이영"
20200630,Dramax,064708,071424,당신의하우스헬퍼,,18회,전국,002716,드라마&영화,드라마,미니시리즈,0,0.15197,0,0,0.04968,0,0.02248,0,0,0,0,0.06572,0,0.0269,"김지운역:하석진,임다영역:보나,권진국역:이지훈,윤상아역:고원희,한소미역:서은아,강혜주역:전수진,고태수역:조희봉,박가람역:연준석,장용건역:윤주상,조팀장역:정석용,안진홍역:이민영,오윤기역:임지규,서호기역:김민석,백장미역:송상은,최나리역:이노아,방철수역:이도겸,이소희역:심이영"
20200630,Dramax,132749,143358,낭만닥터김사부2,,10회,전국,010609,드라마&영화,드라마,미니시리즈,0,0.16924,0.0306,0,0.23412,0.06978,0.3998,0,0.0033,0.00792,0.01956,0.10824,0.42006,0.25793,"김사부역:한석규,서우진역:안효섭,차은재역:이성경,박민국역:김주헌,배문정역:신동욱,윤아름역:소주연,정인수역:윤나무,여운영역:김홍파,오명심역:진경,장기태역:임원희,남도일역:변우민,박은탁역:김민재,양호준역:고상호,심혜진역:박효주,허영규역:배명진,도윤완역:최진호,엄현정역:정지안,주영미역:윤보라,주지배인역:서영"
20200630,E채널,072827,082933,닥터스,,13회,전국,010106,드라마&영화,드라마,주간연속극,0,0,0.03831,0.01058,0.01664,0.06022,0.1711,0,0,0.04191,0.00656,0.119,0.04823,0.01339,"홍지홍역:김래원,유혜정역:박신혜,정윤도역:윤균상,진서우역:이성경,강말순역:김영애,유민호역:정해균,이가진역:박지아,유유나역:한보배,김수철역:지수,천순희역:문지인,홍두식역:이호재,조인주역:유다인,진성종역:전국환,진명훈역:엄효섭,윤지영역:윤해영,김태호역:장현성,강경준역:김강현,피영국역:백성현,안중대역:조현식,최강수역:김민석,백호민역:정진,정파란역:이선호,황보태양역:최성재,현수진간호사역:표예진,유별간호사역:지이수,조직보스역:이기우,오영미역:정경순,이수정역:임지연,조수지역:한혜진,안성수역:조달환,남바람역:남궁민,예비신랑역:이상엽"
20200630,E채널,084422,094545,닥터스,,14회,전국,010123,드라마&영화,드라마,주간연속극,0,0.01835,0,0.00814,0.25489,0.01053,0.28237,0,0,0,0,0.00735,0.01164,0.02168,"홍지홍역:김래원,유혜정역:박신혜,정윤도역:윤균상,진서우역:이성경,강말순역:김영애,유민호역:정해균,이가진역:박지아,유유나역:한보배,김수철역:지수,천순희역:문지인,홍두식역:이호재,조인주역:유다인,진성종역:전국환,진명훈역:엄효섭,윤지영역:윤해영,김태호역:장현성,강경준역:김강현,피영국역:백성현,안중대역:조현식,최강수역:김민석,백호민역:정진,정파란역:이선호,황보태양역:최성재,현수진간호사역:표예진,유별간호사역:지이수,조직보스역:이기우,오영미역:정경순,이수정역:임지연,조수지역:한혜진,안성수역:조달환,남바람역:남궁민,예비신랑역:이상엽"
20200630,FX,041818,052000,야인시대,,110회,전국,010142,드라마&영화,드라마,주간연속극,0,0,0,0,0,0,0,0,0,0,0,0,0.0061,0,"청년김두한역:안재모,소년김두한역:곽정욱,장년김두한역:김영철,장년정진영역:차광수,구마적역:이원종,쌍칼역:박준규,김무옥역:이혁재,문영철역:장세진,장년개코역:성동일,신마적역:최철호,하야시역:이창훈,가미소리역:이상인,시바루역:이세창,나미꼬역:이세은,시라소니역:조상구,최동열역:정동환,미와역:이재용,마루오까역:최재성,설향역:허영란,애란역:조여정,정운경역:심형탁,김좌진역:최동준,오숙근역:이덕희,박계숙역:전미선,원노인역:이순재,유진산역:이효정,이정재역:김영호,조병옥역:김학철,이화룡역:안승훈,청년개코역:이동훈,신영균역:윤용현,청년정진영역:김정민,김영태역:박영록,박인애역:정소영,이영숙역:이일화,김두한어린시절역:곽정욱"
20200630,FX,084454,093828,허준,,50회,전국,005334,드라마&영화,드라마,주간연속극,0,0,0,0,0,0,0.00597,0,0,0,0,0,0.0044,0.00242,"허준역:전광렬,유의태역:이순재,유도지역:김병세,예진역:황수정,임오근역:임현식,구일서역:이희도"
20200630,FX,095245,104149,허준,,51회,전국,004904,드라마&영화,드라마,주간연속극,0,0,0.00563,0,0,0.00486,0,0,0,0,0.01156,0,0.02896,0.00484,"허준역:전광렬,유의태역:이순재,유도지역:김병세,예진역:황수정,임오근역:임현식,구일서역:이희도"
20200630,FX,175300,185640,야인시대,,110회,전국,010340,드라마&영화,드라마,주간연속극,0,0,0,0,0,0.03608,0.12728,0,0,0,0,0,0.02816,0.14386,"청년김두한역:안재모,소년김두한역:곽정욱,장년김두한역:김영철,장년정진영역:차광수,구마적역:이원종,쌍칼역:박준규,김무옥역:이혁재,문영철역:장세진,장년개코역:성동일,신마적역:최철호,하야시역:이창훈,가미소리역:이상인,시바루역:이세창,나미꼬역:이세은,시라소니역:조상구,최동열역:정동환,미와역:이재용,마루오까역:최재성,설향역:허영란,애란역:조여정,정운경역:심형탁,김좌진역:최동준,오숙근역:이덕희,박계숙역:전미선,원노인역:이순재,유진산역:이효정,이정재역:김영호,조병옥역:김학철,이화룡역:안승훈,청년개코역:이동훈,신영균역:윤용현,청년정진영역:김정민,김영태역:박영록,박인애역:정소영,이영숙역:이일화,김두한어린시절역:곽정욱"
20200630,FX,242153,252533,야인시대,,110회,전국,010340,드라마&영화,드라마,주간연속극,0,0,0.05927,0,0,0,0.01686,0,0,0,0,0.00857,0.05469,0,"청년김두한역:안재모,소년김두한역:곽정욱,장년김두한역:김영철,장년정진영역:차광수,구마적역:이원종,쌍칼역:박준규,김무옥역:이혁재,문영철역:장세진,장년개코역:성동일,신마적역:최철호,하야시역:이창훈,가미소리역:이상인,시바루역:이세창,나미꼬역:이세은,시라소니역:조상구,최동열역:정동환,미와역:이재용,마루오까역:최재성,설향역:허영란,애란역:조여정,정운경역:심형탁,김좌진역:최동준,오숙근역:이덕희,박계숙역:전미선,원노인역:이순재,유진산역:이효정,이정재역:김영호,조병옥역:김학철,이화룡역:안승훈,청년개코역:이동훈,신영균역:윤용현,청년정진영역:김정민,김영태역:박영록,박인애역:정소영,이영숙역:이일화,김두한어린시절역:곽정욱"
20200630,KBS DRAMA,045042,051843,기막힌유산,,49회,전국,002801,드라마&영화,드라마,일일연속극,0,0,0,0.01365,0,0.04388,0.05719,0.17554,0,0,0.10928,0.00713,0.03707,0.14516,"부영배역:박인환,공계옥역:강세정,부설악역:신정윤,부백두역:강신조,윤민주역:이아현,부금강역:남성진,신애리역:김가연,정미희역:박순천,김용미역:이응경,부한라역:박신우,성판금역:조양자,부가온역:김비주,부태희역:김연지,부혜교역:김효경,부지현역:강유라,공소영역:김난주,이장원역:이일준,김수민역:조서후,김종두역:이춘식,차정건역:조순창,이청아역:정서하,손보미역:박민지,김영지역:주민하,강선희역:박현정,천호식역:백신,이정태역:노상보,고향숙역:박소정"
20200630,KBS DRAMA,051850,054635,기막힌유산,,50회,전국,002745,드라마&영화,드라마,일일연속극,0,0,0.21927,0.07212,0,0.10093,0.28917,0.59684,0,0,0.19123,0.082,0.32594,0.23565,"부영배역:박인환,공계옥역:강세정,부설악역:신정윤,부백두역:강신조,윤민주역:이아현,부금강역:남성진,신애리역:김가연,정미희역:박순천,김용미역:이응경,부한라역:박신우,성판금역:조양자,부가온역:김비주,부태희역:김연지,부혜교역:김효경,부지현역:강유라,공소영역:김난주,이장원역:이일준,김수민역:조서후,김종두역:이춘식,차정건역:조순창,이청아역:정서하,손보미역:박민지,김영지역:주민하,강선희역:박현정,천호식역:백신,이정태역:노상보,고향숙역:박소정"
20200630,KBS DRAMA,055037,062447,위험한약속,,58회,전국,003410,드라마&영화,드라마,일일연속극,0,0.85923,0.01194,0.07621,0.06513,0.00191,0.64056,0,0.00884,0.09837,0.00438,0.01895,0.46719,0.51526,"차은동역:박하나,강태인역:고세원,최준혁역:강성민,오혜원역:박영린,한지훈역:이창욱,차만종역:이대연,차은찬역:유준서,공영심역:유지연,봉석구역:현우섭,강일섭역:강신일,연두심역:이칸희,한광훈역:길용우,한서주역:김혜지,최명희역:김나운,고재숙역:윤복인,최영국역:송민형,민주란역:오영실,최준경역:이효나,이창욱역:김정운"
20200630,KBS DRAMA,062454,065854,위험한약속,,59회,전국,003400,드라마&영화,드라마,일일연속극,0,1.08719,0.00416,0.33825,0.14903,0.00191,0.51157,0,0.30057,0,0.14887,0.25356,0.63298,0.85839,"차은동역:박하나,강태인역:고세원,최준혁역:강성민,오혜원역:박영린,한지훈역:이창욱,차만종역:이대연,차은찬역:유준서,공영심역:유지연,봉석구역:현우섭,강일섭역:강신일,연두심역:이칸희,한광훈역:길용우,한서주역:김혜지,최명희역:김나운,고재숙역:윤복인,최영국역:송민형,민주란역:오영실,최준경역:이효나,이창욱역:김정운"
20200630,KBS DRAMA,070941,074353,위험한약속,,60회,전국,003412,드라마&영화,드라마,일일연속극,0,0.85923,0.05048,0.2978,0,0.0478,0.56757,0,0.23869,0.04146,0.22545,0.46204,0.3032,0.97187,"차은동역:박하나,강태인역:고세원,최준혁역:강성민,오혜원역:박영린,한지훈역:이창욱,차만종역:이대연,차은찬역:유준서,공영심역:유지연,봉석구역:현우섭,강일섭역:강신일,연두심역:이칸희,한광훈역:길용우,한서주역:김혜지,최명희역:김나운,고재숙역:윤복인,최영국역:송민형,민주란역:오영실,최준경역:이효나,이창욱역:김정운"
20200630,KBS DRAMA,074400,081802,위험한약속,,61회,전국,003402,드라마&영화,드라마,일일연속극,0.45845,0.60075,0.02019,0.2827,0.06714,0.37686,1.20237,0,0.06188,0,0.12804,0.70106,0.58308,1.33312,"차은동역:박하나,강태인역:고세원,최준혁역:강성민,오혜원역:박영린,한지훈역:이창욱,차만종역:이대연,차은찬역:유준서,공영심역:유지연,봉석구역:현우섭,강일섭역:강신일,연두심역:이칸희,한광훈역:길용우,한서주역:김혜지,최명희역:김나운,고재숙역:윤복인,최영국역:송민형,민주란역:오영실,최준경역:이효나,이창욱역:김정운"
20200630,KBS DRAMA,081809,085215,위험한약속,,62회,전국,003406,드라마&영화,드라마,일일연속극,0.97422,0.88488,0.15432,0.32122,0.27749,0.65089,1.24477,0.03741,0.27232,0.19868,0.26078,0.90366,0.88534,1.35795,"차은동역:박하나,강태인역:고세원,최준혁역:강성민,오혜원역:박영린,한지훈역:이창욱,차만종역:이대연,차은찬역:유준서,공영심역:유지연,봉석구역:현우섭,강일섭역:강신일,연두심역:이칸희,한광훈역:길용우,한서주역:김혜지,최명희역:김나운,고재숙역:윤복인,최영국역:송민형,민주란역:오영실,최준경역:이효나,이창욱역:김정운"
20200630,KBS DRAMA,135101,143112,한번다녀왔습니다,,53회,전국,004011,드라마&영화,드라마,주말연속극,0,0.0114,0.61093,0.55578,0.11256,0.50072,0.33649,0.82859,0.18034,0.4217,0.46954,0.23614,1.00079,0.16586,"송영달역:천호진,장옥분역:차화연,최윤정역:김보연,강초연역:이정은,송나희역:이민정,윤규진역:이상엽,송준선역:오대환,송가희역:오윤아,송다희역:이초희,양치수역:안길강,장옥자역:백지원,성현경역:임정은,윤재석역:이상이,박효신역:기도훈,김지훈역:문우진,이주리역:김소라,김가연역:송다은,건어물역:신미영,꽈배기역:김가영,송서영역:이가연,송서진역:안서연,이정록역:알렉스,유보영역:손성윤,유시후역:송민재,박지연역:신수정,한기영역:강유석,홍성우역:김현목,신혜정역:김미은,심정희역:이상경,오연지역:한봄,오정봉역:오의식,이종수역:장원혁,김승현역:배호근,송이역:김주영,지원역:찬희,이현역:이필모"
20200630,KBS DRAMA,143222,150101,한번다녀왔습니다,,54회,전국,002839,드라마&영화,드라마,주말연속극,0,0,0.55765,0.46499,0.04942,0.7969,0.38921,0.82859,0,0.56227,0.21349,0.15309,1.26693,0.18848,"송영달역:천호진,장옥분역:차화연,최윤정역:김보연,강초연역:이정은,송나희역:이민정,윤규진역:이상엽,송준선역:오대환,송가희역:오윤아,송다희역:이초희,양치수역:안길강,장옥자역:백지원,성현경역:임정은,윤재석역:이상이,박효신역:기도훈,김지훈역:문우진,이주리역:김소라,김가연역:송다은,건어물역:신미영,꽈배기역:김가영,송서영역:이가연,송서진역:안서연,이정록역:알렉스,유보영역:손성윤,유시후역:송민재,박지연역:신수정,한기영역:강유석,홍성우역:김현목,신혜정역:김미은,심정희역:이상경,오연지역:한봄,오정봉역:오의식,이종수역:장원혁,김승현역:배호근,송이역:김주영,지원역:찬희,이현역:이필모"
20200630,KBS DRAMA,151444,155315,한번다녀왔습니다,,55회,전국,003831,드라마&영화,드라마,주말연속극,0,0,0.71093,0.65995,0.13353,0.96844,0.54175,0,0,0.29477,0.0481,0.66425,1.15988,0.82079,"송영달역:천호진,장옥분역:차화연,최윤정역:김보연,강초연역:이정은,송나희역:이민정,윤규진역:이상엽,송준선역:오대환,송가희역:오윤아,송다희역:이초희,양치수역:안길강,장옥자역:백지원,성현경역:임정은,윤재석역:이상이,박효신역:기도훈,김지훈역:문우진,이주리역:김소라,김가연역:송다은,건어물역:신미영,꽈배기역:김가영,송서영역:이가연,송서진역:안서연,이정록역:알렉스,유보영역:손성윤,유시후역:송민재,박지연역:신수정,한기영역:강유석,홍성우역:김현목,신혜정역:김미은,심정희역:이상경,오연지역:한봄,오정봉역:오의식,이종수역:장원혁,김승현역:배호근,송이역:김주영,지원역:찬희,이현역:이필모"
20200630,KBS DRAMA,155424,162447,한번다녀왔습니다,,56회,전국,003023,드라마&영화,드라마,주말연속극,0,0,0.65388,0.7407,0.32737,0.80836,0.78486,0,0,0.67736,0,0.9694,1.13039,1.15573,"송영달역:천호진,장옥분역:차화연,최윤정역:김보연,강초연역:이정은,송나희역:이민정,윤규진역:이상엽,송준선역:오대환,송가희역:오윤아,송다희역:이초희,양치수역:안길강,장옥자역:백지원,성현경역:임정은,윤재석역:이상이,박효신역:기도훈,김지훈역:문우진,이주리역:김소라,김가연역:송다은,건어물역:신미영,꽈배기역:김가영,송서영역:이가연,송서진역:안서연,이정록역:알렉스,유보영역:손성윤,유시후역:송민재,박지연역:신수정,한기영역:강유석,홍성우역:김현목,신혜정역:김미은,심정희역:이상경,오연지역:한봄,오정봉역:오의식,이종수역:장원혁,김승현역:배호근,송이역:김주영,지원역:찬희,이현역:이필모"
20200630,KBS W,020000,022308,위험한약속,,60회,전국,002308,드라마&영화,드라마,일일연속극,0,0,0.03075,0.17713,0.0102,0,0.14522,0,0,0,0.07341,0,0,0.06056,"차은동역:박하나,강태인역:고세원,최준혁역:강성민,오혜원역:박영린,한지훈역:이창욱,차만종역:이대연,차은찬역:유준서,공영심역:유지연,봉석구역:현우섭,강일섭역:강신일,연두심역:이칸희,한광훈역:길용우,한서주역:김혜지,최명희역:김나운,고재숙역:윤복인,최영국역:송민형,민주란역:오영실,최준경역:이효나,이창욱역:김정운"
20200630,KBS W,022315,025718,위험한약속,,61회,전국,003403,드라마&영화,드라마,일일연속극,0,0.03586,0,0.17771,0.03761,0,0.16156,0.08209,0,0,0.07341,0.02021,0,0.04985,"차은동역:박하나,강태인역:고세원,최준혁역:강성민,오혜원역:박영린,한지훈역:이창욱,차만종역:이대연,차은찬역:유준서,공영심역:유지연,봉석구역:현우섭,강일섭역:강신일,연두심역:이칸희,한광훈역:길용우,한서주역:김혜지,최명희역:김나운,고재숙역:윤복인,최영국역:송민형,민주란역:오영실,최준경역:이효나,이창욱역:김정운"
20200630,KBS W,083400,093619,부부클리닉사랑과전쟁,,429회,전국,010219,드라마&영화,드라마,단막극,0,0,0,0,0,0.00204,0.00309,0,0,0,0.10398,0,0.00326,0.01506,"이재만,민지영,최영완,이정수,장가현,손유경,이준우"
20200630,KBS W,094749,104906,부부클리닉사랑과전쟁,,428회,전국,010117,드라마&영화,드라마,단막극,0,0,0,0,0,0.00638,0.05544,0,0,0,0,0.02875,0,0.08061,"이재만,민지영,최영완,이정수,장가현,손유경,이준우"
20200630,KBS W,110048,120407,부부클리닉사랑과전쟁,,430회,전국,010319,드라마&영화,드라마,단막극,0.20182,0,0,0.06285,0.29489,0.00516,0.00855,0,0,0,0.05994,0.00756,0.10968,0.15723,"이재만,민지영,최영완,이정수,장가현,손유경,이준우"
20200630,KBS W,121806,132134,넝쿨째굴러온당신,,34회,전국,010328,드라마&영화,드라마,주말연속극,0.52978,0,0,0.16497,0.33053,0,0.11289,0,0,0,0.12149,0.01743,0.08005,0.06943,"차윤희역:김남주,방귀남역:유준상,엄청애역:윤여정,방장수역:장용,전막례역:강부자,한만희역:김영란,차세중역:김용희,민지영역:진경,차세광역:강민혁,엄보애역:유지인,엄순애역:양희경,방일숙역:양정아,방이숙역:조윤희,방말숙역:오연서,장양실역:나영희,방정배역:김상호,고옥역:심이영,방장군역:곽동연,천재용역:이희준,윤빈역:김원준,남남구역:김형범,고시생역:김승우,예능국PD역:김준현,라디오DJ역:양희은,홍은희역:홍은희,송수지역:박수진,매니저역:이수근,목사역:지진희,차태봉역:차태현,성시갱역:성시경,노래강사역:이종박,한규현역:강동호,태영역:김형진,지피디역:곽민석,강혜수역:최윤소,동대문옷가게상인역:탁재훈,소개팅남역:이정신,유신혜역:유인영,지환역:이도현,김장훈역:김장훈,뚱보아버지역:유민상,뚱보아들역:김수영,인기여배우역:이혜영,인기남배우역:송준근,심사위원역:김종민,막장모녀엄마역:정경미,막장모녀딸역:박소영,신세경역:신세경,재용첫째누나역:김서형,재용둘째누나역:조민아,재용막내누나역:이제인,호들갑남역:공형진,라디오DJ역:박소현,귀남의양아버지역:길용우,귀남의양어머니역:김창숙,천재용아버지역:이재용,배PD역:이지영,방귀남어린시절역:홍현택"
20200630,KBS W,133312,143603,넝쿨째굴러온당신,,35회,전국,010251,드라마&영화,드라마,주말연속극,0.4174,0,0,0.08642,0.0278,0.01236,0.12624,0,0,0,0.07214,0.07733,0.01646,0.05475,"차윤희역:김남주,방귀남역:유준상,엄청애역:윤여정,방장수역:장용,전막례역:강부자,한만희역:김영란,차세중역:김용희,민지영역:진경,차세광역:강민혁,엄보애역:유지인,엄순애역:양희경,방일숙역:양정아,방이숙역:조윤희,방말숙역:오연서,장양실역:나영희,방정배역:김상호,고옥역:심이영,방장군역:곽동연,천재용역:이희준,윤빈역:김원준,남남구역:김형범,고시생역:김승우,예능국PD역:김준현,라디오DJ역:양희은,홍은희역:홍은희,송수지역:박수진,매니저역:이수근,목사역:지진희,차태봉역:차태현,성시갱역:성시경,노래강사역:이종박,한규현역:강동호,태영역:김형진,지피디역:곽민석,강혜수역:최윤소,동대문옷가게상인역:탁재훈,소개팅남역:이정신,유신혜역:유인영,지환역:이도현,김장훈역:김장훈,뚱보아버지역:유민상,뚱보아들역:김수영,인기여배우역:이혜영,인기남배우역:송준근,심사위원역:김종민,막장모녀엄마역:정경미,막장모녀딸역:박소영,신세경역:신세경,재용첫째누나역:김서형,재용둘째누나역:조민아,재용막내누나역:이제인,호들갑남역:공형진,라디오DJ역:박소현,귀남의양아버지역:길용우,귀남의양어머니역:김창숙,천재용아버지역:이재용,배PD역:이지영,방귀남어린시절역:홍현택"
20200630,KBS W,144739,155004,넝쿨째굴러온당신,,36회,전국,010225,드라마&영화,드라마,주말연속극,0,0,0,0,0.05212,0.06794,0.12377,0,0,0,0,0.1634,0.03764,0.0898,"차윤희역:김남주,방귀남역:유준상,엄청애역:윤여정,방장수역:장용,전막례역:강부자,한만희역:김영란,차세중역:김용희,민지영역:진경,차세광역:강민혁,엄보애역:유지인,엄순애역:양희경,방일숙역:양정아,방이숙역:조윤희,방말숙역:오연서,장양실역:나영희,방정배역:김상호,고옥역:심이영,방장군역:곽동연,천재용역:이희준,윤빈역:김원준,남남구역:김형범,고시생역:김승우,예능국PD역:김준현,라디오DJ역:양희은,홍은희역:홍은희,송수지역:박수진,매니저역:이수근,목사역:지진희,차태봉역:차태현,성시갱역:성시경,노래강사역:이종박,한규현역:강동호,태영역:김형진,지피디역:곽민석,강혜수역:최윤소,동대문옷가게상인역:탁재훈,소개팅남역:이정신,유신혜역:유인영,지환역:이도현,김장훈역:김장훈,뚱보아버지역:유민상,뚱보아들역:김수영,인기여배우역:이혜영,인기남배우역:송준근,심사위원역:김종민,막장모녀엄마역:정경미,막장모녀딸역:박소영,신세경역:신세경,재용첫째누나역:김서형,재용둘째누나역:조민아,재용막내누나역:이제인,호들갑남역:공형진,라디오DJ역:박소현,귀남의양아버지역:길용우,귀남의양어머니역:김창숙,천재용아버지역:이재용,배PD역:이지영,방귀남어린시절역:홍현택"
20200630,KBS W,160301,163059,기막힌유산,,49회,전국,002758,드라마&영화,드라마,일일연속극,0,0,0.02308,0.01097,0.0031,0.11251,0.08181,0,0,0,0.01179,0.03738,0.0156,0.10766,"부영배역:박인환,공계옥역:강세정,부설악역:신정윤,부백두역:강신조,윤민주역:이아현,부금강역:남성진,신애리역:김가연,정미희역:박순천,김용미역:이응경,부한라역:박신우,성판금역:조양자,부가온역:김비주,부태희역:김연지,부혜교역:김효경,부지현역:강유라,공소영역:김난주,이장원역:이일준,김수민역:조서후,김종두역:이춘식,차정건역:조순창,이청아역:정서하,손보미역:박민지,김영지역:주민하,강선희역:박현정,천호식역:백신,이정태역:노상보,고향숙역:박소정"
20200630,KBS W,163106,165852,기막힌유산,,50회,전국,002746,드라마&영화,드라마,일일연속극,0.07568,0,0.04616,0.02357,0.0868,0.09302,0.16096,0,0,0,0.01736,0,0.07442,0.20387,"부영배역:박인환,공계옥역:강세정,부설악역:신정윤,부백두역:강신조,윤민주역:이아현,부금강역:남성진,신애리역:김가연,정미희역:박순천,김용미역:이응경,부한라역:박신우,성판금역:조양자,부가온역:김비주,부태희역:김연지,부혜교역:김효경,부지현역:강유라,공소영역:김난주,이장원역:이일준,김수민역:조서후,김종두역:이춘식,차정건역:조순창,이청아역:정서하,손보미역:박민지,김영지역:주민하,강선희역:박현정,천호식역:백신,이정태역:노상보,고향숙역:박소정"
20200630,KBS W,170948,174357,위험한약속,,59회,전국,003409,드라마&영화,드라마,일일연속극,0.43629,0.20746,0,0.13586,0,0.00342,0.11087,0,0.00657,0,0.10005,0.00342,0.00227,0.2451,"차은동역:박하나,강태인역:고세원,최준혁역:강성민,오혜원역:박영린,한지훈역:이창욱,차만종역:이대연,차은찬역:유준서,공영심역:유지연,봉석구역:현우섭,강일섭역:강신일,연두심역:이칸희,한광훈역:길용우,한서주역:김혜지,최명희역:김나운,고재숙역:윤복인,최영국역:송민형,민주란역:오영실,최준경역:이효나,이창욱역:김정운"
20200630,KBS W,174404,181808,위험한약속,,60회,전국,003404,드라마&영화,드라마,일일연속극,0.52978,0.94122,0,0.16497,0,0.0452,0.29299,0,0,0,0.12149,0,0.02374,0.25901,"차은동역:박하나,강태인역:고세원,최준혁역:강성민,오혜원역:박영린,한지훈역:이창욱,차만종역:이대연,차은찬역:유준서,공영심역:유지연,봉석구역:현우섭,강일섭역:강신일,연두심역:이칸희,한광훈역:길용우,한서주역:김혜지,최명희역:김나운,고재숙역:윤복인,최영국역:송민형,민주란역:오영실,최준경역:이효나,이창욱역:김정운"
20200630,KBS W,182902,190313,위험한약속,,61회,전국,003411,드라마&영화,드라마,일일연속극,0.52978,0.85923,0.0891,0.16497,0,0.05464,0.18053,0,0,0,0.12149,0,0.06008,0.18612,"차은동역:박하나,강태인역:고세원,최준혁역:강성민,오혜원역:박영린,한지훈역:이창욱,차만종역:이대연,차은찬역:유준서,공영심역:유지연,봉석구역:현우섭,강일섭역:강신일,연두심역:이칸희,한광훈역:길용우,한서주역:김혜지,최명희역:김나운,고재숙역:윤복인,최영국역:송민형,민주란역:오영실,최준경역:이효나,이창욱역:김정운"
20200630,KBS W,190320,193728,위험한약속,,62회,전국,003408,드라마&영화,드라마,일일연속극,0.32722,0.85923,0.12622,0.1019,0,0.07741,0.1839,0,0,0,0.07504,0.05549,0.11605,0.27629,"차은동역:박하나,강태인역:고세원,최준혁역:강성민,오혜원역:박영린,한지훈역:이창욱,차만종역:이대연,차은찬역:유준서,공영심역:유지연,봉석구역:현우섭,강일섭역:강신일,연두심역:이칸희,한광훈역:길용우,한서주역:김혜지,최명희역:김나운,고재숙역:윤복인,최영국역:송민형,민주란역:오영실,최준경역:이효나,이창욱역:김정운"
20200630,KBS W,194932,202845,한번다녀왔습니다,,53회,전국,003913,드라마&영화,드라마,주말연속극,0.01358,0.20282,0,0.0037,0,0.01074,0.06172,0,0,0,0,0.023,0,0.06171,"송영달역:천호진,장옥분역:차화연,최윤정역:김보연,강초연역:이정은,송나희역:이민정,윤규진역:이상엽,송준선역:오대환,송가희역:오윤아,송다희역:이초희,양치수역:안길강,장옥자역:백지원,성현경역:임정은,윤재석역:이상이,박효신역:기도훈,김지훈역:문우진,이주리역:김소라,김가연역:송다은,건어물역:신미영,꽈배기역:김가영,송서영역:이가연,송서진역:안서연,이정록역:알렉스,유보영역:손성윤,유시후역:송민재,박지연역:신수정,한기영역:강유석,홍성우역:김현목,신혜정역:김미은,심정희역:이상경,오연지역:한봄,오정봉역:오의식,이종수역:장원혁,김승현역:배호근,송이역:김주영,지원역:찬희,이현역:이필모"
20200630,KBS W,202852,205734,한번다녀왔습니다,,54회,전국,002842,드라마&영화,드라마,주말연속극,0,0,0,0,0,0,0,0,0,0,0,0,0,0,"송영달역:천호진,장옥분역:차화연,최윤정역:김보연,강초연역:이정은,송나희역:이민정,윤규진역:이상엽,송준선역:오대환,송가희역:오윤아,송다희역:이초희,양치수역:안길강,장옥자역:백지원,성현경역:임정은,윤재석역:이상이,박효신역:기도훈,김지훈역:문우진,이주리역:김소라,김가연역:송다은,건어물역:신미영,꽈배기역:김가영,송서영역:이가연,송서진역:안서연,이정록역:알렉스,유보영역:손성윤,유시후역:송민재,박지연역:신수정,한기영역:강유석,홍성우역:김현목,신혜정역:김미은,심정희역:이상경,오연지역:한봄,오정봉역:오의식,이종수역:장원혁,김승현역:배호근,송이역:김주영,지원역:찬희,이현역:이필모"
20200630,KBS W,210858,214629,한번다녀왔습니다,,55회,전국,003731,드라마&영화,드라마,주말연속극,0,0,0.01571,0.05724,0,0.00082,0.06437,0,0,0,0,0.22208,0.09981,0.02579,"송영달역:천호진,장옥분역:차화연,최윤정역:김보연,강초연역:이정은,송나희역:이민정,윤규진역:이상엽,송준선역:오대환,송가희역:오윤아,송다희역:이초희,양치수역:안길강,장옥자역:백지원,성현경역:임정은,윤재석역:이상이,박효신역:기도훈,김지훈역:문우진,이주리역:김소라,김가연역:송다은,건어물역:신미영,꽈배기역:김가영,송서영역:이가연,송서진역:안서연,이정록역:알렉스,유보영역:손성윤,유시후역:송민재,박지연역:신수정,한기영역:강유석,홍성우역:김현목,신혜정역:김미은,심정희역:이상경,오연지역:한봄,오정봉역:오의식,이종수역:장원혁,김승현역:배호근,송이역:김주영,지원역:찬희,이현역:이필모"
20200630,KBS W,214636,221702,한번다녀왔습니다,,56회,전국,003026,드라마&영화,드라마,주말연속극,0,0,0,0,0.00351,0.00258,0,0,0.00732,0.0264,0,0.07224,0.06554,0,"송영달역:천호진,장옥분역:차화연,최윤정역:김보연,강초연역:이정은,송나희역:이민정,윤규진역:이상엽,송준선역:오대환,송가희역:오윤아,송다희역:이초희,양치수역:안길강,장옥자역:백지원,성현경역:임정은,윤재석역:이상이,박효신역:기도훈,김지훈역:문우진,이주리역:김소라,김가연역:송다은,건어물역:신미영,꽈배기역:김가영,송서영역:이가연,송서진역:안서연,이정록역:알렉스,유보영역:손성윤,유시후역:송민재,박지연역:신수정,한기영역:강유석,홍성우역:김현목,신혜정역:김미은,심정희역:이상경,오연지역:한봄,오정봉역:오의식,이종수역:장원혁,김승현역:배호근,송이역:김주영,지원역:찬희,이현역:이필모"
20200630,KBS W,222759,232851,부부클리닉사랑과전쟁,,410회,전국,010052,드라마&영화,드라마,단막극,0,0,0,0.00598,0.00385,0.03487,0.02384,0,0,0,0,0.01464,0.00364,0.01982,"이재만,민지영,최영완,이정수,장가현,손유경,이준우"
20200630,KBS W,233949,243911,부부클리닉사랑과전쟁,,411회,전국,005922,드라마&영화,드라마,단막극,0.52978,0,0.01039,0.16965,0,0.11724,0.03683,0,0,0.0072,0.12149,0.04806,0,0.13469,"이재만,민지영,최영완,이정수,장가현,손유경,이준우"
20200630,KBS W,245207,252001,기막힌유산,,50회,전국,002754,드라마&영화,드라마,일일연속극,0,0,0,0,0,0.00216,0.0887,0,0,0,0,0,0,0.11858,"부영배역:박인환,공계옥역:강세정,부설악역:신정윤,부백두역:강신조,윤민주역:이아현,부금강역:남성진,신애리역:김가연,정미희역:박순천,김용미역:이응경,부한라역:박신우,성판금역:조양자,부가온역:김비주,부태희역:김연지,부혜교역:김효경,부지현역:강유라,공소영역:김난주,이장원역:이일준,김수민역:조서후,김종두역:이춘식,차정건역:조순창,이청아역:정서하,손보미역:박민지,김영지역:주민하,강선희역:박현정,천호식역:백신,이정태역:노상보,고향숙역:박소정"
20200630,KBS W,252008,254801,기막힌유산,,51회,전국,002753,드라마&영화,드라마,일일연속극,0,0.00993,0,0,0.0047,0.01659,0.23886,0,0,0.01877,0,0.02095,0.0132,0.33165,"부영배역:박인환,공계옥역:강세정,부설악역:신정윤,부백두역:강신조,윤민주역:이아현,부금강역:남성진,신애리역:김가연,정미희역:박순천,김용미역:이응경,부한라역:박신우,성판금역:조양자,부가온역:김비주,부태희역:김연지,부혜교역:김효경,부지현역:강유라,공소영역:김난주,이장원역:이일준,김수민역:조서후,김종두역:이춘식,차정건역:조순창,이청아역:정서하,손보미역:박민지,김영지역:주민하,강선희역:박현정,천호식역:백신,이정태역:노상보,고향숙역:박소정"
20200630,KBS W,255854,255959,위험한약속,,61회,전국,000105,드라마&영화,드라마,일일연속극,0,0,0,0.27571,0,0.1548,0.24855,0.82859,0,0.10513,0.28331,0.14644,0.07395,0.34483,"차은동역:박하나,강태인역:고세원,최준혁역:강성민,오혜원역:박영린,한지훈역:이창욱,차만종역:이대연,차은찬역:유준서,공영심역:유지연,봉석구역:현우섭,강일섭역:강신일,연두심역:이칸희,한광훈역:길용우,한서주역:김혜지,최명희역:김나운,고재숙역:윤복인,최영국역:송민형,민주란역:오영실,최준경역:이효나,이창욱역:김정운"
20200630,KTV,020124,024448,전원일기,,408회,전국,004324,드라마&영화,드라마,주말연속극,0,0,0.17038,0.00886,0,0,0.02326,0,0,0.01606,0.01027,0.11715,0.04487,0.12935,"최불암,김혜자,김용건,김수미,고두심,유인촌,정대홍"
20200630,KTV,061113,065927,전원일기,,785회,전국,004814,드라마&영화,드라마,주말연속극,0,0,0,0,0.00621,0,0.1396,0,0,0,0,0,0,0.07367,"최불암,김혜자,김용건,김수미,고두심,유인촌,정대홍"
20200630,KTV,210442,212918,파랑새는있다,<1부>,43회,전국,002436,드라마&영화,드라마,주간연속극,0,0,0,0.02088,0,0.01377,0.15611,0,0,0,0,0,0.01637,0.18887,"이상인,정선경,백윤식,송경철,박남현,한진희,동방우,양금석"
20200630,KTV,213114,215513,파랑새는있다,<2부>,43회,전국,002359,드라마&영화,드라마,주간연속극,0,0,0,0,0.08768,0,0.24979,0,0,0,0,0,0.10139,0.38717,"이상인,정선경,백윤식,송경철,박남현,한진희,동방우,양금석"
20200630,KTV,220133,222022,전원일기,<1부>,409회,전국,001849,드라마&영화,드라마,주말연속극,0,0,0.22175,0,0.02045,0.16481,0.16524,0.04929,0,0,0,0,0.25277,0.24949,"최불암,김혜자,김용건,김수미,고두심,유인촌,정대홍"
20200630,KTV,222108,224659,전원일기,<2부>,409회,전국,002551,드라마&영화,드라마,주말연속극,0,0,0.5284,0,0.36813,0.35615,0.22295,0.88724,0,0,0,0,0.47294,0.38855,"최불암,김혜자,김용건,김수미,고두심,유인촌,정대홍"
20200630,KTV,224739,231540,바람은불어도,,151회,전국,002801,드라마&영화,드라마,주간연속극,0,0,0,0,0,0.01827,0.09367,0,0,0,0,0.0068,0,0.30168,"최수종,유호정,윤손하,송나영,송기윤,나문희"
20200630,KTV,231704,234420,바람은불어도,,152회,전국,002716,드라마&영화,드라마,주간연속극,0,0,0,0,0,0,0.15838,0,0,0,0,0,0,0.28762,"최수종,유호정,윤손하,송나영,송기윤,나문희"
20200630,KTV,243543,252417,파랑새는있다,,43회,전국,004834,드라마&영화,드라마,주간연속극,0,0,0,0,0,0,0.07793,0,0,0,0,0,0.00981,0.01778,"이상인,정선경,백윤식,송경철,박남현,한진희,동방우,양금석"
20200630,MBC M,100330,103323,내뒤에테리우스,,5회,전국,002953,드라마&영화,드라마,미니시리즈,0,0.0124,0,0,0,0.01911,0.00336,0,0.01541,0,0,0,0.01519,0.00208,"김본역:소지섭,고애린역:정인선,진용태역:손호준,유지연역:임세미,심은하역:김여진,봉선미역:정시아,김상렬역:강기영,권영실역:서이숙,심우철역:엄효섭,라도우역:성주,차준수역:김건우,차준희역:옥예린,차정일역:양동근,조서현역:황지아,한유라역:김단우,케이역:조태관,박수일역:이현걸,윤춘상역:김병옥,최연경역:남규리,이지숙역:박순천"
20200630,MBC M,103401,110351,내뒤에테리우스,,6회,전국,002950,드라마&영화,드라마,미니시리즈,0,0.01799,0,0,0,0.01161,0.00162,0,0.02234,0,0,0.04288,0.00773,0.00101,"김본역:소지섭,고애린역:정인선,진용태역:손호준,유지연역:임세미,심은하역:김여진,봉선미역:정시아,김상렬역:강기영,권영실역:서이숙,심우철역:엄효섭,라도우역:성주,차준수역:김건우,차준희역:옥예린,차정일역:양동근,조서현역:황지아,한유라역:김단우,케이역:조태관,박수일역:이현걸,윤춘상역:김병옥,최연경역:남규리,이지숙역:박순천"
20200630,MBC M,111254,114243,내뒤에테리우스,,7회,전국,002949,드라마&영화,드라마,미니시리즈,0,0,0,0,0,0,0,0,0,0,0,0.01838,0,0,"김본역:소지섭,고애린역:정인선,진용태역:손호준,유지연역:임세미,심은하역:김여진,봉선미역:정시아,김상렬역:강기영,권영실역:서이숙,심우철역:엄효섭,라도우역:성주,차준수역:김건우,차준희역:옥예린,차정일역:양동근,조서현역:황지아,한유라역:김단우,케이역:조태관,박수일역:이현걸,윤춘상역:김병옥,최연경역:남규리,이지숙역:박순천"
20200630,MBC M,114321,121311,내뒤에테리우스,,8회,전국,002950,드라마&영화,드라마,미니시리즈,0,0,0,0,0,0,0,0,0,0,0,0,0.04264,0,"김본역:소지섭,고애린역:정인선,진용태역:손호준,유지연역:임세미,심은하역:김여진,봉선미역:정시아,김상렬역:강기영,권영실역:서이숙,심우철역:엄효섭,라도우역:성주,차준수역:김건우,차준희역:옥예린,차정일역:양동근,조서현역:황지아,한유라역:김단우,케이역:조태관,박수일역:이현걸,윤춘상역:김병옥,최연경역:남규리,이지숙역:박순천"
20200630,O tvN,023251,033347,시카고타자기,,7회,전국,010056,드라마&영화,드라마,미니시리즈,0,0,0,0,0,0.00419,0,0,0,0,0.2262,0,0,0,"한세주역:유아인,전설역:임수정,유진오역:고경표,백태민역:곽시양,갈지석역:조우진,마방진역:양진성,왕방울역:전수경,원대한역:강홍석,원만해역:지대한,백도하역:천호진,홍소희역:조경숙,강비서역:오나라,송기자역:이규복,전설모역:전미선"
20200630,O tvN,034526,044648,시카고타자기,,8회,전국,010122,드라마&영화,드라마,미니시리즈,0,0.04641,0,0,0,0.0331,0.03141,0,0.05766,0,0.08391,0.02127,0.01994,0.05339,"한세주역:유아인,전설역:임수정,유진오역:고경표,백태민역:곽시양,갈지석역:조우진,마방진역:양진성,왕방울역:전수경,원대한역:강홍석,원만해역:지대한,백도하역:천호진,홍소희역:조경숙,강비서역:오나라,송기자역:이규복,전설모역:전미선"
20200630,O tvN,084230,095829,사이코지만괜찮아,,1회,전국,011559,드라마&영화,드라마,미니시리즈,0,0,0.03773,0,0.02032,0.00787,0.0086,0,0,0,0,0.10274,0.05035,0.00216,"문강태역:김수현,고문영역:서예지,문상태역:오정세,남주리역:박규영,이상인역:김주헌,조재수역:강기둥,오지왕역:김창완,강순덕역:김미경,박행자역:장영남,선별역:장규리,권민석역:서준,오차용역:최우성,고대환역:이얼,간필옹역:김기천,주정태역:정재광,이아름역:지혜원,박옥란역:강지은,유선해역:주인영,강은자역:배해선,유승재역:박진주,문강태어린시절역:문우진,고문영어린시절역:김수인,권기도역:곽동연,훈남CEO역:최다니엘"
20200630,O tvN,101536,113022,사이코지만괜찮아,,2회,전국,011446,드라마&영화,드라마,미니시리즈,0,0,0,0.02596,0.26567,0.00508,0.08575,0,0,0.01184,0,0.58674,0.08461,0.02754,"문강태역:김수현,고문영역:서예지,문상태역:오정세,남주리역:박규영,이상인역:김주헌,조재수역:강기둥,오지왕역:김창완,강순덕역:김미경,박행자역:장영남,선별역:장규리,권민석역:서준,오차용역:최우성,고대환역:이얼,간필옹역:김기천,주정태역:정재광,이아름역:지혜원,박옥란역:강지은,유선해역:주인영,강은자역:배해선,유승재역:박진주,문강태어린시절역:문우진,고문영어린시절역:김수인,권기도역:곽동연,훈남CEO역:최다니엘"
20200630,O tvN,114925,134151,응답하라1988,,17회,전국,015226,드라마&영화,드라마,주간연속극,0,0.04618,0.00964,0.15745,0.21494,0.03899,0.2417,0.10992,0.1307,0.05633,0.16485,0.87344,0.04712,0.10936,"성동일역:성동일,이일화역:이일화,라미란역:라미란,김성균역:김성균,최무성역:최무성,김선영역:김선영,류재명역:유재명,보라역:류혜영,덕선역:혜리,정환역:류준열,선우역:고경표,택역:박보검,정봉역:안재홍,동룡역:이동휘,노을역:최성원,미옥역:이민지,자현역:이세영,진주역:김설,선도부역:차엽,매점주인역:김수로,어른덕선역:이미연,어른택역:김주혁,어른보라역:전미선,종훈역:박정민,의사역:김태훈,기자역:박지윤,어른노을역:우현,보라친구역:정유민,노을여자친구역:이수경,남궁늘보역:이청미,반장역:권은수,미옥아빠역:고창석"
20200630,O tvN,140054,154550,응답하라1988,,18회,전국,014456,드라마&영화,드라마,주간연속극,0,0,0.02219,0.23094,0.03135,0.07761,0.13146,0,0.0199,0.38823,0.04072,0.94949,0.21415,0.144,"성동일역:성동일,이일화역:이일화,라미란역:라미란,김성균역:김성균,최무성역:최무성,김선영역:김선영,류재명역:유재명,보라역:류혜영,덕선역:혜리,정환역:류준열,선우역:고경표,택역:박보검,정봉역:안재홍,동룡역:이동휘,노을역:최성원,미옥역:이민지,자현역:이세영,진주역:김설,선도부역:차엽,매점주인역:김수로,어른덕선역:이미연,어른택역:김주혁,어른보라역:전미선,종훈역:박정민,의사역:김태훈,기자역:박지윤,어른노을역:우현,보라친구역:정유민,노을여자친구역:이수경,남궁늘보역:이청미,반장역:권은수,미옥아빠역:고창석"
20200630,O tvN,160440,173834,슬기로운의사생활,,10회,전국,013354,드라마&영화,드라마,미니시리즈,0.19306,0,0,0.25243,0.03916,0.00316,0.12501,0.09439,0.0205,0.39538,0.22269,0.91362,0.11657,0.08861,"이익준역:조정석,안정원역:유연석,김준완역:정경호,양석형역:김대명,채송화역:전미도,정로사역:김해숙,주종수역:김갑수,도재학역:정문성,용석민역:문태유,장겨울역:신현빈,안치홍역:김준한,봉광현역:최영준,추민하역:안은진,허선빈역:하윤경,명은원역:김혜인,장윤복역:조이현,장홍도역:배현성,송수빈역:김수진,소이현역:윤혜리,배준희역:신도현,주전역:조승연,황재신역:양조아,이우주역:김준,민기준역:서진원,종세혁역:전광진,이영하역:이노아,김재환역:이달,국해성역:이혜은,함덕주역:김비비,한현희역:이지원,한승주역:김지성,은선진역:설유진,이익순역:곽선영,조영혜역:문희경,양태양역:남명렬,김태연역:이소윤,천명태역:최영우,선우희수역:박한솔,장겨울남동생역:박정우,고아라역:고아라"
20200630,O tvN,175756,191228,사이코지만괜찮아,,2회,전국,011432,드라마&영화,드라마,미니시리즈,0,0.1877,0,0.25243,0.00342,0.04788,0.03892,0,0,0,0.0744,0.61711,0.14591,0.02621,"문강태역:김수현,고문영역:서예지,문상태역:오정세,남주리역:박규영,이상인역:김주헌,조재수역:강기둥,오지왕역:김창완,강순덕역:김미경,박행자역:장영남,선별역:장규리,권민석역:서준,오차용역:최우성,고대환역:이얼,간필옹역:김기천,주정태역:정재광,이아름역:지혜원,박옥란역:강지은,유선해역:주인영,강은자역:배해선,유승재역:박진주,문강태어린시절역:문우진,고문영어린시절역:김수인,권기도역:곽동연,훈남CEO역:최다니엘"
20200630,O tvN,193020,204731,사이코지만괜찮아,,3회,전국,011711,드라마&영화,드라마,미니시리즈,0,0,0.02291,0.04854,0.06133,0.22071,0.15319,0,0.04605,0.03413,0.11242,0.77218,0.07308,0.0872,"문강태역:김수현,고문영역:서예지,문상태역:오정세,남주리역:박규영,이상인역:김주헌,조재수역:강기둥,오지왕역:김창완,강순덕역:김미경,박행자역:장영남,선별역:장규리,권민석역:서준,오차용역:최우성,고대환역:이얼,간필옹역:김기천,주정태역:정재광,이아름역:지혜원,박옥란역:강지은,유선해역:주인영,강은자역:배해선,유승재역:박진주,문강태어린시절역:문우진,고문영어린시절역:김수인,권기도역:곽동연,훈남CEO역:최다니엘"
20200630,O tvN,245146,255641,시카고타자기,,9회,전국,010455,드라마&영화,드라마,미니시리즈,0,0.40269,0.03502,0,0.36399,0.03718,0,0.76615,0,0.03831,0.0956,0.47334,0.06347,0.03655,"한세주역:유아인,전설역:임수정,유진오역:고경표,백태민역:곽시양,갈지석역:조우진,마방진역:양진성,왕방울역:전수경,원대한역:강홍석,원만해역:지대한,백도하역:천호진,홍소희역:조경숙,강비서역:오나라,송기자역:이규복,전설모역:전미선"
20200630,OCN,113052,123235,번외수사,,11회,전국,010143,드라마&영화,드라마,미니시리즈,0.16754,0,0.0128,0,0.08183,0.00151,0.16705,0,0.05021,0.25548,0.07681,0.19019,0.54385,0.3057,"진강호역:차태현,강무영역:이선빈,이반석역:정상훈,테디정역:윤경호,탁원역:지승현,민대진역:박정우,맨손역:박태산,연장역:장진희,지수철역:이영석,노순이역:민경옥"
20200630,OCN,124526,135310,번외수사,,12회,전국,010744,드라마&영화,드라마,미니시리즈,0.58757,0,0.12871,0.05197,0.19749,0.47806,0.17222,0,0,0.04338,0.02981,0.38253,0.58344,0.47841,"진강호역:차태현,강무영역:이선빈,이반석역:정상훈,테디정역:윤경호,탁원역:지승현,민대진역:박정우,맨손역:박태산,연장역:장진희,지수철역:이영석,노순이역:민경옥"
20200630,On Style,130047,140609,남자친구,,5회,전국,010522,드라마&영화,드라마,미니시리즈,0.01799,0,0.04603,0.01165,0.02176,0.09279,0.16912,0,0,0.01539,0.00894,0.00507,0.00582,0.22316,"차수현역:송혜교,김진혁역:박보검,정우석역:장승조,차종현역:문성근,진미옥역:남기애,남명식역:고창석,장미진역:곽선영,김장수역:신정근,주연자역:백지원,김진명역:표지훈,이대찬역:김주헌,김화진역:차화연,김선주역:김혜은,조혜인역:전소니,이진호역:김호창,박한길역:이시훈,구은진역:박진주"
20200630,On Style,140753,151506,남자친구,,6회,전국,010713,드라마&영화,드라마,미니시리즈,0,0.00677,0.00386,0,0,0.1393,0.27818,0,0.00897,0,0.12065,0.02923,0.01392,0.39345,"차수현역:송혜교,김진혁역:박보검,정우석역:장승조,차종현역:문성근,진미옥역:남기애,남명식역:고창석,장미진역:곽선영,김장수역:신정근,주연자역:백지원,김진명역:표지훈,이대찬역:김주헌,김화진역:차화연,김선주역:김혜은,조혜인역:전소니,이진호역:김호창,박한길역:이시훈,구은진역:박진주"
20200630,On Style,152015,162711,남자친구,,7회,전국,010656,드라마&영화,드라마,미니시리즈,0.00791,0,0,0.05039,0.01412,0.01073,0.33426,0,0,0,0.31349,0.02392,0.02929,0.43545,"차수현역:송혜교,김진혁역:박보검,정우석역:장승조,차종현역:문성근,진미옥역:남기애,남명식역:고창석,장미진역:곽선영,김장수역:신정근,주연자역:백지원,김진명역:표지훈,이대찬역:김주헌,김화진역:차화연,김선주역:김혜은,조혜인역:전소니,이진호역:김호창,박한길역:이시훈,구은진역:박진주"
20200630,On Style,163028,173625,남자친구,,8회,전국,010557,드라마&영화,드라마,미니시리즈,0,0,0,0.02677,0.01007,0.05229,0.19207,0,0,0,0.0109,0,0.00306,0.27075,"차수현역:송혜교,김진혁역:박보검,정우석역:장승조,차종현역:문성근,진미옥역:남기애,남명식역:고창석,장미진역:곽선영,김장수역:신정근,주연자역:백지원,김진명역:표지훈,이대찬역:김주헌,김화진역:차화연,김선주역:김혜은,조혜인역:전소니,이진호역:김호창,박한길역:이시훈,구은진역:박진주"
20200630,SBS플러스,065614,072807,엄마가바람났다,,40회,전국,003153,드라마&영화,드라마,아침드라마,0,0.09973,0.28989,0,0.34279,0.22309,0.14151,0,0,0.1659,0.00574,0.10438,0.89721,0.17756,"오필정역:현쥬니,강석준역:이재황,이은주역:문보령,강석환역:김형범,오순정역:남이안,김복순역:박순천,박민호역:길정우,박민지역:홍제이,김해정역:양금석,강태수역:이원재,이태우역:서현석,최동석역:김동균,최은자역:이진아,최유경역:이영은,최미영역:전은채,왕기범역:차승우,하열도역:김영훈,홍수경역:노정명,박태섭역:강서준,박혜진역:박지수"
20200630,SBS플러스,072920,075917,엄마가바람났다,,41회,전국,002957,드라마&영화,드라마,아침드라마,0,0.39512,0.30644,0.23141,0.45891,0.31542,0.72763,0,0,0.23414,0.27481,0.30167,0.61256,0.6484,"오필정역:현쥬니,강석준역:이재황,이은주역:문보령,강석환역:김형범,오순정역:남이안,김복순역:박순천,박민호역:길정우,박민지역:홍제이,김해정역:양금석,강태수역:이원재,이태우역:서현석,최동석역:김동균,최은자역:이진아,최유경역:이영은,최미영역:전은채,왕기범역:차승우,하열도역:김영훈,홍수경역:노정명,박태섭역:강서준,박혜진역:박지수"
20200630,SBS플러스,081348,091850,주군의태양,,15회,전국,010502,드라마&영화,드라마,미니시리즈,0.13165,0.00623,0.23128,0.12298,0.02876,0.1735,0.15622,0,0.00837,0.04326,0.32316,0.09287,0.27735,0.07011,"주중원역:소지섭,태공실역:공효진,강우역:서인국,태이령역:김유리,김귀도역:최정우,주성란역:김미경,도석철역:이종원,태공리역:박희본,이한주역:이재원,안진주역:정가은,주중원어린시절역:김명수,TV프로그램자역:김상중,미경역:송채윤,하유진역:김보라,가영역:방민아,이은설역:이혜인,차희주역:한보름,주중원아버지역:김용건,이승모역:이도현,이승준역:홍은택,선영역:김보미,지우역:유민규,강길자역:김희정,루이장역:정찬,박서현역:서효림,이재석역:이종혁,이회장역:이재용,한나브라운역:황선희,유진우역:이천희,고여사역:이용녀,유혜성역:진이한"
20200630,SBS플러스,165030,175404,편의점샛별이,,3회,전국,010334,드라마&영화,드라마,미니시리즈,0.03002,0.42819,0.16748,0.07222,0.29413,1.00529,0.08877,0.03029,0.32969,0.0021,0.43511,0.42483,0.52754,0.11583,"최대현역:지창욱,정샛별역:김유정,유연주역:한선화,조승준역:도상우,정은별역:솔빈,공분희역:김선영,최용필역:이병준,한달식역:음문석,권의추역:우현,차기복역:이윤희,고광태역:배기범,김혜자역:견미리,최대순역:김지현,황금비역:서예화,차은조역:윤수,배부장역:허재호,강성태역:지찬,김정하역:신윤정,오현지역:한류은,강지욱역:김민규,유명기역:길용우"
20200630,SBS플러스,180451,190558,편의점샛별이,,4회,전국,010107,드라마&영화,드라마,미니시리즈,0.09846,0.33639,0.06571,0.08306,0.08023,0.52601,0.04707,0,0.08453,0.15059,0.36363,0.59748,0.47288,0.06561,"최대현역:지창욱,정샛별역:김유정,유연주역:한선화,조승준역:도상우,정은별역:솔빈,공분희역:김선영,최용필역:이병준,한달식역:음문석,권의추역:우현,차기복역:이윤희,고광태역:배기범,김혜자역:견미리,최대순역:김지현,황금비역:서예화,차은조역:윤수,배부장역:허재호,강성태역:지찬,김정하역:신윤정,오현지역:한류은,강지욱역:김민규,유명기역:길용우"
20200630,SKY,073510,084358,화유기,,7회,전국,010848,드라마&영화,드라마,미니시리즈,0.00585,0,0,0,0.00252,0.02144,0.064,0.00614,0,0,0.00339,0.19856,0.01898,0.00764,"손오공역:이승기,우마왕역:차승원,진선미역:오연서,저팔계역:이홍기,사오정역:장광,마비서역:이엘,이한주역:김성오,앨리스역:윤보라,좀비소녀역:이세영,수보리조사역:성지루,동장군역:성혁,강대성역:송종호,조나단역:마이클리,진선미어린시절역:갈소원,공작역:장근석,나찰녀역:김지수"
20200630,SKY,105707,120023,편의점샛별이,,3회,전국,010316,드라마&영화,드라마,미니시리즈,0,0,0.00432,0.11753,0.30404,0.08056,0.03205,0,0.26364,0.01441,0.2887,0.15767,0.04326,0.02031,"최대현역:지창욱,정샛별역:김유정,유연주역:한선화,조승준역:도상우,정은별역:솔빈,공분희역:김선영,최용필역:이병준,한달식역:음문석,권의추역:우현,차기복역:이윤희,고광태역:배기범,김혜자역:견미리,최대순역:김지현,황금비역:서예화,차은조역:윤수,배부장역:허재호,강성태역:지찬,김정하역:신윤정,오현지역:한류은,강지욱역:김민규,유명기역:길용우"
20200630,SKY,121222,131330,편의점샛별이,,4회,전국,010108,드라마&영화,드라마,미니시리즈,0.01414,0,0,0.01053,0.24047,0.09451,0.04118,0,0.00296,0.02429,0.00292,0.3814,0.00879,0.01691,"최대현역:지창욱,정샛별역:김유정,유연주역:한선화,조승준역:도상우,정은별역:솔빈,공분희역:김선영,최용필역:이병준,한달식역:음문석,권의추역:우현,차기복역:이윤희,고광태역:배기범,김혜자역:견미리,최대순역:김지현,황금비역:서예화,차은조역:윤수,배부장역:허재호,강성태역:지찬,김정하역:신윤정,오현지역:한류은,강지욱역:김민규,유명기역:길용우"
20200630,SKY,150837,161727,화유기,,7회,전국,010850,드라마&영화,드라마,미니시리즈,0,0.04076,0,0.00485,0.07416,0.11606,0.01929,0.02575,0.0116,0.00331,0.1106,0.44174,0.01848,0.0584,"손오공역:이승기,우마왕역:차승원,진선미역:오연서,저팔계역:이홍기,사오정역:장광,마비서역:이엘,이한주역:김성오,앨리스역:윤보라,좀비소녀역:이세영,수보리조사역:성지루,동장군역:성혁,강대성역:송종호,조나단역:마이클리,진선미어린시절역:갈소원,공작역:장근석,나찰녀역:김지수"
20200630,SKY,162744,173102,편의점샛별이,,3회,전국,010318,드라마&영화,드라마,미니시리즈,0,0,0.06684,0.31246,0,0.24169,0,0,0,0,0.05618,0.52149,0.08566,0,"최대현역:지창욱,정샛별역:김유정,유연주역:한선화,조승준역:도상우,정은별역:솔빈,공분희역:김선영,최용필역:이병준,한달식역:음문석,권의추역:우현,차기복역:이윤희,고광태역:배기범,김혜자역:견미리,최대순역:김지현,황금비역:서예화,차은조역:윤수,배부장역:허재호,강성태역:지찬,김정하역:신윤정,오현지역:한류은,강지욱역:김민규,유명기역:길용우"
20200630,SKY,174350,184500,편의점샛별이,,4회,전국,010110,드라마&영화,드라마,미니시리즈,0,0,0,0.07282,0.05509,0.31756,0.05027,0,0.01079,0.00268,0.03849,0.33206,0.1507,0.02627,"최대현역:지창욱,정샛별역:김유정,유연주역:한선화,조승준역:도상우,정은별역:솔빈,공분희역:김선영,최용필역:이병준,한달식역:음문석,권의추역:우현,차기복역:이윤희,고광태역:배기범,김혜자역:견미리,최대순역:김지현,황금비역:서예화,차은조역:윤수,배부장역:허재호,강성태역:지찬,김정하역:신윤정,오현지역:한류은,강지욱역:김민규,유명기역:길용우"
20200630,SKY,241705,252023,편의점샛별이,,3회,전국,010318,드라마&영화,드라마,미니시리즈,0,0.11381,0,0.22664,0.17777,0.01229,0,0,0.01202,0,0.00303,0.29148,0.00492,0.01005,"최대현역:지창욱,정샛별역:김유정,유연주역:한선화,조승준역:도상우,정은별역:솔빈,공분희역:김선영,최용필역:이병준,한달식역:음문석,권의추역:우현,차기복역:이윤희,고광태역:배기범,김혜자역:견미리,최대순역:김지현,황금비역:서예화,차은조역:윤수,배부장역:허재호,강성태역:지찬,김정하역:신윤정,오현지역:한류은,강지욱역:김민규,유명기역:길용우"
20200630,SKY,253350,255959,편의점샛별이,,4회,전국,002609,드라마&영화,드라마,미니시리즈,0,0,0,0,0.13147,0.2469,0,0,0,0.16052,0,0.48286,0,0,"최대현역:지창욱,정샛별역:김유정,유연주역:한선화,조승준역:도상우,정은별역:솔빈,공분희역:김선영,최용필역:이병준,한달식역:음문석,권의추역:우현,차기복역:이윤희,고광태역:배기범,김혜자역:견미리,최대순역:김지현,황금비역:서예화,차은조역:윤수,배부장역:허재호,강성태역:지찬,김정하역:신윤정,오현지역:한류은,강지욱역:김민규,유명기역:길용우"
20200630,ONCE,020000,021551,하늘이시여,,1회,전국,001551,드라마&영화,드라마,주말연속극,0,0,0,0,0.35118,0,0.06047,0,0,0,0.04618,0,0.03714,0.02042,"지영선역:한혜숙,이자경역:윤정희,구왕모역:이태곤,김청하역:조연우,구슬아역:이수경,강예리역:왕빛나,강이리역:강지섭,김배득역:박해미,왕마리아역:정혜선,이홍파역:임채무,모란실역:반효정,김미향역:이보희,강동춘역:현석,봉은지역:김영란,소피아역:이숙,문옥역:금단비"
20200630,ONCE,022711,032819,하늘이시여,,2회,전국,010108,드라마&영화,드라마,주말연속극,0,0,0,0.05269,0.03878,0.07997,0.12297,0,0,0,0,0,0.16635,0.10293,"지영선역:한혜숙,이자경역:윤정희,구왕모역:이태곤,김청하역:조연우,구슬아역:이수경,강예리역:왕빛나,강이리역:강지섭,김배득역:박해미,왕마리아역:정혜선,이홍파역:임채무,모란실역:반효정,김미향역:이보희,강동춘역:현석,봉은지역:김영란,소피아역:이숙,문옥역:금단비"
20200630,ONCE,033731,044145,동이,,59회,전국,010414,드라마&영화,드라마,주간연속극,0.05526,0,0,0,0.01837,0.19375,0.10752,0.05451,0,0,0,0.01342,0.08489,0.06913,"동이역:한효주,숙종역:지진희,희빈장씨역:이소연,차천수역:배수빈,서용기역:정진영,인현왕후역:박하선,오태석역:정동환,이종욱역:이정훈,홍태윤역:손일권,박도식역:최재호,도승지역:신국,오호양역:여호민,황주식역:이희도,정인국역:나성균,최효원역:천호진,장익헌역:이재용,김환역:정인기,은금역:한다민,오태풍역:이계인,태풍처역:이숙,장희재역:김유석,설희역:김혜진,게둬라부역:정은표,오윤역:최철호,게둬라역:최수한,심운택역:김동윤,동이어린시절역:김유정,봉상궁역:김소이,조상궁역:안여진,유상궁역:임성민,정임역:정유미,애종역:강유미,시비역:오은호,미지역:최하나,대전내관역:정선일,명성대비역:박정수,정상궁역:김혜선,영달역:이광수,최동주역:정성운,장무열역:최종환,이금역:이형석,경종역:윤찬,김구선역:맹상훈,인원왕후역:오연서"
20200630,ONCE,045035,055414,동이,,60회,전국,010339,드라마&영화,드라마,주간연속극,0,0,0,0,0.2127,0.21296,0.14224,0,0,0,0,0.00482,0.08489,0.03843,"동이역:한효주,숙종역:지진희,희빈장씨역:이소연,차천수역:배수빈,서용기역:정진영,인현왕후역:박하선,오태석역:정동환,이종욱역:이정훈,홍태윤역:손일권,박도식역:최재호,도승지역:신국,오호양역:여호민,황주식역:이희도,정인국역:나성균,최효원역:천호진,장익헌역:이재용,김환역:정인기,은금역:한다민,오태풍역:이계인,태풍처역:이숙,장희재역:김유석,설희역:김혜진,게둬라부역:정은표,오윤역:최철호,게둬라역:최수한,심운택역:김동윤,동이어린시절역:김유정,봉상궁역:김소이,조상궁역:안여진,유상궁역:임성민,정임역:정유미,애종역:강유미,시비역:오은호,미지역:최하나,대전내관역:정선일,명성대비역:박정수,정상궁역:김혜선,영달역:이광수,최동주역:정성운,장무열역:최종환,이금역:이형석,경종역:윤찬,김구선역:맹상훈,인원왕후역:오연서"
20200630,ONCE,062543,072550,허준,,1회,전국,010007,드라마&영화,드라마,주간연속극,0,0,0.00215,0,0.06115,0,0.12675,0,0,0.0022,0.00447,0,0.00141,0.14746,"허준역:전광렬,유의태역:이순재,유도지역:김병세,예진역:황수정,임오근역:임현식,구일서역:이희도"
20200630,ONCE,073851,083656,허준,,2회,전국,005805,드라마&영화,드라마,주간연속극,0.04848,0.01433,0.00354,0.03593,0.0875,0.03501,0.1322,0.10626,0,0,0.03323,0.07648,0.00077,0.18362,"허준역:전광렬,유의태역:이순재,유도지역:김병세,예진역:황수정,임오근역:임현식,구일서역:이희도"
20200630,ONCE,084456,094155,하늘이시여,,1회,전국,005659,드라마&영화,드라마,주말연속극,0,0,0,0,0,0.00122,0.10663,0,0,0,0,0,0.05773,0.05406,"지영선역:한혜숙,이자경역:윤정희,구왕모역:이태곤,김청하역:조연우,구슬아역:이수경,강예리역:왕빛나,강이리역:강지섭,김배득역:박해미,왕마리아역:정혜선,이홍파역:임채무,모란실역:반효정,김미향역:이보희,강동춘역:현석,봉은지역:김영란,소피아역:이숙,문옥역:금단비"
20200630,ONCE,095525,105633,하늘이시여,,2회,전국,010108,드라마&영화,드라마,주말연속극,0,0.00492,0,0,0.04511,0.06978,0.16101,0,0,0,0,0.01188,0.14256,0.03955,"지영선역:한혜숙,이자경역:윤정희,구왕모역:이태곤,김청하역:조연우,구슬아역:이수경,강예리역:왕빛나,강이리역:강지섭,김배득역:박해미,왕마리아역:정혜선,이홍파역:임채무,모란실역:반효정,김미향역:이보희,강동춘역:현석,봉은지역:김영란,소피아역:이숙,문옥역:금단비"
20200630,ONCE,110753,115916,하늘이시여,,3회,전국,005123,드라마&영화,드라마,주말연속극,0,0,0,0.04692,0.0025,0.0516,0.11966,0,0,0,0.05683,0.0457,0.05047,0.05222,"지영선역:한혜숙,이자경역:윤정희,구왕모역:이태곤,김청하역:조연우,구슬아역:이수경,강예리역:왕빛나,강이리역:강지섭,김배득역:박해미,왕마리아역:정혜선,이홍파역:임채무,모란실역:반효정,김미향역:이보희,강동춘역:현석,봉은지역:김영란,소피아역:이숙,문옥역:금단비"
20200630,ONCE,121146,130324,하늘이시여,,4회,전국,005138,드라마&영화,드라마,주말연속극,0,0,0,0,0.00677,0,0.02928,0,0,0.08146,0,0.18941,0.02643,0.01773,"지영선역:한혜숙,이자경역:윤정희,구왕모역:이태곤,김청하역:조연우,구슬아역:이수경,강예리역:왕빛나,강이리역:강지섭,김배득역:박해미,왕마리아역:정혜선,이홍파역:임채무,모란실역:반효정,김미향역:이보희,강동춘역:현석,봉은지역:김영란,소피아역:이숙,문옥역:금단비"
20200630,ONCE,161953,170140,전원일기,,436회,전국,004147,드라마&영화,드라마,주말연속극,0,0.17368,0,0,0.3096,0,0.21335,0,0,0,0,0.09291,0.08475,0.25702,"최불암,김혜자,김용건,김수미,고두심,유인촌,정대홍"
20200630,ONCE,171239,175636,전원일기,,437회,전국,004357,드라마&영화,드라마,주말연속극,0.01199,0.07253,0.22506,0.16024,0.02371,0.18788,0.14661,0,0,0.11103,0.03782,0.04332,0.21777,0.11286,"최불암,김혜자,김용건,김수미,고두심,유인촌,정대홍"
20200630,ONCE,180729,185852,하늘이시여,,3회,전국,005123,드라마&영화,드라마,주말연속극,0,0.01754,0,0.0053,0.01567,0.02635,0.01133,0,0,0.15245,0.00545,0.00758,0.03907,0.05273,"지영선역:한혜숙,이자경역:윤정희,구왕모역:이태곤,김청하역:조연우,구슬아역:이수경,강예리역:왕빛나,강이리역:강지섭,김배득역:박해미,왕마리아역:정혜선,이홍파역:임채무,모란실역:반효정,김미향역:이보희,강동춘역:현석,봉은지역:김영란,소피아역:이숙,문옥역:금단비"
20200630,ONCE,191151,200330,하늘이시여,,4회,전국,005139,드라마&영화,드라마,주말연속극,0,0.00877,0,0,0.00287,0,0.00798,0,0,0,0,0.06974,0,0.01196,"지영선역:한혜숙,이자경역:윤정희,구왕모역:이태곤,김청하역:조연우,구슬아역:이수경,강예리역:왕빛나,강이리역:강지섭,김배득역:박해미,왕마리아역:정혜선,이홍파역:임채무,모란실역:반효정,김미향역:이보희,강동춘역:현석,봉은지역:김영란,소피아역:이숙,문옥역:금단비"
20200630,ONCE,201431,211439,허준,,1회,전국,010008,드라마&영화,드라마,주간연속극,0,0.00305,0.00964,0.05554,0.07203,0.0017,0.03726,0,0.00464,0.00949,0.0524,0.00156,0.00654,0,"허준역:전광렬,유의태역:이순재,유도지역:김병세,예진역:황수정,임오근역:임현식,구일서역:이희도"
20200630,ONCE,212640,222445,허준,,2회,전국,005805,드라마&영화,드라마,주간연속극,0,0,0.03877,0.03908,0.02343,0.03497,0.05844,0,0,0,0.02442,0.04405,0.00152,0.0488,"허준역:전광렬,유의태역:이순재,유도지역:김병세,예진역:황수정,임오근역:임현식,구일서역:이희도"
20200630,ONCE,243626,252749,하늘이시여,,3회,전국,005123,드라마&영화,드라마,주말연속극,0.02038,0,0.00854,0.00635,0,0.015,0.11221,0,0,0,0.00628,0.02165,0.03689,0.1631,"지영선역:한혜숙,이자경역:윤정희,구왕모역:이태곤,김청하역:조연우,구슬아역:이수경,강예리역:왕빛나,강이리역:강지섭,김배득역:박해미,왕마리아역:정혜선,이홍파역:임채무,모란실역:반효정,김미향역:이보희,강동춘역:현석,봉은지역:김영란,소피아역:이숙,문옥역:금단비"
20200630,ONCE,253909,255959,하늘이시여,,4회,전국,002050,드라마&영화,드라마,주말연속극,0,0,0,0,0,0.04423,0.08039,0,0,0.00311,0,0,0.18063,0.09181,"지영선역:한혜숙,이자경역:윤정희,구왕모역:이태곤,김청하역:조연우,구슬아역:이수경,강예리역:왕빛나,강이리역:강지섭,김배득역:박해미,왕마리아역:정혜선,이홍파역:임채무,모란실역:반효정,김미향역:이보희,강동춘역:현석,봉은지역:김영란,소피아역:이숙,문옥역:금단비"
20200630,OCN Thrills,090508,100527,번외수사,,9회,전국,010019,드라마&영화,드라마,미니시리즈,0,0,0,0,0.01275,0.14397,0.00562,0.02463,0,0,0,0.01299,0.16545,0.00262,"진강호역:차태현,강무영역:이선빈,이반석역:정상훈,테디정역:윤경호,탁원역:지승현,민대진역:박정우,맨손역:박태산,연장역:장진희,지수철역:이영석,노순이역:민경옥"
20200630,OCN Thrills,101632,111720,번외수사,,10회,전국,010048,드라마&영화,드라마,미니시리즈,0,0,0.00993,0.12866,0.02652,0.46234,0.00326,0,0,0.11121,0.05069,0.19235,0.375,0.00167,"진강호역:차태현,강무영역:이선빈,이반석역:정상훈,테디정역:윤경호,탁원역:지승현,민대진역:박정우,맨손역:박태산,연장역:장진희,지수철역:이영석,노순이역:민경옥"
20200630,TRENDY,070759,082001,부부클리닉사랑과전쟁2,,45회,전국,011202,드라마&영화,드라마,단막극,0,0.07892,0,0.13457,0,0,0.00459,0,0,0,0,0.03818,0.0852,0.08646,"이재만,민지영,최영완,이정수,장가현,손유경,이준우"
20200630,TRENDY,083034,093719,부부클리닉사랑과전쟁2,,57회,전국,010645,드라마&영화,드라마,단막극,0,0,0,0,0,0,0.04005,0,0,0,0,0,0.00241,0.02939,"이재만,민지영,최영완,이정수,장가현,손유경,이준우"
20200630,TRENDY,135852,151054,부부클리닉사랑과전쟁2,,45회,전국,011202,드라마&영화,드라마,단막극,0,0.0254,0,0.01375,0.02132,0.01205,0.0879,0.05815,0,0.00393,0,0.03296,0.14918,0.03798,"이재만,민지영,최영완,이정수,장가현,손유경,이준우"
20200630,TRENDY,152242,162928,부부클리닉사랑과전쟁2,,57회,전국,010646,드라마&영화,드라마,단막극,0,0,0.05246,0,0,0,0.13647,0.00964,0,0,0,0,0.31135,0.07519,"이재만,민지영,최영완,이정수,장가현,손유경,이준우"
20200630,TRENDY,223930,235133,부부클리닉사랑과전쟁2,,45회,전국,011203,드라마&영화,드라마,단막극,0,0,0,0,0.00177,0.04263,0,0,0,0,0,0.03956,0,0.04401,"이재만,민지영,최영완,이정수,장가현,손유경,이준우"
20200630,TRENDY,240434,251120,부부클리닉사랑과전쟁2,,57회,전국,010646,드라마&영화,드라마,단막극,0,0,0,0,0.01031,0.01413,0.1701,0,0,0.0057,0,0.01107,0,0.11517,"이재만,민지영,최영완,이정수,장가현,손유경,이준우"
20200630,WeLike,100109,110453,아테나:전쟁의여신,,13회,전국,010344,드라마&영화,드라마,미니시리즈,0,0,0,0.00227,0,0,0.00332,0,0,0,0.0016,0,0.00573,0,"이정우역:정우성,손혁역:차승원,윤혜인역:수애,한재희역:이지아,김기수역:김민종,김준호역:시원,조명호역:이정길,최진희역:김영애,권용관역:유동근,박철영역:김승우,조수영역:이보영,오숙경역:오윤아,한정필역:전국환,제시카역:연민지,앤디역:션리차드,철규역:정찬우,최태현역:최강창민,김선화역:김소연,박성철역:이한위"
20200630,WeLike,111819,122051,아테나:전쟁의여신,,14회,전국,010232,드라마&영화,드라마,미니시리즈,0,0,0,0,0.03875,0.00875,0.04172,0,0,0,0.00323,0,0,0.02853,"이정우역:정우성,손혁역:차승원,윤혜인역:수애,한재희역:이지아,김기수역:김민종,김준호역:시원,조명호역:이정길,최진희역:김영애,권용관역:유동근,박철영역:김승우,조수영역:이보영,오숙경역:오윤아,한정필역:전국환,제시카역:연민지,앤디역:션리차드,철규역:정찬우,최태현역:최강창민,김선화역:김소연,박성철역:이한위"
20200630,WeLike,195618,210117,아테나:전쟁의여신,,15회,전국,010459,드라마&영화,드라마,미니시리즈,0,0,0.00731,0.00528,0,0.0033,0.00478,0,0,0.006,0,0,0.00248,0.00437,"이정우역:정우성,손혁역:차승원,윤혜인역:수애,한재희역:이지아,김기수역:김민종,김준호역:시원,조명호역:이정길,최진희역:김영애,권용관역:유동근,박철영역:김승우,조수영역:이보영,오숙경역:오윤아,한정필역:전국환,제시카역:연민지,앤디역:션리차드,철규역:정찬우,최태현역:최강창민,김선화역:김소연,박성철역:이한위"
20200630,WeLike,211443,221954,아테나:전쟁의여신,,16회,전국,010511,드라마&영화,드라마,미니시리즈,0,0,0,0.0038,0,0,0.01587,0,0,0.01167,0,0,0,0.01129,"이정우역:정우성,손혁역:차승원,윤혜인역:수애,한재희역:이지아,김기수역:김민종,김준호역:시원,조명호역:이정길,최진희역:김영애,권용관역:유동근,박철영역:김승우,조수영역:이보영,오숙경역:오윤아,한정필역:전국환,제시카역:연민지,앤디역:션리차드,철규역:정찬우,최태현역:최강창민,김선화역:김소연,박성철역:이한위"
